228746
252847
252517
238787
263721
262369
254826
258293
262171
269863
258444
222369
249018
273729
223411
267736
273909
262292
273792
279714
237987
266429
265009
239205
295786
244126
297615
232472
229228
268069
248006
248025
262066
282049
246547
277534
240599
256511
236772
224648
248577
271725
249991
251064
258307
221834
264760
241702
254292
279593
200259
243552
227997
249713
255702
261304
300358
258855
241844
245392
259870
233706
241286
276274
234394
276666
274361
259775
270308
238055
258022
224044
311768
241630
270990
240288
260551
257879
266697
264191
239452
265302
294637
265130
250258
292609
285847
271566
259634
251112
260242
262267
264076
250631
254280
254492
249434
263458
271756
249517
242571
241322
252540
255343
248755
260464
269238
258455
247792
260186
248308
253905
247336
250377
253156
251601
240516
266297
262572
238841
260455
276625
292131
266724
256218
258093
274110
267873
278447
303539
278352
266444
288681
226780
254080
255595
247682
274749
283820
264942
302324
278985
259333
248998
252057
287619
284979
251821
287786
264092
284438
268657
269549
264001
294249
247637
286801
256693
263522
296883
265882
294378
256220
270090
264307
283704
270931
273219
256502
263611
280995
266020
191742
287664
249307
278578
235835
268383
250085
224970
223088
275564
288692
279184
247562
258777
284830
233620
284792
282380
253934
240822
258576
242675
247533
252216
288231
283472
257833
281553
279852
269747
275991
240923
241390
247729
289523
259817
295358
242269
241174
210466
225300
238315
282179
285767
259995
234986
236650
208514
287666
267120
220466
234797
249192
259729
270539
274099
289208
285365
249197
253792
116458
42676
50063
47689
33128
245582
252120
265361
253484
242664
238216
285795
281751
281378
243630
267873
244814
273052
288162
233459
258753
247178
238018
291204
256445
267399
245221
230441
235500
283331
286349
250160
267238
278362
282309
253036
246345
247725
255967
277059
289939
274173
272092
239025
247622
265229
270269
255060
258419
259872
264637
246608
260998
266328
264630
256561
248156
249350
279578
257621
249700
283206
237666
246434
268776
228523
249567
261752
258905
267697
253975
273360
292046
247466
263705
260498
260105
238976
234834
282707
274244
265404
267722
259657
250412
282370
259617
50215
234142
288211
261254
289445
279610
254437
234121
267394
289571
249140
277605
266043
268814
237241
266132
288774
283971
241548
260883
255350
248087
253097
277309
287040
276757
294343
256804
285198
291684
214450
271282
261190
300380
249006
260585
289534
228291
279758
275112
245075
264392
252643
241862
277833
295786
257889
297464
264292
169311
247519
248078
291302
255818
288045
232412
238565
249138
65739
265932
288631
258893
288758
246376
285978
260552
292133
271362
256419
256688
275050
280779
267507
273596
265240
285151
273189
266146
254196
274147
285810
82939
265629
248565
244268
274456
244766
241970
255659
249962
250582
245561
250024
250596
252524
255809
251335
249076
258079
242482
246487
263534
247940
246793
246882
281825
245928
253206
238354
257917
240831
244259
267997
270555
250536
240566
249166
249055
263903
243697
252899
249529
256106
274140
260157
249988
240581
261090
252842
246711
253016
259695
252732
256502
249318
254120
249827
261665
240937
244441
259919
246719
250063
249427
259877
251415
259012
249855
247092
249290
248789
235911
285510
245225
171963
231621
259805
264487
244477
256361
260434
260966
255845
262820
259911
255488
261997
272024
259974
273223
262162
260806
288758
254462
270511
264041
280842
254805
267476
272341
257244
265822
267640
269932
258172
267556
267174
253566
277150
264794
273558
257051
283449
267552
254607
275628
260127
254764
261729
268005
266222
256706
268754
257142
269182
270719
272650
266811
260961
259572
271546
262532
281148
255691
266355
258756
283638
268013
252164
262280
260900
253255
262518
269809
264698
257637
270635
271971
266656
231458
226272
170545
211431
197389
208489
240465
222647
229701
244387
267418
249276
253059
246699
252158
248988
237318
243571
248104
239355
241353
259732
243707
247331
233781
220078
238703
242285
249874
246364
245811
258094
240471
246531
199615
233548
221512
229765
214672
479
287911
284597
248106
264934
265324
284681
228830
288541
290429
267334
273098
267176
288960
281312
290976
276915
249939
282578
252676
282146
258313
286338
280777
288566
240587
287843
259638
278869
268955
263863
288590
233928
248691
297302
264173
277602
257567
281581
282297
280297
252663
276016
274906
223737
262613
263552
276500
265212
266632
269868
256806
266463
252319
242445
235566
249440
283480
262770
237635
258153
272317
239000
269118
292459
235764
236987
274024
254904
265732
271883
260958
274157
246933
234112
270655
285879
259418
237681
257179
253598
270107
254677
266303
265536
217236
247419
279903
254137
265915
271291
260074
265949
281638
275607
270151
275543
255825
294909
279598
256730
273415
291534
272664
283882
273241
270866
268087
273547
247794
290015
275661
263922
260526
268541
227198
257383
273925
280667
282282
244824
271505
273628
268142
222793
260192
296912
231462
263867
271109
260656
269836
271791
243637
235772
273233
258242
261526
250837
278464
238001
248925
257528
275081
277057
239661
245711
271030
255386
253444
260279
259869
271090
285847
262390
271408
251836
269262
280218
252525
262953
271860
278278
278166
264491
281188
250710
281097
256452
292475
251547
275336
272260
275914
258166
261477
294384
240861
292070
247072
276368
280105
277577
261699
240027
297441
249096
270707
264668
251586
238157
260390
275179
236513
249226
271510
263940
256657
253343
265764
267416
266403
280297
272413
279254
274725
249283
257556
252000
257332
282717
71561
252362
287138
261775
281848
275966
281450
296668
246994
289273
286236
287324
254573
270585
258119
248745
284948
272969
286451
266867
290942
284486
275875
265999
282493
292082
282578
284563
262107
278959
270960
282107
267345
272910
276652
242588
140641
243908
262255
264984
302790
221007
291036
244794
274106
290948
235944
301984
238243
286862
298193
250132
269548
290620
268713
296455
224832
298665
239523
283033
280407
239875
300422
286682
245632
20624
244115
265119
277837
259764
290917
273961
251356
279942
249294
235721
275609
264702
271532
238544
269218
245473
295167
251359
269463
269929
268685
227310
275709
287833
255270
237149
280618
287210
237141
278839
261108
275735
283419
263203
278743
244336
300341
226400
248977
292894
272453
251063
292293
275491
274458
261488
268014
255462
243508
208308
235003
240853
281946
252308
275900
249401
241928
265076
273522
266407
236500
281296
238360
232366
254564
274563
243503
235301
262116
229680
241565
279125
279292
255559
254282
260207
245589
279437
285393
256659
266701
285279
243432
224545
248085
267852
253300
266066
243323
273708
262095
279746
263980
259277
226543
246577
240526
299764
103601
247209
288543
248304
244908
239397
274759
222763
243445
289088
246288
262433
288003
275964
277477
267840
261303
240047
295457
274707
254513
275723
258423
244679
224761
278941
267337
256487
263237
284779
259772
293934
258961
295070
229638
277093
268904
244785
266287
274419
288326
255102
274373
273846
261274
267819
264028
252081
281565
255769
258475
282143
258208
239719
284767
250862
289294
270395
274670
280780
245532
254111
258902
232879
253902
235730
272174
264264
267958
256337
271914
260277
213528
262611
297022
261086
287782
231910
281853
242883
293048
245879
242715
294017
241625
267689
273896
251812
284069
269045
290728
259321
267766
276567
282555
279693
263319
280962
248582
284207
279072
237981
277226
274603
269967
272796
278366
271462
263896
285485
274946
266271
268285
249330
264868
259928
261997
284574
263609
257215
246676
298583
248919
265546
288343
262200
255781
253828
264743
272072
245021
271905
251794
253306
287238
251927
285934
257329
266407
252304
277471
248162
247056
271502
271576
254447
282385
71549
250832
243269
283623
273391
256232
278513
263106
245729
269703
258495
267418
258077
259222
263756
261980
259265
267157
243685
247961
261072
278229
248177
248885
274047
276991
264990
270843
263792
262168
249018
267858
252101
255510
253332
257722
267237
248718
264920
269026
273082
280143
270571
280617
253052
281273
270325
268144
260009
278427
219194
171725
238278
261839
270976
259782
257353
237820
282013
258759
270900
270223
264362
269079
267835
283043
235809
266660
251292
286868
267671
283933
263555
254899
287631
275339
278859
248052
288738
238340
259661
272394
279116
261000
264027
269789
266987
282160
272582
250132
242835
274629
259947
275193
252783
268991
262616
256657
280520
251585
274323
267690
275299
287446
246985
267272
255771
247037
294384
264353
283244
264271
274703
232890
236232
276430
288558
269787
247712
259977
245684
280711
275511
261937
278458
273283
274212
241856
268780
242619
289258
264132
275121
271239
252217
266160
258720
255924
250651
283530
260497
107560
271006
279454
291877
254240
272243
278758
277377
270658
260727
287678
267700
280469
246185
292793
278640
255418
257473
263093
274832
130768
234349
278903
260432
246054
237638
252163
276581
238990
247338
244296
250466
269561
280825
255019
244817
263244
258310
217437
263391
230948
264607
269894
276338
216178
226550
245671
232250
235612
240499
256485
291753
254521
238253
214424
218583
229698
287411
220856
221005
33898
240354
248285
243709
245971
242521
271745
270867
263911
261312
262577
273101
253906
263744
283186
251520
248832
270302
249589
273361
236730
259171
274390
262468
253109
256348
194049
276182
246566
175484
250989
282328
293682
255419
220673
245101
293380
250924
278754
244214
237485
275618
140865
243245
210420
256056
231522
240079
238226
239169
229183
237633
265948
265456
240797
252733
268009
257153
239255
241182
272687
236384
223099
244166
236430
234422
227993
251200
236245
243776
245085
231353
261273
240428
252185
255821
242645
241060
243746
239514
249914
221480
233048
205224
226894
222259
265875
256130
243296
242049
261954
281288
270772
253997
228979
246211
199770
203111
213881
239941
251175
256897
235892
256213
232990
241530
241670
232625
236769
222755
248790
244547
264725
243832
247794
269865
244687
262222
264665
261077
267892
275311
248915
280579
266934
264940
245563
250167
226632
235086
257041
246526
271614
260897
283019
279619
251676
251505
259542
246602
227857
234521
255896
270353
279125
214566
234639
227797
259980
238818
249403
253022
272193
266406
258638
230559
241604
249835
248153
255786
250081
78689
245848
278916
239615
272133
265102
223693
234547
259641
259104
259334
218648
256028
246801
214502
280344
224777
256688
225437
269922
267289
268973
254915
247577
229614
285361
271408
292615
252309
221330
214589
240307
245470
247037
248288
252001
252235
254630
238713
231555
251890
243143
250888
246744
247366
275910
285327
293178
259375
250548
215309
243523
259255
239785
240765
260588
242432
250030
251783
244763
246642
245157
243360
255243
251688
284066
291644
249806
261049
271084
284716
247451
256913
266380
274631
238148
273174
270016
238458
221556
240712
240707
282095
249391
272159
246935
241674
259556
276872
273495
278989
229738
242722
161297
262754
254176
259627
261980
249773
251397
242195
259850
243218
242238
250245
268311
250124
274588
252651
256693
245938
278593
284825
248825
267966
255674
275826
274259
264577
264914
250108
259097
255475
274792
258768
264913
285989
263170
270571
249357
273802
255380
278549
257432
286195
253945
278951
267052
275588
272286
262693
251697
266207
278171
261768
256855
261889
275542
295883
257706
261915
255169
264683
244170
258527
254317
267578
255522
258027
271447
287201
256127
259389
278982
251969
278954
271045
255490
246867
272877
267647
240817
253367
264288
273991
255394
264518
287808
272859
254395
247404
277765
285232
261408
264086
265441
254803
268944
272869
260822
267878
265985
250508
262007
273861
262589
277026
266310
260597
261383
228241
277640
248010
243564
276846
254500
268209
268342
262933
280335
266327
263800
269079
255101
254188
283878
273397
280062
267563
274219
248369
286258
255113
258965
263592
270663
272699
250073
299212
257348
242393
291095
261589
254574
272998
295033
242519
256812
274743
278282
286352
249947
255220
263810
262122
238202
272634
244401
36920
10270
240147
261869
269102
234045
201134
249356
223397
271383
223025
275314
286345
211795
300805
248499
283447
280024
271243
212725
240430
250544
45725
258608
228337
235684
230468
256833
224596
257377
259162
238903
279461
268062
256648
245177
285484
242329
222487
249540
251030
273745
263345
264822
276941
235600
231689
233239
238036
260759
249345
252514
260592
250786
247857
254733
227461
247965
232630
244728
229870
233633
226391
229140
238277
236292
248515
250365
250898
251625
250460
248012
205950
190911
192710
236762
251602
254674
254133
251292
248275
250407
253730
269855
248685
263885
287784
276059
279888
249086
60058
232698
256531
272885
273175
285403
230013
297514
271096
244957
258413
235671
228949
252372
270258
274918
241361
256006
295055
217563
276460
241622
246125
210931
257388
257580
260373
217457
199459
262901
260390
285273
278213
241305
238612
260767
278731
284232
234823
239116
259018
234555
248842
284031
236202
261714
234310
279657
259294
254635
254086
256964
206441
279110
221258
256752
221109
279317
264760
243841
239807
248569
266776
255862
239578
277476
268976
260524
242499
291290
227041
274415
236406
237542
256349
234529
261762
259172
234250
240515
232435
252096
257043
224268
240245
292923
260330
253432
214016
247731
245625
242902
260304
250538
272823
285132
222366
271642
232238
235005
260137
282058
248999
266822
240004
254131
266365
256566
259589
260705
241829
281732
253481
228524
287318
235253
270082
237700
254237
233550
276032
248881
210594
92983
223691
284621
272049
168773
235803
275249
247226
213381
223178
220216
202115
177462
221000
272786
247991
265629
256089
248734
256655
288626
249231
271303
259952
255704
268708
250213
253905
262661
263943
269460
268422
264793
263077
232762
282690
235956
261732
266154
247342
259292
247859
256247
234944
259180
250935
240494
237488
249151
250896
270720
238012
243185
244025
279872
262622
83897
235782
250436
255504
258791
251316
219408
244378
255900
296127
217130
240832
241423
228480
262708
244631
268008
235869
241070
212337
228024
252184
245216
243572
33652
226150
145824
158891
277277
286815
255326
272306
234160
244205
254795
236965
248095
279080
273127
267076
261453
274641
301029
252323
281131
236873
224990
269402
264091
222569
284396
238891
295091
260540
253943
251488
287071
271213
274603
276817
253602
230760
224165
258761
270367
288277
275388
278064
233943
240207
303451
267864
232777
239141
243068
222310
260870
266388
228908
227055
230557
623
245289
246564
279478
287526
279880
291494
263723
284870
231280
32803
261832
296394
290597
271026
252963
276977
266657
288645
265988
251286
223173
257709
299522
271219
288197
282068
252774
278294
245179
293385
289416
250571
273152
245715
274866
252798
286511
279376
277795
280218
224430
249550
256532
282805
287573
275526
248096
224271
235988
248617
261641
260239
268267
271298
251523
260901
231732
287324
209406
241691
277576
279978
248372
236609
261653
256741
262228
290990
252381
222028
248307
267759
272418
274711
261171
260684
289821
261563
229609
240715
248956
254108
281606
264157
293310
206708
274297
278500
208708
253084
275373
273285
270218
287976
283885
245289
272205
245559
251445
273541
234837
240233
254601
220799
264988
262454
278160
223321
279408
278389
260354
241569
268383
275957
212131
241917
262914
275593
246674
245233
259631
252600
250031
241206
244570
276031
281055
259942
258905
255885
272818
266997
228641
239658
242438
285905
274328
240166
244557
269640
291835
261437
267434
263704
270317
240496
254210
245475
125750
31060
274925
287738
254413
278493
246454
247993
264572
278824
235400
281833
281206
259343
241160
212907
274946
275123
288248
254704
210486
254314
258571
249162
264012
289527
252239
223382
249781
250569
252939
276419
234510
277385
268344
262216
277040
280348
273744
276232
273223
261506
262837
271247
261082
262798
274374
271465
254949
257238
248615
263032
257981
263061
253876
275780
264944
256507
277240
261121
248046
249883
278484
246725
281435
267470
261873
265792
264737
265101
259480
273433
271205
258286
280381
257800
260593
266946
260330
259230
258803
268500
255078
257844
258879
257910
240983
269409
285832
248646
250958
259641
270181
264733
263460
262020
268359
278731
289298
261336
266635
267927
259341
282208
272619
252344
268494
258130
260346
264759
259884
270913
272742
263608
249909
278191
244219
283810
268670
252525
266151
267254
249445
286552
261986
240872
263897
261024
249749
266213
263836
256168
275479
249805
281519
280269
260580
258731
254812
267953
263532
269445
269613
272131
281650
271316
266235
257511
249447
261257
241684
260182
275387
252864
265867
276219
249557
263842
278875
273592
277708
286427
243256
239655
273560
259564
262956
291709
252779
281756
245225
250907
253542
248803
242742
261908
269331
269526
283898
258230
287659
274296
274839
259752
255030
255645
237603
254997
243151
254612
251843
253896
257730
232840
236200
239572
252109
255329
257388
250576
268769
266137
248979
251084
254151
265209
122449
232256
271939
259523
262707
272720
260010
214442
252458
258134
253817
294090
248672
230480
276063
272240
294375
252581
260648
274412
229617
276630
269536
238441
260242
269009
239553
275540
281304
293934
259605
241277
212044
273782
262957
253500
265025
273752
265578
294873
270051
263186
299968
247602
260554
280541
249092
285402
269133
239553
248548
29944
1136
251638
214166
233708
250028
249818
259031
280424
250589
285676
254468
264378
282877
274637
272875
238770
260187
238188
290502
279591
269553
282984
270616
277489
259873
281051
259672
232614
255038
285068
259360
245031
232878
210120
191467
202908
285036
259496
247005
260933
240359
268746
279828
284791
259439
277606
200113
255461
304313
210394
215154
249904
277323
263813
265791
294399
279971
279179
247847
238665
253820
236111
254935
284532
264197
294403
239806
280078
278491
249690
288404
275513
274162
281539
276136
267904
250967
256818
236688
252747
231958
274520
271055
300901
232181
295101
284699
278636
244584
267046
231246
252778
295268
266195
277628
296277
234436
232292
77297
64883
25451
210720
246441
181960
267139
274477
252862
277863
253098
240979
256452
264743
280351
302755
29916
291949
300995
218487
254756
272975
197286
246344
254857
172803
69130
199068
179828
45606
218749
228794
258650
259706
225223
204234
261220
284224
218231
271288
252655
254752
249878
250486
222347
260349
254806
248575
256978
260094
260313
215221
236634
247441
258186
262160
268440
231390
259406
230138
243021
253099
241787
259875
251634
238523
251359
255227
240380
253148
293442
224900
235803
226454
235407
233582
248169
274445
224463
229943
226008
256259
284255
220956
198279
269992
234233
254311
259436
265238
286506
89778
239630
220874
221125
226768
198724
216520
212539
261823
250264
204683
234083
235681
258296
234155
232954
233251
268565
216265
244715
187057
242134
220300
217753
253091
207302
242964
227355
245611
253242
254923
254777
229788
253136
208333
230718
221698
224028
262967
227225
243551
232699
249875
246818
239145
244577
232681
247004
201165
234154
212888
258244
245721
223062
269499
225266
240985
228197
236133
238927
257656
243783
243805
255698
234720
242036
257271
258649
232961
241048
263799
231891
236773
247988
233441
264847
247042
238133
187976
244364
238772
234998
239661
231664
252975
274319
241367
259624
251731
244275
268057
253950
251687
253935
232884
239042
244501
234587
200855
168305
248975
248222
192815
114601
194693
274378
271242
267157
262040
269341
280687
279682
281022
292657
258715
211412
246429
264838
248765
280989
276695
286998
258328
268542
254411
287172
236984
257853
257115
220808
258196
243413
237237
258031
217199
203282
250462
252112
221665
285257
293283
256375
281807
146654
202251
185660
211724
199693
205651
253340
279549
252032
235529
283896
238654
269130
282155
227500
295833
269832
258681
207937
289828
235091
242682
258282
295891
273257
253460
263781
239400
265229
246772
249186
231404
79615
81353
91981
56981
82511
101554
120377
215598
281028
269889
261050
283155
245464
289182
262564
296091
272218
233855
250287
278299
246978
248724
286121
80089
71098
128712
110446
135643
212297
189475
103479
133696
263416
272299
289787
234145
278872
238313
274087
253986
19416
22693
249901
253602
273056
229378
248566
234259
240945
238765
232681
258560
257190
286049
271835
242507
243732
267468
268901
289919
245676
186118
125963
116348
54597
235284
257391
264463
245556
261369
262278
249291
271093
246222
281662
233672
286604
223182
264729
235803
251909
264549
252756
242696
243910
237690
247392
245464
43189
271083
242036
274868
287994
261642
245750
283886
269220
243217
237248
274347
287742
253536
277646
281639
246449
252510
275692
301472
273823
278955
243598
279144
284877
275688
290447
277508
278585
271616
298097
230583
252232
270281
260594
242171
272996
282113
277204
280345
252247
272841
290902
274440
277936
270235
282744
259693
243872
279771
298055
241695
246088
243162
299069
279933
238847
248455
267583
310789
256901
274803
282452
270988
302472
270438
291751
236262
272120
267707
238327
287407
254533
246606
274963
254941
251335
266275
1628
257978
266415
289263
281616
250754
291407
246384
283398
293007
225258
229114
239883
285552
265364
279551
246929
246760
260357
246659
273120
277296
289784
264544
235125
249454
286140
223383
273154
269744
268871
272264
285803
217014
271348
264069
254674
276139
273865
273316
255156
289916
252948
294996
273229
227333
258665
225248
263601
253716
259126
262570
229610
242842
277986
271468
275420
277105
292888
272369
278453
270321
291577
268500
281050
261894
277731
219048
236221
252360
232013
257022
270017
287400
244661
263297
262511
254702
273063
252427
271842
283935
258003
223681
282957
257923
270138
253950
244106
264910
266878
262458
284524
268542
261965
250019
270959
236309
229417
260843
279083
285509
242778
249899
266494
292815
270345
281973
251909
263482
255594
272930
283352
267115
257857
263334
267278
268043
260876
258714
285017
224441
259258
287197
292973
285256
235866
241885
221955
242300
232509
257683
209666
245563
242965
255941
220144
295914
253850
277351
245038
273974
243115
254845
262777
239445
284774
272823
252406
269552
260769
276557
270615
277875
257397
277375
266599
281661
261112
277741
252723
253733
266641
272964
241913
264616
271644
208600
232093
262429
228265
224558
219078
113910
23222
221805
239996
258279
246680
290219
132075
241628
243257
279975
246010
237382
257890
258186
239062
261039
246005
251198
236124
233751
235075
243956
245855
255375
279969
275339
256023
269287
284170
262688
291145
256730
231565
230509
225811
267098
284141
227244
224428
279722
201665
239229
233391
232214
236767
239296
283767
239920
237152
281543
243092
241518
263973
247908
229087
249806
236240
248158
239722
243623
254560
271340
212081
266113
249271
241886
240724
240304
248009
203645
1712
259595
248291
259749
241839
237088
254361
270865
269590
270549
258486
283475
267197
258247
263908
269074
265772
275881
259194
265181
264088
281101
271935
296150
244441
258273
261352
246935
240425
277042
258522
288396
264633
254908
260244
265125
274039
261602
261339
248637
262261
258649
264841
257340
267107
257933
264094
266176
274318
266529
272711
271779
267897
240530
274253
261840
268971
272671
268479
265580
249558
273260
256645
252395
252984
249541
280002
280066
277738
244022
259862
255876
253558
274691
264254
234588
276390
252796
268535
281103
240364
272395
260861
292936
255478
260334
264082
264518
252904
285165
281448
267460
272689
254816
243599
248375
238079
263716
204114
272557
261272
256492
243428
279521
269610
265818
252483
246999
234054
238283
269944
232195
242990
261811
281211
256553
273412
251781
257790
282624
269419
263111
244043
257049
277546
253493
258462
248904
262023
265999
275676
271264
276705
268267
261819
261595
264032
269498
278190
253006
261018
274369
258952
274645
263263
285128
248675
252742
251523
251802
277590
265853
275646
278301
252660
258223
250747
251687
265162
273755
274287
285829
262441
274087
251916
271779
253594
258914
262675
286949
263604
279016
275990
239749
224533
264635
250598
268352
254268
267651
265627
249224
271269
261806
260062
269430
276858
281386
251181
263488
252877
273695
258784
235926
260379
270647
261440
283366
277958
240406
254975
266640
243364
232242
224268
238690
242556
233440
275986
239811
263925
283271
266157
277785
254680
271166
268677
243336
255113
260650
250536
265169
266652
251701
279451
243179
285421
234019
227216
248083
273930
223440
224724
204948
247246
247836
294180
267535
255023
224365
293806
263693
284496
250646
256910
266299
293802
281262
260518
250102
269096
284163
280211
255013
274851
245333
249224
304333
220156
265826
270977
270107
256311
278611
251376
253175
252734
287365
261674
291559
248713
241224
285171
250125
277077
273813
234624
228364
237133
260104
254783
274113
239887
251792
248964
285262
287631
271453
290812
239835
290437
270499
256303
268046
262174
249113
276910
280432
268021
283993
254222
290629
232597
234821
229874
259966
236155
207552
24964
256170
212687
192452
84870
266506
289840
280737
268408
282390
271192
238784
293729
257257
251783
281433
226302
274654
281441
209700
236699
220845
248150
293278
267812
273869
297010
269895
269772
257687
254300
285923
276023
268175
251279
263444
246597
262075
249976
276021
287165
265493
289335
277816
217368
219449
233171
260935
260589
284557
253944
251458
239986
261010
256228
285177
282570
252593
262726
261822
294736
258962
279173
228230
252685
233969
266655
262836
259050
260746
256807
274270
302208
253721
245663
274083
235464
235519
270057
240930
269941
247695
295359
235709
239204
280793
281611
301411
269937
276800
276217
269302
250814
249623
253983
263317
268358
259144
275680
273105
275196
274358
235982
278378
266336
293529
263296
277934
272479
281140
229351
216559
34386
250585
249822
246348
294619
241779
253283
237397
272598
275298
242433
246381
262943
262941
280680
257983
263171
268609
249533
266167
232209
263198
293950
267105
239427
273944
272412
229285
299384
273783
266019
262065
269540
256469
240590
219980
259831
230316
258334
274263
270043
272544
270078
287432
273652
264056
244594
273626
937
227645
250574
236475
237786
247816
244358
244932
246283
259528
264476
279869
274362
276295
280447
259454
268686
271891
296035
266618
233991
222851
242839
255046
262760
284006
282374
287592
224410
223422
244183
266998
242509
247981
263936
272933
275542
280383
265426
262153
302784
224998
238601
254460
256804
243299
225704
225471
220520
239215
271853
284715
274234
253158
226717
221511
237032
253807
270286
126729
234138
288200
249280
247328
265198
279630
265704
239455
266769
262093
260598
276207
266275
232233
255465
260583
270290
282387
252421
296894
288524
262685
287515
278695
255294
288610
254135
227640
280351
289669
258060
278674
269640
301691
253663
274868
283293
269725
276079
280504
284968
279209
286798
266852
283889
276052
279246
257634
273978
286679
249283
263170
284064
284185
263387
272575
290563
288989
246246
272608
295176
241827
284732
273303
286156
254252
270675
294713
264486
266109
293049
276439
219635
220985
271996
262821
240189
229350
264966
245433
256640
242793
276929
290656
250437
267915
260832
257312
258358
264031
261828
258181
254894
251530
224985
230357
273308
244550
221854
273573
223969
228057
252299
275327
266859
232566
279545
280276
263315
266039
271225
254115
246823
234060
265466
247610
234540
178711
21186
9521
203599
243965
284229
241725
229865
296861
269516
248503
228033
258921
235906
246148
225765
233173
249866
219999
252479
243556
247379
230577
258353
241347
243908
245847
262219
251794
252486
261295
258149
229609
263325
256388
213047
263887
234857
240670
226760
252396
260624
261489
277479
250667
263799
238379
261116
251898
259590
235214
232752
243177
242872
191622
8412
10757
236867
250017
271643
276521
243704
295973
263107
257938
270373
268737
279088
279753
295550
216972
301979
264288
229206
254359
278478
263583
281322
261043
257366
258825
272976
266986
250635
297780
245770
269022
291371
245427
288208
250230
278452
283622
266290
286275
266366
248949
238622
237997
256968
292442
220500
270901
287893
279221
268365
245091
274858
266523
252913
269497
261075
204245
2108
236890
267770
267954
255777
215527
226027
203976
211206
235685
226726
224042
250083
254967
273822
221054
244301
255201
250275
272051
248927
276120
242549
278382
247666
228455
250053
249628
251646
251419
245223
263525
255437
263272
217823
254541
257043
245599
253324
214192
219795
251599
257401
274757
268747
238789
273040
276727
212518
172763
34498
273641
250704
276252
227352
275507
276570
275186
282246
250078
280798
231057
292974
268591
290059
269139
263843
267654
259148
254583
287053
281712
270926
270969
295692
266790
267591
257323
242577
284029
270303
248323
263485
289138
253030
71692
16519
13084
254489
248056
274030
242765
285408
250919
274587
248418
253310
270452
295117
236039
247400
228719
262943
265762
272935
244469
266623
278077
277773
249222
245868
270432
275145
250372
243712
283134
273994
248088
258002
247854
283209
263700
258000
239496
261534
258147
279689
242941
235083
241331
255345
277218
258269
245789
235229
264546
233761
232970
167848
216450
257153
263646
244797
225959
237035
236495
223229
244532
242272
273756
264027
257706
206950
237770
248797
240629
242182
239380
255045
232229
239998
249673
245228
273265
271615
264365
257712
253330
238796
264908
243485
276088
226569
250817
249739
249665
261486
274867
236935
231822
267943
261380
244369
228017
247378
273401
280600
238948
215834
12241
769
253482
254409
246964
300390
224854
291116
239228
216906
235122
261239
259249
282534
262152
262973
267314
261924
228864
275930
238665
268188
257590
250504
233219
268683
253921
217973
286470
258761
290229
249091
291363
233255
300295
257799
262009
285415
266562
284931
274152
252215
289605
252452
237348
275913
262136
278777
233665
283658
30705
242671
284255
276525
271369
283403
274540
281646
264362
283663
235694
245755
245804
261185
284700
256575
259255
227574
255915
266604
246680
279682
283545
255994
244720
270079
261986
247822
239816
240039
270055
265478
271082
220013
285507
254987
267847
258279
267242
229349
289820
262282
289298
224380
286998
269272
288927
271143
271348
260619
262524
288845
253193
250799
286596
294772
238996
217225
266869
266552
253170
241716
254326
283849
264838
282190
235711
231476
287448
253208
243407
290698
225443
244299
273078
232267
286261
269203
239347
268007
261139
261099
296080
215896
265900
259401
170461
216117
262819
270749
280972
262936
274881
275592
252228
248501
242919
290038
248871
277301
281632
253542
248765
265110
235028
265837
282879
210590
239984
288181
261259
231703
254245
276190
285312
264816
267050
287074
254380
277221
255105
267504
273164
253720
287981
259335
241158
273146
259253
257781
257769
283977
253950
281710
259270
224473
272585
276814
286871
250425
172916
200958
262377
250161
247002
258884
228569
235868
280691
260574
269529
252284
284970
246058
261501
256702
268674
262367
248147
214980
280816
230035
231311
256370
269169
245718
273331
263931
269109
239509
240738
247643
291935
223532
262295
284552
253523
242234
268896
240541
257504
244121
278762
220056
260204
280608
259985
280346
246654
264663
279299
256475
261596
281164
229342
280408
208387
249631
231413
264948
266457
242607
275146
251217
243634
213409
28046
265117
262933
213065
272544
274538
253225
265779
293938
271225
251265
297105
267412
261023
265833
269023
250105
262539
278061
265166
292702
246363
268028
243962
294347
249757
277195
281667
275015
271389
271502
278841
251981
264842
259054
273314
283554
261295
293439
266262
271267
271878
256317
240330
271149
269869
286021
262589
284639
254058
276736
307292
273847
273520
258998
279024
284040
268912
281691
275837
264731
234608
160318
182233
159163
160300
159205
173564
181620
158726
184207
174121
184319
160072
183277
173639
184428
160632
184515
158741
184677
159315
184774
158431
185397
159075
185470
174958
184846
158966
184253
174250
182721
159126
184359
174236
181003
55543
192468
292682
288023
283792
237311
276450
273517
291487
239800
264310
253769
254226
274105
260414
279582
262782
270525
278237
269458
255072
283754
265415
267467
287347
262858
259951
258512
241595
216105
259225
248061
284745
244899
237317
248236
255009
265847
272901
255655
256252
236204
252991
239792
288471
290327
276690
271772
277677
267271
268583
271846
269384
253699
127982
1270
198299
258234
268013
266129
249424
267683
265164
272088
242042
260319
259443
270864
262111
264203
273111
274780
237375
276325
277142
266218
234642
238287
261677
249070
272484
256523
260661
274992
283909
234539
256898
251700
239061
273008
270331
264618
277551
261691
255089
248673
240114
247784
260011
208855
219107
261583
237274
262548
212385
248876
244716
218781
230740
271581
253577
262143
248969
277397
199277
234849
265725
242447
239298
235318
218881
276690
268276
251414
266889
275352
275084
256331
250931
244085
249669
261335
250759
244035
237682
252013
281944
252750
265094
258040
283031
225710
259892
232452
227657
238507
228941
269451
238216
236410
205828
220247
262866
241017
247483
219699
227723
262343
282403
232694
235210
268564
271958
221473
252709
224452
238873
262282
270609
250661
257539
212629
258760
287298
246914
266951
272120
277507
301428
270461
257027
268896
294277
247644
253375
265528
256958
275641
292277
254153
268898
244932
238061
255128
268011
280733
283273
265133
225227
266815
236393
268862
271087
272311
260860
289424
265739
290601
248622
258866
246113
251058
232577
204894
287421
265541
287333
272180
252507
253410
263504
276124
268263
273883
269823
229298
246153
260137
234520
273834
241338
260755
277934
299133
263138
260215
238553
265871
255115
252837
239236
277061
248024
299083
257571
282677
270098
279693
286333
280063
268352
267559
240267
277500
263531
257580
276192
250815
270565
285296
250158
263206
249446
276053
240211
244756
96020
233621
272578
267955
283206
272987
268217
254992
268242
224790
237386
253078
246167
257805
273777
248271
255844
250929
235930
238648
274798
238159
279966
245372
252361
249346
254770
236430
271735
286589
239494
296101
267900
244029
247164
272523
279816
250983
282095
219975
270480
264668
293003
255416
292077
237308
247774
241119
249132
264032
245742
288381
260105
79600
3976
