164106
171657
178919
166609
187925
183148
173540
177086
180893
184500
167060
156072
171849
188233
146479
183357
181596
183040
184970
185139
162209
185348
183469
161420
201068
162708
203720
157561
158294
180901
175323
175257
175252
192525
175716
189928
169132
169668
159099
163090
172937
189301
168032
173940
180235
153353
175608
169220
174332
179213
144514
163861
161816
172355
175603
169377
197058
181413
170829
177759
169619
161408
164082
191285
170501
191781
182287
178218
178350
165662
178311
156330
207639
164890
185272
163507
177913
181295
176954
178398
164645
185021
196877
180638
167107
194319
194851
188291
171873
172361
179781
179644
181460
174646
178806
180690
176747
186507
179661
171014
167723
166736
178146
176505
174158
185276
189068
191979
174262
184862
165914
176930
175637
170460
177068
178623
168300
183922
180136
168640
179941
188688
202072
172387
177179
177813
188346
180348
189917
206452
181036
182561
192033
154952
177039
176376
174220
183403
195770
187775
190942
196300
177551
173970
174545
198607
190197
176383
193450
177645
199998
174168
188276
186058
197322
171535
201035
174868
185385
193564
182492
204276
171730
186225
177818
197368
190518
180779
175762
185269
192551
184634
132637
193109
169910
191454
161371
178394
171483
157160
154808
188401
192361
186552
168703
173510
192507
160284
193945
184936
166866
162521
180013
183214
167231
169304
197023
191088
171897
191446
189695
183717
187555
161782
171142
174941
195048
187095
192174
159126
167472
148642
162383
170892
189641
195560
171630
164157
168843
147263
197828
185003
153651
171711
178192
171829
183212
190607
193379
189886
164590
166959
85865
30707
35414
33829
24364
170154
178789
182319
178897
167126
174390
191427
191866
188555
161204
166734
164391
188780
192812
159618
177624
168874
166377
196360
170859
183318
166106
160390
189944
193136
195593
165377
183731
187409
193827
177367
169904
174397
172040
186857
198095
189259
182498
170723
172505
184544
181658
180399
180207
181055
185943
166294
178295
174755
185228
177217
167357
169679
190700
178354
168313
189714
171009
170888
187481
156264
184905
183639
176085
185851
170636
184728
197756
169542
181421
180226
182110
166141
158293
188977
184292
176160
175731
174749
174273
195918
171813
34856
176011
192815
177746
192737
190011
170347
158239
176261
197381
167556
189941
182152
178155
160230
187163
193675
188641
163999
177490
175319
171385
176919
195010
189754
187056
194040
174108
191490
198971
143929
176059
172679
199669
170373
183391
196275
157426
193297
184449
172027
176131
173377
163677
190752
199169
173508
196078
173664
123437
172853
165868
198101
172583
191335
159200
164305
173006
41798
179218
196829
174889
194432
163752
196602
175737
198929
182450
175493
177229
189588
188592
183778
185315
185640
191703
189046
178251
175534
186818
201768
47291
187674
172797
171856
185260
169939
173579
171861
173668
169195
175398
168427
170418
177705
180371
180147
175931
177905
166678
170641
173562
173026
174509
169098
190126
171801
176830
167031
176663
164614
174245
180761
184731
174546
165319
182585
171493
180144
176686
174853
177938
178325
186268
181198
174560
172024
173883
174017
173384
181740
189337
174333
176289
168642
172243
177205
185370
168360
177514
179155
165349
174062
174592
178434
172067
174960
182112
173058
172133
171104
165858
195352
173443
126613
165588
185713
178432
169615
184066
179715
182411
181791
184227
182414
174629
183123
189259
174151
192959
182266
179989
196492
176712
186501
185053
194955
174203
190282
192487
175011
188495
187607
187189
179449
185446
185278
175278
193906
183080
177904
189025
192727
181447
174407
188845
185446
185544
181280
188422
186093
179625
185528
180199
186851
182829
192057
181551
185895
181226
187557
189378
193580
186326
183254
185106
198325
183432
170521
183091
187821
181139
180644
190217
185330
181249
187654
187902
179867
162590
154134
133674
142686
124615
151096
167962
154603
159200
168384
188613
174898
175660
168656
176974
168802
169922
172021
169175
178422
168477
180090
175893
169231
166588
166460
170542
168596
172685
174515
171558
183265
171269
162771
137822
155201
141317
140706
146478
339
196590
189703
168799
180445
173660
192788
161043
192807
194851
183325
185070
182688
194671
190936
189165
190030
170868
190345
171248
192024
172975
189307
190759
190266
165335
193520
175949
189542
180556
179585
196590
159021
170769
195334
184546
190072
170388
190508
193554
185902
176660
189166
185877
160278
178413
173756
187838
180538
183564
184410
174721
184062
175830
172261
170734
174749
189974
170583
171492
189756
177470
167807
198665
187914
155369
172185
187187
174690
183235
189403
174441
188696
169513
167852
197663
188950
163966
164265
175324
176837
184079
177618
183660
175615
151193
167238
189281
175427
180755
179886
179881
182665
187778
186031
186348
178145
177027
196517
186962
173673
190769
193189
182620
190740
187406
185412
183943
178001
168060
196596
180380
181987
181658
174053
173537
179344
186051
193163
191672
166272
185271
187992
179297
161638
186364
194303
165430
184994
193103
176789
183165
185080
179772
166680
198216
177342
179568
175011
188800
165597
171742
172435
192501
182653
174088
172223
191832
170161
172574
185761
178861
188734
195161
176882
191183
162133
186655
185777
178458
181717
188617
192218
186945
178042
187296
170988
182501
175422
191722
173600
187943
184826
186915
176456
182180
200372
162752
199787
163435
189708
182355
189445
172555
164328
201790
170918
181760
180420
173372
166192
181728
184088
173601
172700
186443
178997
172538
171424
179704
173016
180157
190014
187508
185301
184467
164949
171782
169565
176433
188818
47592
176254
198054
175784
193404
185430
192546
197461
166187
199190
189482
192033
170821
186193
174184
177328
188804
183831
193785
176628
200346
191421
185688
175855
193137
195827
188928
187478
179984
192566
183328
192543
180658
183819
189907
160493
94085
166146
178339
180255
201986
152841
197975
161877
187350
193899
158112
200139
165110
192413
200593
167332
176916
195139
180925
201369
151237
202923
160596
191807
186533
158876
203312
188179
169167
14762
173868
191588
182407
179161
197077
187808
171814
195789
167422
161201
188399
180125
187223
167777
181890
168969
201692
171660
189603
181997
180295
155067
189756
191810
169902
165022
190149
192655
160451
191525
175041
186967
188639
180186
192866
159491
202559
150191
172599
200645
187605
169587
197302
187356
182953
178550
182708
175269
168908
141631
169750
167926
191119
175998
184526
174209
168224
180093
190069
182759
165913
190618
168046
168404
175824
192328
171047
162904
184773
163620
175331
182111
192703
174347
172604
174583
174420
187258
193695
172949
192297
189901
171902
165874
171078
181820
169083
179376
166852
185439
176004
193230
175153
179582
155095
173511
169450
198846
71622
176132
193945
173780
168981
162033
191408
154416
169718
197382
166654
179347
196288
184085
184488
183129
176459
161455
196015
188757
174101
195584
185848
173941
155214
190465
179811
174427
177956
189652
175988
198442
178379
193907
164499
184723
184257
165547
184601
178504
195517
171446
180899
183783
176589
186661
179157
176972
191405
173970
179547
194446
174071
164617
192303
182349
190607
183605
185137
187585
166975
169948
179524
164989
173898
175347
185300
181192
187480
173256
184987
174185
153447
178381
200551
177049
190851
156568
186957
164540
197343
168894
158427
194336
170024
185959
183611
176712
186434
183701
194476
178650
179612
187675
190512
189391
176529
192947
172001
186489
186757
166575
189708
186486
184211
183886
195303
178000
176696
192195
186327
180999
185740
174658
177160
174798
176312
188772
182318
175488
171308
200540
173702
178383
196375
175761
172539
187377
173753
189280
164970
184058
171878
183090
190677
174511
193909
171871
182919
172861
191765
165519
172309
187890
184137
174607
190697
48411
181565
166451
201686
185746
171581
191863
184702
170516
190337
189626
180177
188331
178025
179456
192237
177658
189279
180748
169844
182087
204438
163006
169565
188901
187924
185153
188757
173394
178191
166595
187551
178287
175250
172515
183390
181824
170525
179187
185581
185689
194794
181167
190890
174157
189395
180182
190524
180022
194188
153357
117107
160279
176567
180923
171020
176940
162326
194559
174611
184741
182419
183151
179749
183752
186978
169375
183368
177512
188345
186026
195846
177579
175183
196187
185602
185424
170761
195482
158905
179587
190485
185956
179446
181924
184905
182824
191314
186228
169711
168276
183972
184398
183155
175437
186190
169648
174633
189233
173373
185652
180898
185143
195961
170591
182376
170296
171090
198508
180990
190086
178629
189754
158373
168266
193988
191295
183675
171119
179810
171731
188199
186638
177615
186545
183237
185684
165796
184768
164594
193654
175092
190461
188331
174750
179984
176548
175843
173347
193475
178772
74151
184269
191450
196422
168619
183160
189530
190686
182062
178053
199863
178862
185858
168772
197999
188089
172925
171759
175106
185424
96399
174311
188595
178053
174548
162391
173961
185971
171378
172364
174894
172884
184012
188734
174279
173644
179950
183903
155742
189384
171906
176672
187283
188977
153033
163165
175708
163352
166449
172717
176081
194680
174279
167494
153293
152636
160214
196483
155609
157807
22906
166370
176027
177014
174607
169829
182902
186986
192524
176086
183625
183618
179447
186537
192177
170591
173615
188850
177898
187962
164566
185749
186506
180661
179034
178203
132471
188271
174030
104353
176460
196157
192245
176940
157800
175613
198302
177716
190223
167686
165769
197411
88773
169367
145489
166537
162348
168310
166743
169947
164561
172797
183229
181005
179686
168214
183098
165994
166892
170370
183708
165552
157111
177236
166395
166886
162306
174524
161412
177875
161421
167706
182667
172406
174445
173880
166002
164755
165896
170553
176791
167067
153467
139104
151732
164471
184318
174487
165819
172440
184224
186510
191484
176044
170616
176281
156057
146704
149838
172693
192500
178752
164697
178334
180798
182453
183484
178061
174844
157594
174678
170018
182819
175306
170389
188417
173523
180538
185784
178182
185931
189275
169072
188238
184355
187359
166774
179894
162292
169006
179353
174747
182785
177033
189921
195779
168618
180060
172056
167437
157239
164445
178260
182119
184571
157525
163287
159997
184342
170417
174123
179705
180631
183593
172504
163789
173375
172507
168719
175852
171626
53751
178579
182993
168381
184618
161577
155776
170566
182056
172042
172445
157137
170837
159874
156931
192555
154320
177321
158310
191852
177926
184899
170448
171908
164210
193965
187528
194673
166947
157162
144815
168429
175188
171452
164751
170332
170936
192291
155696
173777
172151
163128
183541
175375
178659
184506
195080
196937
173836
173575
151286
162892
179875
171643
170506
176101
175370
182058
173316
169846
173894
174959
167419
174423
173825
199654
194079
165696
183977
183197
194008
170671
181436
177638
193181
165991
190136
182478
160825
152500
163882
175267
193729
168527
186336
164597
166131
175910
190356
191351
183197
160520
164478
108881
180781
174356
179049
177191
175046
176503
174183
185647
175047
179179
171930
184208
177449
192388
173427
187687
170084
189242
200008
174578
185061
174628
188696
187692
186999
173761
169581
181005
183746
184421
183511
186235
195304
177075
182890
173197
195238
176778
197458
179334
195677
179667
192502
180993
191746
188270
179270
174345
187500
189477
190271
173737
183520
194935
190304
179830
186657
175007
178595
163198
182892
181787
183555
181580
182024
186790
195025
179426
172251
193841
178451
197367
181087
177558
175085
187226
181212
168393
179853
187714
187857
188265
176315
197940
185135
171280
174153
196376
190442
169454
187424
180650
176466
180137
186896
174632
182941
193095
164212
185910
190411
179184
196166
173015
179485
178547
161661
187712
174746
161626
186696
188936
177225
183342
181918
194691
180032
182814
190328
174800
174533
192248
186399
196200
178282
187433
180176
192815
173363
178991
179875
190670
184593
171540
203238
167957
171077
196579
178508
172470
188361
192925
177662
176431
198056
181345
191265
171275
169476
184924
175034
164171
192798
158390
24306
6900
168808
180052
186300
157078
163996
180496
161479
181740
162249
188921
189712
159359
201798
165334
190776
192690
181952
149925
175614
177010
31921
187547
157970
169967
164475
178851
152350
180288
177475
166699
198745
176169
172915
173666
189167
166304
152930
170346
167216
186417
170850
183392
185362
163026
158622
163165
161883
176799
175140
182478
178117
174439
177583
174975
152336
173454
156072
171136
165157
171529
156183
161263
170885
165333
175397
175289
175035
174968
179280
173313
154637
131481
133936
169957
174580
183893
174534
170832
174765
178698
174641
184418
172005
182415
198786
182877
186141
164731
37486
168150
202341
160106
194112
192393
160815
203880
189795
166385
184782
162929
166299
170326
182070
194880
168518
173570
200157
156732
183606
170485
172603
151472
177096
177744
174528
152350
144532
187579
179478
196992
188111
161154
169745
183071
197054
186105
162364
165109
189155
153304
173260
195401
163058
182509
159867
195081
175429
173171
180135
177565
145268
186778
180839
169912
159180
185872
183485
166884
164765
178344
179556
178834
167798
192604
192350
176061
169777
197619
155605
186994
166531
158390
178217
157027
182470
174911
168676
173098
198953
181150
171291
142298
163230
194851
177919
189976
150726
197369
162255
171118
180036
182751
187815
193030
162245
188808
159966
158876
175384
193884
174611
176840
166580
182656
178001
181045
188866
173998
171049
190705
169235
153604
194585
161493
188503
167273
171493
156022
184952
170956
143602
59173
151579
199032
174106
117001
169324
179850
174546
145801
149869
150182
129721
111377
146659
176944
179012
182454
178810
170641
184116
196743
169800
186319
174893
170782
184642
177174
178859
177905
179241
189888
177845
182662
172936
159413
187568
167341
182882
178643
169766
178508
170101
174496
162905
180525
173462
172260
171358
162966
176212
188951
166974
167462
168399
183327
182354
59138
160322
170595
173652
184812
178941
155769
179438
172783
200228
146816
170582
187267
162176
191649
157696
188453
158224
167660
152247
162691
180628
177146
174480
25182
166522
107881
111532
187413
193189
171686
188302
163301
166017
175820
161659
171155
189084
180980
182498
174112
183220
204373
171397
191730
164633
150490
188032
178676
163616
187406
174908
198645
179583
174579
176275
190076
188386
184366
191134
168704
161691
154213
178704
181101
197597
185069
187813
157388
162641
202490
182389
159468
174576
163422
156340
180317
175510
160535
162582
151632
468
173908
171292
191117
192317
188751
197083
176993
193198
159644
20924
178302
196913
195377
183424
167093
188753
177090
199133
178618
171356
153895
176440
198936
186570
192272
186886
173200
187389
161991
196148
192301
168761
189643
169233
182416
171174
190746
183476
192015
188725
151265
167317
174250
191067
195037
183938
173350
156991
164509
173362
176102
180108
181269
186317
176944
175563
159900
192280
147485
164799
191545
191476
166820
160649
182027
179590
181786
197310
171468
158336
173891
183326
193135
179892
174868
178917
197019
176803
156838
171128
165522
178654
190565
182178
197815
141149
189063
186261
140783
172520
183544
190126
183773
193411
192050
169348
179922
169975
174167
187400
157952
167554
173991
154817
183700
184986
194408
153695
196925
188375
177485
166251
190276
184921
146503
165995
176786
182063
167930
166057
174753
177601
165034
171513
168514
183402
193082
175078
175817
171116
186183
181505
161318
165885
179224
191385
189627
164021
167416
188825
197221
179540
178838
177602
187577
167934
177636
172654
80881
19970
187044
194764
164801
187291
170214
171384
182730
188871
159149
194368
185506
179019
163097
152943
188626
187670
188268
174582
140848
173563
175826
177153
181562
193540
170738
151681
174090
175010
181157
196205
166433
175384
188309
186430
193751
187397
185097
184407
188822
180417
178460
181916
175938
174063
189934
181592
174379
178182
177142
181679
182338
176748
173120
186592
179642
178006
190126
175811
171868
177781
187389
172932
185025
187755
180825
181602
185818
177884
182785
185625
187664
180782
189612
178262
177932
180184
188753
181513
175374
191413
170224
175928
175137
179964
166115
182954
196018
173927
173358
183454
188519
189993
169593
181272
190367
185654
191199
188234
177374
184260
188428
186851
182086
173268
189489
178756
184309
184148
180148
188585
185938
183299
173120
189977
171479
194660
183762
173886
182113
181023
168658
195516
183656
166819
186067
180791
169537
185223
185125
178281
182219
166953
190387
188638
176179
174336
175882
183734
179173
183612
179152
183915
189074
184714
183113
175219
172558
188195
168361
180504
185691
177962
177847
192115
173676
184535
180656
199261
185368
188218
172112
166169
183133
187334
175962
189682
176425
202147
155669
178868
170541
174794
166683
171517
184868
191618
183473
179372
195685
184167
187151
183894
173293
173211
164506
176063
166430
172450
187211
179731
185751
165128
162436
174327
171598
174964
178579
176100
185341
178357
179407
174830
174877
180941
79889
159436
187805
176838
174341
188697
179380
153586
176884
183720
178660
199989
168298
163297
186208
188083
194401
165120
180420
183019
159406
186716
180966
163305
179264
180595
163493
184358
190742
202390
179074
168056
140201
184723
179144
175544
182158
186435
174619
197272
184192
178227
205927
164600
174376
189763
174237
195423
181308
163430
175962
20694
939
164477
153111
165225
177615
182156
178496
194157
171980
198071
165977
181386
194718
182541
182242
165003
177823
167145
194299
191862
185277
192608
181611
187344
178681
196627
178234
162300
172429
193236
191401
158806
159877
152381
134863
150683
192763
176142
167209
195329
185106
189233
195517
187103
169793
186059
136171
178266
203488
151135
153867
176023
186668
185160
182249
196661
188737
186310
169259
166270
170881
165081
173939
196472
182736
196111
169331
194269
180699
184471
199304
190738
183220
189869
189134
181253
169339
174038
161941
168788
164619
184492
183031
203318
160262
196189
195711
189640
163726
182283
158499
177156
190639
183668
188390
197800
165240
164928
58931
50965
18154
145379
169711
119074
184187
189210
173428
190113
178891
168951
165737
175944
186743
195231
25834
195462
203320
148197
183878
183069
137739
170148
178750
117390
56827
145652
129412
32163
158731
174501
184108
184008
148433
139164
181895
194816
156152
182616
173352
178947
170197
182659
165548
175506
176080
172827
177670
182057
175592
153789
166443
170621
176563
176693
179799
163522
186955
157519
168870
172735
168145
184973
173697
168568
167774
176897
183763
178322
200822
158408
166772
164142
166997
165384
180696
192075
155356
162145
157168
185964
194485
155053
144305
182156
165785
174269
177585
182370
196150
56605
167958
156457
146174
157528
146700
148862
146439
182358
169818
147875
166023
168555
169767
156455
163545
156582
183206
153728
175498
136151
172269
148807
148709
173961
143514
170552
162914
167829
173772
175678
182105
159722
163922
139148
154172
148311
152567
183644
159693
175103
168078
173725
168198
167879
174258
168572
168737
143905
164946
149852
181752
162074
159212
185759
156182
161170
161229
169364
164171
171687
169235
168663
174076
164560
165362
179660
187292
152538
165757
188345
156122
164911
168463
155369
189254
169772
163084
130867
152000
175158
163065
175733
164890
175583
193679
165225
170908
176643
178063
180649
163144
181867
187206
157674
161578
167036
159963
133271
128236
170814
168262
141670
83287
131697
193018
184680
182251
174463
185542
201381
181584
193030
194621
176272
154290
173778
186864
172533
198077
184122
196344
174520
187720
173424
193199
162920
170697
176949
161530
178069
173130
164095
177683
151495
125803
164403
179373
166220
193724
196877
169251
196892
106577
145427
135218
150693
141076
148469
178589
188208
178523
163491
193844
164634
186511
193895
152572
202040
181706
178684
144396
191066
155409
168396
175569
202727
188661
171971
187455
163486
184672
159981
158114
163766
53093
53326
65218
42022
55565
68731
76862
147414
190123
186443
184729
190440
170727
197394
174880
200334
187591
160005
174727
197193
167690
176058
192043
55167
53528
100435
82295
96029
141556
130119
71267
88298
187060
191654
188982
163002
194643
162774
186098
170644
15034
18257
170534
174066
182508
156302
172072
153759
170120
163006
158255
179031
180748
193278
189081
167551
171311
182095
180812
199875
166641
127132
80386
74540
35011
166654
177431
184829
173814
179103
177714
176247
188902
172463
200088
161779
191594
156003
190998
158611
170812
181576
175729
173053
172569
175840
183818
171830
29340
182835
164265
182532
198114
174252
171452
192033
182530
169454
161328
187356
194992
171178
190008
193573
168537
168942
185058
202173
185123
184171
167937
189082
191385
184552
198325
186933
182818
184230
203819
156696
173484
183855
186132
172211
191376
193542
193463
186531
168181
188001
192494
186974
190760
179683
190869
178359
171041
189494
202215
161952
168501
168364
204829
183971
151954
171163
188856
201120
174804
187319
194756
180759
200592
183441
197743
159093
188635
182575
164290
197054
172137
165192
187863
171905
172982
179790
1360
181867
177977
197983
187490
172504
198030
162617
194047
194314
157739
156258
164789
199459
175567
190781
162094
175554
179919
169977
185948
182392
195578
179214
160637
168173
196411
152986
180729
183211
185016
179943
192186
152402
189402
184612
173898
191258
183944
184096
171013
197107
173188
199666
188875
148740
182383
156422
190604
168793
178364
178967
155830
170838
188833
181552
195746
179317
193863
185271
189146
186649
191125
178458
192856
171400
188769
155668
168090
170548
166731
192106
174784
193733
165411
192093
183837
178714
196128
173209
180798
193512
171960
157678
201816
169742
177911
174460
170209
188262
176221
178154
189398
183211
177653
174756
187631
163334
149562
183795
183488
197954
159188
173555
182888
198127
187100
192419
170721
185270
173501
188073
199774
177285
179269
178819
178039
180576
177463
174885
199421
153067
172449
196698
194486
190643
158117
172115
155512
162191
172188
186192
153125
180990
177838
172396
154002
204534
168728
185397
176976
185133
170243
183381
173043
171530
192057
182877
175965
180102
182102
195279
176225
189723
182261
185485
179477
191124
172726
185774
177337
182854
180565
185377
174173
182729
189096
140676
157945
180525
175773
162615
153011
74496
15639
159939
174371
176499
185484
195696
90569
176306
176347
185730
164968
161191
178124
177669
167710
176749
171904
173658
170762
161468
161678
169457
169401
183251
185003
184836
173486
183899
191515
175208
194299
180091
157448
163021
160175
186502
193517
155504
157140
197201
152204
180761
161886
160552
167849
167753
200918
161976
162094
187949
170823
172552
179641
170164
161118
177151
169388
173692
166894
166327
179054
183592
148061
181459
178757
168215
170047
176717
169394
134253
1467
185704
175006
181552
168548
167252
178347
182699
184736
186398
178118
189896
186775
175059
184778
181019
182809
191100
180562
183869
187048
189194
189910
196190
170009
175357
179491
169174
164889
189731
178721
193329
182643
165781
178965
180207
187974
169064
181428
179699
175522
187421
184709
176310
189521
176266
182705
185178
185306
176505
193573
189007
185570
168576
185750
187279
188189
191717
176728
177535
170470
188957
177381
173457
180133
173949
188881
194747
176507
170949
185644
183661
176952
188471
182151
166377
189973
171883
191845
194276
169305
183803
179679
196957
180616
182083
181209
181150
176349
198946
185713
185881
190048
170322
167375
172511
168827
174431
144730
183639
180360
189184
163903
196928
183474
180210
173475
172357
167351
163606
183846
163756
168167
186456
191584
175069
185477
171865
176137
191045
185347
185154
167703
178157
190098
177251
179188
171427
183733
184887
188061
186356
186957
182646
180681
180910
186661
188516
189570
171687
179254
191884
175429
191774
176407
192418
175826
175781
178839
175674
195826
177574
190091
189771
178187
172999
173163
172287
184991
189056
185624
196155
174433
197867
166589
184994
176488
179055
180830
198441
180596
185744
181722
169553
158226
177097
175455
188670
179544
187852
181342
174404
190185
179695
180057
185226
185437
194142
170630
183645
175831
192722
177861
170644
180880
189414
174253
191826
188427
172790
181163
186939
167182
165550
148409
166723
160560
173379
186903
165439
186739
184259
190365
190436
173433
190742
183956
175225
183761
176876
174446
192457
176901
172011
186073
170069
193047
163160
161100
173326
191482
142519
151077
144812
168776
174620
200734
176995
174800
162059
197309
180878
191121
174413
171316
180845
205977
178183
180275
173542
179583
188346
189047
175737
186686
166043
175303
206656
148560
187887
184766
183487
171602
192056
172402
174079
173395
196972
178702
196411
168092
163689
195165
167440
188131
192940
160810
159832
161760
180193
173416
179781
166863
173197
173187
193387
194157
185135
198407
163985
195015
181697
173530
184038
173754
174212
189680
181232
179757
188792
174310
197577
159138
163720
163993
175958
166457
150854
18299
170143
151236
132584
61149
176495
202790
181803
192243
183431
185605
161519
198363
172626
172886
195242
153478
191554
199235
134902
156558
159302
177373
198685
186888
183847
203757
178277
183909
177396
173030
195109
185107
183268
170162
183928
170642
183158
168042
180890
194324
185069
194094
185624
143727
159310
164826
180939
185384
195666
171150
183275
164359
183214
181034
194246
182894
175589
176678
176564
201484
174122
190667
157651
175418
164885
186814
170700
174112
186201
171639
186898
208002
166846
165821
186004
161861
161497
179745
176936
192941
164451
198527
161036
169707
199774
192372
191135
190996
179144
187212
180343
167878
171221
168011
173324
190583
171016
192474
187365
185103
182119
172113
189740
178635
202025
175823
190679
186997
183542
150946
145533
23463
174244
173709
170870
199558
170363
172935
168998
187028
189239
168379
170213
178965
177994
187720
175683
179964
183667
164537
180831
165614
184519
192467
184122
167570
190344
183653
153072
202245
186004
177425
172123
183129
174556
165541
151514
181191
161815
179251
183416
187622
183658
177706
195069
186888
178097
164076
176632
866
164089
174533
174058
171573
174736
168858
178246
176590
185105
187493
187886
181758
189606
187705
177742
180198
187416
198022
174902
159210
156648
177192
184292
181589
193183
187149
191743
157647
159493
177067
188075
172465
165573
179841
178889
186324
194324
185613
187376
200851
154433
171392
176403
176937
177878
163585
159338
172858
166467
193442
190796
186503
172471
160570
153801
166455
171335
186382
87160
167085
191241
175203
169989
186929
184290
183403
163595
185364
184085
186598
196903
175684
166025
176644
177123
190116
183062
173161
200828
190303
184584
187648
193755
169512
200276
173799
155123
195717
193946
171425
193543
181449
203403
174936
189242
196182
179904
187034
196636
183921
191324
190002
181901
193167
185154
189355
171827
185719
193220
169179
181095
186893
194574
180083
184041
194883
188811
172588
185492
199339
167984
193253
189582
197372
169489
183413
202378
175039
176872
194037
190744
148282
155294
187858
185987
170933
161894
178700
169658
175796
170684
186698
200435
173896
185366
186442
177051
177306
183262
176076
183801
179954
171897
167892
160655
184133
171187
158747
184574
149278
157558
182057
189390
174730
161225
193543
191893
176296
184193
183442
173338
171531
166914
187708
171582
169933
129357
13969
6226
145724
167217
201624
165256
158506
196780
186549
172696
156287
182482
162569
178291
156892
166333
171066
147405
179624
166205
172155
162045
171678
162427
169805
167387
181379
168284
180598
180140
180362
166918
181702
182829
148181
181311
166985
169277
161818
187216
181177
180455
187900
177921
177533
169458
180046
174454
182644
181397
164630
167273
187997
132251
6689
7818
162597
171600
182443
186516
166763
201851
176829
172574
183984
182671
184958
188584
199510
149588
208781
177567
151523
174617
188284
183437
193373
170071
174399
182828
192177
182052
168480
202050
164042
181286
200166
164326
194678
172610
189913
191603
179255
193176
181009
167612
161371
162026
174968
197684
147691
188237
198593
187637
174778
167891
184292
183446
171396
191060
174921
133129
1821
166728
187055
183882
181656
163309
154925
147634
150980
167030
162883
157897
177765
178323
189576
152890
172306
175954
180985
182159
171300
184667
163688
195271
169747
163744
178504
181564
174797
175120
174903
182294
175364
179144
158504
181028
175446
174916
173920
150647
157161
177496
175385
185324
187045
162489
194198
187883
148957
119169
24520
191622
172065
188680
157292
188032
187002
190706
189262
169859
189924
160948
197639
183330
194227
184960
177573
180016
176291
175125
190205
192542
182652
180667
194790
182382
180119
173730
165383
194751
190435
169267
174848
195685
170648
49832
12251
9693
177105
173750
197133
172826
195556
180989
187795
176222
179076
187201
198003
168508
170203
164325
180549
183348
184625
181163
178923
187845
196086
171480
177030
187427
188885
173518
166969
190947
184733
172540
181018
169214
192310
178853
180043
168085
178128
174564
192214
173877
164689
170216
178238
189147
185324
175190
159796
185715
164567
165298
118661
156329
183326
180380
174688
157352
163888
166421
155587
164468
162645
188901
177043
182468
143566
171463
176922
162933
173710
164061
179484
165422
170898
174636
174672
186568
187205
182145
176905
175280
163700
185797
166378
188803
156830
183379
172501
173878
182654
184775
166197
165463
185842
178623
157904
153898
171406
181094
192494
159657
145853
9108
599
180432
174211
169584
198366
153926
197608
162962
151296
164413
180728
173490
193169
180299
172472
183403
177225
160379
189992
159547
187755
178471
166487
160392
181002
170492
157423
192947
176227
203276
168815
195574
157170
197285
178222
177738
191482
177171
193321
183365
173255
194824
170567
164670
184920
182862
186967
159822
194092
19780
166462
191577
191912
184888
194169
187433
187008
185067
193345
163440
180316
168562
180674
196984
170267
177778
157144
181733
185994
167052
191528
188062
180436
178073
184225
183322
172358
171832
163807
185762
188686
183178
152919
193783
173427
195736
172007
181426
155369
199155
177996
195275
157957
197303
180069
204495
175467
186195
179608
182968
195738
170706
176305
196412
193247
164797
155518
184464
179541
174779
169407
182333
184077
183900
187931
166446
161445
193737
175703
170052
193850
154642
173909
186685
160715
197017
184329
167917
184614
179172
176520
205959
148844
190054
175133
117290
158442
187649
182895
193725
180290
185229
188154
171750
174896
170686
196676
165048
188371
189373
173127
168860
182694
158573
182998
189965
147458
165229
196664
173795
162415
176747
186507
194122
182878
180814
198726
175180
179041
173109
189115
189700
173221
194408
173705
166854
185031
177004
170766
176655
194440
171463
196554
179044
150947
186288
189746
193709
171931
116760
157037
174257
177252
168229
181156
161561
165527
193367
177426
190461
172898
192403
168549
183899
178608
182688
183742
173312
152427
191803
162140
161810
184987
183275
168915
200380
169604
185165
173833
164130
176557
198046
155986
182703
191871
182514
167012
184166
173302
179495
171764
190652
158084
183566
190435
183143
191619
164005
187044
184242
173491
180874
188097
152607
186539
149706
168752
160587
183533
183147
169834
183810
173302
176050
145169
18519
183346
183749
149663
181130
195799
165488
182290
199153
183869
171997
203548
180057
176227
186362
186079
167494
181239
189869
182746
199659
162688
185161
167113
196711
172137
188882
192705
179177
186915
182484
189808
168459
181257
182037
192235
192567
172824
194042
185006
180451
186620
170885
166569
185747
178139
191041
174306
193332
172169
187237
204100
180118
187560
176189
187283
191940
181812
189329
189121
178715
164871
100416
112993
95074
93980
93647
108094
109181
93510
106616
108245
110748
93551
106593
108331
111223
93917
106268
93386
111784
93561
106813
93316
110776
93932
106914
108512
111607
93679
106657
108571
111484
93834
105799
108468
110577
34203
139274
199460
192028
196331
159217
188598
185549
197285
159826
180317
174739
178668
181609
181433
186770
176472
182943
186143
185042
174984
190562
179813
181482
194321
176486
178512
173482
172149
148737
177442
169806
194929
162564
168023
171341
174380
179801
184451
176065
171239
158179
173085
163440
194971
192422
188852
186701
188777
177110
183021
186571
181554
167056
92809
1054
151302
175933
189415
177250
178954
182033
186815
186839
186068
173925
180482
185470
179807
177723
185259
187382
165248
188177
188132
180747
160258
164370
179739
173421
189492
177881
176848
189555
195071
161572
176921
178463
168051
187015
182700
180318
186412
173849
176505
166323
166766
176063
180322
138197
158171
184012
168646
185974
148843
174362
174350
156770
170268
181391
183362
179417
171493
186370
138213
177501
184244
169343
167281
169766
157875
192337
187449
169031
184939
185980
191602
171243
173852
166576
175070
180271
177342
170166
169769
171257
197069
172784
182982
178047
193684
160212
187792
170114
159782
171505
164586
185402
173468
164065
144822
153365
187000
163418
173226
156393
165780
184639
194750
167401
166242
188467
182156
163564
175997
156219
177931
181503
186270
175455
177696
144718
177824
190718
170920
187866
188026
189668
199453
183146
173820
183727
204915
169002
171896
181613
176663
190718
194593
171342
183789
177413
166440
181033
183498
196293
190125
175721
155453
187014
162357
184055
185303
185632
178815
196351
181899
196590
170808
177393
167505
170178
149669
144190
197344
186854
189466
186529
171544
178247
181727
184861
183845
189977
181170
159476
167314
175887
159928
187595
167136
187466
188306
198926
187079
172958
163742
181533
168692
172662
164995
186383
169936
204911
177256
191622
184760
188309
194662
186387
179386
188074
162838
188039
177613
179579
182456
172760
187543
191217
164667
183436
169196
186758
165316
167577
67998
160806
184777
182429
194406
179453
184528
171670
185485
153737
163156
177573
181252
176161
190942
170971
175737
182617
170152
169315
195914
155296
198387
172068
169707
169151
184071
154213
189747
193051
166149
200240
184723
167421
169774
191077
182661
177140
197936
151011
187047
180828
199651
173690
197672
166124
172372
171595
174989
183697
174455
197504
174780
58229
3624
