695711
790390
781499
740928
764417
816035
829611
798125
848952
874269
797924
668873
795834
838995
730773
834842
864750
850839
866556
880762
733995
804073
829783
765892
924351
759231
943257
731392
703532
836565
724433
781450
822371
872455
756051
890019
710024
784049
705349
642626
795729
859744
809933
798698
857937
664290
823257
727259
806536
853377
669307
755719
696543
777273
807735
806873
934509
778186
786661
785009
845045
750515
801921
864539
720083
848119
859908
773092
864518
768828
821974
686343
947866
760790
852219
727186
805619
739719
837406
830295
773379
835645
904044
806781
756257
890449
903419
843253
825773
778770
739482
881007
809231
801872
771137
769217
758808
808715
848069
789943
743593
765152
880626
789776
813510
814621
830323
788175
779022
741898
758932
799134
764904
780889
820765
795948
768310
847678
831760
778628
812475
875114
902910
856408
850775
869799
910302
827634
855884
875859
891723
834156
899663
731876
814156
815233
781485
825071
855117
838838
912818
874628
814988
797976
816107
863590
904074
751529
913052
785401
873707
833246
837263
832941
876468
779245
925248
802601
784395
892416
839390
910601
767877
843686
748538
891343
849787
844790
825338
842225
811917
873103
578329
897790
771229
860435
720386
820537
795994
768440
756036
801615
874808
861532
800329
781545
891009
739037
884026
858592
808040
766283
856804
773418
777966
806159
901786
877681
787951
892847
849688
867618
815967
778668
773049
748603
875130
868897
862480
787416
779438
748180
763344
731018
855095
878922
788565
761240
777246
664062
905994
846143
674466
733913
765889
830824
844955
791376
891960
827951
805076
765231
242395
57679
67745
66436
47469
771404
812064
799953
800378
810945
808673
860452
897383
863014
788314
816991
766533
880957
853068
734989
818140
778039
753991
909273
777533
816130
755499
716197
861221
943842
901423
703904
808472
866164
932775
743016
754299
763186
773989
833669
912939
812552
856089
761683
772427
826081
863368
819716
780838
827087
855558
796391
839946
864487
869431
789577
780908
807795
861194
850518
782372
806788
759656
751941
823207
671817
781117
818451
743638
773674
825442
850921
898298
780789
792129
807705
794591
718908
719801
877418
848971
842426
771459
772607
750597
878533
788854
146152
731028
860044
834387
903902
878617
791018
754259
840102
886778
767085
867127
838654
824475
755965
841303
922130
882720
740011
800361
801141
760158
765051
835547
887015
853479
930697
851787
892571
893164
662640
871286
863418
890424
784473
823573
908776
711258
861390
892004
744556
895239
778941
743324
858075
930042
806673
904884
846632
505144
809426
834111
925755
815923
862570
730806
769265
859731
205160
825217
886941
818827
908271
753710
880288
770068
892637
841340
829853
804157
856588
847874
856575
854266
840778
886852
837562
851522
792054
817136
883865
239890
814135
738602
760205
858449
756663
742124
778265
776071
795095
766580
775915
783719
790530
782910
783903
780440
778105
781974
789008
789386
803603
768728
760627
840218
782867
785504
746737
784254
774841
748140
819497
828251
794608
750027
790098
775147
796902
738070
771095
775147
781093
817925
848527
780915
765409
821148
761899
775422
808963
811665
781012
805265
811170
792043
774934
791091
757877
776483
799492
759029
790772
773629
754992
763744
790630
764670
762607
757834
777274
730233
857076
749034
484031
728034
816348
810827
743915
830866
777715
782715
777479
803842
807665
774356
815616
824094
756652
830076
816376
810694
858788
786179
802517
778584
810355
745895
800182
785300
765696
819624
807560
807627
769167
810554
789239
778332
807133
799302
813949
816679
857314
813616
775684
793062
824534
789398
799041
799056
823670
789101
826955
812630
846522
820636
854967
810614
807303
799849
802416
792444
812300
771280
780078
779033
840731
823135
725623
764047
795358
778722
761811
801744
828668
772708
851128
811338
826184
681666
533357
321167
386228
291280
547128
764801
718783
744668
750748
840370
743040
773988
771720
767898
771185
733462
776287
800039
759494
732357
815950
777348
830736
779676
731340
750456
758085
786401
780569
777923
783762
771524
735733
480305
464418
334272
407561
402912
367
852862
889106
776616
835964
900350
898527
705695
865859
878625
851449
840377
818524
916376
875614
830485
918276
790507
894785
800455
912997
769997
883000
877501
898772
781354
914762
804442
916159
809627
819600
904223
741304
816001
933408
830910
850566
786579
906162
871457
891596
820830
850335
811564
704489
795978
867430
888049
774715
814635
843736
758776
856224
764195
838760
776138
874413
867764
782128
768856
900078
832720
743038
856530
927852
713366
725282
786140
856619
851192
874169
786112
857324
743924
692034
836178
878742
800264
725862
775819
813922
837974
801545
776584
846213
687423
800438
838252
745271
811073
840153
791584
841819
848173
855718
834952
846230
818117
919472
867076
798297
853791
910521
824856
878848
853850
844147
814431
855847
780537
908547
846254
806136
805760
761450
763130
811378
832035
892028
839289
774140
817494
858929
811803
757347
808893
793398
805368
792786
814668
814187
816360
823860
772854
733961
884573
794530
835843
780313
844251
773701
732612
824496
844069
847562
721693
768117
828014
813600
764541
855100
793143
781052
878266
864896
872818
764187
839371
874143
801585
829295
851290
815580
895974
805534
865846
761922
862695
817765
911494
785964
843711
813276
865632
809025
834665
906520
761188
914595
773420
868620
872135
861364
819091
752231
941450
781451
841975
848823
809117
774280
867774
878725
784774
825835
869997
886851
823356
839916
868019
884525
889758
847130
880701
854535
854967
794235
811946
809641
894571
860203
223861
796671
879030
847717
895550
855414
862316
925415
815322
887776
876520
922947
824455
868797
779030
803640
856766
874521
900396
820460
887606
893581
869391
798439
877886
897862
866286
900068
825026
853918
853973
886866
826187
844574
878646
757117
407304
775222
847796
832942
937570
707337
891268
801802
866609
906395
742361
927455
739436
886138
950257
772109
824733
911065
841172
936073
691184
911105
758520
863616
864007
762714
936241
894082
762738
47577
772028
821558
874594
794388
899854
889569
803187
842427
793165
744671
817828
842493
867994
750522
872470
770854
909995
797201
819482
873686
813636
708772
863236
899167
776870
744191
873144
879587
755086
890118
793320
857884
878783
810952
932218
753416
933296
715139
835337
894236
858093
753388
894527
896051
850747
786913
850624
801982
736134
658803
708933
768530
873076
773070
854328
793985
819206
879993
846741
871470
677890
906479
759067
737752
759790
882229
767264
678600
866296
729646
799588
873444
877975
830058
802200
825429
784990
907177
851178
840251
853329
897170
822612
753528
789248
852292
790987
842417
774690
864329
809456
891202
805518
791493
760826
819851
813879
909523
330016
770005
909528
776488
831722
779069
911871
729905
816263
898633
783638
831147
928564
868273
817479
850630
829046
728928
922328
866471
777498
904293
793191
750868
729178
909879
856482
800493
807260
902043
844713
891494
840147
924108
713342
892096
868382
766902
919882
797938
894888
796169
870319
864270
823071
855603
864421
825675
967589
812972
860045
896470
807605
757894
891077
782340
904420
854052
878170
865284
765800
804445
870103
857270
809216
680476
890185
845703
869796
825576
874505
806133
665742
854308
930384
799131
935809
721009
905833
746213
929424
764028
755793
933853
765441
856559
856353
803726
864240
787616
905474
812737
824895
818904
883124
885457
814201
888993
770698
892497
881980
740972
878481
876012
832671
854155
873775
857166
805644
925608
838802
811031
842038
776674
831262
816699
807475
893983
822997
809212
798080
939018
773174
827686
900992
832609
787757
849854
842922
858867
763410
849158
788195
836956
874498
806923
891336
817521
824452
789862
889262
763357
798959
862736
833478
794287
897068
212866
768321
791115
821426
848112
796240
858828
811912
757700
828577
804498
846138
831666
844463
802754
841720
815571
870939
816054
763040
850385
820666
815101
749339
823938
794255
736646
820800
791814
808733
766305
820457
779001
745022
789845
784394
788851
766988
834196
818316
791992
888594
827482
854773
781227
899135
840462
804189
829703
843000
645009
485400
704354
816919
863960
808955
859402
738547
922653
820396
845378
860096
825333
847714
838543
912986
727870
863038
826870
900099
833300
877219
839706
801297
887806
868359
873367
774893
909778
747754
806800
864398
885844
807202
872776
840874
853261
888438
878846
814427
772566
888739
856013
891652
797421
877522
865881
784562
880899
833646
884974
845880
865774
882882
801544
868171
826800
790637
920531
848265
856630
832351
882123
724944
743098
881491
879738
851819
787095
830143
772311
908006
869467
827362
899568
866272
842728
749540
838178
774690
922254
846345
868746
867202
815380
845847
823430
852512
801538
926095
824322
327759
835288
882266
909525
784280
857778
853463
858658
832292
806004
911164
813798
899417
770164
940312
866410
788400
809453
792741
860303
395909
754435
854328
848571
776842
762459
781739
853154
770849
776613
761248
782764
844997
906203
789917
766481
835268
701541
640169
902859
679073
787646
795416
883514
627264
682254
751112
705022
705634
724303
749314
898787
815421
723991
651669
684513
730427
866188
583904
518288
53653
739362
816645
822842
789878
782188
830104
860327
816437
828410
829723
866567
803431
811462
890229
793466
800571
828778
853227
855133
770376
791412
867623
816543
804646
761297
601435
866278
763292
398865
796555
880772
868623
803706
679317
767041
936212
808479
907783
743841
733883
869923
443911
765555
662776
776547
703737
752998
735311
748275
663885
692710
841844
801906
725868
733354
841954
746488
732331
778256
810467
746158
686817
797128
734639
705023
726086
782214
714066
765244
758168
717364
698789
732061
768376
752225
736938
670497
700590
705543
722262
560358
512066
401861
514342
589655
789322
756061
695813
726032
813181
846413
837542
770709
681854
733214
549883
442473
417908
738554
793221
798570
691900
800308
673858
691132
720499
677083
712859
669541
784327
753611
797669
771275
745302
815048
803822
821948
844251
790755
858145
855419
754192
833185
863164
849363
763881
813629
669549
725614
782660
771064
827352
825391
859173
864286
789443
778655
805051
746010
682881
719181
784943
860764
832765
642969
711747
683930
788307
715946
727994
740640
860380
792336
762690
691438
746123
759816
728002
800926
694076
220488
715499
906550
723267
865303
840698
565530
691251
747184
792310
792430
613258
781805
763909
681200
823205
659198
698460
644677
836827
829268
847679
780055
778424
762322
881799
864279
867188
831891
688280
672331
766712
820013
769653
784285
799400
763671
766402
747507
679641
733826
726323
743195
711912
735146
822918
858284
933558
769573
764838
689002
770072
771869
729941
744174
759260
770368
798346
813514
769076
736195
759585
775137
815108
820723
894261
904574
753837
810867
839370
833571
649241
785366
819549
888578
755231
907876
811273
732600
724167
769484
804811
911359
804751
840819
770053
755608
812227
802532
910405
845857
704165
742759
484568
778193
791832
801698
792290
789080
807897
792709
860306
779978
803376
833722
862188
830850
847812
807706
844148
796033
872184
886275
828053
867358
803338
880852
867432
838466
829707
801248
778688
774008
827849
780630
805544
902830
800486
854903
739784
814517
839017
823367
824450
877674
785788
864957
780885
794371
863304
803985
755014
814130
821818
823268
790933
849586
876284
852480
883199
859569
789276
833995
782848
789885
804344
851845
793095
787908
874934
870343
796809
817454
886315
810615
868259
820170
825355
784446
808342
883490
796406
770300
845036
793566
848440
846912
886946
853078
793401
768223
902404
850588
828990
847061
847585
782150
844524
903214
808345
855603
875862
761652
811887
880976
835487
874459
849013
820997
855333
747359
867385
787365
748875
855817
816564
816371
836639
809391
850965
881139
807223
829673
843999
782232
898777
849451
846140
815235
825177
793030
887447
781238
802071
847114
829928
846054
795965
930710
792879
749598
869458
845651
818834
823573
919524
793543
792977
839733
868670
868621
775984
815897
837856
827555
778066
893409
660467
55638
16279
710294
818733
888794
734290
597409
760093
721449
867444
722859
851046
823233
612221
935268
784817
873042
887122
817583
663826
697259
707816
129543
777521
682710
684041
690743
783075
743530
844036
789485
705124
862336
936933
716863
716389
889234
763834
659701
753611
720271
763308
697913
760932
870315
695445
670203
673401
701761
728303
746496
772879
766397
740085
739976
769443
626340
645179
715114
749139
738627
684040
694505
710178
730867
730380
713493
750614
743688
730992
734466
734920
563116
363126
377101
732330
727961
798722
759453
755508
745917
760551
727249
828893
763185
789400
897985
867441
849231
732963
157756
684294
767809
835642
832750
836130
819039
905323
767292
758344
757363
704833
747003
690694
869360
873092
776668
806434
926914
644832
825964
669820
706484
580835
805503
780749
776981
490474
440407
867328
815981
873338
857952
747724
717416
772247
859004
872160
702363
745036
780732
710165
769977
895935
718826
818106
691256
882689
798458
829453
828797
781035
651140
834487
754071
788363
732746
874713
818561
788231
738198
758688
835570
762269
712199
808549
840401
806450
775974
893579
684263
778103
792578
742822
755867
773815
791116
832114
767820
752210
697740
727601
730948
745584
758487
905027
788328
810474
688406
721385
768273
804191
753997
715739
857873
932488
667950
761185
738370
690357
797699
881780
773058
817448
766985
760934
830565
726479
834963
818668
717285
862260
760587
712767
883464
736122
839248
746732
805738
722291
856523
714987
556867
156830
671500
813936
958745
433886
681188
827323
659291
486402
451028
523339
353942
257761
442066
812626
799999
813605
752660
742846
788297
869644
712332
812493
793217
747809
813890
782993
777046
807695
784683
852839
771492
801222
741865
699294
864890
726653
780054
792379
766527
745631
756873
799911
737288
809316
771796
788012
760228
759848
722779
823320
706219
731875
729194
831779
812892
254884
699984
773700
822086
784220
748433
670278
817489
820438
926948
650383
723303
738348
752661
835350
749872
813064
705884
756839
688903
716029
781210
805408
753430
93777
642607
349562
467289
880517
883997
808180
837846
765162
794650
820319
769983
784147
926097
846981
832122
819321
881721
920364
769259
882826
711358
705807
854559
790219
721161
869946
767030
897022
801059
777436
707378
865212
858275
812951
852778
754841
721923
701214
827886
855017
894011
852193
878148
732379
730812
945305
816343
737710
738471
779489
685135
764236
759539
663651
724787
736925
531
756679
784078
867581
896227
876005
908361
853930
900323
709775
81469
824904
925758
890191
824966
826076
861929
827341
899801
818408
799741
755062
829367
916081
845382
903783
867555
803730
864026
814184
892585
914694
784013
882285
748347
855194
782978
901074
855815
863689
880190
754152
813664
784341
885105
892973
869700
783005
710569
696139
767478
799684
794382
806122
849750
807015
802681
739472
881272
651755
756074
869252
840383
776925
734161
792604
717155
824108
855866
815439
702534
760302
814846
850889
841758
772884
774407
894200
815069
655992
746349
756089
796757
853692
834285
896325
675252
855851
874344
690733
784224
848677
880037
843113
873663
871387
784557
845006
777674
806733
849070
747629
741764
805352
718738
848463
826782
848729
723340
889397
850755
781511
782382
826042
849035
654744
702482
773874
847879
773245
772768
807123
764812
758811
702158
783267
825319
859017
817625
788669
755361
862997
760360
700599
776506
735744
855453
851706
747847
785057
827444
879638
817458
802650
805750
839900
765431
786195
679917
273289
44612
835726
914642
744976
860239
743561
762230
858629
881137
756980
873437
882714
839897
739748
716328
869878
869107
897964
762377
663895
727530
754553
753952
823228
887532
806406
677036
702849
696346
714094
748130
692636
746978
784645
758330
875460
859526
888166
823801
870841
842882
810887
839128
771655
779495
889663
812403
749512
763031
790582
760106
839761
810541
769735
854834
818700
800052
877789
834512
761245
734350
766070
834625
846301
843362
769781
788046
800661
776825
830420
848575
858936
763857
863648
783457
820082
802600
801479
822889
783646
816353
775579
776668
817313
792263
696491
800804
916688
745908
772560
792218
811582
876866
812387
831509
830303
865069
880730
833912
818266
867105
824290
871971
851615
748543
846864
816679
847008
843155
840463
813686
886273
773689
791401
839312
808206
895895
837232
789978
817012
849878
767428
902175
802172
808820
826431
813368
774208
884776
800200
791612
853922
726089
888226
857814
791744
816875
834200
834433
818212
865780
828076
829210
876192
869266
810991
801845
796577
819183
743873
816517
848842
757148
826779
860313
807498
793362
860730
877678
865597
884574
745050
708501
829025
827012
824178
897329
794600
856246
762051
779674
741139
754814
732746
780889
817826
861956
842567
789074
921949
819768
857731
803069
771748
740464
689742
735557
587544
659961
683517
789497
754475
641749
654142
645835
711533
726583
694791
697873
723057
785049
782549
732595
707154
758756
351009
722526
853257
820442
841108
846802
821344
706395
815071
839345
820297
892524
777230
709958
860921
875841
896573
759517
818287
845824
711521
855132
811811
784681
846472
844251
779459
849321
903126
880520
824778
740235
716853
834389
820433
824138
810656
885810
798876
921891
826145
825689
934023
771652
826700
882797
769605
905638
854146
754302
626834
64120
1100
788226
634189
751293
804636
808363
785856
860967
799370
906120
749216
819369
861266
887577
812104
727453
765795
742892
870240
866886
825250
864291
843283
849263
791242
878316
804102
661398
765237
865524
822466
752917
737878
486324
376116
559408
889015
820477
789326
770111
732025
812254
850445
895225
732832
762031
542776
815190
932163
616755
635768
738493
809595
827275
850192
916738
864193
865665
765494
729199
807523
790535
803927
883097
845888
926724
731239
864973
889602
712028
805040
886402
862611
844244
857100
840051
762585
726315
588585
782212
617054
877071
825890
918290
748467
901991
878232
860477
787594
855042
693080
738045
920474
827622
886546
921322
705199
678651
107495
80694
47191
657978
788435
529936
775944
798590
719415
801939
810917
806055
752019
780123
886144
876511
96206
898317
931361
672683
782166
907160
651671
820158
811962
528060
180276
507189
321055
69147
603259
700516
790571
809889
632399
563215
867656
919575
722225
797842
817512
844591
835559
787698
695942
779134
777610
732955
775953
841629
836593
687868
724840
756648
799583
780431
798406
732316
812082
749425
722970
799593
727611
851012
812794
762079
833330
769292
775516
804745
880348
727098
763596
715027
665307
691290
768241
851829
708256
714989
686141
808888
888063
635364
589659
820821
760157
826333
817396
891076
891783
258371
735878
655693
576257
589978
461160
523912
483992
722883
660888
568014
640134
553145
748520
620561
628779
608837
701631
667565
762222
553568
665733
587362
541244
676537
506131
635796
648319
647553
680843
654019
627217
607827
651347
466046
577307
546544
536018
671881
566990
616308
623065
663450
685139
656994
662327
546317
596408
583835
636344
587004
694377
647413
600356
819888
630754
634597
595756
626430
620605
705442
662038
697478
676574
631984
645157
726966
686191
735514
708605
773357
631819
581922
542042
660845
790203
762055
653363
486354
644123
649710
578892
703890
602501
686059
856202
716867
714235
736797
733925
819997
719559
773840
790714
660184
661366
650901
742380
501793
423232
813541
744279
453563
226805
537885
841836
752003
849555
801033
821133
844020
853559
842678
921704
799372
634749
717777
759938
713087
943596
856466
867977
786747
782443
777422
887512
694113
818542
741420
699611
741808
776221
754195
829978
541836
462717
694280
704842
578283
904182
899204
833802
858728
333912
478012
444003
491206
502189
479407
616871
880777
782482
714986
883784
785944
822862
849059
696193
907197
836933
737869
634049
857749
490092
653515
775249
916679
850726
803859
820917
739378
794856
752576
748458
738584
149708
123693
237748
96735
128005
153173
196753
555271
872674
822604
793561
921016
720062
861348
838727
912505
872307
741916
772201
845571
730038
749842
833366
117002
93938
295203
223979
319959
428750
411697
148232
199340
795929
845263
907335
721988
850855
727604
840840
761935
29442
37491
777372
781754
830530
698615
773434
704888
724006
738265
672464
763205
757903
905992
847766
743431
776057
837459
773294
852403
792348
491827
193456
173857
73189
624630
725431
754705
681589
714950
711912
677438
821790
713171
852426
716015
858130
686325
815868
690882
754547
792605
788610
728566
728603
665801
698599
686783
105820
839918
764975
842204
889700
815272
787679
851952
839317
744560
742376
858495
877148
792676
873729
909492
814310
780727
855505
914001
867174
849241
767664
863160
887161
835732
880436
879285
864053
842165
912652
753974
786134
824188
776153
728759
895225
856000
874202
881302
808820
848236
908976
848682
861396
848596
876211
764832
722200
858758
927328
746445
714728
698006
909495
876408
718874
742632
847200
945818
796237
850186
891096
824589
940094
835725
912552
737564
837436
822789
729757
914871
796410
749538
890287
799147
776279
821941
1614
797497
828690
921218
867627
740786
906791
763559
887201
888564
683545
691900
705192
857892
849847
894362
724244
733029
769098
700831
811007
839618
912843
830321
716105
771709
892516
725802
869973
782950
872639
860776
867246
687133
817078
857836
777926
890388
849474
864766
771742
929862
758050
908160
850839
718890
797423
727951
868036
769732
807510
828570
757855
781638
862789
819385
867778
917681
859724
845954
866576
876523
875031
849381
865920
821838
840692
661040
723047
743098
691429
794743
817523
927313
742432
830849
808207
793997
864736
749491
825937
857658
816296
700538
906815
803841
817207
780190
789025
818097
819720
826428
935233
810316
843240
783217
844993
757551
725504
853244
865933
890105
754057
788683
836048
901771
820698
872074
791662
828969
811142
879223
891764
827338
830644
817849
846206
815273
799737
786802
905063
689876
825693
911475
907909
878723
711739
733194
693503
754168
730023
781607
666766
741753
791532
763501
678691
936378
768143
852439
747733
836491
755786
797966
842450
725524
860880
839797
798716
812583
819210
861366
865416
867004
814281
868633
814592
855028
765049
866761
794180
797315
826042
834827
770131
815671
805898
645397
681509
820170
780432
759275
582636
305062
35305
611761
723219
804452
752360
905799
257498
663474
757789
881028
748580
721567
820921
797800
821891
797028
771620
766742
692214
687842
711622
747989
749399
812562
857440
836370
819700
800357
863726
813942
900336
782565
699491
686440
666139
806952
887621
671259
680869
881724
545916
793081
700494
682900
701297
728649
869038
758409
734530
847156
752064
774381
873019
744050
669654
772337
692035
740069
768415
778285
828861
874680
555635
744271
770393
767541
712635
716697
769592
610364
1740
814807
808169
787111
720244
735398
842883
830604
852566
822521
779182
897262
815211
776052
811402
849223
828706
865384
799196
807569
816765
853004
860212
878064
805817
799012
795162
727933
700253
829762
773996
875539
838221
751721
770761
799108
824365
803730
761645
782753
839122
844391
771205
815724
820764
855372
825491
820080
851476
814519
887285
810440
869580
729047
822235
857707
821832
860404
882581
790937
770210
833132
792587
781969
802326
784235
871288
866532
852406
746970
781915
802138
793501
845398
827202
667956
847100
835104
813102
878211
774444
829802
785964
894557
805699
800162
829151
840380
816551
897118
840266
861728
839722
800367
791598
748050
711990
750923
599358
840895
791835
811349
791450
858115
859147
820165
778882
755767
706107
708987
815585
716063
699206
811637
859192
810402
831097
777708
795401
847014
832149
820563
760154
791106
871220
774930
802392
773929
772925
841079
836809
833924
835074
832227
840347
812181
833937
833490
846213
789123
785460
862829
818630
865726
812227
875182
759036
769907
767991
808382
872452
827482
872564
877786
801196
797238
776321
773537
834537
861510
849592
884718
802707
853950
758107
843938
776660
801770
823306
866636
818282
863986
843195
692115
634057
812568
756890
826395
787644
829673
795720
785663
817746
819702
812538
850081
851231
888899
772560
807401
770976
870491
849733
739185
797757
855962
812860
885573
870148
745562
775685
834184
745995
725850
640883
704306
686538
698116
842733
715914
808161
863215
822485
869544
819144
864990
842086
771963
820450
796206
790351
801718
813115
749971
859412
755904
865508
738714
646192
768206
844205
607166
565160
529448
762732
784990
925889
839028
823178
698116
919581
829693
891393
789798
821894
823894
934346
882932
762354
807039
816279
907476
879689
772391
854481
788365
797014
936843
668662
861035
816116
860063
828021
837916
807165
788391
743214
871077
859429
853034
774561
762138
901252
776978
879242
834451
737520
721237
761286
790339
815259
856170
750444
788447
788019
886686
897438
843097
897835
784074
904390
828953
797462
862176
795980
795751
864288
902078
826966
883647
797109
896037
737736
734696
714341
805044
758698
552020
48708
710311
684451
571580
188082
801526
938020
839586
845402
850766
889536
708447
900232
785166
762931
899662
704502
856163
845551
533145
638184
667568
761888
909852
848213
846891
893110
849795
806078
830566
735294
852950
876046
844517
754979
837622
782953
791901
750475
815868
890181
761353
879801
861886
675144
702144
755215
823193
821924
810842
797297
792120
729003
802360
802540
902996
862567
769242
806991
803454
894754
795900
862901
709760
786752
702127
828017
816046
755933
792219
771504
821457
927002
812530
781255
844979
703343
760965
813467
691134
765166
763570
924388
635856
599933
873263
866459
908466
860303
868259
845764
836149
779302
760369
752132
821944
791404
825652
862615
859479
833827
805856
728173
876746
814108
898619
807007
834410
846901
825770
660753
601354
96167
776716
828893
807305
939958
751457
824432
789526
885038
862209
788438
784719
824179
837444
856786
796635
837113
859962
818828
826689
690378
816420
895453
834567
746953
843926
849557
719754
932406
849033
848004
821567
848574
820466
790369
731590
822331
753247
802659
853018
877844
832056
832934
888105
841344
844573
722791
837524
1037
608572
698893
711166
691961
722559
707169
724038
746820
786734
821652
874169
857973
875045
857432
818255
841837
863963
918648
851811
668547
664385
688034
738032
813267
878800
879954
885616
710607
692497
723057
815991
755366
785840
821056
848782
900807
842379
806434
809239
918546
671288
706362
700134
761248
739821
678637
668453
688197
726354
807793
854531
840519
755981
692615
696280
753652
769701
843707
398769
745924
865511
764044
760992
829342
875901
844633
726736
851952
823652
831443
869490
829963
737867
828362
839803
861675
862622
814759
919075
872059
845792
890334
874731
794092
905663
807892
707399
867490
900118
814840
855390
845852
920051
807292
866737
885078
841101
848843
891977
865844
883380
891940
814052
879100
871353
868329
777807
837953
906909
795295
862523
857864
907211
817841
874869
924617
860332
810745
858087
927781
750911
892422
896726
886741
815257
865922
912915
817831
870702
903063
843513
731114
696064
871390
821552
752915
736073
844437
791894
807549
785097
865762
898859
761358
855947
826931
837899
791268
822873
858357
835629
810048
768921
716695
773388
893651
743101
737952
842263
697831
704292
832631
882724
809759
750815
873871
872134
802547
805703
842628
747948
752221
724692
845792
754581
717214
565365
29200
12779
655806
778180
918456
750704
754045
916311
821570
770242
735494
763430
731766
778006
726333
747186
747387
719912
793680
744993
818505
757651
789616
747161
799990
780045
834516
781647
791667
808400
830337
728749
841626
781977
714304
799269
735809
751933
752965
826458
810456
807789
854077
753790
736275
760027
843482
786449
816020
755090
759363
761364
803638
609738
11296
15663
776474
811113
865868
858921
808621
893555
838384
811524
834074
855040
864902
875083
913299
678813
922475
832764
715932
813566
875671
789981
918207
800564
802522
820331
816173
827671
787429
940955
776596
851424
883800
770880
875667
788613
871742
855459
836267
864156
839832
762851
770290
754254
811497
919993
695588
871100
877862
897276
856164
789628
861052
849633
817703
825924
825253
650158
2161
704811
821031
808990
818286
636621
639805
621521
670220
692645
701602
664782
745865
806438
844480
685178
714462
785795
774295
809278
723562
831533
744751
825421
773497
723114
746690
774031
806163
748324
778801
786601
764216
811557
653462
806644
787083
766509
761938
651962
632120
727322
774338
825031
855700
743108
835781
845189
625653
435445
42174
795696
773603
860971
718448
867203
881600
856501
859670
788903
851477
730555
903640
818194
870512
850712
824465
826280
771441
796105
894583
865139
868733
810063
922272
833042
792948
810733
747598
884607
844346
763290
793816
882561
816658
202291
22209
17822
778493
749200
796938
722358
863870
760254
869853
756612
811629
861638
901415
728009
751477
742458
809840
815459
848098
768918
825233
821565
845076
778618
752920
798674
873763
771318
723510
876107
861472
756237
773725
785290
821864
832963
811419
760518
805169
807583
867824
737719
745139
774692
813007
869916
799954
793282
739994
825168
709107
670966
419456
669248
831564
824326
786715
708781
767619
724676
718097
777465
791342
846595
816488
813624
688627
725164
816741
778624
778121
758735
794706
722348
734070
827590
756379
860921
838760
814593
829772
808801
749540
803860
778277
811502
743167
816225
754157
754549
829863
836772
746646
757732
822517
805855
781270
711538
797743
838478
892823
716949
658386
16924
697
753907
876291
808850
877318
698633
920784
748900
680789
741477
792699
784325
880579
800793
850467
834683
800149
724094
852593
731808
784039
789807
712383
726785
806865
771206
718812
906593
799335
925804
752220
874769
739738
904117
829911
777359
909854
820960
865531
865136
758387
903471
804169
752441
884011
817598
885993
727485
863340
88569
762299
885331
884190
834975
867519
864639
877708
831868
894644
722597
737677
812156
848640
888103
788395
826802
754605
805410
853549
766390
868602
886917
762875
747194
845509
826578
771805
771577
773656
861321
858359
849035
703024
882091
766274
848642
732562
823628
762208
912819
805290
888857
694304
894798
850191
917074
819676
837350
821314
822132
874606
799593
810715
863079
916830
739908
731723
828936
813519
771092
773237
809938
859432
825556
883990
749007
734174
869062
810834
776409
928556
709046
796919
837088
719889
903172
839408
746196
849401
837666
790437
912217
685818
810109
806589
539441
693599
840661
879097
885583
818240
858683
871684
790759
788724
778534
889337
780684
865210
879740
851031
798644
854774
752361
829893
880629
729531
794650
917521
834003
729455
854860
860784
895883
829450
873817
877713
833973
867143
810440
849279
865591
820469
894416
838883
746783
836983
838277
814222
806666
910957
811512
881514
836463
714020
873477
863508
854477
770811
545560
582769
829634
770421
739917
807802
774499
705915
861233
797504
834480
808658
917163
751251
826377
788177
867517
817836
756039
698218
848764
704868
723217
837715
803526
795066
810426
821555
881514
740071
758112
762669
904154
705152
805924
881779
765607
773341
847868
714766
771319
793950
860487
703651
823468
859940
807857
855430
743250
840106
878800
804441
820564
867315
784443
839701
628138
774489
726751
820064
856380
740030
846956
772148
765625
605168
39190
817929
817805
658634
865238
899299
777686
851873
862759
852339
772452
915306
822081
884945
781906
868977
779779
824651
882122
853388
854590
805730
884580
778519
912722
786853
848010
927906
832262
870934
839881
870101
765542
846383
811655
849321
851616
809113
908194
871276
804662
843206
823207
759580
838188
819717
888056
817203
900560
763668
862939
918377
829466
891328
829819
873768
819336
869184
853994
869179
865706
746046
256178
304491
241037
239488
241471
298612
300448
241587
312553
298143
301393
240110
310262
298307
303208
240486
311998
240357
304802
240049
311447
239806
303674
240574
312431
298102
305065
238805
311344
298705
303467
239574
310450
297749
305886
114180
614425
884333
911924
865589
728490
848374
808972
921757
745347
847639
830698
800583
812818
808730
880243
826195
855474
876285
825270
795356
881696
828914
826728
881871
822619
804387
776575
770314
704441
778330
752819
885076
786543
807464
762531
793653
826074
850205
804032
803667
731905
780745
749104
894068
896718
868603
844779
886275
834002
824769
861298
823193
819260
319593
1217
587415
766004
792254
778887
763868
824233
810645
876676
718172
732561
822070
780633
841698
783553
824233
801770
757428
821982
850678
808166
711503
799195
805389
751429
832616
826662
811728
879552
852598
730612
815425
790614
791763
823929
820227
821448
863960
787428
803416
778641
717377
754127
790155
622186
675016
775322
698876
773010
696619
741033
746603
694775
765187
836955
788337
829229
760834
861017
617990
757343
817146
744242
731868
735135
701244
839882
814424
715968
784357
838979
823952
770929
758569
730978
777312
810743
772310
755537
747909
771445
880452
797983
820943
825510
876383
677854
803801
778117
703025
685556
710098
800002
721675
736233
641015
683562
810082
761071
754705
724969
668040
795719
883180
733418
722439
813801
835865
684582
764072
694945
724757
808012
821897
731267
801342
577528
791349
898642
798498
816803
847655
890186
896286
850678
803392
855828
919098
785600
803920
825179
811302
860146
920113
808288
826787
750229
757790
833499
841961
887175
869280
810251
736626
830083
754777
860541
847580
859341
822197
896620
823867
889560
794082
811558
784287
744708
671074
631930
897359
786129
903503
849088
782848
820932
865959
821824
842620
883517
838698
729791
797510
833600
747340
854835
734538
798052
833655
924028
851019
801198
777151
831201
817353
780965
708350
836669
769654
905498
818615
863933
824480
869804
906552
865944
815800
810565
799075
849009
792518
795142
877374
798078
862977
916014
759080
859309
788502
883663
802382
794671
274004
662374
853673
858502
885005
855350
836915
822362
852079
755122
795570
825902
844561
789643
814306
826455
803019
825685
834695
751705
825947
740991
901142
807280
821771
824672
767661
755363
882120
874909
769555
910350
841777
785047
772544
825740
881828
777393
877233
712863
879159
833416
876397
847160
892156
708555
826106
725426
824510
881265
732846
912001
829292
228289
4400
