1202604
1302247
1367292
1332478
1333164
1383420
1368708
1362929
1420497
1423381
1373809
1112193
1328854
1381679
1285439
1402207
1454643
1466920
1445444
1544415
1230619
1344752
1424444
1320762
1528509
1325340
1564943
1275856
1212680
1341570
1236403
1289105
1405471
1440996
1300168
1437767
1308691
1197775
1293979
1079502
1285314
1424204
1394874
1379930
1472916
1170132
1439880
1230048
1372727
1536210
1089446
1258527
1175949
1325592
1299792
1432775
1569666
1350199
1313429
1238991
1438759
1259522
1306445
1471908
1232684
1440839
1487895
1157120
1458289
1262490
1379866
1233655
1584221
1332640
1462198
1255023
1420815
1257496
1391009
1474415
1254935
1396226
1564597
1352493
1296879
1503627
1539330
1451338
1377803
1242461
1168173
1295928
1492556
1338861
1315797
1355553
1308409
1408605
1463362
1376798
1311328
1318190
1378890
1335745
1360629
1453048
1423784
1379703
1365075
1343371
1303612
1399913
1391373
1382649
1392142
1424721
1324912
1443471
1405784
1347214
1434388
1496199
1548116
1502696
1450785
1480010
1530857
1435867
1442022
1516569
1526659
1457488
1592907
1196808
1368911
1401508
1303258
1379183
1421281
1411013
1517615
1483668
1469160
1414724
1403620
1516777
1475611
1361850
1475282
1400920
1453291
1360243
1474820
1419805
1408356
1377183
1542976
1392558
1374985
1469212
1395588
1469731
1349760
1403261
1375674
1454716
1448741
1463939
1436105
1473247
1424690
1425806
1011399
1531817
1325715
1437520
1211748
1359817
1379357
1246619
1240893
1424898
1477654
1481257
1372934
1315490
1540715
1270583
1445559
1480172
1380075
1324144
1402479
1350764
1351416
1352709
1516204
1507611
1342733
1498235
1483659
1450677
1363221
1286859
1259367
1292210
1469106
1470802
1460217
1335171
1299835
1272350
1304855
1259290
1475829
1527245
1330322
1240575
1268150
1130096
1550196
1365767
1146989
1241655
1290529
1442209
1453223
1325252
1525000
1394244
1395786
1297592
398047
100416
126276
122959
81158
1270389
1354769
1427208
1305445
1382505
1390243
1459050
1526417
1464726
1345911
1423430
1270580
1477220
1435890
1250428
1376403
1241433
1283451
1570460
1376098
1390072
1294113
1207899
1452285
1443683
1514428
1380969
1461460
1487948
1498856
1280001
1334370
1282494
1359406
1347884
1528728
1414242
1549878
1277024
1286477
1453328
1448203
1419088
1361088
1416043
1456173
1401860
1492384
1449700
1529135
1346951
1298377
1387771
1506615
1492074
1307533
1294220
1299490
1273614
1437301
1189360
1324150
1422950
1314698
1315758
1325251
1488865
1503514
1453798
1401796
1385680
1354635
1254564
1227129
1520011
1479701
1449779
1304073
1302040
1291320
1509854
1381117
243937
1226943
1525704
1467073
1558489
1467713
1376928
1267329
1374297
1532270
1292719
1455093
1494824
1448247
1282183
1457231
1592744
1517223
1270338
1385658
1376635
1268520
1278044
1401881
1546123
1463925
1590129
1432116
1526401
1526198
1182436
1473059
1455773
1541660
1334236
1390032
1528092
1213301
1451200
1552703
1253180
1513282
1380691
1321035
1513667
1553200
1419933
1559374
1433609
872864
1414888
1442143
1618967
1390517
1502123
1281551
1344658
1471535
354753
1413549
1520899
1421254
1563279
1322377
1496614
1321919
1549774
1452120
1396433
1377443
1471543
1446940
1466697
1478901
1414975
1539858
1464311
1459320
1331516
1386042
1538540
406142
1357091
1258816
1247768
1364385
1260226
1256524
1310890
1309601
1288070
1270692
1269747
1304612
1336807
1303254
1308718
1231758
1290851
1296733
1301650
1306983
1355476
1237674
1286686
1363447
1291077
1327857
1239806
1264118
1233970
1225545
1343102
1353964
1332357
1220518
1318988
1272482
1290271
1206341
1253929
1240680
1209031
1399737
1368349
1310554
1254684
1356119
1285495
1258362
1274976
1394325
1254020
1304776
1314888
1287481
1254536
1212152
1270981
1280059
1325190
1279572
1298151
1205092
1250971
1258121
1291362
1286010
1274087
1237463
1258549
1215750
1384950
1252739
809596
1198771
1384213
1335241
1276397
1355729
1364812
1316582
1377432
1323253
1366664
1334148
1370297
1416431
1335204
1406143
1344971
1356675
1404206
1350387
1351930
1327089
1333764
1264516
1323209
1317701
1294702
1357929
1394594
1346617
1307205
1380167
1313632
1309902
1334088
1310599
1347346
1374422
1435769
1437119
1295566
1363011
1372629
1313365
1378470
1371895
1306443
1306099
1395752
1406785
1421606
1423161
1435854
1405925
1358162
1367201
1334683
1331102
1390387
1330440
1349070
1299044
1397255
1386382
1221490
1288195
1333300
1294090
1300882
1361760
1326414
1326176
1446047
1341287
1359305
1150326
910083
674979
794098
612540
959933
1269408
1196779
1203023
1248181
1436814
1227204
1330857
1350400
1347222
1278630
1294240
1297273
1355564
1299448
1257993
1335506
1333756
1383921
1313741
1214491
1265497
1302973
1353509
1318199
1345355
1310268
1360636
1252089
1002396
954234
710093
907976
826616
482
1505034
1464152
1330216
1398843
1518106
1565797
1190909
1441749
1422212
1423754
1461633
1385766
1564056
1449343
1468703
1551531
1338932
1554525
1340885
1520623
1324068
1481491
1486645
1519262
1348162
1557039
1382063
1572016
1406433
1401531
1564399
1265227
1429245
1607434
1420309
1454927
1355915
1557881
1483547
1550004
1392222
1432935
1395675
1144192
1350496
1365155
1582937
1382850
1425923
1399584
1344902
1437668
1308326
1351107
1290930
1474344
1209771
1358902
1284060
1408861
1408335
1302698
1433710
1370402
1278693
1314343
1337669
1501506
1456054
1326362
1386278
1514167
1199671
1196205
1379407
1535111
1379739
1220203
1345516
1438936
1416584
1251464
1373142
1271922
1154401
1356756
1374890
1302054
1403602
1446099
1305041
1407459
1492914
1473239
1423179
1433122
1372094
1574849
1455848
1384880
1436084
1584294
1410365
1471138
1460504
1462295
1385698
1468765
1340780
1550954
1434189
1362765
1431530
1248208
1370901
1425527
1473318
1540441
1500219
1270611
1397420
1517133
1343089
1342267
1430492
1366837
1298756
1371709
1482530
1310909
1441270
1436686
1366905
1281746
1482169
1338057
1401167
1411658
1450874
1317152
1295925
1438350
1399332
1489861
1273245
1317642
1423274
1402417
1321158
1394013
1429956
1387632
1495351
1482860
1514173
1236027
1439054
1506194
1390978
1458099
1479323
1369957
1512215
1371179
1490855
1319511
1487690
1393549
1520944
1370151
1441475
1355705
1481290
1359090
1426990
1534811
1288632
1555589
1337739
1463237
1485386
1466162
1453555
1318174
1568702
1314279
1468382
1483693
1352192
1311152
1475124
1472146
1351583
1373585
1492375
1489319
1378032
1394758
1437812
1407351
1536009
1494458
1473570
1481038
1420787
1306074
1308289
1391520
1499328
1517312
369930
1336204
1505884
1436823
1530937
1425854
1529232
1537394
1388403
1482746
1504839
1594846
1408408
1476409
1325569
1418052
1427813
1463352
1565661
1424350
1496217
1524465
1500712
1367200
1490002
1523800
1478842
1535681
1421004
1463509
1475207
1520663
1435824
1439813
1487065
1317834
720854
1324167
1434060
1432672
1604838
1196027
1527289
1395000
1468738
1558452
1277362
1555355
1270825
1505946
1621664
1297855
1359313
1576090
1427749
1575912
1152971
1548044
1307448
1463090
1459285
1319860
1600716
1520802
1313464
80007
1288441
1379860
1513484
1362325
1518955
1430495
1392957
1455524
1372672
1300341
1403923
1461906
1471099
1329689
1438132
1348137
1550170
1412255
1419187
1508562
1349743
1211844
1486246
1513322
1313291
1291908
1411532
1481541
1304040
1504480
1350720
1495256
1478245
1361723
1580778
1308932
1565504
1244725
1411773
1517087
1466058
1295048
1513952
1496127
1456537
1378161
1406490
1356670
1260887
1116947
1148534
1321447
1491294
1299114
1454777
1365224
1382409
1457691
1436367
1434920
1211675
1507968
1297659
1258418
1291333
1467968
1354305
1124130
1463169
1285580
1351053
1454726
1529638
1371683
1362213
1399255
1339201
1549024
1420553
1414754
1402121
1522297
1372508
1224973
1327859
1427086
1360197
1437706
1318225
1408293
1436129
1480068
1379672
1299164
1274175
1379532
1404227
1551573
553052
1303992
1580971
1308030
1379777
1305569
1545521
1237174
1359051
1535725
1343908
1409707
1558234
1452917
1435725
1431158
1420884
1226321
1575365
1483143
1341875
1553888
1310827
1283916
1303035
1498494
1458794
1376393
1397240
1546097
1437030
1527927
1411721
1605908
1178314
1523670
1486620
1317753
1535997
1402644
1523912
1337530
1445054
1507648
1366650
1433312
1443844
1408207
1607477
1424646
1445204
1555350
1372825
1293770
1535100
1368686
1548048
1405289
1510043
1481962
1323389
1400079
1481181
1421220
1353682
1167031
1513543
1418271
1474154
1396081
1498833
1377880
1185238
1407928
1582093
1383534
1604039
1256123
1551662
1272565
1595864
1279229
1254569
1586956
1325747
1472778
1464112
1374887
1462492
1320146
1502984
1392039
1398431
1428167
1495073
1485135
1421206
1506675
1299187
1518553
1478600
1254431
1483722
1504001
1411541
1488075
1527546
1403754
1388643
1542621
1453501
1380876
1433831
1335823
1402997
1389944
1393683
1533695
1417666
1360948
1352214
1613394
1386477
1416586
1539680
1411574
1364175
1404835
1458089
1413713
1308866
1442184
1334984
1362092
1504420
1396160
1478539
1410338
1403765
1350932
1488542
1339447
1364324
1455662
1421595
1336269
1498154
371681
1192581
1335659
1346298
1443392
1346059
1325440
1416395
1318479
1383263
1381308
1400863
1366546
1365412
1401487
1415233
1339183
1401753
1307976
1293796
1386553
1379539
1343802
1217316
1332680
1385984
1271064
1220188
1398999
1432193
1349002
1408460
1370079
1283206
1278259
1339864
1334761
1323179
1435069
1405047
1339688
1507519
1408868
1459774
1253578
1476348
1427608
1365617
1443458
1441205
1116989
793914
1194178
1388529
1471365
1400109
1434253
1253016
1551931
1374790
1431556
1461550
1423951
1459462
1399852
1515752
1237224
1476621
1394242
1517393
1451891
1499974
1393894
1337994
1488461
1491769
1476674
1329173
1534757
1272939
1370964
1467130
1519253
1403344
1446868
1441014
1471844
1520155
1463599
1387873
1304138
1517267
1463504
1502955
1340912
1493248
1491167
1378339
1512649
1417265
1543503
1407567
1489648
1492775
1340241
1469378
1396310
1360749
1562770
1434433
1463261
1412589
1463398
1255508
1239507
1442564
1527724
1449364
1335453
1400650
1354072
1536896
1496837
1413945
1518955
1462084
1469431
1276070
1440774
1294018
1554163
1421649
1534104
1439653
1402991
1452098
1374513
1487620
1374831
1546229
1367670
554824
1401187
1491347
1525561
1383844
1446185
1457906
1481187
1384575
1362582
1538487
1411901
1522634
1283989
1608605
1475149
1347580
1370368
1393032
1451860
669431
1206092
1495847
1458437
1311286
1284630
1327200
1462528
1262717
1313001
1305773
1338883
1484633
1485839
1356557
1262958
1404001
1264585
1076082
1416427
1179674
1311755
1401201
1504369
1075833
1167307
1272707
1232987
1215095
1293677
1298000
1520948
1394730
1257270
1113877
1162348
1204931
1465884
979932
817572
86606
1263267
1442056
1425775
1392618
1387063
1405916
1482016
1428257
1440576
1421171
1492699
1386100
1417976
1516178
1446214
1397303
1445138
1465016
1520206
1309712
1454202
1478565
1420439
1417152
1320172
1028280
1495327
1275341
741752
1417304
1520055
1511208
1363998
1136176
1322759
1568365
1384194
1519873
1229392
1225568
1458374
755082
1253486
1244264
1306933
1199101
1290193
1280387
1287401
1129085
1233672
1428946
1364063
1301643
1290858
1392923
1245110
1214580
1276462
1334303
1319969
1288471
1374266
1240572
1368719
1329154
1326073
1250091
1378097
1298854
1213982
1170238
1275702
1303826
1294168
1291447
1189985
1201108
1190109
1272124
1032812
1024737
869039
947443
1040791
1386491
1309303
1216815
1170219
1320508
1477445
1485455
1311157
1137268
1285626
1049331
910210
857427
1300562
1349725
1357886
1193516
1303990
1236342
1205525
1192319
1179857
1221478
1218016
1167333
1161622
1398378
1143247
1266816
1282398
1323562
1323772
1341483
1175704
1307652
1451593
1233274
1433831
1377271
1493669
1347329
1447334
1149981
1232157
1335743
1325136
1433481
1386136
1506261
1516315
1315850
1373132
1434954
1296859
1242664
1280414
1358696
1507276
1498996
1094701
1239470
1184571
1350954
1205002
1248106
1273830
1433268
1408791
1316684
1217089
1299311
1297131
1298131
1327735
1226644
386894
1198067
1568219
1244116
1497068
1372634
971738
1161381
1310792
1320042
1373874
963241
1291435
1212304
1218480
1395636
1094061
1164543
1108990
1454510
1420441
1451705
1327966
1241965
1258337
1469923
1509990
1512840
1400992
1270287
1229032
1346263
1382675
1395236
1356219
1393314
1411279
1387598
1185993
1239693
1254137
1200746
1296169
1233505
1233417
1421868
1453831
1545325
1334329
1277300
1140614
1349013
1318533
1193937
1275846
1283147
1288790
1325686
1395583
1288811
1269758
1283989
1344872
1387284
1401852
1553564
1473072
1324990
1342408
1511772
1449641
1042887
1395278
1379894
1504188
1257616
1458980
1406023
1341620
1214841
1290517
1319867
1546092
1315974
1458819
1381058
1212009
1310404
1367791
1467216
1389000
1201458
1238469
821393
1301990
1388387
1355565
1383592
1334961
1405542
1335086
1491109
1300835
1425005
1421188
1459530
1411417
1493520
1359862
1425518
1368038
1479435
1528869
1405079
1446902
1396413
1468877
1515017
1397557
1398493
1314518
1319468
1324684
1414104
1381709
1416757
1470995
1389589
1443962
1292718
1383960
1376652
1448745
1356512
1453169
1327613
1466590
1359103
1384604
1438254
1376588
1285071
1378292
1380076
1359705
1345285
1437860
1485173
1436958
1480866
1462761
1360050
1433179
1360963
1389735
1445530
1419386
1355451
1340973
1523468
1434385
1351798
1416542
1535720
1368531
1519446
1414505
1408689
1316887
1423647
1478822
1258776
1390991
1461163
1384183
1450308
1438716
1530776
1483242
1341322
1276083
1490166
1487411
1412241
1453237
1516366
1340056
1482610
1499852
1402239
1524571
1476966
1327416
1421202
1520493
1468725
1499574
1436691
1368055
1488547
1269847
1523788
1329046
1265498
1435972
1346108
1426896
1417061
1402886
1506738
1455156
1389136
1431191
1393872
1325933
1485110
1502193
1433364
1370123
1445846
1398653
1513213
1361673
1351474
1485131
1423678
1467475
1402944
1556817
1398599
1296799
1486955
1462510
1335541
1385716
1559215
1308152
1275883
1446666
1500159
1503933
1319205
1397036
1467560
1427071
1352129
1506255
1172850
97765
26312
1271536
1386704
1518608
1273336
996733
1232905
1234365
1440628
1255293
1414042
1404674
1013787
1549241
1291289
1503208
1512901
1310058
1069700
1113302
1175286
222885
1203155
1234890
1190652
1172046
1336853
1228150
1394431
1324876
1205241
1296135
1231024
1371287
1223933
1498320
1308912
1154468
1284266
1210419
1354137
1228185
1299045
1367477
1135004
1129487
1130571
1224168
1117844
1247927
1240694
1260259
1305478
1208715
1349682
1128978
1124032
1221435
1242020
1250396
1131965
1186712
1217830
1197306
1204623
1187200
1233310
1268808
1216052
1219270
1263811
967397
680434
712478
1208749
1239263
1317758
1309974
1279362
1230345
1269274
1215619
1300164
1270809
1294132
1530405
1489631
1427417
1246840
277255
1181805
1324538
1360235
1443437
1465355
1403372
1570491
1215475
1351081
1297186
1179428
1297058
1144353
1516675
1449198
1317060
1357266
1595646
1065360
1358005
1079960
1156587
982044
1434994
1380206
1253331
851647
774076
1486660
1401501
1492594
1316306
1257830
1183121
1294552
1444508
1522595
1199544
1243137
1368589
1286028
1368943
1531744
1181841
1402964
1177981
1564419
1221758
1326170
1416201
1322027
1192178
1444734
1255930
1358140
1238422
1529458
1377199
1379567
1282839
1333552
1363030
1285490
1204690
1471016
1367577
1411693
1325911
1510906
1214981
1232942
1435058
1097626
1269494
1298849
1408598
1438759
1284233
1284243
1218161
1231428
1229911
1297368
1196389
1548570
1361568
1402720
1154767
1230934
1288456
1377270
1268499
1254480
1468897
1613174
1140417
1338032
1279376
1259316
1317092
1523650
1325759
1401797
1217769
1354541
1386692
1192827
1430587
1468743
1206041
1450230
1309004
1232199
1519253
1266225
1423244
1235863
1344143
1198844
1520504
1177330
920736
293046
1124813
1396271
1433262
807139
1185747
1277927
1147921
816898
850851
980244
689096
525982
823604
1411708
1305635
1365118
1316167
1266477
1391123
1538912
1260154
1394171
1371324
1211438
1423426
1318989
1339387
1382930
1330192
1357994
1416090
1427679
1310822
1181824
1504848
1276144
1341015
1328358
1279225
1293341
1332611
1385443
1298163
1318470
1368354
1388831
1365101
1350989
1297501
1435752
1209759
1281291
1274028
1459304
1416038
425477
1193702
1283405
1367102
1344749
1267388
1123702
1406091
1416137
1510273
1120917
1014036
1178203
1319946
1424262
1211597
1321116
1259821
1313319
1168785
1226197
1333550
1351874
1320200
155299
1071435
534848
763159
1518318
1486316
1451359
1481971
1302816
1354833
1356599
1400440
1359788
1543616
1396985
1445056
1357333
1501643
1567069
1332446
1491917
1205164
1171212
1456025
1330107
1158650
1409829
1286397
1520985
1323355
1245004
1122600
1424053
1484777
1402765
1469435
1341289
1257046
1207833
1433146
1450793
1511466
1491884
1469916
1257908
1249193
1598997
1429121
1239330
1222562
1323161
1156527
1296039
1271955
1203700
1214047
1228533
722
1278445
1325622
1475767
1509299
1498337
1546151
1447880
1545532
1177202
129715
1435688
1536011
1549292
1406432
1421505
1473539
1420739
1532775
1426980
1319974
1301499
1400511
1597694
1403898
1561304
1470831
1400604
1482918
1428786
1515563
1559848
1346177
1504107
1291177
1439065
1334380
1552085
1473602
1458618
1494247
1306580
1393805
1357464
1521387
1537761
1501110
1314086
1250600
1127601
1324732
1372921
1318605
1361403
1454859
1374439
1351531
1216713
1440353
1097497
1281980
1438837
1412942
1312689
1218610
1337091
1208237
1366076
1429443
1414394
1191072
1323185
1355202
1425760
1359455
1335799
1320498
1508033
1417405
1072546
1211250
1246033
1317085
1398296
1453811
1515415
1127894
1402851
1450502
1180520
1294366
1440023
1487127
1467151
1474822
1536698
1334195
1450106
1319274
1352874
1421738
1256570
1254417
1336430
1238861
1435511
1416761
1474573
1190157
1472272
1461697
1345708
1311658
1373537
1439789
1093319
1143920
1326210
1458503
1289549
1303591
1350939
1273758
1259356
1153149
1287111
1360127
1450587
1373597
1299169
1305637
1419789
1265752
1186515
1263899
1290090
1431488
1431467
1278170
1326378
1383757
1451211
1352856
1339825
1350959
1381228
1220810
1328370
1302273
476032
88032
1390987
1533918
1304455
1476693
1256917
1287232
1469164
1494793
1356479
1499384
1505419
1427675
1265127
1223548
1481458
1460763
1529455
1323040
1128638
1217267
1360602
1338118
1404249
1498219
1389891
1099863
1110808
1187849
1193560
1249780
1117050
1222223
1347918
1324903
1489016
1479777
1543311
1411464
1499034
1462395
1419441
1467478
1358767
1348375
1513950
1419224
1233237
1297064
1368100
1393871
1414717
1366341
1333891
1492904
1431689
1343488
1476529
1424596
1327551
1230183
1301616
1457079
1475975
1434639
1334678
1415160
1389110
1327131
1373113
1520497
1418426
1349483
1494896
1341662
1396707
1378068
1336387
1401445
1346716
1455031
1259528
1336866
1351654
1410434
1210824
1326983
1546693
1337581
1318457
1288088
1399327
1457693
1401997
1382272
1387670
1481365
1497568
1418560
1391957
1420936
1369061
1516921
1364201
1304898
1448359
1370938
1386813
1467979
1446332
1384270
1516002
1319449
1339194
1442748
1316634
1500946
1477086
1386767
1376673
1414293
1327107
1569891
1364631
1302768
1454420
1346045
1381227
1462921
1461038
1363116
1544397
1240422
1511910
1452294
1382817
1408325
1411907
1411874
1412688
1470349
1427543
1448268
1497234
1459901
1338130
1370006
1347864
1323679
1232888
1374894
1398801
1299989
1389322
1474642
1394942
1375377
1448928
1465219
1446607
1549950
1286158
1221185
1441075
1394998
1386160
1508483
1329097
1473617
1252355
1345922
1267890
1250134
1269783
1351955
1341990
1451621
1471950
1349419
1591549
1379667
1487992
1319026
1294991
1256785
1138532
1166250
986263
1127641
1141186
1216552
1358026
1080203
1109800
1085893
1207362
1153638
1116884
1106488
1155748
1318413
1387867
1275391
1247937
1337242
587992
1265648
1452537
1327424
1472564
1419339
1402858
1144263
1370952
1363877
1314535
1556984
1332920
1161245
1517394
1476041
1515508
1309671
1398163
1438172
1194879
1471477
1377314
1315893
1428540
1448347
1281059
1451703
1553485
1490855
1377124
1275732
1293831
1465233
1366510
1355480
1364974
1529791
1364930
1599672
1382684
1404259
1585740
1324882
1388875
1472556
1353104
1569279
1447794
1299922
999208
93761
1504
1256028
989321
1247088
1395204
1364671
1324980
1439203
1339040
1507154
1292097
1395160
1443832
1534921
1406320
1243997
1277070
1258004
1484499
1509180
1407309
1451890
1405444
1443282
1354547
1502963
1371291
1197677
1279331
1409544
1325191
1301182
1270021
961558
768634
924231
1514564
1409511
1351082
1295400
1424481
1388446
1517387
1511551
1192865
1294455
926013
1420870
1594694
997140
1075571
1223073
1399017
1412738
1440215
1512828
1448742
1422712
1360120
1269311
1427335
1289365
1310952
1513732
1393321
1540802
1355733
1489623
1442385
1234042
1382186
1525263
1470002
1470287
1496403
1488336
1281996
1285840
971798
1231038
1012599
1481125
1422703
1602731
1237636
1525623
1505855
1474468
1370241
1467663
1214901
1276724
1583280
1170119
1376110
1550606
1212825
1128528
189355
132081
65037
1083641
1294472
843254
1341355
1381509
1182912
1240737
1390138
1350513
1223970
1176833
1263953
1335902
162124
1523891
1618734
1140342
1445019
1544432
1145331
1371143
1364753
948222
296654
823336
491836
125212
840445
1068632
1366726
1345542
1096599
974514
1508766
1541651
1181406
1384340
1381883
1436241
1452891
1352680
1209220
1286850
1256683
1210606
1310305
1434449
1413027
1187547
1271676
1272264
1409333
1393776
1456569
1206372
1351464
1296111
1297750
1384500
1248162
1426138
1436658
1295116
1447348
1319712
1285503
1364298
1498671
1216145
1295250
1226077
1183147
1223066
1308034
1467724
1206537
1238592
1178383
1316851
1490392
1115414
944878
1386746
1297940
1418781
1414152
1520858
1489781
420771
1216787
1056500
1032052
984671
919580
958646
886991
1236842
1086121
1017441
1077502
922462
1178912
1014816
1064247
1032784
1118311
1043016
1247043
979095
1149742
927315
952869
1087202
858971
1023931
1079360
1064836
1169942
1064344
1096886
981311
1030863
986661
1019242
943403
926870
1141569
958228
1034615
990177
1150279
1160182
1154024
1081797
894418
1022914
1001609
1105891
1030211
1168136
1043358
946858
1303198
1107030
1077896
1077371
1057619
1034629
1124910
1124444
1151763
1151595
1073989
1148371
1145758
1161234
1228699
1216873
1328209
994655
1040556
1058724
1052732
1319834
1262396
1075987
770025
1058227
1099532
1095294
1089896
1039185
1025519
1443627
1212040
1305006
1177213
1340089
1371366
1222439
1229681
1291023
1171209
1027665
1093051
1168354
791792
659341
1378125
1207130
806397
381976
868093
1425349
1300964
1450828
1351703
1395676
1470588
1437419
1434005
1610556
1372775
1108475
1233841
1233205
1259949
1647672
1454266
1475865
1369006
1382798
1349354
1510833
1181861
1331621
1243978
1160421
1193956
1290184
1252100
1350693
918553
881455
1245528
1222551
1082443
1524078
1526285
1410384
1503009
565108
823412
770582
854840
853366
813577
1081873
1526591
1303313
1221136
1514269
1308700
1379570
1456149
1173468
1524526
1350633
1327204
1052280
1424460
963693
1138881
1233572
1585567
1433269
1361663
1370242
1224882
1333314
1286610
1247987
1237701
309204
243880
379296
198434
278372
304940
418725
991840
1472157
1383387
1334403
1499107
1138088
1450765
1391954
1535572
1433194
1290673
1143657
1351153
1256882
1226824
1372302
238234
170488
495855
413633
561539
863781
791120
297085
412062
1274296
1302132
1443229
1272398
1408737
1258509
1430932
1310685
45964
46652
1370438
1357302
1438997
1229074
1356471
1294743
1264964
1240481
1157622
1241009
1269551
1514259
1389848
1244323
1293615
1397442
1315006
1420547
1393160
879844
425073
346265
153661
948824
1161369
1200324
1042601
1153465
1160477
1046824
1355626
1118730
1423882
1173737
1369318
1146430
1423996
1070924
1206806
1306901
1373913
1220661
1225797
1072794
1130537
1082098
181892
1434562
1357661
1446962
1551119
1415289
1321413
1447126
1431831
1296960
1305512
1503985
1498337
1326851
1534165
1552706
1409420
1359776
1448565
1574456
1465537
1502905
1321911
1454258
1518730
1414686
1539139
1499774
1486070
1440628
1573823
1095233
1248316
1348337
1247043
1192561
1445372
1447494
1423007
1496325
1387164
1484003
1586073
1481357
1463480
1437647
1527617
1327574
1249363
1488338
1582731
1291988
1222236
1182677
1509635
1526285
1175782
1205462
1100392
1327536
1497810
1448944
1500138
1457079
1601834
1437430
1555953
1264244
1409757
1409884
1285177
1590207
1362330
1284261
1537561
1345666
1351939
1465623
2270
1349054
1441865
1539925
1474569
1257422
1517483
1341424
1507335
1500161
1219366
1206241
1277179
1518959
1405160
1524862
1270904
1283317
1351597
1172270
1362732
1447704
1532234
1457538
1204298
1293443
1547245
1281372
1482331
1275592
1532264
1481184
1486888
1125437
1396254
1397853
1319050
1508628
1410122
1505002
1329989
1568802
1298564
1559442
1463328
1247858
1362047
1226182
1417473
1355306
1366920
1382562
1302460
1223543
1466811
1431943
1480699
1437660
1486380
1417946
1484333
1484038
1524978
1437206
1464305
1417667
1399350
1111217
1252377
1280338
1145277
1351717
1359143
1477938
1327261
1407123
1406485
1292764
1424996
1305633
1413695
1513821
1357546
1193636
1585290
1390806
1438747
1392073
1345754
1393620
1416914
1410631
1550152
1385781
1486057
1327764
1407656
1282860
1256393
1482580
1396157
1532062
1282650
1342913
1450468
1547499
1427292
1447697
1382182
1370755
1392346
1455631
1515976
1431504
1440556
1405769
1444108
1408758
1319615
1357860
1552731
1172942
1398827
1547103
1529753
1559380
1191614
1266662
1243274
1282763
1287784
1412572
1133572
1265874
1362320
1314181
1178648
1579731
1317817
1478883
1316433
1402834
1362776
1329345
1404414
1247378
1463465
1403579
1387337
1422043
1407069
1494844
1481331
1507851
1336557
1509712
1403408
1480878
1374348
1517839
1350712
1319407
1464968
1438237
1300073
1372457
1425519
1134928
1213830
1336464
1345348
1263716
1092098
517866
68878
839555
1131579
1403191
1282469
1578575
430621
1097851
1258253
1521813
1246961
1301091
1442605
1373039
1353807
1361267
1364531
1375615
1183674
1183140
1259630
1335170
1202792
1376855
1503613
1384065
1405455
1404908
1505939
1359070
1528021
1354502
1198145
1244334
1127390
1383208
1492373
1209503
1212801
1457162
974457
1304729
1208797
1159340
1210320
1207272
1524833
1273809
1232153
1464620
1283503
1321353
1502728
1290832
1173675
1315763
1220678
1252696
1305726
1349351
1374306
1472668
878047
1176219
1353857
1378199
1252466
1276978
1373526
1037309
2388
1429589
1426430
1401406
1258994
1300541
1427351
1417195
1442811
1434335
1322173
1516466
1349484
1337167
1447366
1444511
1435460
1495123
1377624
1420676
1403882
1457086
1507712
1529847
1375844
1360466
1331481
1209496
1196845
1319630
1443504
1519756
1412192
1351766
1317892
1418598
1450833
1397153
1346290
1345186
1376602
1471066
1321959
1402403
1368687
1457541
1367086
1411567
1509844
1378193
1526729
1377349
1508463
1284138
1368026
1464720
1435705
1480798
1491244
1350806
1321559
1437417
1335686
1316862
1415182
1369761
1513543
1529397
1431061
1323269
1363692
1455079
1351669
1477419
1433718
1092602
1477425
1465388
1444544
1530444
1338689
1461935
1351376
1550362
1410874
1393216
1434143
1464891
1398502
1556825
1436334
1507370
1435516
1388759
1308040
1282689
1232615
1340338
975005
1456645
1408087
1318158
1308096
1482211
1454371
1419784
1398952
1318117
1170942
1202113
1388563
1171087
1177739
1342547
1487981
1394329
1443538
1356840
1337430
1449787
1432000
1379996
1367582
1366181
1564485
1305340
1383518
1343248
1339148
1426680
1427733
1445739
1436594
1445991
1451481
1377406
1473952
1407634
1455435
1346395
1320826
1488724
1349877
1507627
1394180
1495524
1319902
1316819
1322399
1378736
1515534
1454607
1463647
1515388
1396645
1389999
1391021
1398913
1488535
1477011
1447355
1535878
1385645
1488056
1309150
1431042
1355469
1398529
1370941
1521229
1375779
1481194
1438912
1325779
992345
1346989
1251587
1463573
1388195
1437757
1416517
1404613
1410666
1397007
1397263
1433828
1402662
1538800
1347520
1375764
1339161
1496014
1445620
1291189
1387109
1487675
1416782
1542842
1465477
1254544
1343999
1412476
1268200
1217966
1132812
1176160
1177790
1238290
1398078
1220297
1350623
1486456
1389292
1497566
1404566
1475009
1426248
1369207
1433560
1414650
1302173
1457507
1413862
1273003
1474607
1296599
1485803
1213174
1112234
1307072
1462385
1006157
981670
916090
1325240
1377822
1608213
1423552
1432129
1201942
1561267
1468515
1459662
1320819
1409136
1400091
1622960
1516749
1286590
1376616
1450180
1541261
1471688
1334750
1488968
1375563
1359209
1621091
1136000
1474559
1416410
1463378
1419639
1480096
1406599
1389628
1265628
1514972
1426196
1403890
1330369
1323220
1489018
1340823
1465052
1453486
1278353
1209096
1296179
1372793
1400071
1529255
1235976
1378213
1331949
1470408
1518726
1437205
1479658
1350320
1580741
1387905
1325232
1469620
1353380
1353477
1490402
1558617
1427087
1523956
1367138
1560220
1289115
1204415
1214987
1418964
1248291
925552
73757
1155409
1172713
936590
283531
1365995
1589116
1457629
1419359
1491819
1481948
1241683
1549495
1341115
1337208
1510637
1160533
1492846
1438981
965831
1149971
1143148
1216846
1512164
1437625
1461498
1498450
1408529
1363071
1385017
1330871
1520926
1469177
1405815
1263213
1427743
1306785
1318477
1285980
1374379
1482282
1341519
1486818
1475329
1180259
1214908
1260697
1352436
1341340
1348416
1375588
1341437
1244125
1299211
1345319
1551197
1484427
1303736
1386044
1390626
1518617
1344778
1469930
1227914
1345023
1168510
1328025
1344027
1258898
1327570
1237375
1387750
1566563
1390255
1311605
1433984
1110047
1287422
1269633
1203071
1277883
1320230
1505144
1087251
1074780
1389150
1474273
1569110
1473271
1532557
1456043
1448053
1296366
1287255
1342914
1272732
1303299
1391376
1395645
1487955
1385531
1306627
1364339
1449233
1363293
1531424
1364052
1405621
1395957
1395419
1078080
967673
156136
1339346
1407789
1386443
1579610
1259662
1376703
1306746
1510685
1436724
1362241
1301903
1427664
1430877
1454807
1345973
1389547
1503288
1371757
1446497
1146841
1378312
1520847
1449584
1249164
1428816
1442652
1222557
1566010
1472476
1428390
1355010
1460595
1388606
1354869
1221691
1376778
1252747
1355270
1500871
1491278
1411412
1448982
1526800
1457741
1430811
1219874
1437823
1415
878475
1086745
1118162
1172257
1169389
1151424
1195560
1200928
1295119
1423549
1497400
1473233
1491801
1451324
1379993
1444655
1486209
1572334
1469776
1076967
1028748
1178884
1213911
1419959
1517950
1498581
1499425
1175173
1133345
1221750
1349654
1299485
1298598
1330236
1393070
1396264
1430739
1339106
1415229
1528167
1069538
1141382
1156859
1207433
1180804
1168032
1191769
1210422
1209920
1440010
1424814
1420021
1251015
1181406
1181323
1237123
1252701
1406645
664162
1323366
1529467
1307854
1326913
1469948
1516713
1422225
1226794
1455638
1373658
1431866
1446909
1433156
1262513
1400311
1398751
1475092
1486275
1400878
1568834
1515927
1477732
1500039
1501589
1383018
1554908
1414381
1225323
1511705
1576084
1368665
1456387
1389398
1510120
1441438
1524386
1532420
1454409
1427114
1502813
1519988
1473559
1545283
1372736
1537013
1483279
1476049
1369617
1427582
1575715
1374479
1399444
1529047
1531478
1358768
1568104
1517370
1506227
1387775
1465545
1560230
1305267
1528188
1498005
1519146
1358678
1510700
1575675
1390665
1511232
1541540
1431374
1272808
1187056
1472256
1354281
1276851
1261769
1395737
1358199
1321375
1295527
1467312
1539969
1276566
1463615
1415249
1412914
1379001
1400929
1434192
1387884
1347230
1280736
1162339
1292440
1470986
1314236
1214180
1420229
1194610
1156884
1393971
1508295
1369974
1251925
1468288
1517148
1380970
1400214
1459103
1310878
1311823
1241206
1424923
1274445
1233577
957310
55964
23481
1061400
1320970
1550715
1256660
1276288
1376631
1479531
1306882
1236926
1222043
1243253
1297765
1239547
1290110
1252236
1126356
1280610
1274170
1402707
1245912
1363164
1240888
1262586
1332099
1361335
1357235
1323743
1328404
1366712
1244374
1387854
1271180
1221866
1359422
1280603
1266579
1278618
1331232
1357918
1397873
1391513
1243275
1265542
1270258
1457133
1341489
1340778
1194277
1281937
1283927
1328751
1003439
16948
26683
1351278
1410841
1507023
1435808
1373497
1522428
1460273
1335906
1428477
1484789
1461445
1495012
1593338
1182989
1577620
1396351
1303070
1368518
1512282
1338571
1562947
1356414
1329823
1380544
1349904
1378668
1372218
1580351
1363960
1472608
1517753
1261708
1546510
1339406
1503016
1478926
1399909
1497722
1444884
1374787
1263285
1302784
1398845
1559800
1209528
1512513
1508097
1513417
1438978
1376564
1502867
1407239
1369047
1409491
1448800
1069207
2975
1107359
1329438
1325470
1405755
1010308
1073815
1091188
1177764
1150199
1222027
1156436
1307127
1241062
1386541
1178520
1199245
1321558
1287126
1388909
1253604
1393575
1257592
1333808
1188684
1217255
1250660
1281561
1372113
1211142
1301053
1383424
1257839
1370225
1157574
1401286
1330076
1294520
1346722
1082528
1074202
1231211
1275969
1363849
1457788
1231201
1391795
1457734
1037952
696897
59843
1315225
1299795
1468583
1220949
1443582
1488946
1513414
1448166
1362544
1455829
1243905
1549883
1387331
1503048
1453874
1442882
1383149
1329938
1392961
1489928
1453697
1465785
1411573
1590636
1420366
1412758
1351233
1315883
1474700
1427591
1328841
1397178
1523202
1399242
332028
37042
31795
1311631
1254926
1348107
1187018
1484054
1241866
1494750
1267405
1413151
1522514
1542906
1263413
1278389
1254571
1403333
1405106
1486099
1252704
1447344
1400674
1467704
1355749
1319695
1363853
1469112
1322119
1249249
1465768
1479121
1295552
1353964
1375488
1421141
1423565
1383487
1353467
1387064
1378618
1489299
1282930
1266325
1333002
1384488
1480122
1381748
1396032
1243677
1388522
1166784
1086980
710659
1099282
1405219
1345067
1333550
1151617
1269397
1243085
1260799
1353568
1309741
1449999
1385646
1345195
1177784
1231609
1397468
1345299
1261795
1307597
1348452
1247208
1197912
1382814
1263885
1454302
1434598
1375946
1426352
1364718
1271566
1374298
1331394
1400881
1238952
1351458
1300899
1201946
1400068
1410991
1242068
1312006
1420391
1410316
1316042
1185142
1384520
1441114
1542684
1227483
1086372
28778
964
1332305
1504441
1339990
1494507
1189972
1547051
1319565
1115894
1282263
1338428
1350800
1498589
1406491
1478888
1413020
1348808
1240437
1462567
1233337
1354933
1331317
1215077
1216914
1364708
1370052
1252469
1547756
1316133
1638602
1311012
1451468
1333626
1559062
1370304
1370500
1537265
1419782
1501927
1432202
1345301
1570021
1356636
1321735
1524524
1423419
1489168
1256034
1491149
144718
1262112
1511546
1507057
1443449
1484007
1459454
1472731
1447193
1500239
1235216
1316402
1387151
1409172
1502806
1366727
1403967
1266109
1322827
1499978
1294340
1468354
1480255
1293818
1286277
1402701
1396185
1353421
1331118
1332513
1473062
1374101
1450921
1153051
1458528
1306599
1448649
1194648
1395152
1322993
1552468
1383853
1487221
1218146
1521788
1444365
1544983
1406395
1397557
1437109
1390769
1490230
1329345
1360300
1498950
1552789
1309456
1262921
1430406
1387245
1314849
1251974
1411670
1464467
1380553
1475606
1253541
1224696
1516692
1391394
1261099
1587412
1221138
1376111
1373564
1261123
1512860
1451219
1261504
1440661
1400192
1369134
1572004
1149698
1288859
1316546
873331
1150346
1447025
1450580
1490859
1377835
1472879
1449237
1380181
1325741
1269267
1504577
1348659
1432146
1502350
1452354
1388041
1414947
1297227
1420792
1428004
1259947
1327343
1547608
1435422
1232228
1444032
1450431
1490190
1421820
1490073
1505164
1401740
1475732
1362725
1457689
1485978
1422995
1485792
1435551
1245884
1439834
1426822
1351149
1394201
1527752
1400040
1497660
1420158
1221958
1489890
1459704
1494449
1306266
928347
1036693
1381263
1329302
1238988
1419608
1304821
1188197
1424536
1330942
1437299
1363779
1542944
1253755
1353764
1390326
1454115
1432571
1306207
1168883
1422799
1114128
1215759
1456802
1379670
1340139
1375260
1422736
1453264
1252418
1244174
1282978
1554060
1190110
1335889
1481525
1300951
1278049
1427218
1262104
1277523
1338326
1422235
1233190
1398018
1457166
1376953
1372300
1296324
1419546
1529754
1369966
1366795
1453712
1320472
1406558
1079638
1299610
1185812
1406124
1463320
1227293
1443106
1334913
1248895
966168
70235
1437749
1392673
1111748
1534334
1496980
1401979
1388520
1513963
1477845
1328134
1593753
1397104
1492255
1362882
1437468
1356683
1408394
1533895
1452445
1469154
1368952
1470893
1344692
1596414
1378073
1466796
1575027
1467057
1482715
1430761
1504905
1310507
1455491
1379845
1438520
1451239
1351907
1570879
1490133
1398776
1426480
1427509
1353208
1490457
1360424
1525324
1388236
1512259
1319951
1452919
1524766
1459502
1483107
1391180
1482271
1425555
1467828
1443231
1489161
1476040
1223126
614720
682844
568018
560740
563391
667360
749783
565133
747123
667310
755512
565688
749922
664174
760133
567156
750996
564147
761501
566764
747656
563728
756371
563796
748132
662120
755461
564801
746929
665315
755871
563749
745345
667728
762466
218339
1023669
1500413
1581091
1438908
1252992
1442633
1349168
1574781
1268917
1460531
1366283
1308587
1475508
1371255
1501396
1351370
1484124
1455728
1357985
1331949
1492368
1418210
1402445
1539646
1398526
1408915
1304202
1268303
1216600
1321983
1282016
1500223
1318189
1360964
1272911
1338564
1465730
1413592
1343456
1392168
1203979
1317375
1291223
1497818
1520151
1468859
1458963
1500297
1446559
1367263
1478345
1427423
1393761
480523
1766
952964
1332011
1355442
1279348
1279972
1098259
1466624
1473318
1149134
1204364
1392799
1314347
1400313
1341770
1358839
1378722
1233234
1374813
1383962
1358181
1232774
1366319
1364608
1245427
1401628
1418179
1347676
1526340
1409935
1219585
1391669
1349559
1322127
1393628
1379251
1408973
1458173
1312557
1357544
1351657
1219464
1219203
1281580
958096
1135777
1264823
1175671
1273310
1142845
1258838
1236186
1184023
1227783
1419917
1331248
1432003
1282490
1437478
1031340
1324220
1369930
1267969
1207186
1229969
1179893
1445345
1404803
1156662
1291838
1446219
1399194
1282634
1313088
1234058
1337491
1365579
1290467
1302432
1273026
1301128
1517805
1403990
1387503
1449348
1472728
1137884
1388704
1301613
1159983
1101520
1180171
1419111
1183726
1243951
1079697
1169916
1377285
1272865
1237405
1198552
1087598
1298674
1496511
1178348
1213571
1347010
1429001
1132918
1274210
1162812
1261237
1355739
1392760
1175493
1362467
920440
1241351
1542348
1375250
1338900
1430908
1505706
1553151
1439928
1362062
1419208
1556790
1318653
1321163
1366521
1383295
1492835
1517357
1381855
1402447
1209506
1215064
1409197
1394392
1502107
1455341
1361641
1234085
1395176
1264064
1354386
1406336
1434366
1354395
1507509
1388003
1472203
1276786
1372783
1329389
1252255
1084962
1058445
1528063
1332399
1543999
1423492
1315398
1327032
1439074
1341944
1392597
1431060
1308766
1202514
1321950
1395531
1265383
1402115
1245453
1310143
1359098
1581109
1428887
1375467
1332737
1402335
1410063
1339825
1246594
1392241
1309643
1461569
1399754
1516803
1406972
1422936
1534937
1490523
1411257
1366026
1355884
1425790
1391373
1361152
1483574
1429655
1453809
1562442
1304893
1452212
1338497
1469831
1344050
1267020
465366
1122805
1437600
1487592
1524373
1458884
1435301
1250061
1492432
1307294
1338484
1362246
1307421
1312905
1337936
1435570
1344063
1425071
1356107
1297838
1338546
1249288
1523658
1361826
1397632
1400340
1232353
1303052
1489569
1517191
1343836
1547955
1405738
1349751
1279750
1398651
1479547
1308741
1484544
1188136
1501381
1446091
1502908
1397945
1512752
1225806
1393848
1211601
1377937
1522058
1173762
1555563
1416949
382512
6261
