310138
340860
339682
324115
349675
358013
347560
343823
357514
364497
352762
296901
336274
375581
297908
364577
369812
357011
370139
377314
318357
356677
352215
321678
400734
325318
404229
311616
305358
355472
330114
336772
351544
379796
329358
381773
319427
340429
317992
297606
338013
371515
334425
336566
351945
296437
355845
324500
342276
377565
273909
325232
301868
334893
340549
352136
400880
346348
331611
326222
352276
316774
331824
376715
315460
372261
376130
341971
369322
317813
350232
304379
416102
326088
362037
323696
357138
346150
359564
353189
323393
355175
396363
349328
330878
387016
384365
363248
359830
333538
352774
355851
348486
340501
337726
338484
333358
349818
364602
340560
326019
322834
347271
339925
327593
351534
362594
341237
331139
343604
326162
343932
333754
333432
350922
337335
322256
354141
357323
322413
345485
371481
395581
362987
348046
353789
378641
363752
365602
389245
377493
361201
386365
301117
345672
349690
340461
367068
384603
352412
408726
371518
357632
334078
344390
392879
378436
341765
386668
353163
379996
357655
360777
357037
391496
334492
389131
345456
350007
394391
356793
398018
335745
364966
353131
384158
369457
360746
345128
354330
378392
355889
255089
385092
333449
374286
316203
357012
336101
313611
304288
358767
395224
369109
338425
340452
380427
315924
379091
375520
347359
326380
354366
336764
331230
342807
386355
378250
343052
380817
368098
365289
368030
325674
329837
330134
384620
357915
384047
326055
330293
292228
308573
321417
377268
382691
342628
315865
320138
279321
389445
362648
299014
313364
332902
353862
367933
360654
386049
373468
334470
327979
137752
43477
51190
49103
34800
329603
341739
352604
347528
335246
344306
379857
377839
375739
331229
356198
322110
380646
379966
312699
345853
334834
321762
391420
338804
358319
332888
315274
325929
388763
385094
329654
354507
373982
388193
343226
325857
331429
342809
376213
386565
363456
360822
331805
332115
349102
359874
350557
342880
357579
359155
332446
355672
357411
351255
345013
327746
336622
375327
344603
335973
369442
324836
326912
362043
308296
338042
352610
343181
350622
340520
371604
392255
327799
349751
348002
348583
319736
314737
379060
364424
356973
352455
346553
332604
378965
346953
66838
314502
386556
349728
387182
383283
339919
316498
366938
381606
334780
376225
355892
365110
314507
362657
391545
382802
318911
348214
347331
332334
339532
371575
383640
373769
391832
345235
387170
391090
279224
368218
356531
401529
334023
347268
389094
311759
379192
375279
328716
353855
342531
320669
372000
394851
343895
390392
356254
223493
334964
337776
395140
344240
383706
309107
326645
337126
89639
356638
386936
349329
389025
323743
373758
346325
388354
366319
342174
345594
369983
376234
358198
368406
357988
383824
367749
365627
343439
363612
387353
104920
359365
335625
335107
365621
331079
327849
344505
334339
342029
339490
336021
334909
338025
340690
340666
331303
343726
323697
332776
354314
336482
329581
336479
379460
333091
341608
320904
340111
324837
326321
352942
363692
341389
329601
332416
332325
358706
324504
344507
342577
353311
361345
361306
339584
328025
346298
341792
329938
341761
347692
348188
347186
340862
348561
341550
347532
325636
328583
354525
325547
341809
334828
346664
327175
345786
335941
333408
332454
338010
317905
374127
334724
228694
310825
351720
357914
327077
343887
354900
349896
340927
355052
350066
340206
348802
359162
344509
374966
345697
354856
383484
343845
358408
348921
376327
336176
358658
366120
343713
361736
363881
358251
340334
357212
354449
340256
370675
353304
373066
358874
379084
356121
340014
368981
356569
348080
353464
356723
362111
347047
368041
354495
376186
364897
373717
359801
356514
349184
363551
356473
369445
357074
351956
349928
379362
353997
334842
344801
351928
336097
347124
361509
359068
348087
366035
357252
355984
307737
290553
210316
242504
198515
279579
330938
307214
310843
328570
361821
339004
341408
332811
335373
331663
324101
329900
340795
326365
326528
354244
334761
339136
318004
303246
324399
333600
341597
346544
344985
353293
333596
336131
272781
274910
229409
241450
243581
479
374480
386350
331596
372669
360798
385139
302951
389606
385576
361211
362777
353747
396071
372048
377890
384087
332353
385138
332176
386683
338403
383764
378786
382294
321652
388264
345992
383983
354823
350905
387714
316995
335923
401459
355156
373855
331245
382819
379292
371818
345970
364840
365621
298191
355985
361168
373684
343326
360785
361674
345123
364685
344595
336332
316737
347127
382544
347201
327166
373294
364651
329643
381860
381320
312796
318474
377109
339885
359115
380239
338510
367130
334156
315352
366349
383162
342751
319396
344634
341319
364229
347646
353321
358828
294865
352646
350423
337232
355834
364271
347244
366683
368094
371087
361138
367033
348120
394271
376021
343500
371005
395220
363497
375258
366934
362910
359594
367420
331587
392815
371105
351361
349302
357298
298511
351316
365572
376749
375413
333012
366834
366251
355456
309907
355911
392326
315611
347505
362413
348809
351661
367829
332626
310833
375012
345418
356246
338726
371268
323818
331152
350431
372450
357431
328094
329486
366396
347722
333422
353636
347621
364568
384833
361912
381583
328613
363538
372029
339975
364561
366587
373182
378618
348355
377722
329338
375675
344415
396048
334883
369590
359572
370695
343127
353599
399965
320877
391901
329772
380088
372462
374106
346494
324094
409464
330809
363368
357617
344424
323887
358461
368209
325155
338185
363333
358219
345672
337295
358358
360469
363011
375943
368480
368856
366644
334217
347207
345153
375635
385117
92445
337885
384455
354569
384546
367620
379869
397779
330063
388344
385474
380313
343526
368628
344405
334690
380397
366733
383235
354437
393494
380307
368875
352873
372585
393028
379017
377769
353924
371584
367333
383155
356654
369807
375435
322067
185290
329265
353116
356204
402130
302711
396153
327021
369326
390235
310750
404738
320220
385761
396317
336105
356140
388945
365297
392979
302353
400238
320263
373871
376823
317892
402823
378761
332978
23467
331693
362049
370482
350660
386198
376718
338836
373989
335815
321963
370558
361377
364288
321301
370152
322872
395058
343750
357397
365855
357413
308944
363807
390530
338505
323812
380223
376398
318710
379903
343518
374737
374634
352454
379579
326732
407952
303306
337705
390529
369831
330567
390090
376863
362176
350331
363863
345629
324798
282535
317564
328399
378566
341887
367286
338108
343531
360086
372095
363850
329667
380425
328046
320867
342685
376318
338035
298842
362571
315099
330284
376644
378905
342563
344224
348515
334892
377303
378102
346127
365287
388142
335191
322894
343808
363327
337474
359239
324285
361862
356671
378800
354420
347819
310147
336854
330702
390442
142543
331045
385853
339810
333130
323563
377511
301297
331768
388262
328793
351671
390185
375684
367598
359411
347995
318124
395233
368081
338476
388013
341820
324152
299117
377846
356877
348258
350876
385938
353077
394893
347309
398426
308635
373212
362701
329520
362428
363813
386146
344665
369038
371368
351747
361911
355266
345497
379787
347147
350032
387279
347883
321050
382483
336967
385842
363862
371948
376860
331201
338675
377071
342098
339178
323004
374617
368280
371135
351895
370199
352101
296138
357801
399277
350786
398942
305505
381811
322923
394619
331680
322134
405435
317308
361879
368069
342147
376819
358131
390778
342364
359636
365441
382004
375556
352098
374550
335147
379073
378293
318930
377939
371397
361593
360294
377030
361009
350251
387209
368350
354210
364393
344257
352112
352720
347873
386445
353384
352098
336134
405517
332312
354944
391418
349465
339535
360600
359506
371909
328609
367846
339815
357433
379437
344654
386003
346843
361615
334468
382410
322273
336288
374551
368496
343712
376786
96870
343462
322302
378878
366556
347270
383692
348331
330985
356160
360672
369289
360196
348619
353228
368975
344245
361654
341564
332807
350718
375861
338936
334303
368304
367120
350604
365659
354774
350513
333838
366244
349596
331320
352120
348447
350065
338398
358806
359332
361780
373760
357285
380336
338235
375768
359468
353065
355168
373349
295588
220394
315940
351224
365862
347183
361877
327870
392965
347846
367695
369468
360932
362962
365018
386681
319652
367195
356168
391805
353148
380951
358096
348043
393809
367418
376249
337243
391372
316801
345415
386546
376404
347427
372008
362936
369564
381303
370655
350589
333347
388213
361361
378238
344376
372479
360709
348525
383219
348672
382958
351127
375769
385933
334993
364486
351605
336959
398638
350961
377400
354725
372195
308981
316823
378594
380778
360654
335277
354549
340995
385120
370891
353775
380128
381407
368010
320701
363736
328039
395126
361776
380657
365508
349066
360392
346224
356107
346966
391712
361869
135627
361232
370697
392864
337912
364759
377447
371289
357318
349695
387671
354141
383136
330129
399460
369600
341090
344652
347043
371566
175886
318696
376989
349068
337471
320378
331858
371371
319679
330802
332113
341741
362844
372155
345162
330026
352498
340289
289465
374634
302551
359937
362013
378194
285815
302125
331448
318817
313903
324403
341950
392039
341188
320117
286888
299439
316780
383406
287446
280965
37265
323492
340890
333919
341958
329042
356944
372148
359059
353506
352800
375345
354402
350882
382086
337275
339772
362166
343109
364973
330151
347097
374938
359556
343156
349866
263441
364224
334789
210822
347417
383119
390184
336070
299706
334104
400759
353609
375655
330504
317144
376367
190868
326630
278602
348457
307475
325298
309473
320966
302485
317004
355851
357748
321119
328791
355817
337823
329342
332663
370575
315412
299472
336125
312267
309842
309095
339208
309528
347063
332883
311675
360353
320215
335375
340899
327214
313760
329567
316565
309798
275450
285825
240093
274703
278419
354162
332458
324808
321290
349053
377564
356330
338959
302802
334663
289046
250762
272634
326315
350918
346186
308617
348607
317802
324748
320279
309253
316471
292271
337799
335236
352186
337783
333296
368157
328488
357407
354567
350752
363044
359647
337747
371820
361399
362854
328316
344794
302064
317153
346194
328956
361520
336006
375622
376613
340693
333013
351748
331388
305594
318283
351761
364444
361482
286164
314143
307920
342349
327132
328690
332493
365500
347315
342100
308470
323916
335292
330020
340871
340669
102775
330394
378205
323142
369997
361908
290765
310492
348670
343876
353742
283397
348300
332688
293665
375512
297157
336161
305908
362059
361178
363922
342677
333866
312061
387953
364265
395336
340963
298621
283623
323089
334125
329782
340383
329405
339176
337807
329972
313418
336190
322893
334937
328409
337127
368054
382530
388770
353647
339345
283827
330687
343987
330080
313656
354197
330449
344052
342193
330732
331666
327267
333357
341469
353744
384775
387005
333454
347710
372203
386016
324080
342257
361492
361826
322390
385644
350659
320076
304792
330894
329567
386216
336343
362894
335742
320584
350290
362885
372447
370394
311059
327111
215263
351272
343545
345515
345789
335690
341190
327495
362538
332595
328804
357483
365105
353995
369863
347908
362107
335152
380621
388797
338059
369054
354885
366756
359864
367853
354040
343002
351360
350206
366553
353702
359091
385660
357537
360764
340068
367346
353277
380403
344043
379944
347337
384194
346670
366336
368702
355970
338856
348132
375332
361255
349516
365568
388668
386043
352850
355212
341390
362168
332336
353200
357794
359555
348566
343511
368402
385864
340950
354898
379483
341019
373356
360589
348782
326354
371704
356946
330538
346056
356669
366317
346934
354240
388699
373310
333525
332303
379553
373512
356729
361908
356787
340727
364891
360601
355998
366541
361010
335120
350704
370468
357667
374783
357184
349196
358325
320144
380408
334123
327450
369849
346984
362188
361740
360996
373615
365138
356780
365706
347271
351357
388756
359676
376459
354829
365495
340379
380323
338218
353233
357391
371445
368071
341626
404328
344940
325768
392757
355234
350116
365826
393930
334049
345619
370283
370304
378425
340395
341367
363943
354729
322309
376155
316550
38312
11019
322621
352582
368044
310667
272132
339210
311159
373467
304396
369341
386254
278941
405148
334380
378764
378034
364335
292767
323831
340684
62753
346574
300125
318960
308161
343828
301165
351608
363401
317350
379985
376639
330025
316379
400974
322432
295406
329875
337164
369415
354818
352309
376334
316606
313917
313650
327192
344236
336761
343388
352541
335709
334158
335901
291695
321208
314355
331602
309688
312940
304652
307631
320528
321267
328400
333130
331747
340565
331357
332726
272690
232854
236541
317944
336474
345381
344653
336237
334740
335381
335830
356219
335318
353181
386631
371891
371236
322267
77299
312602
352069
359108
362084
375164
324777
398431
342112
329051
350460
307364
304649
324883
368090
373473
325520
343293
400038
293644
368030
323977
329942
283742
347232
340794
349056
267656
248665
370102
348812
388282
385230
314687
322235
354553
368610
381726
311548
317076
351414
302040
326176
380815
321703
356676
312555
378793
350087
347004
348351
350637
270612
369201
336389
354418
302165
377154
353100
327360
324080
332045
360776
333110
317487
371269
364473
359945
322656
388510
306925
363079
326344
316288
343999
325656
355974
358604
321930
330409
317337
341674
340445
302149
320543
402582
341513
345543
286733
330517
331448
332812
343510
332309
371556
394462
289621
361792
307950
313400
349538
373765
334177
356899
321189
344108
358033
344547
354032
347123
315726
373663
339168
305746
382260
326408
353359
325422
341132
313346
368509
324211
273548
101806
299915
384351
368185
213597
316891
368718
323962
265573
268307
277937
219559
174978
260699
363968
335246
356306
340048
332602
344740
383535
334957
361920
349870
339780
353391
335514
339915
353649
351180
368618
354415
357599
350079
309515
375729
316811
346434
356698
331301
339723
332621
353031
316823
352521
336987
333965
331195
339143
336421
372811
320579
326578
327281
371579
348234
114211
315563
332241
344267
346501
339509
297955
338771
355872
395059
291268
322292
320506
311012
353145
320340
365475
319649
332848
293608
313121
341838
342512
334651
48237
313004
185112
209785
380023
379891
342376
363734
323651
330734
343466
322173
334850
383107
362971
357177
351103
370845
402363
335109
378790
313277
304914
363434
352441
304230
388951
328003
392491
354306
337662
338185
380093
369709
365333
377795
331116
309350
302453
348697
367063
387955
368782
371410
316204
322802
404488
359571
313713
321284
331616
300477
358139
367699
308198
308598
312942
623
332911
340801
373174
386052
374906
390209
355709
382028
308460
42234
349109
390547
392770
363570
344955
373133
354451
388921
356244
340376
308020
349126
398347
367869
381676
380411
338320
371074
332205
395718
385110
342090
369220
333960
374818
335966
382249
375870
370792
377363
306096
340989
343971
380602
388115
367159
328779
305725
315402
335051
354752
351506
350023
363938
336811
347164
319332
384051
281935
320480
375360
381186
330847
320229
352975
347721
358469
384109
347896
308850
336622
364075
371563
366612
346954
345867
387878
352495
310439
321645
334976
342710
371973
354050
396101
284731
371608
373625
288379
340386
368231
370815
366499
385693
379078
333681
366874
334524
349734
366084
323714
329679
338057
303116
366170
351292
370718
302863
376604
381462
357701
327066
364614
368521
282307
332160
357750
370504
329241
333940
354674
338769
337920
324585
332440
366967
377445
343404
348378
342957
370548
357116
311249
327043
324015
379837
372422
320629
332465
354598
394510
348958
355745
352527
363614
340511
337852
292122
144800
30240
369313
392276
333123
377303
330364
334320
356493
379717
313916
380768
376151
354077
318746
292630
374684
377191
375391
333924
282826
336089
347059
335997
359491
388154
342093
304777
323080
330494
334819
360022
318303
365938
360965
340918
366744
370265
368080
367804
369142
351241
355468
363201
348333
347834
368901
361202
335713
338056
336097
349736
358577
354083
341568
369013
349690
337712
374521
349491
329820
332410
372853
340308
379918
356504
351654
354226
358371
357144
361181
367258
367461
342034
377216
341920
347445
352282
348771
350968
341080
358521
335957
349979
342995
348003
320678
356509
384872
336942
344663
347314
368237
355599
355443
351722
361340
377385
385865
352109
355411
360562
360044
377769
358692
336434
360766
349389
352013
357129
350771
371680
360860
353158
336181
372317
335063
382987
365881
346226
358369
365073
335172
393405
348845
334456
357263
354122
337804
362111
356436
344308
367598
331092
380657
378367
345185
357827
345389
361557
346920
364504
350659
372275
378825
363132
356073
344575
332071
354329
321569
347280
368922
336061
354035
380629
343286
348840
385739
353676
375932
378414
327720
317537
367219
344253
348236
384828
348342
381102
325671
341535
339734
328418
325838
348999
361876
368457
372949
339892
384104
364137
372448
354604
343771
331302
315982
328904
308166
333621
324597
340088
345927
305864
306497
312719
331560
340109
337880
331145
352258
356480
338985
341642
327024
356786
159125
313452
369966
345461
356749
364755
348609
290396
341844
357274
345941
394413
332386
313000
371185
372630
387491
333040
351180
364490
306083
369725
351637
322951
357472
364690
328533
370243
379984
391023
346678
329264
286402
369110
351611
345271
353682
370488
348347
394650
364097
354096
402091
332402
345502
372980
336316
384365
361990
321832
328558
37103
1136
339982
284078
313268
341954
342409
351144
376614
339499
385386
334805
356859
375384
368349
367017
311257
343798
325189
386929
376329
364373
377999
360473
371124
347685
380289
350539
305189
347422
372725
349319
328269
316473
271522
241653
263131
381392
353258
336762
355164
314735
353633
379088
381729
340556
364301
264034
337534
400649
280211
291480
323205
371350
350490
359632
397061
371128
369323
333818
321384
343786
315419
347829
383247
352321
396455
319180
380174
372460
330180
391305
362488
368437
376208
372236
349274
336392
340245
302879
334446
301226
369212
362119
399988
317688
393268
381913
376432
329235
362722
310594
337787
396587
369882
371806
391210
311630
307295
78818
64398
31262
289072
335387
242008
353530
365556
337309
384918
334054
330986
348568
356217
375672
409890
40982
395320
402606
291730
338664
370769
275562
339797
342977
230651
90029
253698
215547
48199
286438
306893
351751
349719
289889
266558
353921
384879
296055
363230
343488
348156
333316
338181
304045
352927
341127
335596
343924
358883
357456
294391
316979
332055
340184
349112
346590
315444
354287
310120
318624
337625
319323
351803
345236
325756
351223
344843
335466
340052
395291
312396
322542
304559
310498
309218
339516
366960
300716
308382
302673
362302
383977
291803
259108
356031
309403
339795
353176
358715
384547
117030
324113
293536
284384
294977
271967
275186
265715
359943
323528
258813
304538
298535
340836
302124
305105
302798
354087
310337
353173
250599
323716
285002
274446
324388
267928
312245
303269
323317
326415
324656
311693
305601
318508
284702
286514
281353
281555
342268
295519
320139
302641
327030
320825
316283
325103
302339
313844
260309
315923
290171
341976
317846
294728
363701
296673
320673
292739
299014
307060
341224
319656
316124
335138
312639
316588
340062
339241
312717
319385
346651
296605
309426
317517
312139
350380
328697
306466
241510
313386
319350
306422
317424
298196
321716
372948
322668
342778
334667
322774
360344
332107
325031
372684
290401
311220
312643
301963
273560
212208
335711
330971
246819
137654
258105
372425
362720
360803
345807
361747
385202
374491
384162
391179
335560
284352
327230
341069
328926
378217
379324
373374
344617
357096
346570
385589
317210
344794
340620
316473
337179
333902
320049
346071
263918
257831
317640
328762
302851
378357
389936
351819
378314
183768
256109
230731
267411
255069
260922
324402
373888
344815
317528
379019
323582
358996
381404
302473
394106
362775
344050
275459
385120
292171
314490
329801
398767
371804
340924
358154
320216
354689
333203
329377
320125
85709
82918
119360
60374
82087
102347
123144
275726
372402
361267
344708
386996
322572
385309
353193
399061
367919
309819
343068
381288
324913
333002
379058
81160
71117
163864
131082
170789
247352
229809
102476
134095
361258
366003
390220
307528
379871
327697
375188
334249
21822
25228
334182
334481
365398
306136
332909
304443
320294
318715
302709
339775
333505
384719
375705
330209
333695
363876
350755
384807
331607
241239
128736
113890
52284
305725
344544
349705
328129
340274
342502
324998
362852
332679
378469
316597
389477
298485
355910
314704
335637
353361
343977
328891
324427
311813
328426
325686
54165
360599
324486
368978
385492
351376
329106
380319
360885
323579
317225
369738
382554
338871
380482
380043
337506
341252
366042
404586
366985
369574
330633
375729
381066
364568
388910
373426
373191
357957
402607
310705
338557
357987
359264
327245
381742
369005
374215
378612
340939
366475
388144
370584
372165
368583
374996
349191
320178
372669
400094
321178
330223
326440
400590
375574
321080
336606
357783
423391
330783
374279
376890
362189
402960
363440
391163
314661
362707
356305
316788
386926
345439
326823
376087
343480
335996
358995
1641
346370
357121
391313
376278
335732
389752
331371
380024
390968
302135
301520
320389
377830
362521
378541
320936
336192
347204
322709
366173
368342
392478
355841
311458
338608
386708
308042
369597
362243
362378
369138
381658
301484
365871
357727
340442
375225
371715
375707
335654
398686
334208
401129
359605
303607
347392
315715
363210
344634
355710
360710
321543
336722
381919
355565
374302
379897
389079
366591
371149
363159
395898
351423
385298
345394
368688
301800
313956
332994
314785
344663
368654
376219
327545
352656
360219
333949
370384
331183
365413
378218
345990
300376
390730
352348
357823
346542
329588
363386
353410
353279
391469
359260
361655
342298
372053
322406
322361
356469
373867
387973
331406
337327
362780
395717
358669
381950
343148
352043
344208
376932
390359
361329
363909
358073
355955
364283
351884
347499
390654
301785
353235
385948
392450
380475
314752
322536
300621
329630
310748
343668
284416
332160
327596
339476
298834
391007
342230
371902
336401
365223
329219
348224
350300
316953
378467
360938
343039
358767
361071
376319
365471
368576
348797
377724
356942
380388
345416
374484
339397
351759
357439
365347
336704
356173
360060
281102
304397
351948
298630
309197
284122
146110
23857
293571
327923
342765
331508
394744
153755
321675
322451
384933
324058
317397
351502
349541
333762
359049
330577
336060
313130
310027
315286
330193
329140
342311
377589
365294
349410
364654
381496
355300
390296
342825
309477
304097
302343
356005
376726
302506
298793
374199
275589
340881
309145
304718
317476
325984
395990
317557
320719
373635
323139
334804
361123
331559
308657
346495
325927
333884
328342
331795
342251
369868
278725
351186
334616
324240
316199
321194
334021
276986
1712
344457
337499
348391
323165
320776
337860
361028
370124
358662
347652
372050
363223
346543
355525
365099
357587
371144
349148
362877
350103
376367
371470
391842
324377
346226
349570
327859
321745
371757
362883
375629
351271
335547
345271
348723
375527
339281
346090
336287
346150
352979
349598
350138
361268
353362
353393
362004
371624
355887
370533
356835
363831
323314
371147
356185
358923
363022
366432
351303
334350
370222
348842
343382
335007
345092
375196
370642
373698
330962
346875
341477
338412
373895
358218
310745
378736
349242
361752
380021
320390
362350
350715
394273
341873
343078
356376
352138
341838
380912
377047
356583
369756
337236
336894
334925
321002
349807
274709
366633
347268
349858
330091
374556
357472
355752
341195
332238
314368
319060
361649
310431
321450
359131
379158
341478
354698
340842
333956
383664
361069
351460
334244
341166
375686
348627
339163
333274
343972
354588
369385
360569
374997
357503
354205
354104
358359
366575
366081
338122
344602
359622
344653
371618
346472
391468
328507
341427
334780
343938
380813
348098
373609
374417
346924
348229
339635
338196
359220
362820
366702
382534
350348
375111
333937
363333
335667
349303
357692
385828
349188
377446
367382
316851
286121
358900
333939
364238
342401
364789
361009
334497
365076
351680
351368
353816
377739
372794
341667
348748
331430
368575
345080
319554
343324
367511
345310
382972
371689
330192
343885
357658
330077
316524
292163
317649
321583
307560
369848
317620
356814
385513
349935
372019
347264
363373
364914
329409
357272
346291
337163
346732
358672
332915
366211
324907
383782
310113
303343
340670
368542
272495
275445
269091
332584
331617
398641
355338
346011
301440
393826
355496
382643
340777
351446
357763
393838
378109
342051
334319
360798
382935
374048
342929
373582
328057
339434
406855
293179
360225
363366
363317
344131
372389
340935
341347
336152
385129
351674
390352
331868
327595
392480
333629
380942
368413
312064
307766
317918
351237
343761
369076
327389
338475
339824
388110
386990
361037
391124
326835
393296
366350
341056
360516
351215
340648
367088
379413
356059
381651
340403
390439
305636
327604
306493
342066
322548
266194
29117
338649
293225
251823
102849
350758
393645
373711
364437
374824
371996
309297
393500
345430
329339
379371
305252
369181
372228
272892
311738
290987
338943
394426
362146
370250
398043
356435
360274
350248
343073
382555
370339
358980
332645
356188
329856
352806
326872
364815
384035
350918
381020
370615
288634
298727
324481
352226
354462
382830
339776
337910
317558
347740
357174
381544
380326
336216
356301
352311
399542
345680
372715
303595
339280
316071
360114
353713
346877
351454
341492
369366
403112
339438
330763
366506
321502
318012
368130
325467
374007
321612
395189
307787
315290
383148
386974
394357
364116
372577
366492
358346
332762
334544
338444
355271
348302
354302
371450
369574
367334
356707
320739
369607
356422
393800
351987
371634
364935
376421
300850
287743
43918
338090
344570
334791
408420
327291
363283
328333
371137
375624
328957
328727
354256
357279
364866
348100
357268
364771
337885
359177
311706
356855
389377
363327
323594
370088
364825
305988
398794
364442
362916
351018
360662
345650
323799
296603
353132
316303
348564
370886
364041
363904
359494
384639
365401
356388
325326
367216
937
304623
334717
320488
317590
324108
321334
332561
327271
347957
355004
376362
369534
369914
370365
350797
360156
368021
391020
357656
313935
298936
325095
342626
345454
380997
372539
385971
304660
298377
333065
360127
321565
332938
358382
364474
377980
375588
361660
352886
407891
297225
326744
333048
342920
322689
312980
302399
296031
321215
364908
384414
359369
336387
304341
295496
319298
336978
360332
170321
328432
374425
330341
326934
358689
375410
355966
321886
361098
354527
353900
374672
358234
311683
351008
357186
365229
379380
341099
398064
385683
352657
376691
378049
339418
389198
342211
307557
374384
388447
349512
373862
364019
405951
343880
373127
382243
357134
369482
385320
370744
373114
390063
362372
379382
368073
377017
341657
368008
388818
335375
366066
370869
387235
362530
364671
390584
385653
344384
363767
398954
329439
384237
374084
382938
348711
370860
396668
352334
361743
398620
364364
298601
300181
369749
355493
323948
310129
359997
337065
350749
341757
371070
387216
335401
366119
356328
354137
345972
360678
360760
363092
346635
336640
309739
316551
372684
332336
306638
370727
297177
309635
351773
369945
357521
318163
379510
375208
353595
354391
366286
333688
333507
329185
359623
337595
319818
236950
21378
9542
279769
330454
385890
331133
310710
400855
364415
331937
310302
358633
312349
339103
303425
322704
338046
302904
349326
328689
337417
323922
352607
329552
328545
334857
363139
334096
341592
351820
352222
313273
353109
346939
292888
367429
315537
327511
310240
354726
355841
351008
371999
339701
351123
332455
357092
344416
351460
318754
312392
333898
342397
261034
8614
10762
327257
344298
363979
372823
330729
400105
353717
347917
360768
359678
379730
376240
397561
290329
405549
356444
306686
345558
372124
353489
373675
352324
350685
348311
361102
362964
341887
402407
326383
364837
387934
333430
388500
335651
377693
377774
358696
386273
356013
332983
325777
320141
349453
394457
299094
377838
381506
384724
357058
329657
368405
361088
345186
361503
353295
279131
2108
328149
358278
355319
351315
288178
292211
274264
289275
319979
302519
304903
333963
359453
373131
299184
328863
341912
332431
360479
329219
366899
319494
375657
337071
318043
330701
338195
347797
339492
329136
350379
343138
352962
300823
343794
349595
329326
337731
285868
295671
336776
348003
368122
365409
322611
374512
368901
286196
224575
37557
363134
333473
370733
305656
374694
368341
369966
368849
336589
368619
315778
383994
361820
384785
366378
351981
360389
345611
343550
384168
374526
364489
362344
394752
359343
349335
340459
332844
386543
361010
340192
346182
390654
346507
97813
16673
13112
343238
333823
362871
326558
384472
353456
373604
335804
337552
374843
386547
322121
332522
322388
345190
363679
361685
340317
360302
367451
384293
331329
327820
358926
378279
338999
323660
381091
370240
329015
343641
333561
370444
356517
360551
311767
346648
345220
374157
333091
324367
332362
349108
371015
352636
331052
316165
356658
313306
318011
209910
297310
346461
361439
336134
303217
328110
327434
300319
336387
327470
374380
353952
347720
287292
320339
344993
327899
333851
323808
346954
315262
327208
338784
333053
375107
365554
359036
363765
340046
329247
348047
330097
370558
311776
356535
342760
337720
356851
366118
327856
324578
361258
353673
332607
304947
342743
377979
376770
323154
290150
12244
769
334633
350220
335693
390406
301021
405905
320628
289460
313448
347794
347941
379265
344635
354788
358532
349096
303918
370676
322936
353234
349002
327947
313616
362448
341211
297609
388332
346333
388817
333666
387762
314686
400325
347052
347736
387008
355542
383509
368467
334608
392504
339769
320814
374700
353046
377783
312633
383208
42132
331790
376617
381367
359464
380090
368865
378252
356418
382300
316658
327478
330818
357604
379551
344450
351880
314375
354180
358599
329031
378989
379537
339859
328765
364939
354562
333319
332674
323767
364681
365102
359881
297938
385875
341636
368268
350432
361602
313738
393319
349588
379813
305801
386776
357791
390112
364486
361175
353014
358358
386526
341127
347511
383586
392719
322463
302052
356798
355651
329852
332203
347400
375251
353327
378707
316065
319153
378802
347942
327049
388929
306089
333316
364021
313765
383575
361804
318654
361194
353613
347258
390685
296254
357120
345132
231332
301927
363886
369520
378291
355829
369422
372681
339467
337700
336189
387154
332177
370759
382866
347862
336214
368514
315562
361834
376266
295764
332781
388385
357577
307425
352462
372992
386501
355460
365568
387872
347627
370279
349293
361398
372862
341967
388938
352087
321702
367745
355163
348084
351209
383441
350625
380621
357284
305231
375690
365917
383182
340850
237862
265488
348118
338657
334796
347215
319023
316867
377163
345510
362555
337658
387517
327614
355307
347458
369034
349364
332963
298417
379170
308964
309626
353941
361290
330782
366543
350476
361775
324182
319174
336084
390037
306339
352826
383530
334516
330284
363171
320914
344606
332438
371064
299731
353286
383133
348385
376555
326141
355297
375213
346974
352965
378228
319782
376609
277113
336813
317628
352848
357804
328855
373115
334070
328038
281566
30255
357583
351782
295254
362982
384986
331973
348842
395986
365325
331231
399561
351714
358658
351322
365251
336105
352797
379802
357827
383458
333006
375333
328183
398740
330049
372977
383689
359452
372080
362212
375176
341686
353470
348558
371587
371085
349298
395759
360611
359000
360514
354743
322633
364547
356507
385816
347204
388873
337793
374050
405689
369534
376046
355409
378973
368187
376887
373116
368708
369228
317374
163601
191216
155688
154956
154852
182896
183879
154087
185654
182016
184862
154418
184922
182266
186356
154577
186369
154999
186619
153463
186289
154880
187004
153755
186558
182166
185888
153895
185755
182034
185486
153902
185180
182541
186994
63219
266866
395092
383431
382799
321307
373070
364098
389171
322474
357969
342714
346037
366450
349670
374081
351124
364987
374154
362635
340860
379040
352300
361560
382935
354429
351179
343821
327087
295887
348700
333409
378226
333132
333095
333525
340666
350799
362940
345635
345091
315487
337150
321872
389788
384896
379347
359444
367252
360703
359458
367416
360462
338962
161607
1270
265683
346337
359053
358427
336933
358764
355019
370470
321763
352407
340151
362374
360588
353915
362818
363618
318699
373670
368797
355977
312484
327864
355789
334034
372461
345907
344627
368375
383475
315559
344530
345447
329892
368203
359240
357879
370744
347030
344717
328141
317009
334170
356114
276445
287851
354439
319080
361439
290602
339418
333301
301556
323868
359794
340676
354501
332490
374013
266044
326541
354451
327339
322515
316205
299320
367886
362832
333127
357960
372759
363784
341501
337154
330015
336390
354618
339413
325580
326783
337966
385876
345156
357428
349092
375165
305490
348249
323656
304822
321766
313724
359425
320112
319495
276164
300952
354603
323810
330515
297176
306783
360121
384936
313628
318830
365308
362652
301013
338116
307554
318921
361839
364532
330158
350698
281887
349896
382913
339070
365954
364262
381189
400981
358698
347104
362535
399743
337405
345381
361036
356368
372420
400550
339361
364218
347369
321958
349811
367020
388682
371539
355104
307202
362703
323383
358323
362883
367226
359231
390603
359288
387097
335121
349821
332686
335812
308787
279292
393415
351541
383100
368500
336275
343531
361060
366581
366918
374562
363616
307402
333341
354110
316400
370048
318070
342148
370786
403026
356843
347058
319299
351437
342311
339342
314439
374436
331331
404319
348542
374287
365689
373737
386435
380106
352985
361372
324597
376840
349771
347887
381341
340730
372309
383215
339716
357084
336996
374766
326605
330850
125491
317422
367635
360339
381072
369510
363241
345331
368170
313800
331846
347682
350743
355367
375588
334681
344075
348606
333069
324137
376187
315290
382885
337798
348718
347864
339582
320608
369912
386814
329597
402251
358511
329709
337164
366254
373608
344940
385658
298434
371308
365205
391878
343906
391366
321649
342682
320153
340531
361212
325350
387261
351259
106971
3976
