196068
216726
216443
204674
226046
224887
218422
221394
224718
231311
221523
190602
213444
234624
191495
229488
234779
224821
234678
239754
203988
228367
227150
205032
253530
209250
255098
199261
196481
229773
212576
212592
224628
241756
211326
237886
206227
219866
202947
192555
213066
232907
214278
215197
221406
190143
226937
207173
217964
239651
171650
208758
195426
214039
219173
223974
257449
221875
207294
210336
222745
200319
206816
236806
200909
237142
235166
222664
231692
204047
221161
192037
267229
207111
232277
205961
223329
221039
228597
226449
205244
227401
252546
227254
214506
250807
245011
232770
222543
215238
223064
224800
226350
214826
217954
218136
213800
225821
232933
213871
207918
206847
216462
218865
213218
223254
230775
221532
212393
223016
212835
217632
212002
214608
216990
215658
206156
228254
225061
204720
223247
237107
250398
228620
219615
221222
234951
229605
238668
260176
238587
228380
247440
194382
217782
219081
212298
235499
243274
227093
259134
239130
222285
213426
216048
246530
244267
215846
246673
226364
243804
230277
231042
226286
252213
212260
245829
220022
225876
254471
227898
252324
219617
231505
226548
243174
232226
234187
219858
225952
240852
228017
164350
246569
213691
238781
202144
230042
214358
192831
191218
236197
247450
239300
212196
221808
244140
200245
244107
242040
217657
206418
221636
208007
212171
216185
247055
242976
220999
241331
239873
231211
236563
206505
206905
212339
248162
222700
253164
207659
206720
180399
193114
204270
241867
244943
222852
201416
202842
178726
246570
228960
188970
201254
213593
222624
231890
234942
247892
244598
213597
217536
99821
36579
42911
40876
28395
210498
216102
227452
217272
207997
204185
244967
241500
241181
208825
229605
209840
234044
246996
200107
221788
211866
204015
249603
219810
229199
210189
197520
201857
242855
245442
214422
229061
238596
241979
216888
211152
212335
219400
237479
248519
235005
233221
204878
212247
227339
231659
218622
221502
222747
226831
211378
223712
228281
226825
219909
212705
213728
239638
220818
214028
242748
203713
211229
230379
195876
213914
224358
221918
229454
217692
234308
250325
212113
226032
223284
222947
204836
201286
242320
235066
227489
229476
222563
214638
242031
222528
43041
200693
247038
223932
248095
239665
218088
200675
229194
248203
213548
237947
228036
230412
203349
228113
247520
243403
207041
223614
218871
212646
216940
237693
246034
237220
252294
220117
244455
250014
183814
232527
223877
257468
213433
223358
248172
195678
239792
235810
210064
226621
216551
207310
238142
253530
221047
254969
226536
145123
212159
212638
249687
219272
246895
199210
204484
213546
56347
227941
247398
221908
247506
211179
245124
223330
250399
232596
219787
220018
235757
240667
229291
234510
227348
244415
234162
228125
217882
234983
244980
71090
227682
213055
209372
235248
209799
207402
219136
214253
214784
210480
214306
214796
216449
219264
215430
213493
221210
207841
211274
225886
212520
211536
211613
241564
210795
217033
204303
221071
206426
209364
229711
231904
214745
206199
213570
213475
226202
208883
216770
213882
219519
234977
222991
214275
206212
223791
216721
211466
216870
222595
216627
219858
213701
217817
214137
224284
206517
209520
222787
211473
214339
213794
222751
215498
222010
214161
211793
213677
213247
202209
244722
210192
147396
198532
222690
226703
209551
219738
223229
223685
219295
225274
222780
218989
224568
233163
222834
234191
224710
223548
247506
218110
231866
226320
240721
218404
229265
233435
220494
227847
229405
231370
221290
229333
229006
217342
237557
226966
234478
220329
242956
229330
218234
236252
222966
218369
224339
229718
228190
220033
230360
220407
230727
232044
233700
228695
223680
222490
232753
225027
240984
219163
228304
221790
243118
229725
216140
224811
223628
217075
225015
231264
226884
220831
231972
233118
228562
198392
193947
146181
181226
169190
178704
206112
190840
196886
209474
229215
213665
216907
211456
216135
213418
203415
208775
212660
205161
206874
222627
208891
211998
200383
188638
204602
207672
214177
211169
210695
221223
206118
211312
171098
200184
189867
196941
184004
410
246780
243940
212662
227086
227420
244012
196140
247320
248939
229143
234084
229008
247680
241124
249408
237355
214233
242209
216579
241839
221411
245432
240666
247342
206217
246722
222546
239030
230532
226168
247362
200509
213163
254830
226434
237944
220771
241355
241968
240254
216568
236585
235633
191774
225096
225901
237000
227324
228541
231315
220119
228396
216273
207810
201913
213805
242982
225231
203687
221274
233414
204857
230672
250679
202083
203131
234877
218489
227770
233042
223678
234991
211656
200667
231990
245039
222358
203726
220439
217369
231520
218294
228259
227602
186202
212073
239916
217831
227927
232535
222920
227956
241404
236234
231558
236179
219278
252779
239655
220054
234355
249886
233712
243327
234206
232170
229788
234468
212394
248584
236280
226218
223308
230178
194741
220614
234792
240571
241956
209849
232718
234538
229836
190965
223021
254496
198396
226171
232379
223419
231288
232963
208831
202090
234199
221350
224165
215003
238683
204000
213364
220738
235783
237477
205423
210609
232311
218902
217237
223096
222744
232362
245011
224905
232635
215859
230796
240186
216450
225388
233022
238524
238428
226706
241018
214894
240940
219816
250692
215611
236002
233365
236497
221285
224123
252329
206452
250345
211776
236886
240090
237923
224313
205737
254949
213510
232034
226858
215645
204134
223191
235867
202725
213622
232722
226234
219991
217151
227797
229213
228345
240254
233496
239360
235478
213671
220762
216000
220570
242328
61338
216310
246118
224378
241584
236542
241242
254286
211709
247948
245345
246277
218205
231930
221244
213210
244241
233973
245529
228743
249378
243845
236464
227999
242136
250356
242209
243911
224663
239107
232251
241806
229152
233922
237130
207932
120549
209064
224790
227129
259534
189434
249459
209823
234948
249384
202237
258843
204208
245881
255594
214398
231041
249102
230325
254104
192713
255998
205305
242599
240348
205607
257504
245727
210541
17677
209241
227244
238146
222654
249357
234823
215448
239950
213680
202046
236236
226887
232741
204466
230758
210405
253000
215450
230968
231367
230301
194837
236322
246714
218802
203270
240529
246180
203263
239004
223806
236344
242930
225602
238922
209430
257435
194057
213408
251052
233531
215196
250536
236135
235249
224132
229726
218967
208721
178549
201431
206445
241668
216264
236485
213772
207366
227208
234447
228348
202714
241110
204308
199170
218197
235339
208716
201686
224670
196868
207055
239250
239393
219050
217956
223034
210504
239517
244622
219993
228600
244524
208656
192467
212644
229587
217114
228056
208562
234606
224652
239782
226268
222237
194179
211351
206165
256940
88800
211893
247322
212832
209921
205197
235507
190939
208667
247789
211104
224942
246859
236540
237837
229577
223974
205754
253248
235463
218154
236334
221505
209724
192652
239092
229146
219846
225631
244096
222661
251943
221966
252917
196832
237508
230489
209815
228246
235216
247136
218658
235176
234725
223949
229559
226309
216069
241341
219230
221550
241836
221321
205473
244086
215024
247966
231767
235431
240668
210456
217809
221916
199610
217630
202054
233292
226512
229678
219717
233069
223094
183024
225095
254590
223788
246670
198780
241588
208185
251184
210753
208041
252014
207107
229447
234768
215838
243487
230610
249195
222275
229513
237057
242190
239736
225702
240824
213070
243606
239204
203983
237622
235374
231400
233825
238599
232681
226196
244701
235668
228232
229958
213711
227029
222795
224568
243920
225950
220470
211436
255928
213359
227610
247151
224742
219240
217566
226922
233204
210018
233061
215823
217119
246204
215937
245086
220567
228348
216260
237832
212710
211762
232716
232779
218097
242044
61327
214998
208516
243105
234335
219627
238725
225519
210624
231174
221567
229215
221208
222190
226076
224554
222227
228991
208872
212538
223776
238482
212723
213330
234897
237420
227134
232151
226107
224715
213444
229592
216086
219008
217141
220904
229060
213186
227074
230593
234070
240122
231918
240528
216901
241091
231707
229837
222864
238651
187880
147192
204238
224433
232265
222670
220588
203845
241725
221793
232200
231619
226596
230639
229572
242608
202122
228565
215393
245886
229432
243371
225904
218484
246540
236004
239022
212616
247489
204291
222566
233480
239242
223714
226308
231247
228846
241851
233641
214398
208144
235396
222811
235879
216671
230563
225099
219991
240445
215644
235134
229448
235970
246382
211701
229090
219232
211746
252329
226588
242780
226518
235459
199620
202484
236940
247335
231246
212324
222837
210586
240609
236152
224517
238678
234242
235038
207305
230382
207959
247935
226398
235818
232490
216186
228137
221760
219363
214843
243025
223283
92194
232290
239532
250180
217920
233351
238935
237751
231992
223480
246581
229457
240402
211015
250965
238834
218929
220691
225508
235570
112086
200870
239059
223227
210903
203689
216139
237069
204848
212004
209396
214685
231052
240707
218587
209843
225637
221408
186374
225763
197955
226806
231337
236861
185295
194185
210575
199071
201953
206142
219844
250074
218160
204216
183792
187356
196884
246352
189305
189432
29055
206017
212815
208893
210832
207875
232924
232171
226209
223981
225066
234086
217633
226066
242730
215588
213284
231687
213933
234309
202911
222146
235191
224972
216950
219726
166327
236727
211342
150414
215133
241995
251727
218930
189148
210086
251468
215077
238932
209326
203558
236244
120741
208495
180360
219476
198447
205782
204193
205002
196442
203685
227955
227533
206397
216628
229722
220416
205075
206727
233731
202614
191227
209285
202654
200933
195422
215314
202495
208950
210072
198302
223948
206081
216158
219275
207981
206622
208925
205297
214212
189840
199755
175906
194480
190507
227892
219540
208539
207470
224532
241104
232090
217711
196267
211038
171231
174095
183326
205663
215292
220197
202193
219611
199705
207025
207145
199392
202944
190932
213248
209611
226907
208998
212394
231312
209731
224761
226855
223780
229621
235980
213355
240496
228800
227091
210482
214428
194256
201502
220320
211308
232812
223626
242587
239673
215722
215575
222464
211373
195306
201018
219339
231731
239250
183913
201119
195254
222840
204701
213774
216876
233308
228348
221689
197622
207089
214144
212702
219245
214355
67447
210726
239070
205384
233256
227230
191736
201040
222549
222089
222286
187412
219452
211543
183858
240294
192666
220018
193231
231361
229104
230548
218498
212208
196812
244595
232635
250812
216264
189711
183933
205977
210402
211746
212818
216000
216201
218254
204611
198475
215905
208408
215046
211494
212028
236494
244566
251295
222321
214755
184550
208734
222218
205530
206370
223361
207798
214311
215814
209796
211407
210134
208594
218779
215732
243485
249980
214119
223756
232357
244042
212100
220211
228325
235398
204126
234149
231442
204392
189905
206324
206320
241795
213763
233279
211658
207149
222476
237318
234424
239133
196918
208047
138254
225217
217865
222537
224554
214091
215483
207595
222728
208472
207632
214495
229980
214392
235361
216558
220022
210804
238794
244135
213278
229685
219149
236422
235079
226780
227069
214378
222083
218978
235536
221801
227068
245133
225574
231918
213734
234687
218897
238756
220656
245310
217667
239100
228901
236218
233388
225165
215740
228177
238432
224372
220161
224476
236178
253614
220890
224498
218716
226871
209288
221594
217986
229352
219018
221166
232668
246172
219537
222333
239127
215973
239103
232324
218991
211600
233894
229411
206414
217171
226532
234849
218909
226729
246692
233879
218052
212060
238084
244484
224064
226359
227520
218402
230523
233887
223561
229609
227987
214721
224577
234738
225076
237450
228265
223368
224042
195635
237977
212580
208769
237296
218142
229893
230007
225371
240287
228280
226114
230639
218658
217875
243324
234340
240053
229339
235044
212887
245364
218668
221970
225936
231996
233742
214348
256467
220584
207765
249510
224219
218206
233998
252885
207873
220124
235494
238527
245444
214240
218760
226122
224676
204173
233686
209486
31645
8802
205840
224459
230658
200610
172400
213733
191483
232614
191164
235983
245438
181538
257832
212999
242954
240020
232494
182335
206082
214752
39192
221664
195717
202014
197544
220142
192510
220608
222138
204774
239538
229767
219984
210151
244700
207710
190703
213891
215168
234638
225724
226990
237378
201942
198590
199919
204030
223507
213724
216440
223364
214959
212448
218342
194966
212541
199397
209766
197031
200256
194049
196405
204237
202536
213012
214598
215055
215678
214680
212581
176528
163638
165180
202938
215658
218292
217828
215393
212807
214634
217482
231304
213158
226187
246672
236622
239904
213502
51478
199455
219883
233901
234150
244631
197154
255012
232368
209963
221496
202003
196242
216318
231649
235644
206880
219433
252904
186482
236965
207104
210964
180798
220618
220782
223176
186391
170964
225343
223191
244519
238468
206832
204524
223514
238912
243627
201276
204956
222015
201047
213293
243455
202458
224326
200837
239706
222252
218258
217788
220254
176949
239237
189649
220073
189522
239414
226937
209006
205548
213059
228665
219310
205352
237836
230550
223306
207856
249677
194606
235212
202633
203607
219727
201024
224367
222147
200785
206155
199230
216082
220322
192229
205924
251076
223140
217227
183442
212340
210535
208201
223117
214746
233848
244398
190599
232836
199061
201432
222974
241764
213427
228704
205717
217826
228312
219913
222504
223461
207282
241484
217269
195877
246272
201645
231498
203742
217917
200185
236598
213326
180509
79699
191735
243960
233184
144662
202116
235927
211908
182898
191295
188756
173241
152110
189428
233816
212563
227682
219504
213200
219990
247393
213626
232545
222816
219174
230321
214468
217632
225138
226236
230965
230076
226965
225494
199510
242305
202248
224341
228132
212007
222250
212450
219640
201380
222154
215087
206137
203561
213558
215053
232045
204010
208444
209164
239890
225104
71911
202098
214659
219003
221820
215413
188064
209466
219342
253823
186111
206427
206934
195840
225178
209683
229721
202173
206631
182003
195449
216157
210185
208776
28844
193842
124992
136192
237666
245841
218850
233405
200708
209318
218395
203112
212652
239211
234108
228922
224102
235406
258024
216276
240969
203034
192848
230916
226363
190773
243768
204763
252935
223320
217665
215561
246060
232468
235374
237271
217373
197794
192141
221795
231743
247094
236046
238340
200522
205891
260100
229597
199523
204978
208344
190551
223602
228332
196206
194618
197620
534
210247
211340
239552
246450
239897
249852
226048
244174
198240
28116
224427
254052
249083
232308
216825
237408
228563
247410
227989
215388
191291
220893
256733
232473
247026
241772
216663
238537
210153
251472
248070
214775
234130
210612
235599
216684
245580
239465
238110
240186
192368
213900
219884
242404
246491
236165
212653
192232
202275
213100
224263
223062
229943
232541
215591
223629
198627
246277
179490
207163
237922
239981
212890
202807
224274
220063
224766
249420
216326
190309
212834
229507
233501
235466
223860
223443
248418
224196
196807
206327
213390
217806
241376
226420
251408
177178
235111
238714
178892
216929
236034
234244
231615
246836
243330
210247
233318
210479
215524
234463
201288
205914
218229
189256
227132
224960
238422
191418
239492
238619
223160
207059
230042
236534
181826
207357
225354
236222
211434
210199
222540
216514
214312
206748
209631
236598
240904
222807
221918
219330
233844
228854
195978
205421
207804
245061
235138
205856
209620
231120
250144
224088
229229
226032
231700
206139
217894
210407
107785
26622
235650
246632
218068
238708
211246
212565
226776
238992
201771
241571
241033
222294
206708
182491
235668
235819
247069
218317
180416
217983
221632
213567
226296
248166
216204
191470
214098
214773
216804
236930
201008
237758
230009
224756
237462
240298
234637
236770
234191
224148
225288
232497
223784
225255
235177
232684
218527
220489
213098
225456
221126
225480
217608
236382
227094
219863
237634
223818
212610
214185
238700
211478
241230
229260
224462
227821
226917
227229
222411
234371
232461
221388
240326
220971
223365
228810
223140
222197
221831
230142
218638
221009
221896
221065
206556
230922
244998
213125
215106
222549
231583
226914
225822
224588
230022
238912
247969
224002
228544
229651
222292
241892
233673
216294
230137
221254
223153
226936
222757
232211
233778
225949
214207
238449
209330
243265
230288
216450
228129
229074
213810
245616
224559
206461
226197
223734
214070
228182
226145
219572
236124
214118
241302
240230
223354
221769
218410
229674
225884
230952
231096
233255
241414
232556
228201
220723
213811
223934
207157
223013
236046
216740
227886
236759
213906
226150
239035
234507
238035
245508
208505
205418
234480
222483
225390
250036
216667
241505
210192
215063
217321
213259
208064
224492
230855
231022
243341
221340
246564
235110
235576
222644
218597
219124
203659
218568
208415
218238
215865
217625
220911
199577
202457
205347
216093
218853
220618
214779
230373
228117
213410
215214
217843
227322
104956
199076
233090
222448
225177
233760
222865
183807
216392
221257
217557
252077
213147
197554
236625
233348
252321
216498
223412
235210
196814
237111
231030
204378
223064
230579
205331
236177
241117
251943
222518
206808
181752
234670
225391
217285
227164
234644
227638
252748
231472
225588
257115
212230
223332
240463
213507
244630
230685
205331
213041
25666
973
215689
183570
200321
214309
214129
222026
240363
214790
244865
218115
226609
242466
235403
233892
204660
223017
204161
249001
239649
231045
242557
231956
237847
222748
240900
222576
199383
218604
244344
222308
210026
199609
180102
164114
173921
244316
222425
211718
223656
206022
230353
239852
244106
222376
237948
171525
218966
260839
180337
184417
214203
237705
226125
227820
252342
239975
239296
212440
204570
217560
202380
218515
243884
226454
252345
205548
240066
238706
214020
247203
236154
234996
241319
236688
229632
215114
220129
202875
216640
198821
235302
232332
257915
199012
252943
244027
238830
209643
228896
198210
216666
253086
228167
237966
253951
200945
199107
66254
55614
21815
180617
211235
155965
228976
235266
216738
238168
216941
206553
219816
226922
240300
259504
25642
250242
257995
187274
218362
233978
169102
211152
218448
148116
59254
170629
154138
39090
187499
196109
221700
222605
193048
175057
223902
243620
187055
232532
216561
218358
214181
214702
190583
223156
218405
213064
220266
222937
223125
184475
202829
212092
221302
224708
230091
198334
222348
197261
208303
216942
207246
222750
215686
204448
215450
218766
206040
216984
251521
192771
202116
194103
201777
200213
212716
235238
192396
197094
193721
219650
243647
189390
169953
231421
200771
217980
222373
227346
245576
76952
205397
189320
189535
194372
170334
185588
182176
224419
214512
175442
200642
202012
221396
200704
199674
199929
230198
185370
209755
160334
207543
188828
186645
216935
177687
208254
194875
210523
217064
218505
218380
196961
216973
178571
197758
190026
192024
225400
194764
208758
199456
214178
211558
204981
209637
199440
211717
172427
200703
182475
221352
210618
191196
230999
193085
206558
195597
202399
204794
220848
208956
208975
219169
201188
207459
220518
221699
199680
206612
226113
198763
202948
212561
200092
227011
211750
204114
161122
209454
204661
201426
205423
198569
216835
235130
206886
222534
215769
209378
229763
217671
215731
217658
199614
204893
209572
201074
172161
144261
213407
212761
165270
98229
166879
235181
232493
228991
224605
230863
240588
239727
240876
250848
221755
181210
211224
227004
213227
240847
237167
245998
221424
230178
218066
246147
203129
221016
220384
189264
221310
208639
203346
221169
186170
174241
214681
216096
189998
244506
251385
219750
241548
125703
173358
159137
181477
171165
176272
217148
239613
216027
201882
243339
204560
230682
241847
195000
253571
231284
221726
178231
248424
201506
208013
221384
253620
234220
217251
226098
205200
227339
211518
213588
198346
68241
69731
78840
48840
70723
87046
103180
184798
240881
231333
223757
242704
210397
247870
225054
253792
233329
200447
214531
238542
211695
213192
245246
68647
60941
110324
94668
116265
181968
162407
88696
114596
225785
233399
248388
200695
239033
204268
234931
217702
16642
19451
214200
217373
234048
196609
213056
200793
206524
204655
199440
221622
220448
245184
233001
207863
208913
229258
230486
248502
210579
159529
107968
99726
46797
201672
220620
226682
210476
224030
224809
213678
232365
211047
241424
200290
245660
191298
226910
202116
215922
226756
216648
208025
209065
203734
212050
210397
37019
232356
207459
235601
246852
224264
210642
243330
230760
208471
203355
235154
246636
217316
237982
241404
211242
216437
236307
258404
234705
239104
208798
239266
244180
236304
248954
237864
238787
232813
255511
197642
216198
231669
223366
207575
233996
241811
237603
240295
216211
233863
249344
235234
238230
231630
242352
222594
209033
239803
255475
207167
210932
208424
256344
239942
204726
212961
229356
266390
220200
235545
242101
232275
259261
231804
250072
202510
233245
229463
204280
246348
218171
211376
235682
218520
215430
228235
1395
221124
228355
247939
241385
214932
249777
211186
242912
251148
193078
196383
205614
244758
227454
239615
211653
211508
223163
211422
234102
237682
248386
226752
201535
213817
245262
191471
234132
231209
230460
233369
244974
186012
232584
226344
218292
236690
234741
234270
218705
248499
216812
252853
234196
194856
221712
193069
225943
217470
222108
225060
196808
208150
238273
232686
236074
237518
251046
233459
238674
231703
249923
230142
240900
224480
238055
187755
202475
216308
198868
220304
231443
246342
209709
225683
225009
218316
234054
216366
233007
243372
221145
191726
242534
221076
231546
217671
209233
227065
228752
224964
243877
230178
224541
214302
232250
202550
196643
223579
239214
244722
208095
214199
228423
250984
231724
241691
215922
225841
219080
233940
242873
228955
221020
225714
229095
229751
223608
221754
244300
192378
222221
246168
251119
244505
202170
207330
190247
207685
199293
220871
179713
210482
208255
219378
188694
253640
217585
237729
210032
234834
208384
218438
225237
205238
244092
233848
216348
231044
223516
237048
231955
238178
220626
237750
228513
241423
223810
238063
216619
217485
228549
233969
207354
226813
232837
178800
198936
224939
195655
192478
187781
97637
19904
190118
205710
221382
211440
248759
113207
207109
208506
239978
210865
203470
221048
221302
204910
223747
210861
215312
202392
200358
201492
209105
210732
218892
239973
236004
219448
230817
243574
225161
249552
220054
198484
197579
193552
228941
243549
194780
192366
239761
172855
205053
200049
199040
202943
205110
243228
205645
203273
241322
208364
207015
226262
212492
196360
214119
202491
212706
205476
208819
218194
232577
181783
228096
213660
207330
206334
205974
212579
174552
1467
222510
212820
222642
207290
203218
218023
232170
231077
231899
221559
242978
229026
221354
226206
230634
227804
236469
222166
227298
226361
240943
233087
253842
209520
221376
224016
211658
206078
237464
221590
247196
226828
218492
223066
227250
234890
224230
224004
213117
224795
221699
227006
220577
228948
221085
226366
228150
235129
228453
233752
232953
229626
206168
235074
224434
230546
233718
230124
227640
213906
234222
219981
216338
216843
213892
240001
240056
238061
209161
222738
219322
217335
235449
226503
201075
236905
216682
230172
240945
206026
233481
223595
251088
218981
223143
226356
226729
216774
244427
241241
229251
233733
218413
208799
212892
204067
226042
174954
233620
223947
219850
208652
239589
231094
227844
216414
211713
200617
204242
231380
199024
208277
224409
241038
219902
234353
215812
220962
242249
230930
225523
209179
220327
237896
217279
221538
213346
224591
227999
236293
232512
237175
229943
224416
224224
226313
230998
238448
216862
223729
235173
221958
235410
225654
244395
213150
216636
215591
215830
237934
227874
236268
238543
216565
221334
214926
215731
227281
234647
235103
244996
224949
234931
215928
232953
217366
221926
225150
245956
225946
239156
236562
205499
192456
226830
214798
230016
217944
229415
227680
213620
232516
224405
222910
230940
237306
241188
215298
225846
216751
234595
221814
202222
223182
231983
224091
242885
238249
206062
218550
228548
208597
199064
192229
204591
207905
200091
236559
205552
226221
242803
228134
238101
218297
232428
230294
208573
218668
223414
214745
227287
228558
215743
239529
208439
244646
200587
194756
212642
234797
191520
192620
175669
211925
212430
252154
229315
218591
192312
251833
226022
243853
214839
220208
228256
251830
241081
223301
214373
230653
243568
240180
218582
235586
210285
213620
260856
188705
227850
232266
231520
219695
238809
215465
217007
216629
246312
224292
249907
213182
206763
244432
214392
237494
234696
201106
195740
203256
222946
218385
234954
205617
215821
213397
244510
246540
232674
249267
205572
248946
231856
219688
229753
224720
213525
237351
240370
229732
243422
217904
249110
199368
201275
197034
222828
202418
177901
21397
219574
182303
164958
72745
228433
248434
240631
230064
242048
232450
204672
251767
220506
215814
241228
193973
235417
241235
179742
202884
189295
212700
251381
229553
234744
254580
231338
231233
220874
217971
245076
236591
229864
215382
225809
211368
224635
214265
236589
246141
227565
248001
238128
186315
188099
199860
223658
223362
243906
217666
215535
205702
223722
219624
244437
242202
216508
225193
224418
252630
221967
239291
195625
216587
200544
228561
225288
222042
223496
220120
235088
259035
217475
210568
234928
201826
201873
231477
206511
231378
212310
253164
202036
205032
240679
241380
258352
231374
237257
236757
230830
214983
213962
217699
225700
230021
222123
236297
234090
235882
235164
202270
238609
228288
251596
225682
238229
233553
240977
196586
185622
29473
214787
214133
211155
252530
207239
217099
203483
233655
235969
207799
211183
225379
225378
240582
221128
225575
230236
213885
228143
199036
225598
251957
228947
205223
234809
233496
196530
256614
234671
228016
224627
231034
219830
206220
188554
222712
197413
221429
235082
231465
233609
231495
246370
234558
226333
209652
234536
803
195124
214777
202692
203816
212413
209449
209941
211099
222452
226693
239887
235167
236824
240383
222389
230302
233049
253744
228529
200563
191015
208147
218610
225222
243433
242034
246507
192351
191504
209299
228855
207864
212555
226230
233942
236178
240328
227508
224702
259529
192855
204515
218108
220117
208542
193460
193260
189017
205041
233016
244041
235057
216992
194328
189866
203170
217548
231673
108624
200689
247028
213668
211995
227312
239682
227746
205247
228659
224651
223369
236748
228235
199056
218970
223356
231677
242046
216360
254480
247306
225158
246441
238881
218823
247380
217830
195120
240300
248287
221194
238863
231120
258592
217425
235601
242822
231192
236639
240432
244258
239322
245826
228730
243333
236616
239353
220829
234838
245724
213671
225574
243483
243587
225760
233635
249054
247704
211068
233664
253008
207280
244056
234259
245276
217930
232007
252611
226702
228093
251184
236947
188258
189415
233139
225275
205876
196585
227113
210371
219977
208108
237367
249133
214660
229641
223570
220553
221449
226312
224424
221298
218480
215597
192844
197448
234264
209614
190160
234491
191973
195477
216256
235994
228736
199342
239610
240236
225698
228033
232478
217812
211562
200622
227542
212237
201034
153180
18159
8160
174513
209112
243624
207192
197027
254452
231013
213002
195456
221932
202205
210984
193512
199862
214170
188570
216410
208762
212039
197637
221445
206868
209064
210726
224759
215823
216416
223967
221270
196807
225707
219761
182611
226188
201306
206288
194365
216339
223392
224133
237839
214857
226113
204324
223813
215912
222505
201612
199501
208437
208176
164247
7210
9220
203028
214300
232836
237018
208889
253691
225520
221089
231748
230346
239218
239788
253328
185976
258839
226532
196462
218022
238695
225928
241133
223751
220599
221850
233979
228845
214830
255240
210660
230590
249746
210366
247035
214482
238673
243104
228248
245378
228313
213384
204533
203997
220258
250664
189000
232200
246765
239332
230027
210078
235592
228448
216782
230997
223778
175067
1806
203048
229517
229674
219237
184737
193737
174836
181033
202015
194336
192036
214356
218543
234704
189474
209400
218743
214521
233186
213366
236674
207899
238613
212285
195818
214331
213966
215696
215502
210191
225878
218946
225661
186705
218178
220322
210513
217134
183593
188395
215656
220629
235506
230354
204676
234034
237194
182158
148082
29569
234549
214889
236787
194873
236148
237060
235873
241925
214352
240684
198048
251120
230220
248622
230690
226151
229417
222126
218214
246045
241467
232222
232259
253450
228677
229363
220562
207923
243453
231688
212848
225844
247832
216882
61450
14159
11214
218133
212619
234882
208084
244635
215073
235360
212929
217122
231816
252957
202319
212057
196044
225379
227796
233944
209544
228534
238351
238091
213618
210744
231798
235838
214604
208896
242686
234852
212646
221144
212446
242750
226028
221142
205282
224172
221268
239733
208235
201499
206855
218867
237615
221373
210676
201624
226753
200366
199688
143869
185528
220416
225982
209826
193679
203172
202710
191339
209598
207661
234648
226308
220890
177385
203802
213254
206253
207584
205182
218610
199053
205712
214005
210195
234227
232812
226598
220896
217140
204682
227064
208701
236646
194202
214986
214062
213998
224130
235600
203087
198704
229665
224040
209459
195443
212038
234343
240514
204812
185000
10492
659
217270
218064
211683
257477
192732
249528
205052
185919
201533
223919
222213
242172
224701
225405
229126
224506
196169
236511
204570
229875
220791
214717
199902
230299
217646
186834
245545
221795
248767
213506
249739
199932
257395
220970
224579
244641
228481
244226
234987
216184
248232
216387
203441
236496
224688
238951
200284
243135
26318
208003
243647
237021
232602
242916
235320
241410
226596
243139
202023
210647
210689
223872
244028
219921
222218
195063
219355
228517
211440
239727
243038
219423
209760
231496
224559
212418
205556
205747
231475
227552
232356
188582
244720
218560
229583
221382
229064
196584
248417
224813
247969
192325
245998
230804
247651
232408
232584
223387
225020
247581
217022
214970
245653
252661
204853
186192
228744
228473
217002
207185
217993
243299
227004
241877
202038
198408
246384
217035
208634
249169
193236
209399
234066
199086
245366
230745
205154
229720
223833
223799
253782
185053
227914
222343
146109
185243
225273
232070
240833
225373
235612
236221
216195
213000
208216
248604
213318
237686
241398
217321
213227
227237
201452
227860
242467
180505
205700
247012
223936
198602
217924
236734
244553
226985
228900
246063
218040
237618
218661
229289
234140
217474
246840
222287
206706
234125
222216
220955
220944
243408
217671
241465
222231
192405
233644
237269
245889
214650
148213
172249
224894
214423
211716
221900
195916
202172
240592
223349
231024
216243
244260
210906
224143
220030
230292
224886
212697
184268
240699
197172
198266
219745
230716
210615
234283
226226
230664
205293
206346
212265
250230
191598
224824
243901
217305
207629
230482
206178
220717
209246
238938
188619
223032
240521
222844
240296
211417
226854
239399
219835
224225
240997
196578
240349
178617
213969
198354
227098
228391
207948
235839
215328
208829
182922
24039
227243
225371
182627
233609
235318
217050
227810
251946
232478
215370
254661
229210
223734
227856
230591
214375
225033
238338
227285
250887
211168
229738
209110
252297
214077
237595
241428
235727
232619
232716
239006
215983
227007
222046
234269
243046
223967
251519
228224
232514
233038
219700
205997
232413
231316
245160
225076
243976
217764
237202
263393
234726
234445
221998
239163
243462
230496
241449
236431
226912
201092
137415
156199
136425
137400
136461
148769
155674
136050
157891
149246
157987
137204
157094
148833
158081
137684
158155
136063
158294
136555
158377
135798
158911
136350
158974
149964
158439
136256
157931
149357
156618
136393
158022
149345
155145
47608
164972
250870
246876
243250
203409
236957
234443
249846
205542
226551
217516
217908
234947
223212
239641
225241
231878
238488
230964
218633
243217
227498
229257
246297
225306
222815
221581
207081
185232
222192
212623
244067
209913
203414
212773
218579
227868
233915
219132
219644
202460
216849
205536
247260
248851
237162
232947
238008
229089
230214
233010
230900
217456
109698
1088
169970
221343
229725
228110
213792
229442
227283
233218
207464
223130
222379
232169
224666
226459
234095
235525
203464
236850
237550
228186
201121
204246
224294
213488
233557
219876
223423
235707
243350
201033
220198
215742
204909
234006
231712
226815
237900
224306
218647
213148
205812
212386
222866
179018
187806
224214
203377
225041
182044
213322
209756
187526
197777
232783
217351
224694
213402
237768
170808
201299
227764
207811
205112
201701
187612
237162
229950
215497
228762
236016
235786
219712
215083
209215
214002
224001
214936
209172
203727
216011
241666
216642
227223
221177
242598
193465
222764
199244
195134
204434
196235
230958
204185
202637
176424
188783
225313
206586
212128
188313
195191
224865
242059
199452
201608
230197
233106
189834
216607
192387
204748
224813
231950
214852
220747
182253
221794
246255
211640
228815
233245
237863
258366
231823
220308
230482
252237
212266
217178
227595
220249
236263
250523
217845
230484
209941
204052
218681
229723
240628
242805
227256
193051
228698
202622
230453
232360
233409
223594
248077
227776
249086
213104
221885
210954
215192
199351
175623
246360
227606
246285
233297
216434
217208
225860
236677
229939
234756
231276
196541
210988
222974
201017
234714
206861
223504
238229
256399
225546
223041
204474
227889
218670
216717
205059
237480
212592
256356
220775
242294
231512
239736
245428
240054
230016
229336
205943
237857
225883
220782
236736
214984
231912
244539
214421
225605
213810
236616
205895
209790
82302
200246
233638
229675
242748
233988
229900
218564
229921
192677
203473
216924
211000
220975
234666
212803
219294
215082
202225
204555
235541
204136
239970
210318
216309
213725
218374
202654
232915
245647
205280
253800
229628
209167
211854
233591
239842
215128
241795
188550
231840
226858
251145
218928
250351
203406
212377
206673
213541
226313
210636
247183
222947
68228
3408
