131284
137325
143135
133287
150340
146518
138832
141668
144714
147600
133648
124857
137479
150586
117183
146685
145276
146432
147976
148111
129767
148278
146775
129136
160854
130166
162976
126048
126635
144720
140258
140205
140201
154020
140572
151942
135305
135734
127279
130472
138349
151440
134425
139152
144188
122682
140486
135376
139465
143370
115611
131088
129452
137884
140482
135501
157646
145130
136663
142207
135695
129126
131265
153028
136400
153424
145829
142574
142680
132529
142648
125064
166111
131912
148217
130805
142330
145036
141563
142718
131716
148016
157501
144510
133685
155455
155880
150632
137498
137888
143824
143715
145168
139716
143044
144552
141397
149205
143728
136811
134178
133388
142516
141204
139326
148220
151254
153583
139409
147889
132731
141544
140509
136368
141654
142898
134640
147137
144108
134912
143952
150950
161657
137909
141743
142250
150676
144278
151933
165161
144828
146048
153626
123961
141631
141100
139376
146722
156616
150220
152753
157040
142040
139176
139636
158885
152157
141106
154760
142116
159998
139334
150620
148846
157857
137228
160828
139894
148308
154851
145993
163420
137384
148980
142254
157894
152414
144623
140609
148215
154040
147707
106109
154487
135928
153163
129096
142715
137186
125728
123846
150720
153888
149241
134962
138808
154005
128227
155156
147948
133492
130016
144010
146571
133784
135443
157618
152870
137517
153156
151756
146973
150044
129425
136913
139952
156038
149676
153739
127300
133977
118913
129906
136713
151712
156448
137304
131325
135074
117810
158262
148002
122920
137368
142553
137463
146569
152485
154703
151908
131672
133567
68692
24565
28331
27063
19491
136123
143031
145855
143117
133700
139512
153141
153492
150844
128963
133387
131512
151024
154249
127694
142099
135099
133101
157088
136687
146654
132884
128312
151955
154508
156474
132301
146984
149927
155061
141893
135923
139517
137632
149485
158476
151407
145998
136578
138004
147635
145326
144319
144165
144844
148754
133035
142636
139804
148182
141773
133885
135743
152560
142683
134650
151771
136807
136710
149984
125011
147924
146911
140868
148680
136508
147782
158204
135633
145136
144180
145688
132912
126634
151181
147433
140928
140584
139799
139418
156734
137450
27884
140808
154252
142196
154189
152008
136277
126591
141008
157904
134044
151952
145721
142524
128184
149730
154940
150912
131199
141992
140255
137108
141535
156008
151803
149644
155232
139286
153192
159176
115143
140847
138143
159735
136298
146712
157020
125940
154637
147559
137621
140904
138701
130941
152601
159335
138806
156862
138931
98749
138282
132694
158480
138066
153068
127360
131444
138404
33438
143374
157463
139911
155545
131001
157281
140589
159143
145960
140394
141783
151670
150873
147022
148252
148512
153362
151236
142600
140427
149454
161414
37832
150139
138237
137484
148208
135951
138863
137488
138934
135356
140318
134741
136334
142164
144296
144117
140744
142324
133342
136512
138849
138420
139607
135278
152100
137440
141464
133624
141330
131691
139396
144608
147784
139636
132255
146068
137194
144115
141348
139882
142350
142660
149014
144958
139648
137619
139106
139213
138707
145392
151469
139466
141031
134913
137794
141764
148296
134688
142011
143324
132279
139249
139673
142747
137653
139968
145689
138446
137706
136883
132686
156281
138754
101290
132470
148570
142745
135692
147252
143772
145928
145432
147381
145931
139703
146498
151407
139320
154367
145812
143991
157193
141369
149200
148042
155964
139362
152225
153989
140008
150796
150085
149751
143559
148356
148222
140222
155124
146464
142323
151220
154181
145157
139525
151076
148356
148435
145024
150737
148874
143700
148422
144159
149480
146263
153645
145240
148716
144980
150045
151502
154864
149060
146603
148084
158660
146745
136416
146472
150256
144911
144515
152173
148264
144999
150123
150321
143893
130072
123307
106939
114148
99692
120876
134369
123682
127360
134707
150890
139918
140528
134924
141579
135041
135937
137616
135340
142737
134781
144072
140714
135384
133270
133168
136433
134876
138148
139612
137246
146612
137015
130216
110257
124160
113053
112564
117182
271
157272
151762
135039
144356
138928
154230
128834
154245
155880
146660
148056
146150
155736
152748
151332
152024
136694
152276
136998
153619
138380
151445
152607
152212
132268
154816
140759
151633
144444
143668
157272
127216
136615
156267
147636
152057
136310
152406
154843
148721
141328
151332
148701
128222
142730
139004
150270
144430
146851
147528
139776
147249
140664
137808
136587
139799
151979
136466
137193
151804
141976
134245
158932
150331
124295
137748
149749
139752
146588
151522
139552
150956
135610
134281
158130
151160
131172
131412
140259
141469
147263
142094
146928
140492
120954
133790
151424
140341
144604
143908
143904
146132
150222
148824
149078
142516
141621
157213
149569
138938
152615
154551
146096
152592
149924
148329
147154
142400
134448
157276
144304
145589
145326
139242
138829
143475
148840
154530
153337
133017
148216
150393
143437
129310
149091
155442
132344
147995
154482
141431
146532
148064
143817
133344
158572
141873
143654
140008
151040
132477
137393
137948
154000
146122
139270
137778
153465
136128
138059
148608
143088
150987
156128
141505
152946
129706
149324
148621
142766
145373
150893
153774
149556
142433
149836
136790
146000
140337
153377
138880
150354
147860
149532
141164
145744
160297
130201
159829
130748
151766
145884
151556
138044
131462
161432
136734
145408
144336
138697
132953
145382
147270
138880
138160
149154
143197
138030
137139
143763
138412
144125
152011
150006
148240
147573
131959
137425
135652
141146
151054
38073
141003
158443
140627
154723
148344
154036
157968
132949
159352
151585
153626
136656
148954
139347
141862
151043
147064
155028
141302
160276
153136
148550
140684
154509
156661
151142
149982
143987
154052
146662
154034
144526
147055
151925
128394
75268
132916
142671
144204
161588
122272
158380
129501
149880
155119
126489
160111
132088
153930
160474
133865
141532
156111
144740
161095
120989
162338
128476
153445
149226
127100
162649
150543
135333
11809
139094
153270
145925
143328
157661
150246
137451
156631
133937
128960
150719
144100
149778
134221
145512
135175
161353
137328
151682
145597
144236
124053
151804
153448
135921
132017
152119
154124
128360
153220
140032
149573
150911
144148
154292
127592
162047
120152
138079
160516
150084
135669
157841
149884
146362
142840
146166
140215
135126
113304
135800
134340
152895
140798
147620
139367
134579
144074
152055
146207
132730
152494
134436
134723
140659
153862
136837
130323
147818
130896
140264
145688
154162
139477
138083
139666
139536
149806
154956
138359
153837
151920
137521
132699
136862
145456
135266
143500
133481
148351
140803
154584
140122
143665
124076
138808
135560
159076
57297
140905
155156
139024
135184
129626
153126
123532
135774
157905
133323
143477
157030
147268
147590
146503
141167
129164
156812
151005
139280
156467
148678
139152
124171
152372
143848
139541
142364
151721
140790
158753
142703
155125
131599
147778
147405
132437
147680
142803
156413
137156
144719
147026
141271
149328
143325
141577
153124
139176
143637
155556
139256
131693
153842
145879
152485
146884
148109
150068
133580
135958
143619
131991
139118
140277
148240
144953
149984
138604
147989
139348
122757
142704
160440
141639
152680
125254
149565
131632
157874
135115
126741
155468
136019
148767
146888
141369
149147
146960
155580
142920
143689
150140
152409
151512
141223
154357
137600
149191
149405
133260
151766
149188
147368
147108
156242
142400
141356
153756
149061
144799
148592
139726
141728
139838
141049
151017
145854
140390
137046
160432
138961
142706
157100
140608
138031
149901
139002
151424
131976
147246
137502
146472
152541
139608
155127
137496
146335
138288
153412
132415
137847
150312
147309
139685
152557
38728
145252
133160
161348
148596
137264
153490
147761
136412
152269
151700
144141
150664
142420
143564
153789
142126
151423
144598
135875
145669
163550
130404
135652
151120
150339
148122
151005
138715
142552
133276
150040
142629
140200
138012
146712
145459
136420
143349
148464
148551
155835
144933
152712
139325
151516
144145
152419
144017
155350
122685
93685
128223
141253
144738
136816
141552
129860
155647
139688
147792
145935
146520
143799
147001
149582
135500
146694
142009
150676
148820
156676
142063
140146
156949
148481
148339
136608
156385
127124
143669
152388
148764
143556
145539
147924
146259
153051
148982
135768
134620
147177
147518
146524
140349
148952
135718
139706
151386
138698
148521
144718
148114
156768
136472
145900
136236
136872
158806
144792
152068
142903
151803
126698
134612
155190
153036
146940
136895
143848
137384
150559
149310
142092
149236
146589
148547
132636
147814
131675
154923
140073
152368
150664
139800
143987
141238
140674
138677
154780
143017
59320
147415
153160
157137
134895
146528
151624
152548
145649
142442
159890
143089
148686
135017
158399
150471
138340
137407
140084
148339
77119
139448
150876
142442
139638
129912
139168
148776
137102
137891
139915
138307
147209
150987
139423
138915
143960
147122
124593
151507
137524
141337
149826
151181
122426
130532
140566
130681
133159
138173
140864
155744
139423
133995
122634
122108
128171
157186
124487
126245
18324
133096
140821
141611
139685
135863
146321
149588
154019
140868
146900
146894
143557
149229
153741
136472
138892
151080
142318
150369
131652
148599
149204
144528
143227
142562
105976
150616
139224
83482
141168
156925
153796
141552
126240
140490
158641
142172
152178
134148
132615
157928
71018
135493
116391
133229
129878
134648
133394
135957
131648
138237
146583
144804
143748
134571
146478
132795
133513
136296
146966
132441
125688
141788
133116
133508
129844
139619
129129
142300
129136
134164
146133
137924
139556
139104
132801
131804
132716
136442
141432
133653
122773
111283
121385
131576
147454
139589
132655
137952
147379
149208
153187
140835
136492
141024
124845
117363
119870
138154
154000
143001
131757
142667
144638
145962
146787
142448
139875
126075
139742
136014
146255
140244
136311
150733
138818
144430
148627
142545
148744
151420
135257
150590
147484
149887
133419
143915
129833
135204
143482
139797
146228
141626
151936
156623
134894
144048
137644
133949
125791
131556
142608
145695
147656
126020
130629
127997
147473
136333
139298
143764
144504
146874
138003
131031
138700
138005
134975
140681
137300
43000
142863
146394
134704
147694
129261
124620
136452
145644
137633
137956
125709
136669
127899
125544
154044
123456
141856
126648
153481
142340
147919
136358
137526
131368
155172
150022
155738
133557
125729
115852
134743
140150
137161
131800
136265
136748
153832
124556
139021
137720
130502
146832
140300
142927
147604
156064
157549
139068
138860
121028
130313
143900
137314
136404
140880
140296
145646
138652
135876
139115
139967
133935
139538
139060
159723
155263
132556
147181
146557
155206
136536
145148
142110
154544
132792
152108
145982
128660
122000
131105
140213
154983
134821
149068
131677
132904
140728
152284
153080
146557
128416
131582
87104
144624
139484
143239
141752
140036
141202
139346
148517
140037
143343
137544
147366
141959
153910
138741
150149
136067
151393
160006
139662
148048
139702
150956
150153
149599
139008
135664
144804
146996
147536
146808
148988
156243
141660
146312
138557
156190
141422
157966
143467
156541
143733
154001
144794
153396
150616
143416
139476
150000
151581
152216
138989
146816
155948
152243
143864
149325
140005
142876
130558
146313
145429
146844
145264
145619
149432
156020
143540
137800
155072
142760
157893
144869
142046
140068
149780
144969
134714
143882
150171
150285
150612
141052
158352
148108
137024
139322
157100
152353
135563
149939
144520
141172
144109
149516
139705
146352
154476
131369
148728
152328
143347
156932
138412
143588
142837
129328
150169
139796
129300
149356
151148
141780
146673
145534
155752
144025
146251
152262
139840
139626
153798
149119
156960
142625
149946
144140
154252
138690
143192
143900
152536
147674
137232
162590
134365
136861
157263
142806
137976
150688
154340
142129
141144
158444
145076
153012
137020
135580
147939
140027
131336
154238
126712
19444
5520
135046
144041
149040
125662
131196
144396
129183
145392
129799
151136
151769
127487
161438
132267
152620
154152
145561
119940
140491
141608
25536
150037
126376
135973
131580
143080
121880
144230
141980
133359
158996
140935
138332
138932
151333
133043
122344
136276
133772
149133
136680
146713
148289
130420
126897
130532
129506
141439
140112
145982
142493
139551
142066
139980
121868
138763
124857
136908
132125
137223
124946
129010
136708
132266
140317
140231
140028
139974
143424
138650
123709
105184
107148
135965
139664
147114
139627
136665
139812
142958
139712
147534
137604
145932
159028
146301
148912
131784
29988
134520
161872
128084
155289
153914
128652
163104
151836
133108
147825
130343
133039
136260
145656
155904
134814
138856
160125
125385
146884
136388
138082
121177
141676
142195
139622
121880
115625
150063
143582
157593
150488
128923
135796
146456
157643
148884
129891
132087
151324
122643
138608
156320
130446
146007
127893
156064
140343
138536
144108
142052
116214
149422
144671
135929
127344
148697
146788
133507
131812
142675
143644
143067
134238
154083
153880
140848
135821
158095
124484
149595
133224
126712
142573
125621
145976
139928
134940
138478
159162
144920
137032
113838
130584
155880
142335
151980
120580
157895
129804
136894
144028
146200
150252
154424
129796
151046
127972
127100
140307
155107
139688
141472
133264
146124
142400
144836
151092
139198
136839
152564
135388
122883
155668
129194
150802
133818
137194
124817
147961
136764
114881
47338
121263
159225
139284
93600
135459
143880
139636
116640
119895
120145
103776
89101
117327
141555
143209
145963
143048
136512
147292
157394
135840
149055
139914
136625
147713
141739
143087
142324
143392
151910
142276
146129
138348
127530
150054
133872
146305
142914
135812
142806
136080
139596
130324
144420
138769
137808
137086
130372
140969
151160
133579
133969
134719
146661
145883
47310
128257
136476
138921
147849
143152
124615
143550
138226
160182
117452
136465
149813
129740
153319
126156
150762
126579
134128
121797
130152
144502
141716
139584
20145
133217
86304
89225
149930
154551
137348
150641
130640
132813
140656
129327
136924
151267
144784
145998
139289
146576
163498
137117
153384
131706
120392
150425
142940
130892
149924
139926
158916
143666
139663
141020
152060
150708
147492
152907
134963
129352
123370
142963
144880
158077
148055
150250
125910
130112
161992
145911
127574
139660
130737
125072
144253
140408
128428
130065
121305
374
139126
137033
152893
153853
151000
157666
141594
154558
127715
16739
142641
157530
156301
146739
133674
151002
141672
159306
142894
137084
123116
141152
159148
149256
153817
149508
138560
149911
129592
156918
153840
135008
151714
135386
145932
136939
152596
146780
153612
150980
121012
133853
139400
152853
156029
147150
138680
125592
131607
138689
140881
144086
145015
149053
141555
140450
127920
153824
117988
131839
153236
153180
133456
128519
145621
143672
145428
157848
137174
126668
139112
146660
154508
143913
139894
143133
157615
141442
125470
136902
132417
142923
152452
145742
158252
112919
151250
149008
112626
138016
146835
152100
147018
154728
153640
135478
143937
135980
139333
149920
126361
134043
139192
123853
146960
147988
155526
122956
157540
150700
141988
133000
152220
147936
117202
132796
141428
145650
134344
132845
139802
142080
132027
137210
134811
146721
154465
140062
140653
136892
148946
145204
129054
132708
143379
153108
151701
131216
133932
151060
157776
143632
143070
142081
150061
134347
142108
138123
64704
15976
149635
155811
131840
149832
136171
137107
146184
151096
127319
155494
148404
143215
130477
122354
150900
150136
150614
139665
112678
138850
140660
141722
145249
154832
136590
121344
139272
140008
144925
156964
133146
140307
150647
149144
155000
149917
148077
147525
151057
144333
142768
145532
140750
139250
151947
145273
139503
142545
141713
145343
145870
141398
138496
149273
143713
142404
152100
140648
137494
142224
149911
138345
148020
150204
144660
145281
148654
142307
146228
148500
150131
144625
151689
142609
142345
144147
151002
145210
140299
153130
136179
140742
140109
143971
132892
146363
156814
139141
138686
146763
150815
151994
135674
145017
152293
148523
152959
150587
141899
147408
150742
149480
145668
138614
151591
143004
147447
147318
144118
150868
148750
146639
138496
151981
137183
155728
147009
139108
145690
144818
134926
156412
146924
133455
148853
144632
135629
148178
148100
142624
145775
133562
152309
150910
140943
139468
140705
146987
143338
146889
143321
147132
151259
147771
146490
140175
138046
150556
134688
144403
148552
142369
142277
153692
138940
147628
144524
159408
148294
150574
137689
132935
146506
149867
140769
151745
141140
161717
124535
143094
136432
139835
133346
137213
147894
153294
146778
143497
156548
147333
149720
147115
138634
138568
131604
140850
133144
137960
149768
143784
148600
132102
129948
139461
137278
139971
142863
140880
148272
142685
143525
139864
139901
144752
63911
127548
150244
141470
139472
150957
143504
122868
141507
146976
142928
159991
134638
130637
148966
150466
155520
132096
144336
146415
127524
149372
144772
130644
143411
144476
130794
147486
152593
161912
143259
134444
112160
147778
143315
140435
145726
149148
139695
157817
147353
142581
164741
131680
139500
151810
139389
156338
145046
130744
140769
16555
751
131581
122488
132180
142092
145724
142796
155325
137584
158456
132781
145108
155774
146032
145793
132002
142258
133716
155439
153489
148221
154086
145288
149875
142944
157301
142587
129840
137943
154588
153120
127044
127901
121904
107890
120546
154210
140913
133767
156263
148084
151386
156413
149682
135834
148847
108936
142612
162790
120908
123093
140818
149334
148128
145799
157328
150989
149048
135407
133016
136704
132064
139151
157177
146188
156888
135464
155415
144559
147576
159443
152590
146576
151895
151307
145002
135471
139230
129552
135030
131695
147593
146424
162654
128209
156951
156568
151712
130980
145826
126799
141724
152511
146934
150712
158240
132192
131942
47144
40772
14523
116303
135768
95259
147349
151368
138742
152090
143112
135160
132589
140755
149394
156184
20667
156369
162656
118557
147102
146455
110191
136118
143000
93912
45461
116521
103529
25730
126984
139600
147286
147206
118746
111331
145516
155852
124921
146092
138681
143157
136157
146127
132438
140404
140864
138261
142136
145645
140473
123031
133154
136496
141250
141354
143839
130817
149564
126015
135096
138188
134516
147978
138957
134854
134219
141517
147010
142657
160657
126726
133417
131313
133597
132307
144556
153660
124284
129716
125734
148771
155588
124042
115444
145724
132628
139415
142068
145896
156920
45284
134366
125165
116939
126022
117360
119089
117151
145886
135854
118300
132818
134844
135813
125164
130836
125265
146564
122982
140398
108920
137815
119045
118967
139168
114811
136441
130331
134263
139017
140542
145684
127777
131137
111318
123337
118648
122053
146915
127754
140082
134462
138980
134558
134303
139406
134857
134989
115124
131956
119881
145401
129659
127369
148607
124945
128936
128983
135491
131336
137349
135388
134930
139260
131648
132289
143728
149833
122030
132605
150676
124897
131928
134770
124295
151403
135817
130467
104693
121600
140126
130452
140586
131912
140466
154943
132180
136726
141314
142450
144519
130515
145493
149764
126139
129262
133628
127970
106616
102588
136651
134609
113336
66629
105357
154414
147744
145800
139570
148433
161104
145267
154424
155696
141017
123432
139022
149491
138026
158461
147297
157075
139616
150176
138739
154559
130336
136557
141559
129224
142455
138504
131276
142146
121196
100642
131522
143498
132976
154979
157501
135400
157513
85261
116341
108174
120554
112860
118775
142871
150566
142818
130792
155075
131707
149208
155116
122057
161632
145364
142947
115516
152852
124327
134716
140455
162181
150928
137576
149964
130788
147737
127984
126491
131012
42474
42660
52174
33617
44452
54984
61489
117931
152098
149154
147783
152352
136581
157915
139904
160267
150072
128004
139781
157754
134152
140846
153634
44133
42822
80348
65836
76823
113244
104095
57013
70638
149648
153323
151185
130401
155714
130219
148878
136515
12027
14605
136427
139252
146006
125041
137657
123007
136096
130404
126604
143224
144598
154622
151264
134040
137048
145676
144649
159900
133312
101705
64308
59632
28008
133323
141944
147863
139051
143282
142171
140997
151121
137970
160070
129423
153275
124802
152798
126888
136649
145260
140583
138442
138055
140672
147054
137464
23472
146268
131412
146025
158491
139401
137161
153626
146024
135563
129062
149884
155993
136942
152006
154858
134829
135153
148046
161738
148098
147336
134349
151265
153108
147641
158660
149546
146254
147384
163055
125356
138787
147084
148905
137768
153100
154833
154770
149224
134544
150400
153995
149579
152608
143746
152695
142687
136832
151595
161772
129561
134800
134691
163863
147176
121563
136930
151084
160896
139843
149855
155804
144607
160473
146752
158194
127274
150908
146060
131432
157643
137709
132153
150290
137524
138385
143832
1088
145493
142381
158386
149992
138003
158424
130093
155237
155451
126191
125006
131831
159567
140453
152624
129675
140443
143935
135981
148758
145913
156462
143371
128509
134538
157128
122388
144583
146568
148012
143954
153748
121921
151521
147689
139118
153006
147155
147276
136810
157685
138550
159732
151100
118992
145906
125137
152483
135034
142691
143173
124664
136670
151066
145241
156596
143453
155090
148216
151316
149319
152900
142766
154284
137120
151015
124534
134472
136438
133384
153684
139827
154986
132328
153674
147069
142971
156902
138567
144638
154809
137568
126142
161452
135793
142328
139568
136167
150609
140976
142523
151518
146568
142122
139804
150104
130667
119649
147036
146790
158363
127350
138844
146310
158501
149680
153935
136576
148216
138800
150458
159819
141828
143415
143055
142431
144460
141970
139908
159536
122453
137959
157358
155588
152514
126493
137692
124409
129752
137750
148953
122500
144792
142270
137916
123201
163627
134982
148317
141580
148106
136194
146704
138434
137224
153645
146301
140772
144081
145681
156223
140980
151778
145808
148388
143581
152899
138180
148619
141869
146283
144452
148301
139338
146183
151276
112540
126356
144420
140618
130092
122408
59596
12511
127951
139496
141199
148387
156556
72455
141044
141077
148584
131974
128952
142499
142135
134168
141399
137523
138926
136609
129174
129342
135565
135520
146600
148002
147868
138788
147119
153212
140166
155439
144072
125958
130416
128140
149201
154813
124403
125712
157760
121763
144608
129508
128441
134279
134202
160734
129580
129675
150359
136658
138041
143712
136131
128894
141720
135510
138953
133515
133061
143243
146873
118448
145167
143005
134572
136037
141373
135515
107402
1173
148563
140004
145241
134838
133801
142677
146159
147788
149118
142494
151916
149420
140047
147822
144815
146247
152880
144449
147095
149638
151355
151928
156952
136007
140285
143592
135339
131911
151784
142976
154663
146114
132624
143172
144165
150379
135251
145142
143759
140417
149936
147767
141048
151616
141012
146164
148142
148244
141204
154858
151205
148456
134860
148600
149823
150551
153373
141382
142028
136376
151165
141904
138765
144106
139159
151104
155797
141205
136759
148515
146928
141561
150776
145720
133101
151978
137506
153476
155420
135444
147042
143743
157565
144492
145666
144967
144920
141079
159156
148570
148704
152038
136257
133900
138008
135061
139544
115784
146911
144288
151347
131122
157542
146779
144168
138780
137885
133880
130884
147076
131004
134533
149164
153267
140055
148381
137492
140909
152836
148277
148123
134162
142525
152078
141800
143350
137141
146986
147909
150448
149084
149565
146116
144544
144728
149328
150812
151656
137349
143403
153507
140343
153419
141125
153934
140660
140624
143071
140539
156660
142059
152072
151816
142549
138399
138530
137829
147992
151244
148499
156924
139546
158293
133271
147995
141190
143244
144664
158752
144476
148595
145377
135642
126580
141677
140364
150936
143635
150281
145073
139523
152148
143756
144045
148180
148349
155313
136504
146916
140664
154177
142288
136515
144704
151531
139402
153460
150741
138232
144930
149551
133745
132440
118727
133378
128448
138703
149522
132351
149391
147407
152292
152348
138746
152593
147164
140180
147008
141500
139556
153965
141520
137608
148858
136055
154437
130528
128880
138660
153185
114015
120861
115849
135020
139696
160587
141596
139840
129647
157847
144702
152896
139530
137052
144676
164781
142546
144220
138833
143666
150676
151237
140589
149348
132834
140242
165324
118848
150309
147812
146789
137281
153644
137921
139263
138716
157577
142961
157128
134473
130951
156132
133952
150504
154352
128648
127865
129408
144154
138732
143824
133490
138557
138549
154709
155325
148108
158725
131188
156012
145357
138824
147230
139003
139369
151744
144985
143805
151033
139448
158061
127310
130976
131194
140766
133165
120683
14639
136114
120988
106067
48919
141196
162232
145442
153794
146744
148484
129215
158690
138100
138308
156193
122782
153243
159388
107921
125246
127441
141898
158948
149510
147077
163005
142621
147127
141916
138424
156087
148085
146614
136129
147142
136513
146526
134433
144712
155459
148055
155275
148499
114981
127448
131860
144751
148307
156532
136920
146620
131487
146571
144827
155396
146315
140471
141342
141251
161187
139297
152533
126120
140334
131908
149451
136560
139289
148960
137311
149518
166401
133476
132656
148803
129488
129197
143796
141548
154352
131560
158821
128828
135765
159819
153897
152908
152796
143315
149769
144274
134302
136976
134408
138659
152466
136812
153979
149892
148082
145695
137690
151792
142908
161620
140658
152543
149597
146833
120756
116426
18770
139395
138967
136696
159646
136290
138348
135198
149622
151391
134703
136170
143172
142395
150176
140546
143971
146933
131629
144664
132491
147615
153973
147297
134056
152275
146922
122457
161796
148803
141940
137698
146503
139644
132432
121211
144952
129452
143400
146732
150097
146926
142164
156055
149510
142477
131260
141305
692
131271
139626
139246
137258
139788
135086
142596
141272
148084
149994
150308
145406
151684
150164
142193
144158
149932
158417
139921
127368
125318
141753
147433
145271
154546
149719
153394
126117
127594
141653
150460
137972
132458
143872
143111
149059
155459
148490
149900
160680
123546
137113
141122
141549
142302
130868
127470
138286
133173
154753
152636
149202
137976
128456
123040
133164
137068
149105
69728
133668
152992
140162
135991
149543
147432
146722
130876
148291
147268
149278
157522
140547
132820
141315
141698
152092
146449
138528
160662
152242
147667
150118
155004
135609
160220
139039
124098
156573
155156
137140
154834
145159
162722
139948
151393
156945
143923
149627
157308
147136
153059
152001
145520
154533
148123
151484
137461
148575
154576
135343
144876
149514
155659
144066
147232
155906
151048
138070
148393
159471
134387
154602
151665
157897
135591
146730
161902
140031
141497
155229
152595
118625
124235
150286
148789
136746
129515
142960
135726
140636
136547
149358
160348
139116
148292
149153
141640
141844
146609
140860
147040
143963
137517
134313
128524
147306
136949
126997
147659
119422
126046
145645
151512
139784
128980
154834
153514
141036
147354
146753
138670
137224
133531
150166
137265
135946
103485
11175
4980
116579
133773
161299
132204
126804
157424
149239
138156
125029
145985
130055
142632
125513
133066
136852
117924
143699
132964
137724
129636
137342
129941
135844
133909
145103
134627
144478
144112
144289
133534
145361
146263
118544
145048
133588
135421
129454
149772
144941
144364
150320
142336
142026
135566
144036
139563
146115
145117
131704
133818
150397
105800
5351
6254
130077
137280
145954
149212
133410
161480
141463
138059
147187
146136
147966
150867
159608
119670
167024
142053
121218
139693
150627
146749
154698
136056
139519
146262
153741
145641
134784
161640
131233
145028
160132
131460
155742
138088
151930
153282
143404
154540
144807
134089
129096
129620
139974
158147
118152
150589
158874
150109
139822
134312
147433
146756
137116
152848
139936
106503
1456
133382
149644
147105
145324
130647
123940
118107
120784
133624
130306
126317
142212
142658
151660
122312
137844
140763
144788
145727
137040
147733
130950
156216
135797
130995
142803
145251
139837
140096
139922
145835
140291
143315
126803
144822
140356
139932
139136
120517
125728
141996
140308
148259
149636
129991
155358
150306
119165
95335
19616
153297
137652
150944
125833
150425
149601
152564
151409
135887
151939
128758
158111
146664
155381
147968
142058
144012
141032
140100
152164
154033
146121
144533
155832
145905
144095
138984
132306
155800
152348
135413
139878
156548
136518
39865
9800
7754
141684
139000
157706
138260
156444
144791
150236
140977
143260
149760
158402
134806
136162
131460
144439
146678
147700
144930
143138
150276
156868
137184
141624
149941
151108
138814
133575
152757
147786
138032
144814
135371
153848
143082
144034
134468
142502
139651
153771
139101
131751
136172
142590
151317
148259
140152
127836
148572
131653
132238
94928
125063
146660
144304
139750
125881
131110
133136
124469
131574
130116
151120
141634
145974
114852
137170
141537
130346
138968
131248
143587
132337
136718
139708
139737
149254
149764
145716
141524
140224
130960
148637
133102
151042
125464
146703
138000
139102
146123
147820
132957
132370
148673
142898
126323
123118
137124
144875
153995
127725
116682
7286
479
144345
139368
135667
158692
123140
158086
130369
121036
131530
144582
138792
154535
144239
137977
146722
141780
128303
151993
127637
150204
142776
133189
128313
144801
136393
125938
154357
140981
162620
135052
156459
125736
157828
142577
142190
153185
141736
154656
146692
138604
155859
136453
131736
147936
146289
149573
127857
155273
15824
133169
153261
153529
147910
155335
149946
149606
148053
154676
130752
144252
134849
144539
157587
136213
142222
125715
145386
148795
133641
153222
150449
144348
142458
147380
146657
137886
137465
131045
148609
150948
146542
122335
155026
138741
156588
137605
145140
124295
159324
142396
156220
126365
157842
144055
163596
140373
148956
143686
146374
156590
136564
141044
157129
154597
131837
124414
147571
143632
139823
135525
145866
147261
147120
150344
133156
129156
154989
140562
136041
155080
123713
139127
149348
128572
157613
147463
134333
147691
143337
141216
164767
119075
152043
140106
93832
126753
150119
146316
154980
144232
148183
150523
137400
139916
136548
157340
132038
150696
151498
138501
135088
146155
126858
146398
151972
117966
132183
157331
139036
129932
141397
149205
155297
146302
144651
158980
140144
143232
138487
151292
151760
138576
155526
138964
133483
148024
141603
136612
141324
155552
137170
157243
143235
120757
149030
151796
154967
137544
93408
125629
139405
141801
134583
144924
129248
132421
154693
141940
152368
138318
153922
134839
147119
142886
146150
146993
138649
121941
153442
129712
129448
147989
146620
135132
160304
135683
148132
139066
131304
141245
158436
124788
146162
153496
146011
133609
147332
138641
143596
137411
152521
126467
146852
152348
146514
153295
131204
149635
147393
138792
144699
150477
122085
149231
119764
135001
128469
146826
146517
135867
147048
138641
140840
116135
14815
146676
146999
119730
144904
156639
132390
145832
159322
147095
137597
162838
144045
140981
149089
148863
133995
144991
151895
146196
159727
130150
148128
133690
157368
137709
151105
154164
143341
149532
145987
151846
134767
145005
145629
153788
154053
138259
155233
148004
144360
149296
136708
133255
148597
142511
152832
139444
154665
137735
149789
163280
144094
150048
140951
149826
153552
145449
151463
151296
142972
131896
80332
90394
76059
75184
74917
86475
87344
74808
85292
86596
88598
74840
85274
86664
88978
75133
85014
74708
89427
74848
85450
74652
88620
75145
85531
86809
89285
74943
85325
86856
89187
75067
84639
86774
88461
27362
111419
159568
153622
157064
127373
150878
148439
157828
127860
144253
139791
142934
145287
145146
149416
141177
146354
148914
148033
139987
152449
143850
145185
155456
141188
142809
138785
137719
118989
141953
135844
155943
130051
134418
137072
139504
143840
147560
140852
136991
126543
138468
130752
155976
153937
151081
149360
151021
141688
146416
149256
145243
133644
74247
843
121041
140746
151532
141800
143163
145626
149452
149471
148854
139140
144385
148376
143845
142178
148207
149905
132198
150541
150505
144597
128206
131496
143791
138736
151593
142304
141478
151644
156056
129257
141536
142770
134440
149612
146160
144254
149129
139079
141204
133058
133412
140850
144257
110557
126536
147209
134916
148779
119074
139489
139480
125416
136214
145112
146689
143533
137194
149096
110570
142000
147395
135474
133824
135812
126300
153869
149959
135224
147951
148784
153281
136994
139081
133260
140056
144216
141873
136132
135815
137005
157655
138227
146385
142437
154947
128169
150233
136091
127825
137204
131668
148321
138774
131252
115857
122692
149600
130734
138580
125114
132624
147711
155800
133920
132993
150773
145724
130851
140797
124975
142344
145202
149016
140364
142156
115774
142259
152574
136736
150292
150420
151734
159562
146516
139056
146981
163932
135201
137516
145290
141330
152574
155674
137073
147031
141930
133152
144826
146798
157034
152100
140576
124362
149611
129885
147244
148242
148505
143052
157080
145519
157272
136646
141914
134004
136142
119735
115352
157875
149483
151572
149223
137235
142597
145381
147888
147076
151981
144936
127580
133851
140709
127942
150076
133708
149972
150644
159140
149663
138366
130993
145226
134953
138129
131996
149106
135948
163928
141804
153297
147808
150647
155729
149109
143508
150459
130270
150431
142090
143663
145964
138208
150034
152973
131733
146748
135356
149406
132252
134061
54398
128644
147821
145943
155524
143562
147622
137336
148388
122989
130524
142058
145001
140928
152753
136776
140589
146093
136121
135452
156731
124236
158709
137654
135765
135320
147256
123370
151797
154440
132919
160192
147778
133936
135819
152861
146128
141712
158348
120808
149637
144662
159720
138952
158137
132899
137897
137276
139991
146957
139564
158003
139824
46583
2899
