7348.665374029111	750	4.0	2.1451274043719923	450283	2145.1274043719923	0.13155878	0.2815071246790799
7349.231953219448	300	7.433420809663336	0.0	155580	566.5791903366634	0.004705182	0.41201365079927593
7351.615071801196	300	7.72271482091388	0.0	139857	710.7059887494568	0.004705182	0.8833206558018978
7355.764735600672	300	7.573051021437916	0.0	155432	2649.6637994759644	0.004705182	0.6709455991759332
7359.41939231949	300	7.918394302619079	0.0	163442	2154.656718818837	0.004705182	0.7630865026381095
7361.294802428084	300	7.844055808748264	0.0	126289	1074.338493870815	0.004705182	0.8619396091223126
7362.80081764271	300	7.6065839801968576	0.0	153295	1237.4718285514055	0.004705182	0.8163051748181394
7365.536884793946	300	7.622822178666294	0.0	173849	1483.7618015305623	0.004705182	0.7936811389407996
7367.37360247423	300	7.835615970427082	0.0	150710	1287.206208239213	0.004705182	0.8396107547067656
7369.31117660138	300	7.7165846524245625	0.0	139105	1119.0313180025187	0.004705182	0.8417312192492683
7372.273821034295	300	7.559533883490891	0.0	141840	1657.050768933672	0.004705182	0.768537915356317
7375.811949683653	300	7.613266309702003	0.0	156148	1446.267573788888	0.004705182	0.7962506802983464
7379.438127391178	300	7.987088602178175	0.0	160746	2126.177707523828	0.004705182	0.7744162203120198
7382.78093089872	300	7.964706244753994	0.0	179801	2022.3823574241812	0.004705182	0.7820321628445623
7385.238241463323	300	7.711261556561279	0.0	140051	1253.4446881927133	0.004705182	0.8276326294035885
7387.315467392212	300	7.669581592322502	0.0	138313	1041.679964238779	0.004705182	0.8436627969014885
7389.113644689473	300	7.958265844966432	0.0	143509	1211.3157473560693	0.004705182	0.8623436153723386
7390.878676255656	300	7.649180889277968	0.0	150616	1309.0849556884637	0.004705182	0.8144033839352667
7392.352882385546	300	7.7050511486300115	0.0	165384	1444.1297406479573	0.004705182	0.8077973132133853
7394.366573605741	300	7.95324370455325	0.0	140881	1251.8074440767614	0.004705182	0.8576743524186103
7396.428174595621	300	7.653385083372603	0.0	157671	1299.858621180646	0.004705182	0.8158451172714344
7398.155725259094	300	7.860480955036533	0.0	157812	1292.9041283360698	0.004705182	0.842111089901092
7401.012654095383	300	7.56933984260895	0.0	163927	1791.1411124275837	0.004705182	0.7563396415331294
7403.605856524417	300	7.585632423273979	0.0	137654	1483.70741933497	0.004705182	0.7890946869366624
7405.977657035929	300	7.634479700966515	0.0	146754	1451.152722307465	0.004705182	0.7983814234365288
7408.236361036378	300	7.630451638294737	0.0	153938	1004.0280626717768	0.004705182	0.8425965367983435
7410.370990585542	300	7.6854747992015415	0.0	181901	1444.9768390931954	0.004705182	0.8052954740651599
7412.080959418806	300	7.815316685154963	0.0	111155	870.1581140465792	0.004705182	0.8788091725510974
7414.153282818448	300	7.554060325942937	0.0	153605	1261.256359212026	0.004705182	0.807441525709857
7415.436828973351	300	7.8728207972056845	0.0	149029	1181.239528737253	0.004705182	0.8548011737735469
7417.674518895183	300	7.985129177873241	0.0	157421	1387.6916193324441	0.004705182	0.8480228952648291
7419.950917393053	300	7.556929128187464	0.0	157488	1428.2000496857775	0.004705182	0.7911013731621979
7422.774676744863	300	7.6941486378745285	0.0	143881	1362.7804903129374	0.004705182	0.8145860843928558
7426.503230736431	300	7.550361044339359	0.0	163444	2143.7875935351703	0.004724849	0.7187316449030727
7430.113984417845	300	7.802367469647892	0.0	179328	2247.993574691468	0.0047348617	0.7394267620825759
7433.507222423402	300	7.787128481732138	0.0	159914	2015.2389879157547	0.0047504753	0.7608206337776247
7436.278704493755	300	7.8553869028753525	0.0	131610	1431.7415788567848	0.0047685923	0.8275983724863047
7437.977138530379	300	7.97604016381104	0.0	124011	1379.346739064313	0.004800833	0.8477351453426427
7439.960286195657	300	7.729009979952381	0.0	144254	1747.0301838586586	0.004826815	0.780465511616953
7441.72154484778	300	7.526439418600851	0.0	149991	1702.5705613515313	0.0048634037	0.7598996992413938
7445.493391837655	300	7.514859959548807	0.0	147968	2011.5794590520431	0.004898049	0.7275690715164712
7448.098960492435	300	7.782209416570309	0.0	161857	2232.6505429784966	0.0050373795	0.7384721118881072
7451.993683125125	300	7.8163070751260255	0.0	145210	2965.902341444283	0.005322623	0.669357035155175
7457.49373605383	300	6.316254146421299	0.0	172312	5500.052928704727	0.0055437144	0.23072757247073183
7463.880709674933	300	4.0	0.07071947468202962	167025	6386.973621103329	0.005562691	-0.14395682606382126
7469.8839545880555	300	4.0	2.0032449131225922	160064	6003.244913122592	0.0054972637	-0.10558395526574754
7474.662126907023	300	4.0	0.7781723189672294	137507	4778.172318967229	0.006118942	0.01692330414978871
7477.900345956408	300	4.76178095061402	0.0	118421	3238.2190493859794	0.0069812187	0.2649771819862949

