3072.737374579428	750	4.0	4.146410706663652	450283	4146.4107066636525	0.115739495	-17.81908782302793
3073.857677081583	300	6.879697497844862	0.0	155580	1120.3025021551377	0.031177957	0.11619444418900902
3075.0122767853063	300	7.850754336222511	0.0	139857	1028.9431616223508	0.53975713	0.6687957200781505
3078.487323349071	750	7.601059239560553	0.0	382355	2749.6950966619597	0.7035096	0.04675588606752623
3081.789973397278	750	7.927410039608534	0.0	411561	3173.6491999520176	0.12791471	0.48577211703425816
3085.39252154048	750	7.98563631108524	0.0	318564	2441.773728523295	0.20427695	0.5645640100324052
3089.4276666985957	750	7.950491152969881	0.0	352642	4035.1451581153588	0.28503042	0.4018441050274513
3092.59486350009	300	7.709852586269477	0.0	173849	2740.638566700404	0.48336047	0.03406422345803989
3096.7726006959283	300	7.532115390431197	0.0	150710	4177.73719583828	0.0073693153	0.3232469502368116
3100.520188329778	300	7.78046926502221	0.0	139105	3251.646125408987	0.004705182	0.4397604044482252
3102.687283221976	300	7.784892568343979	0.0	141840	1995.5766966782303	0.004705182	0.565793095372984
3106.9481190145884	300	7.5240567757311	0.0	156148	2760.83579261288	0.004705182	0.4641614395903244
3109.8643859935564	300	7.997100237413237	0.0	160746	1526.9565383178633	0.004705182	0.6330803443631239
3112.885341814974	300	7.746277566079851	0.0	179801	1750.8226713333872	0.008863663	0.5865517593562632
3114.4338291275735	300	7.902100522971894	0.0	140051	1344.1770431079572	0.007697268	0.642214461686399
3115.6903084028754	300	7.676016053466737	0.0	138313	1226.0844695051555	0.020236405	0.6322628278290414
3119.018736411703	300	7.976999461501502	0.0	143509	2199.0165919652345	0.021088935	0.5639396161093588
3123.3051437024055	300	7.593501419681259	0.0	150616	3383.498041820243	0.008089114	0.40857934182770117
3125.621471551573	300	7.871792214888614	0.0	165384	2221.709204792646	0.004705182	0.5515440358721969
3127.292160650294	300	7.73875692096554	0.0	140881	1633.0352939230743	0.004705182	0.5976066263220168
3130.847737868172	300	7.864795285925944	0.0	157671	2373.961635039595	0.0072455592	0.5356453303564805
3134.7306670986954	300	7.981866055402283	0.0	157812	2882.929230523662	0.004991798	0.49601676753523394
3138.507335571051	300	7.500804149605023	0.0	163927	2481.0619057972594	0.004705182	0.4899007361607324
3142.1183850011307	300	7.889754719525262	0.0	137654	2111.049430079759	0.004705182	0.564338925153527
3147.041485767553	300	6.966653953103386	0.0	146754	4923.100766421876	0.004705182	0.19428427697729045
3151.498960999195	300	6.509178721460927	0.0	153938	4457.47523164246	0.004705182	0.196814311227687
3155.6762201476963	300	6.331919572959523	0.0	181901	4177.2591485014045	0.004705182	0.20777452184245981
3158.384296604292	300	7.623843116363681	0.0	111155	1708.0764565958398	0.004705182	0.5790419236870912
3161.9705026146294	300	7.657023930344873	0.0	153605	1966.8191860188092	0.004705182	0.5563613423996777
3164.9725847430645	300	7.72067623528674	0.0	149029	1936.347695058131	0.004705182	0.5655350993367156
3168.003716916383	300	7.612977446315808	0.0	157421	2107.698788970933	0.004705182	0.5380338571624214
3170.5345876581205	300	7.749258786620925	0.0	157488	1863.718659694883	0.004705182	0.575549106439186
3172.6549804793053	300	7.792638360049834	0.0	143881	1456.6204265710912	0.004705182	0.6204342637783566
3176.4434490490116	300	7.920290291503492	0.0	163444	1872.348068546342	0.004705182	0.5911481453648804
3179.453244425675	300	7.628452810751909	0.0	179328	2791.8374807515834	0.005103722	0.47110950967854603
3183.29766206147	300	7.784035174957075	0.0	159914	1844.417635794834	0.004705182	0.5808264763579232
3187.5241029469844	300	7.507002488553011	0.0	131610	1777.0326864040646	0.0049139876	0.5609002553801412
3190.5016681443844	300	7.80292401340853	0.0	124011	2204.078475144481	0.004705182	0.5466784649321818
3192.9545748438663	300	7.8132140102950105	0.0	144254	1489.7100031135192	0.004705182	0.619105736216006
3195.669180373994	300	7.932509679415376	0.0	149991	1880.7043308796347	0.0057900744	0.591488649326069
3198.029802755022	300	7.8441490025257385	0.0	147968	1088.360676889637	0.005719642	0.6622181975568627
3200.1036750946455	300	7.893343694282969	0.0	161857	1450.8053082427712	0.055715077	0.6307087803013367
3202.062802410823	300	7.56531354738439	0.0	145210	1328.0301468985783	0.038454175	0.6114130160667439
3203.9450395588487	300	7.544743538511364	0.0	172312	1520.5700088730264	0.05351606	0.5901791427659899
3206.265250518302	300	7.855471671360971	0.0	167025	1689.2718671503947	0.034528956	0.6032168984788626
3208.1978661069456	300	7.944633394690551	0.0	160064	1410.8382766704194	0.037567694	0.6396421763397657
3210.6328676157877	300	7.573021296255865	0.0	137507	1371.6120984346855	0.09416629	0.6077967006410603
3212.327789951919	300	7.952254847894106	0.0	118421	1120.7664483617589	0.04401729	0.6693829328408883

