4972.854229275898	750	4.0	2.2982937896467757	450283	2298.2937896467756	0.6983745	-9.687373388153672
4973.743264529498	300	7.11096474639953	0.0	155580	889.0352536004698	0.50676906	0.1615809087294509
4975.925669525311	750	7.963426679517237	0.0	350812	1647.5380668822925	0.70579004	0.19184987351576438
4979.458935761206	1850	7.539227035584154	0.0	933276	3424.199643933084	0.60461706	-0.6178111431964707
4982.503770922941	1850	7.511342769747789	0.0	996749	3027.8842658363656	0.017646886	0.5191365018324325
4985.7193498272	1850	7.88202875601776	0.0	801058	2629.3140137300284	0.0047399867	0.5946724812002406
4989.692203382911	1850	7.823734494976861	0.0	905515	3558.294261040899	0.004721631	0.49616356653982713
4994.79892069687	1850	6.717017181018714	0.0	1060487	5106.717313958147	0.008290575	0.23479844200964928
4997.7667104283355	1850	7.749227449552822	0.0	852833	2967.7897314658917	0.06614807	0.5480426303525148
5000.937570180548	1850	7.9533307053431965	0.0	913888	2795.8967442096246	0.005172313	0.5848771030971323
5004.307031082368	1850	7.621081801335244	0.0	939819	2832.2489040079518	0.0047105458	0.5492625465057079
5007.89186240587	1850	7.977272095589766	0.0	917428	3143.8097057454775	0.004705182	0.5523901933965171
5011.180422970338	1850	7.833502555484032	0.0	946851	3143.7695401057344	0.0047148364	0.538556225734957
5015.505139746391	1850	7.508785779431852	0.0	1036454	3824.7167760521806	0.004731643	0.4392071375407469
5019.4891725218395	1850	7.524753003983637	0.0	821631	3484.032775448214	0.005561671	0.47481240139934916
5022.805308753491	1850	7.953455195140232	0.0	923170	3071.2978088434056	0.011455634	0.5573489789204495
5026.329036345948	1850	7.559010696164381	0.0	966699	3394.44449897585	0.004774671	0.487068571471495
5029.533282477443	1850	7.671529115157889	0.0	885714	2887.4815810064924	0.005464782	0.548594891005663
5033.13768375451	1850	7.702710785268753	0.0	987708	3468.8183298891367	0.0047246106	0.4934624878666343
5036.33294820755	1850	7.722870065688357	0.0	923755	2979.840719580395	0.0055607	0.5443006029129658
5040.064468704372	1850	7.991349568865613	0.0	891604	3731.520496822745	0.004727591	0.4949740873448582
5044.1123362955	1850	7.9434819777376795	0.0	955231	3547.867591127934	0.0135563025	0.5087320670023372
5047.5801473132715	1850	7.916982303256507	0.0	968026	3026.4996744811733	0.010091736	0.5583182344027736
5051.625620921884	1850	7.871508694644474	0.0	874175	3545.4736086120342	0.00474535	0.5020439536588339
5055.662225909972	1850	7.834903706555864	0.0	897976	4036.604988088609	0.015094929	0.4494075433450444
5059.617872733003	1850	7.879256883524968	0.0	905935	3955.646823030896	0.20476893	0.4617724043424333
5065.356575006402	1850	6.140554610126435	0.0	1076599	5738.702273398532	0.34161267	0.11611475805741589
5067.401714267638	750	7.631854516768452	0.0	277716	1508.7000933579834	0.123332076	-0.47618053261586407
5070.578385814553	750	7.691738284250385	0.0	400396	2440.116232518067	0.03137113	0.5364417352275819
5074.166834716012	750	7.680791533719497	0.0	400508	3010.9467505308867	0.05488368	0.47830504604903706
5078.657156219321	750	7.190470030409753	0.0	358218	4490.321503309744	0.28488573	0.28317355997268506
5082.1633219801315	300	7.684304269599383	0.0	157488	2006.1657608103703	0.017384825	0.10505244907051814
5084.673066213655	300	7.506426826861396	0.0	143881	1177.8774427379858	0.004705182	0.6207603716442959
5088.310046903829	300	7.869446136687924	0.0	163444	2636.9806901734723	0.02273386	0.5097910745986131
5091.678088108782	300	7.724849265191138	0.0	179328	3144.596871496786	0.004705182	0.445111840639156
5094.2428801353435	300	7.529175404638072	0.0	159914	1695.6738605530666	0.004705182	0.5711703067383588
5096.762212475813	300	7.609068369907734	0.0	131610	1420.1070347303378	0.004705182	0.606416779468946
5100.725033894756	300	7.646246950964991	0.0	124011	1962.821418942744	0.004705182	0.5557238223993165
5103.301688064432	300	7.698943213968189	0.0	144254	2447.303736996802	0.004705182	0.5123476667488915
5106.9733748649105	300	7.652775015568012	0.0	149991	3546.1681984001766	0.004705182	0.398017478208647
5109.147337340301	300	7.708553083911967	0.0	147968	1444.2219316560445	0.004705182	0.6135808083602139
5112.11939665269	300	7.51739372808535	0.0	161857	1691.159355826618	0.004705182	0.5704877572401683
5113.6363882028845	300	7.5293478882687035	0.0	145210	988.0458398166462	0.004705182	0.6419497105605916
5115.463894340274	300	7.845067670262994	0.0	172312	1184.2802180057106	0.01264292	0.6527146662756218
5116.726517237249	300	7.8153692339677	0.0	167025	1029.6984362952926	0.026816921	0.665314335664657
5117.7280294061175	300	7.826075322373257	0.0	160064	989.2939115944428	0.08443013	0.6703852615045831
5118.600697110855	300	7.640850684641228	0.0	137507	685.2246377320298	0.2409804	0.68296410365642
5120.4232614162975	750	7.848290003422522	0.0	314107	1292.5606812187052	0.6826343	0.21626557407596841

