6964.311674185567	750	4.0	7.528019682657206	450283	7528.0196826572055	0.004705182	-32.69816731739956
6966.608028438638	300	5.7036457469296495	0.0	155580	2296.3542530703508	0.004705182	-0.11460706974875276
6968.613234110091	300	7.698440075476701	0.0	139857	2005.2056714529485	0.005261983	0.5565090456425683
6972.511078863835	300	7.80059532173235	0.0	155432	2397.844753744352	0.007512857	0.5270776978097512
6976.585851767534	300	7.725822418032702	0.0	163442	3074.772903699649	0.010958277	0.45218790450343227
6978.991484584464	300	7.999104579880152	0.0	126289	2226.7178381525496	0.007213648	0.5632971346562266
6983.108596524327	300	7.550006161337351	0.0	153295	2449.098418542801	0.0048512155	0.49783283532202005
6986.091381760753	300	7.987620294233952	0.0	173849	2062.3858671033986	0.0060589276	0.5786249560084142
6988.971826559444	300	7.9425974842006015	0.0	150710	1545.02281003335	0.007783161	0.626027764268237
6990.850194011506	300	7.791124838348087	0.0	139105	1651.4726458525147	0.03371772	0.6008033636389718
6993.191046195238	300	7.789146178186092	0.0	141840	1501.9786601619955	0.024232086	0.6155623138829526
6996.531585948231	300	7.568312996725508	0.0	156148	1720.8331814605847	0.041425616	0.5724214130726658
7000.0742037062555	300	7.676857417779174	0.0	160746	1891.4555789463348	0.028898481	0.5658066991713999
7003.177709039055	300	7.810685817068552	0.0	179801	2366.1716007106234	0.02507934	0.5312162349393016
7005.791536996574	300	7.997438666203227	0.0	140051	1813.2471508653248	0.013402102	0.6044838572701501
7009.841978161946	300	7.822508496394474	0.0	138313	2174.9301698087534	0.016777307	0.5514783245645847
7012.878688961783	300	7.731908684857215	0.0	143509	2090.5998115372586	0.008935676	0.5511910239284823
7016.685710171942	300	7.924887474697622	0.0	150616	2307.021210159594	0.007678314	0.5481233153937073
7020.435680027504	300	7.8864686079969974	0.0	165384	2038.4188667006233	0.005962084	0.5712856894628368
7023.838959987343	300	7.7506041225075295	0.0	140881	1635.8644854894683	0.0070771044	0.5984640139920823
7027.367984742045	300	7.709799477530689	0.0	157671	2040.8046449768408	0.009745628	0.5540425038529706
7030.410201568324	300	7.972801162204589	0.0	157812	1736.9983153261012	0.006600615	0.6097373526187617
7033.411732334771	300	7.899644972457401	0.0	163927	2073.1561897471865	0.009770714	0.5690801974503791
7035.962096804869	300	7.6986500019083834	0.0	137654	1700.9949705490178	0.0063191033	0.5869503213943832
7038.7913822351165	300	7.5386920413096865	0.0	146754	1659.957960598697	0.006944281	0.5756578840009533
7041.095987480379	300	7.916053167851947	0.0	153938	2122.6388734577404	0.0076002283	0.5657112368302717
7043.487033409776	300	7.911513374556036	0.0	181901	2004.539793295911	0.0052168192	0.5770841845002659
7045.59928938155	300	7.658638552219818	0.0	111155	1252.874822336218	0.0063004764	0.6279111879875758
7048.085260218651	300	7.770343622388402	0.0	153605	1888.294929831415	0.0068422463	0.5751209192118307
7051.885229151608	300	7.970374689430588	0.0	149029	2299.9689329578146	0.0055233724	0.5532067400495878
7053.905926413713	300	7.688848492991274	0.0	157421	1781.5261964393148	0.004705182	0.5779537922556653
7056.954730558269	300	7.6390319345464555	0.0	157488	1549.8165584448177	0.004705182	0.5963298547886658
7059.209565624707	300	7.546108241883021	0.0	143881	1592.9236926634348	0.005847239	0.5830751286621011
7062.913899335895	300	7.841774530694471	0.0	163444	1704.3337111885494	0.0053324467	0.600392348471745
7066.2578587612325	300	7.577917308007116	0.0	179328	1763.857222687355	0.005422651	0.5690434349995837
7069.387094169484	300	7.618350724206271	0.0	159914	1959.566583800844	0.0053639137	0.5533642618801515
7070.713913010227	300	7.899775692560839	0.0	131610	1218.5750316454328	0.004705182	0.6545508952214344
7072.9035913051475	300	7.804058463648462	0.0	124011	1095.7172289123773	0.006183096	0.6576237817007748
7074.270947894876	300	7.942360759288411	0.0	144254	1361.6977043600507	0.009894338	0.6443374897894559
7077.908157452731	300	7.6965854370462115	0.0	149991	2245.7753222422	0.00873942	0.5322735694734197
7081.325794656518	300	7.5434839294577705	0.0	147968	2153.101507588441	0.004705182	0.5268047540687476
7083.417123640712	300	7.805087318960308	0.0	161857	1238.396610497462	0.004705182	0.6434548720539053
7084.968366502618	300	7.760931983856326	0.0	145210	1044.1553351039815	0.0070650657	0.6586289976095736
7086.648445904385	300	7.9294361228730015	0.0	172312	1331.4958609833236	0.020119742	0.6461136629498955
7088.438715869014	300	7.963592867950773	0.0	167025	1465.843254922229	0.0233273	0.6359665497057039
7090.312791195608	300	7.533768550007139	0.0	160064	1429.8243179436333	0.009760822	0.5981973565441303
7094.140866184031	300	7.705693561583152	0.0	137507	2328.0749884239863	0.0070344224	0.5249202703577852
7096.331636698092	300	7.756471336590337	0.0	118421	1949.2222249928145	0.004705182	0.5676929661712602

