3438.0636145601825	750	4.0	3.5013497766476167	450283	3501.3497766476166	0.019491069	0.14588488745151745
3439.0318728504853	300	7.031741709697546	0.0	155580	968.258290302454	0.004705182	0.3222496541186421
3440.2949633490275	300	7.845000417606482	0.0	139857	686.7412920910647	0.004705182	0.9008159619625762
3441.2416957040014	300	7.56480889579016	0.0	155432	780.1915218163209	0.004705182	0.8568751559251038
3442.092479398621	300	7.787687484159329	0.0	163442	777.1214116308312	0.004705182	0.8847014125048943
3443.287027366484	300	7.597244608321715	0.0	126289	690.4428758376149	0.004705182	0.8698549199825457
3444.529398676767	300	7.993111446743158	0.0	153295	1104.1331615785575	0.004705182	0.8773643270436755
3446.045423514982	300	7.559218178287983	0.0	173849	1433.893268455175	0.004705182	0.7908146846789774
3448.213233608217	300	7.86137890700023	0.0	150710	1197.8392712877544	0.004705182	0.8517284474522143
3449.319293151187	300	7.953334474988663	0.0	139105	908.044432011566	0.004705182	0.8920618612243888
3450.7233084412396	300	7.540334404492062	0.0	141840	913.0000704966026	0.004705182	0.840572388809035
3452.490600495194	300	7.60719599204252	0.0	156148	933.1384124495412	0.004705182	0.8468140827013824
3455.1421563079284	300	7.873494939828082	0.0	160746	1733.7010522144376	0.004705182	0.7996382591047138
3458.231396592444	300	7.82780222072968	0.0	179801	2545.692719098403	0.004705182	0.7127973250019122
3461.0095959563055	300	7.540476326308024	0.0	140051	1287.3258944216554	0.004705182	0.803157329774572
3463.7006149608883	300	7.875403463336305	0.0	138313	1665.0728629717194	0.004705182	0.8067367270765969
3466.512101554969	300	7.572633232351742	0.0	143509	1802.7702309845617	0.004705182	0.755583370807582
3469.329674590349	300	7.563204958209473	0.0	150616	2009.428274142269	0.004705182	0.733753439451891
3470.601447066164	300	7.881391134271238	0.0	165384	1181.8138239382358	0.004705182	0.8558019401617022
3471.56673815284	300	7.588724859671296	0.0	140881	792.6662745999428	0.004705182	0.8585806304464265
3472.859828619477	300	7.563492080091008	0.0	157671	1025.232779580288	0.004705182	0.8322084403959228
3474.9258319887836	300	7.744419243715922	0.0	157812	819.0728363750849	0.004705182	0.8751638576324117
3476.8950471012563	300	7.508276915795156	0.0	163927	1236.142327920766	0.004705182	0.8042999636272644
3480.2613674523263	300	7.95665308008648	0.0	137654	2551.623835708675	0.004705182	0.7281136753729375
3481.9268495556908	300	7.62626039573492	0.0	146754	1330.3926843515592	0.004705182	0.8094425738957531
3483.083150312338	300	7.515654641117557	0.0	153938	1110.605754617363	0.004705182	0.8177645628130613
3485.2767765197873	300	7.696689114658009	0.0	181901	818.9655264595464	0.004705182	0.8692812583053132
3487.0086895035665	300	7.963062858263394	0.0	111155	733.6262563946136	0.004705182	0.910704860874548
3487.888194587213	300	7.6424537661320135	0.0	153605	820.6090921313802	0.004705182	0.8624203595305211
3488.6990657123533	300	7.991466184819634	0.0	149029	650.9875813123808	0.004705182	0.9224757414340323
3489.6002548617726	300	7.730813358523996	0.0	157421	760.6528262956368	0.004705182	0.8793259139744539
3490.763278015166	300	7.989570005389236	0.0	157488	741.2433531347608	0.0047109034	0.91321603935108
3492.0936873137307	300	7.910255217736192	0.0	143881	579.3147876530438	0.004762037	0.9196157473781988
3493.462982608459	300	7.641154868827856	0.0	163444	769.1003489083358	0.00495902	0.8674108565185401
3494.2049553212055	300	7.975265918864361	0.0	179328	665.8889499634953	0.005300086	0.9189853267484146
3495.515829668804	300	7.7478706929566465	0.0	159914	727.3952259077151	0.0059836786	0.8847577757177976
3496.434056502897	300	7.670496832255854	0.0	131610	577.3738607007922	0.0063899667	0.8902064136802545
3497.3975175983064	300	7.719192747247176	0.0	124011	451.30408500867844	0.00759383	0.9088259690043818
3498.303824892044	300	7.572117519578489	0.0	144254	647.075227668687	0.009725023	0.8710891950967552
3499.1622883818536	300	7.8375018267083325	0.0	149991	734.6156928701577	0.01101014	0.8951026565254173
3499.955254981394	300	7.747942511407646	0.0	147968	589.5593153006863	0.012845804	0.8985502343399983
3501.0487784450775	300	7.632884426685858	0.0	161857	615.058084721789	0.014163093	0.8817939156287017
3501.672189093262	300	7.660411777574416	0.0	145210	472.4726491114409	0.016337078	0.8994513138500054
3502.21029973811	300	7.761825373687276	0.0	172312	398.58640388714065	0.01885457	0.9193616690379927
3503.688240888704	750	7.847616994870437	0.0	398987	1414.208378816839	0.0259207	0.37967165615875076
3505.3494594985686	300	7.73887409532674	0.0	160064	608.7428995436959	0.060101062	0.44551218123884195
3505.9622416272978	300	7.783720776122424	0.0	137507	455.1533192043166	0.026412174	0.9164084447199
3507.325368060084	300	7.860971992991974	0.0	118421	422.7487831304486	0.031066544	0.9291872538171224

