13681.251420444263	750	4.0	4.997202366246414	450283	4997.202366246414	0.03509351	-0.0037003715083623323
13683.40478219455	300	5.846638249714482	0.0	155580	2153.3617502855177	0.030613972	0.05741231740585964
13686.522934308037	300	6.728486136226441	0.0	139857	3118.1521134880413	0.006941969	0.5198167261673217
13690.894551064413	300	6.35686937985117	0.0	155432	4371.6167563752715	0.005587235	0.34858603025189744
13695.322773555485	300	5.928646888778943	0.0	163442	4428.222491072226	0.0051070387	0.29005200683400006
13698.374130595515	300	6.877289848750208	0.0	126289	3051.3570400287354	0.005449774	0.5448693124856621
13701.49551076487	300	7.755909679394988	0.0	153295	2621.38016935522	0.0048015616	0.6963518704031507
13704.838429617095	300	7.555096673007367	0.0	173849	1700.8130063876204	0.0053834766	0.7636138207463564
13706.947583814976	300	7.916572487437436	0.0	150710	1638.5241855699305	0.0060322937	0.814474812958301
13708.608820442054	300	7.676269161001939	0.0	139105	1240.3033264354972	0.0064152675	0.8246261875766419
13710.189782559657	300	7.611254700072921	0.0	141840	1065.0144609290187	0.0069623697	0.8341276142962273
13712.073901434927	300	7.522169081224042	0.0	156148	1089.0856188488801	0.008341508	0.8207209267687239
13712.965638003865	300	7.788817444016288	0.0	160746	733.3516372077537	0.009524938	0.889217908251789
13714.205702200266	300	7.922977845080519	0.0	179801	865.839598935769	0.012597795	0.8925341533801552
13715.576469157066	300	7.994706679713819	0.0	140051	928.2711653666996	0.014136858	0.8951474931306319
13717.466901797881	300	7.8957382168722505	0.0	138313	1098.96846284157	0.013966917	0.8658579379989113
13719.590120328692	300	7.634861092903104	0.0	143509	1260.8771239691469	0.013422873	0.8174560744621835
13721.129695709453	300	7.991244120245039	0.0	150616	1143.616972658065	0.013619909	0.8731853835617401
13723.012991264572	300	7.827575551535258	0.0	165384	1163.6685687097822	0.014134865	0.850971752761834
13725.356965407114	300	7.6404019353201145	0.0	140881	1687.173616215143	0.014312652	0.7755105636476732
13729.07677246137	300	7.92059488106376	0.0	157671	2719.8070542563546	0.01287995	0.7068431787235288
13731.896568127146	300	7.534000800317901	0.0	157812	2386.5940807458596	0.01004275	0.6924309655637075
13735.442568165623	300	7.9880007618409365	0.0	163927	3046.0000384769637	0.008626151	0.6825466133147728
13739.501926354822	300	7.928642572641194	0.0	137654	2559.3581891997414	0.007780401	0.7238817290994659
13743.609351064657	300	7.821217862806089	0.0	146754	3607.424709835106	0.0069709374	0.6058111426628314
13747.795616214875	300	7.634952712588984	0.0	153938	3686.2651502171047	0.006047722	0.5749285842952259
13751.434067088567	300	7.9965018388973395	0.0	181901	3638.450873691644	0.0052737137	0.6243511740357687
13755.546991849895	300	7.735389802907681	0.0	111155	1761.1120359896584	0.005101834	0.7798450553455554
13759.50565115309	300	7.776730499714159	0.0	153605	3458.6593031935217	0.004991493	0.6151947435239473
13763.41581394081	300	7.86656771199376	0.0	149029	3910.1627877203982	0.0049060006	0.5811367674850906
13767.550704241825	300	7.731677410979346	0.0	157421	3634.8903010144145	0.004705182	0.5920088527117386
13771.480209155661	300	7.802172497143322	0.0	157488	2929.5049138360237	0.004705182	0.671251554540096
13775.571901566684	300	7.7104800861201435	0.0	143881	2091.6924110231776	0.004705182	0.7437113674706128
13778.4719373548	300	7.9488234226260825	0.0	163444	2261.656663494061	0.0051898407	0.7561436498135439
13781.858328963874	300	7.599817118399536	0.0	179328	1849.0063042265472	0.0053719906	0.7543162098828867
13785.668637953113	300	7.7895081291604615	0.0	159914	2310.308989239074	0.0062993336	0.7316074532643435
13789.488650503828	300	7.853348996345885	0.0	131610	1936.1591328145767	0.0059828684	0.776904992873836
13791.903464956207	300	7.662868488607157	0.0	124011	2190.480507738728	0.0060151136	0.7279538627969491
13793.68207334615	300	7.500731237455839	0.0	144254	1162.1372511513173	0.0060866093	0.810768791968544
13794.994128926815	300	7.847939030517777	0.0	149991	1152.7922069380627	0.008145545	0.8545737066341312
13796.25913516184	300	7.875067604869964	0.0	147968	972.8714256478117	0.009922909	0.8759154017218193
13797.769661063661	300	7.8258720821470416	0.0	161857	1049.1955227229237	0.010855782	0.8622087267372717
13801.10782323069	300	7.542456240683057	0.0	145210	2283.4158414639837	0.012399881	0.7037927988848107
13802.97836221804	300	7.634559871788735	0.0	172312	1407.8963688943227	0.009540502	0.8027169576225893
13805.955412181173	300	7.6173561709519415	0.0	167025	2017.2037008367934	0.0115599595	0.7396620505839455
13807.995280125962	300	7.602345386704456	0.0	160064	2015.0107842474865	0.010473012	0.7380279320037142
13811.584136517133	300	7.615345690389873	0.0	137507	2986.999696314583	0.01140468	0.6424342131561238
13812.76045371481	300	7.6181154819799755	0.0	118421	997.230208409897	0.009262433	0.8417531534114489

