19564.650455442912	750	4.0	1.8710689380755445	450283	1871.0689380755446	0.027672984	-7.871177829073678
19565.318626472977	300	7.331828969935454	0.0	155580	668.1710300645457	0.32053	-0.3802325581395349
19566.826642808286	750	7.972440791119934	0.0	350812	1359.3881788155206	0.4663428	-0.2755813953488372
19568.306211983403	750	7.896970277039076	0.0	382355	1075.4705140808585	0.059231658	0.1744186046511628
19570.2300636544	750	7.63709373390747	0.0	411561	1259.8765431316056	0.05140504	0.1744186046511628
19573.052932129074	750	7.71264711295336	0.0	318564	2424.446620954109	0.052352257	0.1744186046511628
19574.597116068755	750	7.594766074724505	0.0	352642	1117.8810382288557	0.0692428	0.1744186046511628
19576.03654593841	750	7.933202581122808	0.0	437162	1161.5634936016966	0.045693792	0.1744186046511628
19577.774602164423	750	7.6231076942920115	0.0	374758	1310.0948868307973	0.06657865	0.1744186046511628
19579.545747538286	750	7.886515700802201	0.0	362795	1236.5919934898106	0.056886505	0.1744186046511628
19580.67432595949	750	7.929503175586611	0.0	353220	957.0125252155907	0.052473836	0.1744186046511628
19582.265195471573	750	7.87485130078946	0.0	405134	1554.6518747971513	0.0669218	0.1744186046511628
19584.161432886554	750	7.914841402390481	0.0	386351	1460.0098983989787	0.05251684	0.1744186046511628
19586.961875562552	750	7.512733875135878	0.0	434409	1902.1075272546022	0.043751534	0.1744186046511628
19588.708783815582	750	7.958447289642231	0.0	337059	1554.2865854936476	0.048437446	0.1744186046511628
19590.772901594028	750	7.967699248484881	0.0	366214	1490.748041157349	0.043049566	0.1744186046511628
19594.63925763517	750	7.666206087008893	0.0	360831	2301.493161475987	0.0415956	0.1744186046511628
19598.317859204442	750	7.987604517741179	0.0	372963	3678.6015692677147	0.046981633	0.1744186046511628
19602.06847595081	750	7.89902837377321	0.0	405596	3088.576143967969	0.050465956	0.1744186046511628
19606.00115875474	750	7.563707306410739	0.0	350713	3835.321067362471	0.07413967	0.1744186046511628
19611.66255651271	750	5.902309548440447	0.0	386472	5661.397757970292	0.19522183	0.1744186046511628
19613.907122998586	300	7.629406005070676	0.0	157812	1272.9035433697713	0.49817842	-0.3802325581395349
19615.847239478604	300	7.690179274462254	0.0	163927	1439.2267306084204	0.6949576	0.06976744186046512
19617.858344293414	300	7.915071722712107	0.0	137654	1275.107551750147	0.69677377	0.06976744186046512
19621.252691581245	750	7.8658966435784246	0.0	359903	3049.175079133683	0.6654443	-0.2755813953488372
19624.52870567476	750	7.615475815620892	0.0	379700	3250.4208279575328	0.099785954	0.1744186046511628
19628.783042106134	750	7.361139384249686	0.0	425781	4254.336431371205	0.25404817	0.1744186046511628
19632.284921269176	750	7.859260221209588	0.0	277716	2501.879163040099	0.3356428	0.1744186046511628
19636.94857922494	750	7.195602265445428	0.0	400396	4663.65795576416	0.3923432	0.1744186046511628
19640.092130272387	300	7.6665600495362485	0.0	149029	2029.0422159091793	0.6918541	-0.3802325581395349
19643.144757878857	300	7.522500671570638	0.0	157421	1644.0593779656106	0.36984757	0.06976744186046512
19644.98657431845	300	7.630876575527422	0.0	157488	1391.6240960432167	0.6663809	0.06976744186046512
19649.01867932984	300	7.5299202606044835	0.0	143881	1100.9563149229375	0.6738638	0.06976744186046512
19652.79880647484	750	7.7497931156074795	0.0	412837	3280.1271449970045	0.4462974	-0.2755813953488372
19656.17923925453	750	7.550214679996729	0.0	401088	3199.57843561075	0.1805081	0.1744186046511628
19659.34636110969	750	7.532080909954293	0.0	365161	3018.133770042436	0.16335323	0.1744186046511628
19662.597082661443	750	7.8912141051379185	0.0	321064	2640.866804816375	0.2734434	0.1744186046511628
19665.68509312732	750	7.997136355667993	0.0	361565	2894.0777494699255	0.33360425	0.1744186046511628
19668.774269145095	750	7.564514652484651	0.0	378327	2932.6217031833417	0.2145144	0.1744186046511628
19672.94269468944	750	7.3960891081399245	0.0	390680	4168.425544344727	0.34710664	0.1744186046511628
19676.494869978997	750	7.843913818579442	0.0	345516	3552.1752895604827	0.50279325	0.1744186046511628
19680.79335850642	750	7.545425291157782	0.0	384505	3298.48852742166	0.44848886	0.1744186046511628
19682.400748218108	300	7.669552273271349	0.0	145210	875.8730178864333	0.5188408	-0.3802325581395349
19684.0803292331	300	7.810520083676898	0.0	172312	1359.032189594451	0.69412565	0.06976744186046512
19686.091212088293	300	7.545353073778826	0.0	167025	1265.1670098980726	0.56429935	0.06976744186046512
19687.49572570943	300	7.675954185861763	0.0	160064	1369.398887917062	0.55645853	0.06976744186046512
19689.88219889097	300	7.675274995197629	0.0	137507	1000.6791906641337	0.3451431	0.06976744186046512
19691.634980336123	300	7.5667812775588645	0.0	118421	1108.4937176387639	0.37566507	0.06976744186046512

