5394.103038755096	750	4.0	1.256359210868177	450283	1256.359210868177	0.055886827	-5.227926002081998
5394.638371157963	300	7.464667597133497	0.0	155580	535.3324028665032	0.6660713	-0.3802325581395349
5396.169292796881	750	7.765052546396651	0.0	350812	1199.6150507368461	0.2396476	-0.2755813953488372
5397.477194279313	750	7.626755084966524	0.0	382355	1138.2974614301263	0.052703224	0.1744186046511628
5399.788347450499	750	7.720980552774685	0.0	411561	1905.7745321918392	0.05419101	0.1744186046511628
5401.221592370406	750	7.87704733126786	0.0	318564	1343.933221506824	0.05129326	0.1744186046511628
5404.076095742513	750	7.874451570714822	0.0	352642	2002.5957605530382	0.047165055	0.1744186046511628
5406.259685381612	750	7.648610575991588	0.0	437162	1725.8409947232333	0.043391705	0.1744186046511628
5408.402430189167	750	7.701112437202229	0.0	374758	1447.498138789359	0.05127314	0.1744186046511628
5409.937012656152	750	7.746444533343136	0.0	362795	1454.667903859094	0.048645798	0.1744186046511628
5411.008161852494	750	7.855827197634608	0.0	353220	890.6173357085285	0.0483604	0.1744186046511628
5412.590742055053	750	7.944803069571619	0.0	405134	911.0241280629884	0.062222987	0.1744186046511628
5414.331341889744	750	7.625281184724212	0.0	386351	1319.5218848474071	0.076094516	0.1744186046511628
5416.065442804999	750	7.793769711568752	0.0	434409	1331.5114731554595	0.05474512	0.1744186046511628
5417.380699534469	750	7.667436072633729	0.0	337059	1126.3336389350227	0.054200396	0.1744186046511628
5418.295103858732	750	7.794695427169692	0.0	366214	872.7406454640361	0.053547733	0.1744186046511628
5419.772326775431	750	7.661915808219575	0.0	360831	1132.7796189501162	0.07291109	0.1744186046511628
5421.827437481376	750	7.531582089821041	0.0	372963	1130.3337183985343	0.058774747	0.1744186046511628
5424.7832997779	750	7.546039487782606	0.0	405596	1985.5426020384352	0.057495587	0.1744186046511628
5427.721981643993	750	7.726858325679092	0.0	350713	2819.1811621035135	0.045555368	0.1744186046511628
5428.907493135875	750	7.598852984182493	0.0	386472	1128.0053414965994	0.044570964	0.1744186046511628
5432.978608552994	750	7.527737567062004	0.0	399894	4071.115417120489	0.045363385	0.1744186046511628
5437.484518131315	750	7.02182798874139	0.0	401853	4505.909578320614	0.07919494	0.1744186046511628
5446.4362362593265	750	4.0	1.9298901392703993	343800	8951.71812801179	0.20657834	-8.124108994211554
5450.4418918098645	300	4.0	0.005655550538941952	146754	4005.655550538942	0.04146299	-0.4045514254569853
5453.964573814991	300	4.477317994873933	0.0	153938	3522.6820051260675	0.004705182	0.06976744186046512
5457.354908529331	300	5.086983280534143	0.0	181901	3390.3347143397896	0.00480815	0.06976744186046512
5459.378699540386	300	7.063192269478808	0.0	111155	2023.7910110553346	0.004705182	0.06976744186046512
5462.639658300857	300	7.797069123842943	0.0	153605	2766.123145635866	0.21362638	0.06976744186046512
5464.4320877039	300	7.678272282239119	0.0	149029	1118.7968416038243	0.089352906	0.06976744186046512
5466.409122890213	750	7.826571003301531	0.0	358218	1851.701278937588	0.6704552	-0.2755813953488372
5468.6758139607655	750	7.555892335713754	0.0	400322	1770.6786675877777	0.17634174	0.1744186046511628
5471.222818306658	750	7.725396378249252	0.0	369834	2330.4959574645018	0.102100454	0.1744186046511628
5473.417125563341	750	7.616497020621729	0.0	412837	2108.8993576275225	0.076492876	0.1744186046511628
5477.464430550681	750	7.569192033282863	0.0	401088	4047.3049873388663	0.0982902	0.1744186046511628
5480.987305506053	750	7.5991109462938	0.0	365161	2970.081086989064	0.1823929	0.1744186046511628
5482.567982022315	300	7.735169560354561	0.0	131610	863.941385939239	0.25153074	-0.3802325581395349
5485.895784729284	750	7.899635882031429	0.0	361565	2835.5336783231323	0.38900974	-0.2755813953488372
5489.134045085431	750	7.8066401512813135	0.0	378327	2592.9957307501145	0.15050665	0.1744186046511628
5492.9738907721685	750	7.924349615610691	0.0	390680	2882.290535670623	0.07958605	0.1744186046511628
5497.6786190662015	750	7.21962132157816	0.0	345516	4704.72829403253	0.104879424	0.1744186046511628
5499.33696597837	300	7.686589664543517	0.0	161857	1533.0316570346422	0.5945091	-0.3802325581395349
5504.222663968575	750	6.800891674338393	0.0	372093	4885.6979902051235	0.68825495	-0.2755813953488372
5510.97441333204	750	4.049142310873014	0.0	438281	6751.749363465379	0.60995847	0.1744186046511628
5513.321079541041	300	5.70247610187225	0.0	167025	2346.666209000764	0.009591607	-0.3802325581395349
5515.175687004175	300	7.847868638738956	0.0	160064	1854.607463133294	0.034597293	0.06976744186046512
5517.897969308572	300	7.89874562250961	0.0	137507	1449.123016229347	0.11783062	0.06976744186046512
5519.986367881239	300	7.836125970260105	0.0	118421	1062.6196522495043	0.46220046	0.06976744186046512

