2971.0539914564783	750	4.0	4.782926972877741	450283	4782.926972877741	0.0131167825	-0.1410833949621927
2972.7992756926187	300	6.254715763859471	0.0	155580	1745.2842361405292	0.096836865	-0.19872496744260343
2975.262022810738	300	7.791968645740147	0.0	139857	1962.7471181193237	0.006513113	0.32560704947705943
2977.9324283840106	300	7.78724502742273	0.0	155432	2004.7236183174175	0.005992802	0.32111417331241143
2979.801090946284	300	7.980754761913504	0.0	163442	1306.4902655092253	0.0072887056	0.403031866998904
2982.5262529327642	300	7.729259921855686	0.0	126289	1251.4948400578182	0.007173999	0.392812982040431
2984.411557345923	300	7.933441216937299	0.0	153295	1295.8187049183873	0.006902442	0.40114192649697505
2988.376597579952	300	7.968400982908323	0.0	173849	2465.040234028976	0.007312953	0.28640475895910505
2991.370421052961	300	7.573752308138537	0.0	150710	2894.6486747697845	0.0071248747	0.21877837271191264
2993.4273765279945	300	7.909861869591208	0.0	139105	1663.8904385473277	0.006135874	0.36286104392495033
2995.5984777592626	300	7.850843777000326	0.0	141840	1059.0180925908833	0.0064020567	0.4196596477336646
2996.8795086224136	300	7.671369967213551	0.0	156148	1179.4738097867735	0.008414474	0.3963969629024022
2999.619227837019	300	7.892288929492684	0.0	160746	1279.0810377208677	0.0090334	0.4002436752514385
3001.2070006566487	300	7.508721517520407	0.0	179801	1383.5674119722773	0.0075112944	0.3658220745780303
3004.7899960162194	300	7.754326565413556	0.0	140051	1254.394952106852	0.0082750525	0.3940896360578946
3007.704535651827	300	7.56635693229187	0.0	138313	2187.9696331216846	0.008279172	0.288984065886306
3009.269897121654	300	7.951961227221107	0.0	143509	1114.395705070763	0.0069425646	0.42044172712447536
3011.670148567218	300	7.902318420167617	0.0	150616	1549.6428070534894	0.008257788	0.37381434148535964
3013.105964595622	300	7.569714725220474	0.0	165384	1332.6036949471427	0.007850695	0.37473052176179794
3016.4297276036013	300	7.8044393784593336	0.0	140881	2265.27534676114	0.008580458	0.2961336474078268
3020.426417977976	300	7.8077490040844335	0.0	157671	2996.6903743749012	0.0062916456	0.22319899624801948
3024.5430972514587	300	7.691069730601905	0.0	157812	3116.6792734825285	0.005632236	0.20390765174459868
3027.739280140409	300	7.803906945414768	0.0	163927	2387.1627851871367	0.005293587	0.28391162649994184
3029.602656369878	300	7.6867288110117356	0.0	137654	1117.178134403033	0.005229258	0.40358645817816274
3032.486475609895	300	7.767918295786313	0.0	146754	1418.810515225422	0.006359311	0.37849756289433484
3034.2178627354533	300	7.924729138302686	0.0	153938	1343.1891574836268	0.0058204355	0.3958603763257877
3036.8738586019617	300	7.775830165335987	0.0	181901	2648.898972966699	0.0058271047	0.25598320896706184
3040.9259454324965	300	7.72374333480086	0.0	111155	1552.0868305351278	0.005314729	0.3624089963017735
3044.2192963629604	300	7.98165965510752	0.0	153605	2742.083679693341	0.0052709356	0.2595290814051185
3048.0724876085555	300	7.965697729194784	0.0	149029	3515.9619259127358	0.0052450867	0.181143636413633
3052.805410025383	300	7.232775312367464	0.0	157421	4732.92241682732	0.005114571	0.013639936270467001
3056.379774543476	300	7.658410794274512	0.0	157488	3574.364518092951	0.0048256163	0.15609794376309444
3060.3355005409207	300	7.7026847968296694	0.0	143881	2955.725997444843	0.0047504753	0.2207289209876026
3064.8238217230833	300	7.214363614667117	0.0	163444	4488.321182162553	0.0047387946	0.03694932863067213
3068.964082307682	300	7.074103030068332	0.0	179328	4140.2605845987855	0.004726041	0.0629891018496247
3071.4597790895045	300	7.945666653561814	0.0	159914	1628.4363765065177	0.0047161477	0.36864424912719407
3073.1563463450084	300	7.621013223467889	0.0	131610	824.653430093923	0.0047362917	0.4287317043875833
3074.5494768908034	300	7.975404834775182	0.0	124011	645.608388692707	0.0057308106	0.4687856842344107
3075.6184061454437	300	7.634701300506254	0.0	144254	840.703534268927	0.0076840334	0.42798219878498067
3077.595828485218	300	7.820103014304572	0.0	149991	814.5982862016818	0.007900206	0.4421803307041001
3079.0495592745965	300	7.754649651402117	0.0	147968	1065.4533629024554	0.010789396	0.41300398785261927
3081.537112005761	300	7.750011918057451	0.0	161857	1504.6377333446658	0.01355575	0.3687956924743566
3082.5659928072046	300	7.97202910174605	0.0	145210	777.9828163114013	0.01359115	0.45533725815822057
3084.1221203100126	300	7.5344143384077	0.0	172312	937.6147633383497	0.020928293	0.4120231407468788
3086.0128381862382	300	7.90331172702985	0.0	167025	1131.102611377851	0.02705115	0.41573044273181303
3087.3280293791095	300	7.845523753518377	0.0	160064	1057.787973511473	0.024141565	0.41945015817398373
3089.200194379432	300	7.958142901036706	0.0	137507	887.3808524816709	0.02334698	0.44352956699685964
3090.1272895902844	300	7.75198731703107	0.0	118421	706.155584005637	0.02715271	0.44876736984411064

