1898.4173682684848	750	4.0	3.478694088168143	450283	3478.694088168143	0.053101994	-14.881134701647689
1899.6224954362028	300	6.794872832282032	0.0	155580	1205.1271677179675	0.5020001	0.0995475056372574
1902.0129744371134	750	7.9265439788447125	0.0	350812	1868.3288534373198	0.3129242	0.1662207923372922
1906.287672734727	1200	7.651845681230996	0.0	617681	3774.6982976137165	1.0155188	-0.026787379546277912
1911.7621779817828	1200	6.177340434175532	0.0	652874	5474.505247055464	0.91325605	0.11130909307776016
1915.3225588267228	750	6.6169595892353925	0.0	318564	3560.3808449401395	0.24800384	-0.1290334163047931
1921.023315573848	750	4.916202842110232	0.0	352642	5700.7567471251605	0.16221222	-0.05677080705740345
1923.7892903098523	300	6.150228106106187	0.0	173849	2765.9747360040446	0.281117	-0.11858505036588152
1925.9472644993266	300	7.992253916631768	0.0	150710	2157.9741894744197	0.23997745	0.5695121152768905
1931.8676793948946	750	6.0718390210639654	0.0	362795	5920.414895567802	0.6943718	-0.41750530542769376
1938.0385209463454	750	4.0	0.09900253038714982	353220	6170.841551451115	0.69673	-0.6176757495177145
1940.3827637845693	300	5.65575716177633	0.0	156148	2344.242838223671	0.070694745	-0.12400525987526911
1941.4681738987888	300	7.574021814006046	0.0	160746	1081.7353477702836	0.062307313	0.6368806766961117
1944.6482760585197	750	7.795808141165248	0.0	434409	2778.213672840799	0.25053218	0.06264883507811142
1949.7614466185728	750	6.682637581112208	0.0	337059	5113.1705600530395	0.38784796	0.17200919473115017
1954.546506020055	750	5.897578179630033	0.0	366214	4785.059401482175	0.38483799	0.1292574367985017
1956.884374970838	300	7.5597092288469465	0.0	143509	1337.868950783085	0.62952554	0.1598897135485502
1960.6953035806864	750	7.6632386473769625	0.0	372963	3396.470581469985	0.48246354	-0.011936822621177401
1965.878130515187	750	6.480411712876481	0.0	405596	5182.826934500481	0.11436242	0.14557908398710395
1968.809407072778	750	7.549135155285718	0.0	350713	2931.2765575907624	0.64359236	0.4735999869137956
1972.4025273874895	750	7.956014840573966	0.0	386472	3093.1203147117526	0.116876185	0.49657825067712613
1976.3645371020611	750	7.97585080552888	0.0	399894	3480.164035045086	0.24244595	0.45978311317248705
1980.2081820637277	750	7.554951235958888	0.0	401853	3420.899569569993	0.13725235	0.42519749019567105
1984.038945792189	750	7.72418750749743	0.0	343800	3330.763728461458	0.12317607	0.45050026083530037
1987.9407500199088	750	7.822383279777616	0.0	359903	3401.8042277198138	0.10226384	0.45284766736420495
1991.730463961021	750	7.980183012010375	0.0	379700	3342.2002677672403	0.10270596	0.4739964697759017
1996.099963849458	750	7.6106831235735495	0.0	425781	3869.499888436825	0.12737536	0.3857017168376286
1999.412879081674	750	7.707732240456408	0.0	277716	2902.9508831171415	0.08766733	0.4916977069184636
2003.3439421115645	750	7.776669210565709	0.0	400396	3431.0630298906985	0.08792961	0.4455217552058991
2007.6667252924074	750	7.4538860297228675	0.0	400508	4322.783180842842	0.10189703	0.3252814862824673
2011.6989680483612	750	7.421643273769211	0.0	358218	4032.2427559536563	0.09593425	0.3512321262846955
2015.8807771626182	750	7.239834159512159	0.0	400322	4181.809114257052	0.1463672	0.31877615329784004
2019.6470131644987	750	7.473598157631578	0.0	369834	3766.236001880581	0.15803878	0.3828335192487133
2024.4447166583864	750	6.675894663744058	0.0	412837	4797.7034938875195	0.11018124	0.20290688776592458
2028.4909348634192	750	6.6296764587112245	0.0	401088	4046.2182050328342	0.5849195	0.2736068610553573
2031.9146948226148	750	7.205916499515642	0.0	365161	3423.7599591955827	0.3697716	0.3913164548693966
2035.8031535044236	750	7.3174578177068215	0.0	321064	3888.458681808821	0.11294764	0.35558256326496085
2037.2430274371002	300	7.527640184792727	0.0	124011	1289.8176329140945	0.27308384	0.16160816281964022
2039.6720011088887	300	7.73318148927965	0.0	144254	1294.458695513077	0.45287478	0.630927644426087
2044.5613614674137	750	6.843821130754835	0.0	390680	4889.360358524816	0.65807915	-0.24009568236707285
2048.1053159855965	750	7.29986661257183	0.0	345516	3543.954518183004	0.46362734	0.38833980582322253
2051.8036245389185	750	7.601558059250099	0.0	384505	2698.3085533217304	0.2203337	0.5019425523725844
2055.503878332481	750	7.9013042656878465	0.0	372093	2700.253793562252	0.17396411	0.530598946792723
2060.332537077795	750	7.0726455203734835	0.0	438281	4828.658745314363	0.3266751	0.237999090645932
2066.1574649626546	750	5.247717635513639	0.0	398987	5824.927884859844	0.27123985	-0.037279239212541615
2067.431673466505	300	7.9735091316634925	0.0	160064	1274.2085038501461	0.22300375	0.2060844766441689
2070.6211771560693	750	7.7058510018271225	0.0	331053	2267.658129836371	0.43502963	0.10504591085647166
2073.8023500839477	750	7.531187322252142	0.0	314107	2674.663679574981	0.20963593	0.49753377506406726

