6341.716994903257	750	4.0	6.819045761582508	450283	6819.045761582508	0.004705182	-29.266903743065257
6344.16397057037	300	5.553024332886424	0.0	155580	1946.975667113577	0.013702661	-0.372957434685161
6347.448926226368	300	5.603557166785404	0.0	139857	1449.46716610102	0.020616943	0.10348630414546818
6349.651444276688	300	5.775042367473559	0.0	155432	1328.5147993118444	0.08911674	0.11290803841831366
6351.1698554431605	300	5.802838514692014	0.0	163442	972.2038527815462	0.24812624	0.1542886294585637
6353.549018129658	750	5.561360742438116	0.0	318564	1741.4777722538977	0.6371773	-0.2346656408857528
6355.222084176325	750	5.903670271576958	0.0	352642	1657.690470861158	0.7444751	0.22621834811247377
6357.265812905129	750	5.8544936903275975	0.0	437162	1549.1765812493607	0.55011237	0.2420640774840365
6359.427102914734	750	5.721124649602423	0.0	374758	1633.3690407251745	0.58438146	0.2295868175838018
6360.5433646890915	300	5.581954299363661	0.0	139105	639.1703502387627	0.6459247	-0.21532077881277292
6361.394094572613	300	5.925135122111947	0.0	141840	656.8191772517142	0.68560416	0.2283733563134305
6362.889804387604	300	5.699235481901986	0.0	156148	725.8996402099626	0.672151	0.2066401354829344
6370.354169537645	750	4.0	1.765129668139277	386351	7464.3651500412625	0.67721707	-7.98981887319494
6373.633110077949	300	4.721059459695869	0.0	179801	3278.9405403041314	0.053046178	-0.4042535162939896
6376.125736471474	300	5.766304286096462	0.0	140051	1954.755173599408	0.005026321	0.07673595242303209
6379.123515812233	300	5.646350201829792	0.0	138313	1619.9540842666693	0.010965733	0.09259521702302008
6380.311176549876	300	5.581432456513938	0.0	143509	1064.917745315855	0.008213994	0.1408559493536376
6384.335817253896	300	5.556791752494215	0.0	150616	3024.6407040197228	0.15303789	0.04959266725487468
6388.1464525424535	300	5.746156463937626	0.0	165384	2310.635288556589	0.004705182	0.06491721161832607
6389.634224465534	300	5.811280042539558	0.0	140881	1434.8764213980692	0.0047331587	0.10453861932851874
6391.944896684135	300	5.992391588680268	0.0	157671	1318.8884538592906	0.0057868883	0.11373213523939393
6393.347385844752	300	5.582038928892416	0.0	157812	910.352659787851	0.009336412	0.16477130965372921
6395.209121826647	300	5.627239169309876	0.0	163927	954.7997595825397	0.06545691	0.15710100311041494
6396.219332593727	300	5.935601992275626	0.0	137654	691.6371770342502	0.046300218	0.21687671655130236
6396.793918064641	300	5.872595951741992	0.0	146754	563.0060405336337	0.15391621	0.2664269815965484
6397.738573212524	300	5.581058126340364	0.0	153938	791.5378254016283	0.33253956	0.1895045254772122
6399.176878198804	300	5.7684642992410735	0.0	181901	812.5938270992912	0.18246485	0.1845940677834751
6400.433254228543	300	5.73313191641225	0.0	111155	535.3323828288242	0.23580787	0.28019975030720945
6402.030753597342	300	5.969903969617211	0.0	153605	763.2279467950399	0.17885363	0.1965336838488195
6404.887858652227	300	5.8684872008770155	0.0	149029	2101.416768740196	0.16505046	0.07138041450479399
6408.994293580763	300	5.762052272340211	0.0	157421	4106.434928536804	0.015157616	0.036528035293486964
6412.622032561467	300	5.614244327328888	0.0	157488	2647.8079450113228	0.004705182	0.056650634455044875
6416.2556549421115	300	5.980621946684907	0.0	143881	1633.6223806439812	0.004705182	0.09182048542997392
6417.9386931450035	300	5.510879653557317	0.0	163444	1469.7422931275894	0.004705182	0.10205870832008397
6421.45375958554	300	5.995813213021073	0.0	179328	2515.066440536244	0.004705182	0.05964057155007726
6424.561488469615	300	5.906129893683326	0.0	159914	2589.6833193377456	0.004705182	0.05792214008559131
6426.678711807815	300	5.816541006953015	0.0	131610	1589.5888867303115	0.004705182	0.09436402157323895
6429.285121970285	300	5.757153132351617	0.0	124011	1559.3878746013975	0.004705182	0.09619159058700659
6430.648807679427	300	5.708821517116407	0.0	144254	1048.3316152352113	0.004705182	0.1430844952303999
6431.790437815858	300	5.52568347675389	0.0	149991	683.1380403625168	0.004705182	0.21957494845463502
6432.585426827153	300	5.777435057290035	0.0	147968	748.248419463855	0.009795086	0.20046818155323334
6433.458088231384	300	5.934474546190333	0.0	161857	842.9605110997006	0.0141952	0.1779442785573841
6434.28285393391	300	5.806942203493223	0.0	145210	627.5323426971099	0.019913603	0.23903150450430294
6435.742458567422	300	5.950756504651137	0.0	172312	856.1856988420864	0.028910294	0.17519563828601833
6436.555138061093	300	5.68112622515095	0.0	167025	769.6302795001857	0.024595369	0.1948987767183656
6437.551672444446	300	5.974383702559713	0.0	160064	706.7425225912372	0.023258828	0.21224136825676243
6440.673828838591	300	5.698201383418133	0.0	137507	776.1823191415801	0.02656161	0.1932535646597731
6444.565225549337	300	5.806804672672657	0.0	118421	2891.3967107454755	0.013636255	0.051878042000444206

