9963.581465469382	750	4.0	2.1451274043719923	450283	2145.1274043719923	0.12131338	-9.013441292944625
9964.14804465972	300	7.433420809663336	0.0	155580	566.5791903366634	0.69372416	0.2248632834393906
9967.92874690081	750	7.652718568571982	0.0	350812	2780.702241091355	0.683638	0.048627441685658745
9973.699594439322	750	5.881871030060517	0.0	382355	5770.847538511464	0.34848994	0.029166791814682402
9975.25314537807	300	7.856723800292488	0.0	163442	1525.1472297680295	0.04639835	0.16974988107241384
9977.188415249931	300	7.783290675952048	0.0	126289	1073.4331243404401	0.18678698	0.657853268614561
9978.762094441377	300	7.542369425389264	0.0	153295	1240.9212505627845	0.070293	0.6179155074679593
9981.572761232655	300	7.553415081241513	0.0	173849	1488.954344147751	0.3932968	0.5941753552380984
9985.28204010877	750	7.844136205127259	0.0	374758	3209.2788761142538	0.69520485	0.024193946704690883
9989.010022931718	750	7.825640421875993	0.0	362795	3018.4957832512664	0.096695274	0.4914920154985899
9993.045727233159	750	7.789936120434486	0.0	353220	3535.7043014415062	0.324048	0.436334583443113
9996.238824596228	300	7.900983071317902	0.0	156148	1388.9530491165842	0.6202513	0.18762930507367603
10000.350458885841	300	7.789348781705612	0.0	160746	2111.63428961229	0.19539793	0.5546162517605946
10002.373765283251	300	7.820584965883489	0.0	179801	1968.7638158221234	0.015514622	0.5719098179307367
10003.631026051598	300	7.569225858154459	0.0	140051	1251.3591077290305	0.024417194	0.6194566844123097
10005.824941026382	300	7.540219220171078	0.0	138313	1029.0066379833802	0.050995253	0.6389000089911113
10007.749500508286	300	7.830393566568895	0.0	143509	1209.8256536021836	0.28536338	0.6487477232933051
10009.602518024822	300	7.541251774903834	0.0	150616	1289.1417916650603	0.35325244	0.6129858782081161
10011.196268323565	300	7.591314507016043	0.0	165384	1449.9372678877917	0.26991585	0.6017249263520004
10013.323696185375	300	7.839507062939282	0.0	140881	1251.8074440767614	0.28834045	0.6454267287935626
10017.069053862018	750	7.754638419183684	0.0	386472	3084.8686437555975	0.28309035	0.028020704713049904
10020.726088749825	750	7.696365510774027	0.0	399894	3058.2729084096572	0.31094778	0.47507144353372743
10025.043377158912	750	7.379077101688372	0.0	401853	4317.288409085655	0.16133794	0.3186305177635753
10027.333149541992	300	7.89221607579022	0.0	137654	1486.8610258981525	0.4016325	0.17699467395396984
10029.447106351825	300	7.916693378064725	0.0	146754	1475.5226977254952	0.031054325	0.6304844753756362
10031.537845486857	300	7.855540909552154	0.0	153938	1061.1524685125723	0.015778452	0.6660355025984858
10033.447385764763	300	7.910564070458959	0.0	181901	1444.9768390931954	0.3051334	0.6329491083051664
10035.419895623356	300	7.546590808118408	0.0	111155	863.9732623405504	0.28269792	0.6560166192516964
10037.314687127246	300	7.75846333529965	0.0	153605	1288.1274728187584	0.41006345	0.6339941735643164
10038.952599766633	300	7.547839059642387	0.0	149029	1210.6242756572633	0.31287897	0.6214716635703876
10041.566980794725	300	7.634292755960405	0.0	157421	1413.5463036819815	0.25869963	0.6095007288543828
10043.645883493895	300	7.730258816581463	0.0	157488	1404.033939378942	0.2112836	0.6196888094179032
10046.285708906898	300	7.872780451475646	0.0	143881	1357.478365105818	0.3052226	0.6380622387533585
10049.837382114001	300	7.728117343373242	0.0	163444	2144.6631081024047	0.31661206	0.5454197732768093
10053.305270006282	300	7.9626785137323735	0.0	179328	2265.4388296408692	0.024629038	0.5559189845846433
10056.516109448334	300	7.958483285526663	0.0	159914	2004.19522820571	0.015388999	0.5816395491697228
10058.094930689156	300	7.517394739038448	0.0	131610	1441.0885464882156	0.010047164	0.5954949354794115
10060.172719329537	300	7.61736678001416	0.0	124011	1400.027959024287	0.010324605	0.6092234185932952
10062.027019426734	300	7.864097072095501	0.0	144254	1753.2697079186582	0.009673798	0.5976473191812652
10066.162132693595	300	7.7289838052352025	0.0	149991	1635.1132668602984	0.009237858	0.5964581553556146
10069.772466626466	300	7.696888681368229	0.0	147968	2032.0951238669743	0.009169488	0.5536707769270499
10072.190352321159	300	7.96706525752338	0.0	161857	2229.82342384485	0.004752125	0.5599027543188825
10076.400219112895	300	7.501162916079096	0.0	145210	2965.902341444283	0.0047103837	0.44145122428337646
10081.980853545812	300	5.920528483162394	0.0	172312	5580.634432916702	0.004705182	0.027840126032839807
10088.359482619288	300	4.0	0.4581005903120631	167025	6378.629073474457	0.004705182	-2.206644960231845
10094.332401783842	300	4.0	1.9729191645558295	160064	5972.919164555829	0.004705182	-8.679793838588177
10099.11057410281	300	4.0	0.7781723189672294	137507	4778.172318967229	0.004705182	-3.422907717998337
10102.260816132846	300	4.849757969964254	0.0	118421	3150.242030035746	0.004705182	0.1678164681583207

