6783.271981747124	750	4.0	4.851455205977005	450283	4851.455205977005	0.03031407	-0.1479362182721191
6785.475646626828	300	5.796335120296149	0.0	155580	2203.664879703851	0.09529146	-0.27321182202164324
6787.632513162748	300	7.639468584376665	0.0	139857	2156.8665359194842	0.0060505453	0.29666385386182564
6791.294681432918	300	7.97730031420655	0.0	155432	2662.1682701701147	0.005593411	0.26724816355113046
6795.556953998924	300	7.715027748201291	0.0	163442	2762.2725660052583	0.0063398136	0.24084569859228744
6799.7702531882105	300	7.501728558914059	0.0	126289	2713.2991892872324	0.0051818993	0.23241183693363804
6802.821409400646	300	7.991013780977481	0.0	153295	2010.7147779365787	0.004941671	0.3332506044476672
6804.688809936391	300	7.622534268504845	0.0	173849	1368.4795124726352	0.0050727846	0.3744441614645218
6808.631728050685	300	7.679616154211879	0.0	150710	1942.9181142929654	0.0070893485	0.3205679191391785
6811.902736820911	300	7.850031299731112	0.0	139105	2329.584854480767	0.0058537954	0.29255219171535035
6815.954383268421	300	7.798384852220624	0.0	141840	3051.646447510487	0.0052735647	0.21711812944297287
6819.957375698764	300	7.7953924218778265	0.0	156148	4002.9924303427974	0.0051075337	0.1217965042633169
6822.899970969305	300	7.987126150056805	0.0	160746	2808.2662718210213	0.0050952164	0.2532524781266807
6827.237570036259	300	7.649527083102608	0.0	179801	2837.5990669541966	0.004972551	0.2292192569287259
6829.93739054035	300	7.700580868644351	0.0	140051	1948.9462144582571	0.005095036	0.3212754037746788
6831.577185586608	300	7.811120518931377	0.0	138313	1389.4603497129735	0.005088838	0.3841327183921462
6835.171636363955	300	7.9190625309801765	0.0	143509	1392.0579879512015	0.0050380044	0.3906193303213734
6837.319363046007	300	7.666395575152595	0.0	150616	1752.6669558275812	0.005349328	0.33876674879451163
6839.627030093386	300	7.95509188117512	0.0	165384	1711.3036939774754	0.0053036497	0.36094659410592994
6840.9025084807845	300	7.735534330826849	0.0	140881	1219.5575503482714	0.0056845434	0.3963988615720835
6842.434038570549	300	7.8827297759698265	0.0	157671	852.8045548570234	0.006573591	0.4422738764426443
6844.939313548371	300	7.784455073613096	0.0	157812	1598.2747023567294	0.009599671	0.36158469279537814
6847.7331989612885	300	7.81601249053581	0.0	163927	1968.4425830772864	0.0074504204	0.32654024328099196
6851.769977102209	300	7.7792343496151775	0.0	137654	2536.7781409206323	0.0065724123	0.2674080536891179
6855.170364988439	300	7.670150901430849	0.0	146754	1609.083448184328	0.0059642745	0.3533598074512278
6858.865886257219	300	7.974629632651044	0.0	153938	2695.521268779805	0.0064723855	0.26374594609294233
6862.884087082459	300	7.956428807411208	0.0	181901	4018.2008252398355	0.005748993	0.13034043886944946
6864.996027871915	300	7.547971664465462	0.0	111155	1408.4571429457455	0.0052589644	0.3657862356647494
6866.53786317158	300	7.9737958283888	0.0	153605	1074.1758360766617	0.0051552793	0.42582837659686634
6867.54928460982	300	7.991914764563364	0.0	149029	981.8810638254357	0.0063193543	0.4361902873328992
6868.532809011821	300	7.764922831759591	0.0	157421	726.9919328037735	0.0076108794	0.44749220463482964
6872.7569010937095	300	7.540830749870689	0.0	157488	1724.0920818889024	0.00873227	0.3337764346082604
6876.173692570012	300	7.8627472920278265	0.0	143881	2178.083457842862	0.0069415094	0.30849708089768546
6878.816231354346	300	7.74583190908484	0.0	163444	2616.915382942987	0.0061981757	0.2573066769537363
6882.889695259601	300	7.506911585653667	0.0	179328	3738.9203234311735	0.006187957	0.13017366269046932
6886.668798247241	300	7.52463185409469	0.0	159914	3482.2797315589764	0.0060047605	0.15694523865525306
6888.79711261008	300	7.838886400866417	0.0	131610	1185.7454532282736	0.0055087907	0.4062395756615563
6890.035128071488	300	7.636163020067934	0.0	124011	1202.7233807984828	0.0057838936	0.39187157160463015
6893.206817357848	300	7.9329645077919775	0.0	144254	2203.1985122759565	0.006498223	0.3103741514396354
6897.40346612711	300	7.73631573853036	0.0	149991	2696.6487692616183	0.005194076	0.24873857766221819
6901.440729873145	300	7.699051992495226	0.0	147968	4037.2637460351343	0.004939355	0.1123480958576707
6905.483295110082	300	7.6564867555587695	0.0	161857	3542.565236936456	0.005005898	0.15915761945901008
6909.369525161427	300	7.635855911994376	0.0	145210	2020.6308435643928	0.0053183846	0.31006163107344176
6912.803388177913	300	7.696723998093436	0.0	172312	2939.1319139009406	0.005552998	0.22201577942097822
6915.160323845456	300	7.730621710862964	0.0	167025	1966.1022872304716	0.0058447	0.3214373491361206
6918.457363183704	300	7.687518779545635	0.0	160064	1543.1029313173294	0.005929147	0.3610433515201018
6921.772052627608	300	7.582142294459305	0.0	137507	1605.3764850863301	0.0066595967	0.34822996582530613
6924.83943061484	300	7.978109789802447	0.0	118421	1604.0325046568582	0.0076779043	0.37311233232719965

