4376.328778990981	750	4.0	6.602941104200595	450283	6602.941104200595	0.004705182	-28.627821572190477
4377.950027159559	300	6.378751831422763	0.0	155580	1621.2481685772375	0.006156405	0.017883278782549722
4380.014197963016	300	7.743761037482851	0.0	139857	1634.990793939913	0.028049557	0.5978927283126698
4382.082973831644	300	7.728963136527558	0.0	155432	2014.797900955293	0.023225948	0.5584877025591413
4385.952297239563	300	7.859639728608847	0.0	163442	3369.323407918711	0.03587092	0.4356129247244054
4388.340928844995	300	7.536974623239145	0.0	126289	1322.6651053697015	0.005205539	0.6092218660517034
4391.194233513704	300	7.723305543665534	0.0	153295	1813.6690795736113	0.009029413	0.5780560348523172
4393.404995765688	300	7.962742221790757	0.0	173849	1260.5633218747766	0.008159375	0.6564126673354267
4395.711817589451	300	7.619430774963672	0.0	150710	1343.3114468270862	0.15971306	0.615093731709909
4397.345876989383	300	7.894156239616212	0.0	139105	1225.274535347461	0.21521562	0.6533400660173234
4399.503565763309	300	7.649704242045925	0.0	141840	1244.4519975702854	0.38822487	0.6278935327947475
4402.3964243652645	300	7.69989337214543	0.0	156148	1449.810869900495	0.21213402	0.612188407280095
4404.628518984455	300	7.755369938127729	0.0	160746	1444.5234340177014	0.19453426	0.6180568343951165
4407.452187842938	300	7.972321077622077	0.0	179801	1783.0488605056519	0.35066724	0.605086089405454
4409.754227633326	300	7.661611195717182	0.0	140051	1310.7098819048947	0.27488732	0.6224138023994206
4411.254217588787	300	7.612281176978602	0.0	138313	1049.3300187385803	0.36163747	0.6438037174580667
4413.799124384355	300	7.75515776665516	0.0	143509	1357.123410323441	0.6071708	0.6267764150153434
4417.646604925021	750	7.805309146044645	0.0	372963	2949.8486206105163	0.42626947	0.046399822990248474
4421.721450216656	750	7.556702455455073	0.0	405596	3248.606690589572	0.20229033	0.44259533499210657
4425.026333403236	750	7.627380186537823	0.0	350713	2929.3222689172503	0.35261303	0.4813265903776348
4428.664520267471	750	7.989193322303521	0.0	386472	3638.1868642343015	0.45668745	0.44526506289784196
4431.487125901885	300	7.639764386495064	0.0	157812	1849.4289358084568	0.6909877	0.11643911639801416
4435.602300158365	300	7.524590130013894	0.0	163927	3115.1742564811702	0.013273141	0.42877892916900306
4438.812439695449	300	7.708695767515358	0.0	137654	1815.8943624985363	0.004705182	0.5764272987375276
4441.892575186629	300	7.530750652117767	0.0	146754	1677.9451153975906	0.004705182	0.5730948006425425
4445.568270095622	300	7.855055743124174	0.0	153938	3175.694908993593	0.004711555	0.45453456072153764
4449.64068386843	300	7.7826419703167575	0.0	181901	2572.413772807417	0.004705182	0.507892765101498
4451.552456090791	300	7.826905345078598	0.0	111155	955.7366252381587	0.004705182	0.6738208807839104
4455.474919331866	300	7.904442104003104	0.0	153605	1422.4632410754932	0.01024402	0.6346112217673917
4456.998359021139	300	7.521971778465265	0.0	149029	1382.4703255378386	0.016552737	0.6017973029037404
4460.749632364218	300	7.770698435385204	0.0	157421	2251.273343080062	0.0132263955	0.5388572290475606
4464.55796649951	300	7.962364300093495	0.0	157488	3808.3341352917087	0.0057034967	0.40159921059403936
4468.783336208811	300	7.736994590793111	0.0	143881	3225.3697093003852	0.004705182	0.438203558470476
4472.583392448398	300	7.9369383512064395	0.0	163444	3300.056239586671	0.004705182	0.44997972322841634
4475.87905855981	300	7.78710660999703	0.0	179328	3149.8317412094093	0.004705182	0.450580694985213
4479.439250398552	300	7.834927952227355	0.0	159914	2952.178657769675	0.004705182	0.47494886273139675
4480.890382056404	300	7.543368670788292	0.0	131610	1291.5592814390645	0.004705182	0.612947882903675
4482.84257515448	300	7.577058338456027	0.0	124011	966.3103323322645	0.004705182	0.6487154472240697
4484.812777910509	300	7.889898371814164	0.0	144254	1187.159966641862	0.006991241	0.6567416981959785
4486.721606497432	300	7.707005430045586	0.0	149991	1182.8929417685774	0.016115304	0.6395647438774643
4488.03828783998	300	7.5866326148490515	0.0	147968	1120.372815196536	0.044607602	0.6342307340945342
4489.297713580459	300	7.920073979785597	0.0	161857	1166.5586350634544	0.12200557	0.661706268460577
4491.331328896916	300	7.509699898264662	0.0	145210	910.374081520934	0.40444586	0.6478257446675182
4495.89569698477	750	6.945331810409193	0.0	438281	4564.36808785547	0.6921792	-0.19782593518337915
4497.5391135507125	300	7.872428202834249	0.0	167025	1572.9036075749423	0.5274584	0.16648581016801997
4500.0326919146055	300	7.855895395070913	0.0	160064	1516.5328077633371	0.22360899	0.6205315883138642
4502.646167302767	300	7.742680484055097	0.0	137507	1613.2149110158157	0.051043298	0.599966312090096
4505.263916502611	300	7.61893614670563	0.0	118421	1623.7443373494677	0.03381478	0.5870028341167569

