8690.185094729875	750	4.0	2.731225734575557	450283	2731.225734575557	0.04323383	0.2228972916587234
8691.148551624014	300	7.036543105862896	0.0	155580	963.4568941371031	0.0645881	0.32332263130238315
8692.796274512239	300	7.6250230380963275	0.0	139857	911.5200677665691	0.013015444	0.8511770566401687
8695.904133032493	300	7.769195192958757	0.0	155432	2855.8278451375704	0.0133935	0.674547490593179
8699.780416953656	300	7.727068512736381	0.0	163442	2542.126680222376	0.008955196	0.7007161453103659
8702.217736824809	300	7.720487235779019	0.0	126289	1506.5812769573622	0.009111447	0.8034580827842495
8706.13047124304	300	7.807752817548	0.0	153295	2412.73441823102	0.008603828	0.7236176169333248
8708.38265031128	300	7.5733997419419214	0.0	173849	1734.35307560608	0.008533364	0.7625197287504792
8710.096753907654	300	7.895260978221069	0.0	150710	1178.1387637208522	0.009813823	0.8578819823420027
8711.146348491648	300	7.918446155001395	0.0	139105	976.8148232196735	0.01015369	0.8808770945108381
8714.09033651298	300	7.587842005672692	0.0	141840	1830.6041493287028	0.011078648	0.7546778353018845
8715.437556423412	300	7.850923943507374	0.0	156148	1236.9180621653172	0.008632753	0.8465296740268774
8717.235646871875	300	7.8970297101599645	0.0	160746	1453.8942333474095	0.009564281	0.8305248240945423
8720.353259425694	300	7.830321555108541	0.0	179801	2566.708155051424	0.0101588685	0.711006848440595
8722.06427609801	300	7.805265327734563	0.0	140051	1025.056227373978	0.009089278	0.8620783008944397
8724.162962430488	300	7.943902374465597	0.0	138313	861.3629532689673	0.010873236	0.8955654096081734
8725.719587838139	300	7.994251360244711	0.0	143509	949.6510142208865	0.0117449	0.892953289079564
8727.647741697543	300	7.678661617708112	0.0	150616	815.5897425365972	0.012768272	0.8673929471716164
8729.568227840296	300	7.609700604764487	0.0	165384	1068.9610129436255	0.012813293	0.833541071974827
8730.843551254313	300	7.547801519861807	0.0	140881	1061.8990849026793	0.012668046	0.8266044663839879
8732.282877378362	300	7.9548505651946595	0.0	157671	1092.9509546671475	0.013078078	0.8737584035160875
8733.264023769732	300	7.547465001900236	0.0	157812	907.385563294422	0.012677574	0.8420142680285079
8734.84038477516	300	7.826164965674259	0.0	163927	1221.3000362259777	0.014834488	0.8450344382762116
8736.362848346422	300	7.647463597894099	0.0	137654	678.7013677801601	0.014538549	0.877229705474611
8737.620874986516	300	7.590331436787154	0.0	146754	557.1321611069465	0.015801108	0.8823324089447998
8738.63713673228	300	7.892647803399628	0.0	153938	697.6836333875262	0.019033676	0.9056048416824352
8739.623513027102	300	7.6037486310760904	0.0	181901	788.8991723235379	0.017480044	0.8608123544623797
8740.666426157022	300	7.6560307323657835	0.0	111155	447.7178987103079	0.019841718	0.9013858528594598
8741.595969832983	300	7.988856471989975	0.0	153605	667.1742603758088	0.020692293	0.9205348472935357
8742.496644407636	300	7.924703849456628	0.0	149029	564.1526225333469	0.022261575	0.922915964081699
8743.191741907502	300	7.765416137582524	0.0	157421	659.2877118741031	0.025293652	0.8937348967247787
8744.314914776349	300	7.551734601655365	0.0	157488	713.6815359271588	0.02607821	0.8619118464126094
8745.638604954007	300	7.8346351507870455	0.0	143881	717.0994508683204	0.026593432	0.896500326767082
8746.94608424475	300	7.769190797308903	0.0	163444	1065.4443534781417	0.024413142	0.8535852970198277
8748.98126967903	300	7.757615620302888	0.0	179328	1011.5751770060153	0.021506833	0.8575430054245815
8749.920225663054	300	7.984942780926991	0.0	159914	772.6728393758958	0.022849008	0.9095017584730463
8750.893495134253	300	7.901449631651732	0.0	131610	583.493149275258	0.023887735	0.9181106686614458
8751.616069844806	300	7.805050332836272	0.0	124011	596.3992988154603	0.024820678	0.9049174479190217
8754.209102126062	300	7.676621998078096	0.0	144254	2128.428334758177	0.023565482	0.7358572522129678
8755.178390528547	300	7.969279689084433	0.0	149991	707.3423089936616	0.016577804	0.9141008596058059
8756.676316972176	300	7.981289590014825	0.0	147968	987.9900990696082	0.021006437	0.8875189660350222
8758.189703130129	300	7.5945646548187105	0.0	161857	886.724935196115	0.017966663	0.8498958150622687
8759.499589947342	300	7.84795184809031	0.0	145210	746.6128067284008	0.01988693	0.8951932292652917
8760.84061848775	300	7.569074559128222	0.0	172312	1278.8772889620898	0.021543683	0.8075332688209587
8762.57517423285	300	7.602872279301369	0.0	167025	966.2022798268523	0.017048106	0.8429738388824007
8764.155661271114	300	7.696805573806765	0.0	160064	906.0667054946042	0.020487782	0.8605855198356325
8765.148633904435	300	7.53752938503079	0.0	137507	659.2761887759748	0.017915014	0.8655984358636147
8765.593016334711	300	7.602186359165454	0.0	118421	435.3430258653343	0.024639674	0.8959750724075488

