8087.654386879408	750	4.0	6.579692689023528	450283	6579.692689023527	0.050639037	-0.30796926890235277
8088.641174795558	300	7.013212083850239	0.0	155580	986.7879161497615	0.31350237	-0.11035303637433622
8091.814027314216	300	7.565026031742614	0.0	139857	1948.1860521076244	0.026796423	0.27799552177315096
8096.102974340793	300	7.2760790051655375	0.0	155432	4288.947026577077	0.011320872	0.025860235165138412
8099.830205016345	300	7.548848329613888	0.0	163442	3727.2306755516497	0.009194659	0.099079953045703
8103.405962345293	300	7.7013918066944225	0.0	126289	1347.4565229194645	0.0074581434	0.34659133562645494
8107.386720956318	300	7.720633195668743	0.0	153295	2980.75861102568	0.0070578735	0.18446371362672848
8111.579418072826	300	7.527936079161056	0.0	173849	3192.697116507686	0.006962534	0.15122629329679738
8113.736671571414	300	7.765187610948404	0.0	150710	1262.7484682126515	0.00665162	0.3590493788630101
8114.848068765342	300	7.911741486272203	0.0	139105	853.4461246762006	0.0073345834	0.4091392304243926
8116.81488564535	300	7.847308623794095	0.0	141840	1064.4328624781092	0.011086799	0.38401350273932006
8118.806614264745	300	7.847636361011033	0.0	156148	999.6722627830627	0.011745604	0.3905100462848833
8120.401650598294	300	7.826146305793267	0.0	160746	1021.4900552177664	0.011931796	0.38698513859030254
8122.439572362105	300	7.98895862505271	0.0	179801	1837.1876807405565	0.017341763	0.31559114599173876
8123.534537910744	300	7.946842825518638	0.0	140051	1042.1157995340723	0.011603838	0.39246609664150767
8125.278176167898	300	7.801448580993728	0.0	138313	1145.3942445249088	0.012155421	0.37305111185961715
8126.5908118861735	300	7.5892527901707165	0.0	143509	712.1957908230121	0.013589867	0.4031087203033686
8127.368228736346	300	7.845764319260479	0.0	150616	743.4884709102372	0.024206635	0.4160114228627563
8128.803873930337	300	7.639905878546401	0.0	165384	705.858440714079	0.026352305	0.40690827333774215
8129.628135263907	300	7.927668588400218	0.0	140881	712.2372901461825	0.03553038	0.42425555776039536
8130.731959862935	300	7.661768291498102	0.0	157671	765.9002969021154	0.033324964	0.4022704885284198
8133.154172234953	300	7.914624294701425	0.0	157812	1747.1439967966771	0.032807544	0.3199496187391714
8134.585070030913	300	7.631709574832974	0.0	163927	782.914719868452	0.017986447	0.39869037644021565
8136.10373189	300	7.736370107034952	0.0	137654	895.3394677980214	0.02897861	0.3939891849098824
8139.416929871184	300	7.6714323645367966	0.0	146754	1564.9377424981558	0.024577267	0.3229707485337342
8142.267124764089	300	7.805465061277549	0.0	153938	1865.9673032592477	0.01482198	0.30124483600392205
8146.346873303988	300	7.725716521379221	0.0	181901	4079.7485398983285	0.01168114	0.07488242859636851
8150.232799450987	300	7.839790374379758	0.0	111155	3385.926146999464	0.008458727	0.1513942836987885
8154.308583066659	300	7.591849647365765	0.0	153605	3747.9407270139923	0.007032397	0.09969653025896108
8159.037821897998	300	6.862610816027476	0.0	149029	4729.238831338289	0.0062539494	-0.04401070713211169
8162.005521318393	300	7.894911395632	0.0	157421	2967.699420395476	0.0062276255	0.19666202018745238
8166.4020970982965	300	7.498335615728503	0.0	157488	4396.575779903497	0.005636612	0.028988397992681658
8170.151412923916	300	7.749019790109054	0.0	143881	3249.3158256194474	0.005379279	0.15938215431987118
8174.457341592382	300	7.443091121642427	0.0	163444	4305.928668466628	0.005278556	0.03460032825598891
8178.22088472414	300	7.679547989885179	0.0	179328	3263.543131757247	0.0051981434	0.15361743619209894
8179.525295957159	300	7.967414670445065	0.0	159914	1212.133319440115	0.0052542766	0.376750084958805
8180.855779812738	300	7.638311742445421	0.0	131610	829.1029279996429	0.0059716515	0.3944841911028746
8183.222912650974	300	7.725435729616296	0.0	124011	1412.8760128291256	0.008993225	0.34155213181810595
8187.192847131283	300	7.742596959665224	0.0	144254	2982.838769951072	0.008975901	0.1856284329839693
8190.006837369696	300	7.779149705137756	0.0	149991	2463.4472545274693	0.007376737	0.2398521311183628
8191.567193679667	300	7.674243004095282	0.0	147968	1104.9067010424733	0.008748971	0.3691495176517078
8192.813079498084	300	7.974024913350458	0.0	161857	1200.2180907448242	0.01611229	0.37835474800992125
8194.419560235925	300	7.713618351267258	0.0	145210	1260.4065620831996	0.023576446	0.3560604907458837
8195.92157860663	300	7.725646248793079	0.0	172312	987.9721024741793	0.028661322	0.3840556803021495
8197.469861310186	300	7.813528131630348	0.0	167025	912.1181171627302	0.057800353	0.39713369651062375
8198.375174529741	300	7.923953781549633	0.0	160064	889.574350080715	0.092748046	0.40628967633878055
8199.566596643192	300	7.7961121595609235	0.0	137507	627.841621988709	0.10942997	0.4244728477736868
8200.778710580917	300	7.641845355429556	0.0	118421	654.2668041313674	0.17190862	0.41218865430121054

