5846.191992717617	750	4.0	7.229722006325715	450283	7229.722006325715	0.01904428	-0.2269523355162924
5848.674560684362	300	5.517432033254713	0.0	155580	2482.567966745287	0.004705182	-0.016156025393294
5850.925238660366	300	7.266754057251941	0.0	139857	2250.6779760027725	0.004705182	0.6730251095622661
5854.209053264443	300	7.982939453173061	0.0	155432	3283.8146040788806	0.004705182	0.6581402272936057
5858.609995764271	300	7.581996953345817	0.0	163442	3900.9424998272434	0.004705182	0.5469223004625686
5861.901291129171	300	7.765211802135669	0.0	126289	2816.785151210147	0.004705182	0.6779599231027597
5865.8723928388345	300	7.7941100924714775	0.0	153295	2971.101709664192	0.004705182	0.6660963944330976
5868.990835816385	300	7.587694484323161	0.0	173849	2206.415608148317	0.004705182	0.717078474676762
5871.6491677976355	300	7.719542254699418	0.0	150710	1868.1522296237438	0.004705182	0.7671843088964365
5873.616645042283	300	7.580893517738388	0.0	139105	1138.6487369610293	0.004705182	0.8230154334444203
5875.8098752558335	300	7.963692564656845	0.0	141840	1117.2009530815433	0.004705182	0.8724251422585679
5878.8244573899465	300	7.639416189834945	0.0	156148	2324.2763748219004	0.004705182	0.7116785759067055
5880.351104222204	300	7.841245619951076	0.0	160746	1298.1705698838687	0.004705182	0.8392094221357324
5883.477254487887	300	7.667408675547169	0.0	179801	1673.8369444039063	0.004705182	0.780178804695022
5885.591668624033	300	7.766358296712975	0.0	140051	1401.050378834194	0.004705182	0.8196749602184858
5889.527176550013	300	7.83085037073335	0.0	138313	1935.5079259796253	0.004705182	0.7741921652243298
5892.020176999752	300	7.973785968409747	0.0	143509	2357.064402323602	0.004705182	0.7496850491993676
5896.2180770501745	300	7.617803881106698	0.0	150616	2355.982087303049	0.004705182	0.7058394915663735
5900.064318766944	300	7.771562164337055	0.0	165384	3846.241716769643	0.004705182	0.5757983579128829
5903.021344621566	300	7.737129143720491	0.0	140881	2534.433020616564	0.004705182	0.7027277166195116
5905.9180927353655	300	7.850051489523594	0.0	157671	1387.077654196897	0.004705182	0.8314059912617737
5909.586477091181	300	7.775694498466717	0.0	157812	2074.3569910568763	0.004705182	0.753497057682238
5912.635702182132	300	7.6880957021710925	0.0	163927	2587.598796295625	0.004705182	0.6913568862470443
5916.635018690555	300	7.539250561887227	0.0	137654	2648.845140283866	0.004705182	0.6668540577110407
5920.991208664174	300	7.1830605882670895	0.0	146754	4356.189973620138	0.004705182	0.4521401171212105
5924.2746685794655	300	7.6096612586508545	0.0	153938	2573.399329616235	0.004705182	0.6830923821676664
5927.972646167891	300	7.911683670225055	0.0	181901	2697.9775884258	0.004705182	0.7079258410616385
5930.679794427011	300	7.607128699215387	0.0	111155	1804.5549710096682	0.004705182	0.759664118071306
5932.26181710677	300	7.552413931891589	0.0	153605	1554.714767323798	0.004705182	0.7778924014764311
5933.732870982984	300	7.795540945001103	0.0	149029	1256.8729868904873	0.004705182	0.8376959368088065
5935.889902639088	300	7.864115604611222	0.0	157421	1931.42534038988	0.004705182	0.7787077458299652
5938.919748854735	300	7.661995664145272	0.0	157488	1702.1199404659508	0.004705182	0.776682150218641
5940.729642044667	300	7.855912230769209	0.0	143881	1306.083433376064	0.004705182	0.8402290502741209
5944.766504116164	300	7.819050159272969	0.0	163444	2536.8620714962403	0.004705182	0.7125997559957506
5948.997294980518	300	7.588259294918688	0.0	179328	3230.7908643542814	0.0047103073	0.6147106873005954
5952.962121039651	300	7.623433235786157	0.0	159914	1964.8260591325309	0.004728306	0.7456501615718389
5956.833702567639	300	7.751851707798156	0.0	131610	2871.5815279880017	0.00476454	0.670830689025941
5960.773561809945	300	7.8119924654916835	0.0	124011	2939.859242306474	0.0047803326	0.6714286119657127
5964.928166502595	300	7.657387772841624	0.0	144254	3154.604692650058	0.0048095332	0.6308647298483768
5967.52159371574	300	7.716841240110656	0.0	149991	2440.546532730968	0.0048340857	0.7096113791487493
5971.221629005197	300	7.823263892689764	0.0	147968	1893.577347420893	0.0048783375	0.7774485061270223
5973.585113308874	300	7.544750792919645	0.0	161857	1778.5130997701185	0.004865668	0.7545663858071798
5975.2409604743125	300	7.9443127168034735	0.0	145210	1100.4380761161724	0.004952128	0.8717085630766902
5976.640203666211	300	7.657395737064977	0.0	172312	1286.916979738496	0.005579821	0.8176344844974219
5979.124750215527	300	7.526285597087794	0.0	167025	2131.1101399771837	0.0065793777	0.7170267487424277
5980.794035323958	300	7.803361152140989	0.0	160064	1222.9244449468044	0.007660078	0.8420563669348826
5982.950209589821	300	7.918454460651821	0.0	137507	1384.9066914891678	0.00913395	0.8400689331984312
5986.05454339479	300	7.711921345354021	0.0	118421	1206.5331152978	0.011829618	0.8324052520771658

