9523.295770682576	750	4.0	3.8635903273045304	450283	3863.5903273045305	0.004705182	-16.574678153847792
9524.536108088823	300	6.759662593753583	0.0	155580	1240.3374062464177	0.041518826	0.09263745567376577
9526.912002017756	300	7.838679415001377	0.0	139857	1420.983178752206	0.37197506	0.6284294932564267
9529.303211443828	300	7.655530124716435	0.0	155432	1183.149290284943	0.32381842	0.634584551456641
9531.232749559304	300	7.604791158722273	0.0	163442	1550.7389659941616	0.6520109	0.5929418998276721
9532.573566871573	300	7.638782024878718	0.0	126289	966.0091338435548	0.24591357	0.6546865431547371
9536.534862302919	750	7.677486593533984	0.0	352642	2961.2954313447344	0.47622693	0.03295207365904951
9540.590958013101	750	7.621390883351256	0.0	437162	4056.0957101827275	0.33508486	0.36807276890437857
9544.503760160618	750	7.571089512519615	0.0	374758	3550.3013708316407	0.4460331	0.41381063782106214
9546.786750442358	300	7.7908447885921746	0.0	139105	1280.2447239274406	0.6871021	0.18789920071913874
9549.355029332415	300	7.763078079519968	0.0	141840	1527.7667090722052	0.15182021	0.6104744243981699
9552.920708836209	300	7.9504944276651335	0.0	156148	1812.5836518548342	0.05156602	0.6000317700120338
9557.274422065815	300	7.596781198058428	0.0	160746	3853.7132296067043	0.030036308	0.3618735055045539
9561.32952739687	300	7.541675867002656	0.0	179801	4055.1053310557727	0.004705182	0.3364303436231956
9564.940876721996	300	7.930326541878139	0.0	140051	3611.3493251245172	0.004705182	0.4182140203930615
9569.217173981462	300	7.654029282412121	0.0	138313	3276.297259466017	0.004705182	0.42512529673393307
9573.020911014666	300	7.850292249206641	0.0	143509	3803.73703320548	0.004705182	0.39127185651105345
9576.888524563363	300	7.98267870051138	0.0	150616	3367.6135486952617	0.004705182	0.44762655374807103
9580.94343934112	300	7.927763922756048	0.0	165384	4054.914777755332	0.004705182	0.3736108200807849
9584.263389677333	300	7.865701904472642	0.0	140881	2562.062018283406	0.004705182	0.5169225551139633
9588.641041059598	300	7.488050522207602	0.0	157671	4377.65138226504	0.004705182	0.2990142371521424
9593.690396857035	300	6.438694724770848	0.0	157812	5049.355797436754	0.004705182	0.13084208858893365
9597.529090835817	300	6.6000007459873435	0.0	163927	3838.693978783505	0.004705182	0.26743416123359864
9599.663957230512	300	7.834362334548612	0.0	137654	1765.6384114387315	0.004705182	0.5935484460098733
9602.010196159137	300	7.900856890463507	0.0	146754	1433.5054440851065	0.004705182	0.6331619205239052
9604.241303827046	300	7.77166973203045	0.0	153938	2129.1871584330565	0.004705182	0.5511593359357849
9608.932397840706	300	7.08057571836838	0.0	181901	4691.09401366207	0.004705182	0.22845005368937943
9612.505011506453	300	7.507962052622475	0.0	111155	3572.613665745905	0.004705182	0.38143451659551597
9616.528705949033	300	7.484267610042667	0.0	153605	4023.694442579808	0.004705182	0.33404582145719697
9620.431119228415	300	7.581854330660525	0.0	149029	3902.4132793821423	0.004705182	0.3555667723060188
9624.595899397804	300	7.417074161272358	0.0	157421	4164.7801693881665	0.004705182	0.3134698017534453
9628.434852556926	300	7.578121002150967	0.0	157488	3838.9531591213904	0.004705182	0.3615534471527026
9632.24829777873	300	7.764675780346189	0.0	143881	3813.445221804778	0.004705182	0.3820603536740756
9637.257818189708	300	6.755155369366099	0.0	163444	5009.52041098009	0.004705182	0.16528532964924847
9640.431879070595	300	7.58109448847881	0.0	179328	3174.060880887289	0.004705182	0.42832887646823176
9644.487485553545	300	7.5254880055285795	0.0	159914	2555.60648295023	0.004705182	0.4848221280770355
9648.47281199383	300	7.5401615652448655	0.0	131610	2985.326440283714	0.004705182	0.443262479407864
9652.411486583947	300	7.601486975126502	0.0	124011	2438.6745901183644	0.004705182	0.5038303059292852
9656.02933793977	300	7.983635619305862	0.0	144254	3617.851355820639	0.004705182	0.422694877574321
9660.148677658208	300	7.864295900867588	0.0	149991	4119.339718438274	0.004705182	0.36105945562817654
9664.046398743072	300	7.966574816002693	0.0	147968	3397.7210848648956	0.004705182	0.44306578265426827
9667.71472440962	300	7.5709196953799855	0.0	161857	3395.6551206227073	0.004705182	0.40519011691153334
9671.586114172756	300	7.64156005327361	0.0	145210	1929.3596421063755	0.004705182	0.5586188807688599
9674.248638580926	300	7.8713129052043405	0.0	172312	2270.2471480692693	0.004705182	0.546644107434032
9678.512498931166	300	7.607452554964868	0.0	167025	3263.8603502394735	0.004705182	0.4218859238642285
9682.132938854396	300	7.9870126317336565	0.0	160064	3120.4399232312117	0.004705182	0.47276106217839764
9686.006316255949	300	7.828612807242153	0.0	137507	2658.3998244915038	0.004705182	0.5037189060631833
9687.93528253299	300	7.671618347752949	0.0	118421	1156.9944594892033	0.004705182	0.6387485445782756

