13704.696939493548	750	4.0	2.855960794164828	450283	2855.9607941648283	0.01504571	-12.141108208033103
13705.505951477751	300	7.1909880157968455	0.0	155580	809.011984203154	0.11349554	0.17728556774022725
13706.684605157276	300	7.679147574754576	0.0	139857	511.8404410422698	0.693039	0.7039886432148093
13711.886264042336	1850	6.47748868969272	0.0	933276	5201.6588850618555	0.46270496	-1.3477506089405256
13714.425651908912	750	7.702030803891483	0.0	411561	2275.457885801238	0.61104655	-0.5461017632019627
13717.29733795477	750	7.83315279514905	0.0	318564	2368.878008742432	0.70643353	0.5571768675504801
13719.179249016504	750	7.868601268538427	0.0	352642	1464.551526610624	0.4137081	0.6510214722547278
13723.452128195226	1850	7.595722089817839	0.0	1060487	4272.879178720588	0.45210627	-0.6972413824783787
13726.409702779429	1850	7.687054102190496	0.0	852833	2908.667987627343	0.044948623	0.5479705482699735
13730.433207177126	1850	7.663549704491983	0.0	913888	4023.504397698513	0.005887623	0.4342245818471704
13735.617853153648	1850	6.478903727971197	0.0	939819	5184.6459765207865	0.038533863	0.2040868809816292
13740.563034543673	1850	5.533722337946041	0.0	917428	4945.181390025155	0.6895776	0.13705853957397818
13742.503668373172	750	7.593088508445031	0.0	386351	1940.6338295010098	0.30973542	-0.5231051792889239
13745.402270544106	750	7.890223518138718	0.0	434409	2202.8649903063124	0.15829968	0.5792712923733412
13748.092846790292	750	7.927804033059074	0.0	337059	2462.4194850796443	0.073007636	0.5569330108459984
13752.26477985343	750	7.68591586299276	0.0	366214	2741.8881700663133	0.05951103	0.5057041267043844
13754.844141243635	750	7.7712576620770655	0.0	360831	2414.658200915696	0.14707108	0.5466413703134176
13757.74695887993	750	7.6222004290219925	0.0	372963	2649.0572330550735	0.18555579	0.5088545363226203
13760.059718685661	750	7.992700665828568	0.0	405596	2129.499763193423	0.28399342	0.5964713588656493
13764.395485322491	750	7.656934028997124	0.0	350713	2835.7666368314435	0.050164327	0.49352674504456595
13768.19401249969	750	7.858406851799686	0.0	386472	3798.5271771974376	0.37050062	0.4166426828148913
13769.491014190278	300	7.838682968138071	0.0	157812	1019.7238836616151	0.32088292	0.21855576475899502
13772.258852946363	300	7.908402512659028	0.0	163927	1430.280455479043	0.58403563	0.6342106942326933
13774.33675304611	300	7.9432316655395585	0.0	137654	1465.1708471194684	0.20282954	0.6340740012456993
13777.19482417445	300	7.585560675230457	0.0	146754	1357.670990309101	0.07750847	0.610397741157371
13779.20812458839	300	7.664110537278024	0.0	153938	1921.4501379524336	0.04944565	0.561580341305534
13781.165433476772	300	7.801381245530589	0.0	181901	1862.7292917474356	0.010186372	0.5806648900824185
13783.488214691057	300	7.812280398205768	0.0	111155	989.1008473248204	0.012680156	0.6690767905533763
13785.09352463175	300	7.876465620838207	0.0	153605	935.8147773675618	0.026746167	0.6805832993330746
13789.032818984306	750	7.806566045723053	0.0	400508	3569.8995751151547	0.6018949	-0.015484294415004318
13793.97908465661	300	6.860300373416598	0.0	157421	4946.265672306456	0.20677064	-0.2682688684474598
13796.668016449627	300	7.963664706282701	0.0	157488	2396.6356671338963	0.004705182	0.5428942230069269
13798.260360140694	300	7.953640871190757	0.0	143881	1010.0238350919432	0.004705182	0.6805906005104176
13799.80413170781	300	7.99291507762025	0.0	163444	960.7257935705077	0.016865253	0.6893005923757722
13801.12553246496	300	7.958737585817844	0.0	179328	1034.177491802406	0.40879744	0.6786657995066842
13802.544713500223	300	7.802758629357899	0.0	159914	655.978956459945	0.60758257	0.7014724983948165
13803.717710522904	750	7.692861147921652	0.0	321064	1109.8974814362462	0.105398506	0.21957168726053528
13806.859281885667	1850	7.788625308661132	0.0	938587	2904.2358392605206	0.6284743	-0.5418098910006367
13809.555072199355	1850	7.909397899568521	0.0	908665	2379.227409092612	0.0068637505	0.6223154533300228
13812.416941744923	1850	7.66674463108296	0.0	930577	2742.6532684855615	0.004705182	0.562617210141577
13815.973772134483	1850	7.852937508344104	0.0	858450	3313.8071227388564	0.004705182	0.5234231041232185
13819.950434265256	1850	7.876275377570749	0.0	1025005	3976.662130773356	0.009625711	0.4593839001777705
13823.61371347012	1850	7.724478449936185	0.0	886255	3651.7969276345643	0.04761204	0.4772597909483761
13829.818690058239	1850	5.5195018618167	0.0	973972	6204.976588119485	0.14098297	0.00971028251872319
13832.028420404533	750	7.309771515522311	0.0	398987	2209.7303462943896	0.34730676	-0.5772844186431415
13835.041419984842	750	7.861366364689103	0.0	393804	2448.405150833207	0.12191255	0.5519397419838518
13837.379862354177	750	7.979442351759335	0.0	331053	1381.9240129297684	0.22458643	0.6699528058553507
13839.572307116261	750	7.78647918241996	0.0	314107	1692.9631693393756	0.01215136	0.6202759623781904

