11958.321764563489	750	4.0	5.259051639025879	450283	5259.051639025879	0.052175622	-0.17590516390258792
11959.866990626138	300	6.454773937350686	0.0	155580	1545.2260626493135	0.41088215	-0.20109923518051348
11961.97708978519	300	7.991863270652231	0.0	139857	1462.9106666984549	0.019363964	0.35320038774591894
11963.515274553094	300	7.706365061337427	0.0	155432	1285.4982093148042	0.012831866	0.35309799540210873
11965.559506769012	300	7.8055921993221276	0.0	163442	1400.7728620152986	0.01674572	0.3477722262561031
11966.903807340024	300	7.9851716432181385	0.0	126289	1320.4205561039878	0.015552434	0.3670311720907349
11980.224388099592	4300	4.0	5.335409116349683	2157535	13320.580759567822	0.01196078	-4.582058075956782
11984.414461947412	1200	4.0	0.19007384781940345	709534	4190.073847819403	0.53908944	-3.06900738478194
11988.748723793306	1200	4.0	0.3342618458940933	584846	4334.261845894093	0.7277597	0.01657381541059072
11989.510454359906	300	7.238269433399581	0.0	139105	761.7305666004198	0.7681153	-0.5237812170725682
11990.861901670512	300	7.9428092811914395	0.0	141840	795.4601522081424	0.009426923	0.41687956485365074
11991.884769828337	300	7.544368781477515	0.0	156148	898.4404997139254	0.009537842	0.38167899887095214
11993.150709896881	300	7.928612581011235	0.0	160746	1115.7562004662802	0.010626646	0.38396266626657416
11994.852475465541	300	7.852821740270385	0.0	179801	1075.79084074085	0.014078581	0.3832222746928141
11996.211641353266	300	7.966226141267897	0.0	140051	886.5955990024894	0.018620398	0.4092295739289946
11997.055829597044	300	7.755417149439442	0.0	138313	710.808991828455	0.019312046	0.4136326726571196
11998.269937244706	300	7.860053013584235	0.0	143509	895.3641358552061	0.021770433	0.40171689976349406
12000.997775123578	300	7.830505744201651	0.0	150616	1529.5472693825825	0.023764439	0.33645188207434495
12002.482429509053	300	7.55232394680793	0.0	165384	1278.1817973937223	0.015306967	0.34420206693612343
12004.834675667518	300	7.619437109166119	0.0	140881	932.8868376418108	0.016612735	0.38292613555870136
12007.344526464107	300	7.784191371283288	0.0	157671	1335.2457378828317	0.018387366	0.35298738691692233
12009.21677706094	300	7.9853686356194595	0.0	157812	1298.8227356638286	0.015076832	0.36920326615983334
12011.530526093558	300	7.685208064194747	0.0	163927	1300.160571424712	0.013223825	0.35030944686970045
12012.746588066744	300	7.7089712700492345	0.0	137654	976.2367941455113	0.014729054	0.384187024963526
12014.477703096982	300	7.723326296949697	0.0	146754	985.6449730995362	0.016306164	0.3841433962494024
12015.829804116329	300	7.875010820346655	0.0	153938	848.3154766030408	0.015590811	0.4073566286113619
12017.768062383882	300	7.91777452944095	0.0	181901	1457.2362909057058	0.020518884	0.3491372789994888
12019.959529003887	300	7.552552179263286	0.0	111155	865.2223501776652	0.017110743	0.3855122761861889
12021.986120487456	300	7.542378567392072	0.0	153605	1510.1736118712142	0.015297351	0.3203812992748831
12024.786903173206	300	7.840196179865719	0.0	149029	1202.1823875263526	0.013585236	0.3697940224889722
12028.090491940276	300	7.882701887942087	0.0	157421	1957.4942919236332	0.01476886	0.2969194388040171
12030.08574735632	300	7.978121455494387	0.0	157488	1404.5804324477003	0.011221369	0.35817454772362917
12031.655611242586	300	7.5235270521579825	0.0	143881	1454.5944033364046	0.011992711	0.32476100042623346
12033.435483365243	300	7.856225655794911	0.0	163444	1667.3013963630708	0.01221716	0.3242839638508749
12036.156042534169	300	7.782231415478458	0.0	179328	1573.9942403164541	0.010830901	0.3289900394357582
12037.814362344841	300	7.716353993448084	0.0	159914	1565.8774220303746	0.012361737	0.3256843823874678
12039.991854633345	300	7.558829115016095	0.0	131610	1157.5248784319876	0.011149545	0.35667433184530717
12042.493341979616	300	7.598069080417336	0.0	124011	1460.7600345987603	0.013182098	0.32880331406620744
12044.215840459194	300	7.892183567963839	0.0	144254	1705.8855124534969	0.011220818	0.32267292175239026
12047.186103509888	300	7.92535847817905	0.0	149991	1966.8250897847884	0.0133237215	0.2986523959077118
12049.10838434393	300	7.845936999113153	0.0	147968	1579.4214790658966	0.013835686	0.3324289145379824
12053.233770100123	300	7.720551242918406	0.0	161857	1625.3857561947475	0.016615722	0.3199958770629256
12055.105716688922	300	7.723700589605473	0.0	145210	1496.8506533129328	0.020967843	0.3330462215190488
12057.39503823474	300	7.906587731938863	0.0	172312	1817.1128576666076	0.023789562	0.3124504474795182
12059.77555958366	300	7.927431387553053	0.0	167025	1479.1563443858101	0.028789792	0.3475488272834848
12062.238286993688	300	7.831750208306977	0.0	160064	2095.6811792460767	0.036864065	0.2799162700945784
12066.46589807465	300	7.604139127345156	0.0	137507	2227.6110809618217	0.034107994	0.2524975873628901
12069.099445569907	300	7.869694045587752	0.0	118421	1734.4450817574045	0.031172976	0.31841136967349404

