1789.6096494564406	750	4.0	2.6661221575738243	450283	2666.122157573824	0.63583964	-10.714325277567443
1790.8857157847206	300	6.723933671720184	0.0	155580	1276.066328279816	0.35646567	-0.15000000000000002
1792.5569588753756	300	9.052690581065232	0.0	139857	1671.2430906549514	0.004705182	0.3
1795.6517798139057	300	9.957869642535126	0.0	155432	3094.820938530105	0.004705182	0.3
1814.6764385858312	2850	4.0	9.066789129390173	1472558	19024.6587719253	0.004705182	-38.68719325637774
1817.791613904175	300	4.88482468165625	0.0	126289	3115.1753183437504	0.004705182	-2.25
1819.3667559584433	300	7.309682627387798	0.0	153295	1575.1420542684514	0.004705182	0.3
1820.3098195075595	300	10.36661907827163	0.0	173849	943.0635491161694	0.004705182	0.3
1821.0211488772388	300	13.65528970859237	0.0	150710	711.3293696792583	0.004705182	0.3
1822.5249654613028	750	16.15147312452843	0.0	362795	1503.8165840639408	0.59526324	0.3
1824.0094707715177	750	18.666967814313363	0.0	353220	1484.5053102150664	0.12515089	0.75
1827.6981577717593	1200	18.978280814072	0.0	594078	3688.6870002413616	0.21890986	0.75
1832.091957378872	1200	18.584481206959246	0.0	624282	4393.799607112753	0.11592695	1.2
1836.8448179049162	1200	17.83162068091499	0.0	687371	4752.860526044256	0.27217686	1.2
1838.924854350337	1200	19.751584235493986	0.0	526950	2080.0364454210076	0.34310615	1.2
1841.5020591590119	1200	21.174379426819172	0.0	587876	2577.204808674814	0.004705182	1.2
1844.6706240825183	1200	22.005814503312653	0.0	617242	3168.5649235065175	0.004705182	1.2
1849.2161695732239	1200	21.460269012607114	0.0	581493	4545.545490705538	0.004705182	1.2
1854.8627278324745	1200	19.81371075335654	0.0	639204	5646.558259250573	0.047462717	1.2
1856.9902131066724	1200	21.686225479158477	0.0	586839	2127.4852741980603	0.69111174	1.2
1859.3451407090627	1200	23.331297876768506	0.0	601738	2354.927602389971	0.004705182	1.2
1862.0177272420885	1200	24.658711343742336	0.0	616206	2672.586533026169	0.004705182	1.2
1865.684627166122	1200	24.99181141970902	0.0	656471	3666.8999240333196	0.004705182	1.2
1872.6801638514742	1200	21.996274734356884	0.0	536667	6995.5366853521355	0.004705182	1.2
1881.7992313341056	1200	16.877207251725363	0.0	587236	9119.06748263152	0.4867205	1.2
1885.1737475198447	750	17.50269106598624	0.0	379700	3374.5161857391226	0.016059402	0.3
1890.126165924816	750	16.55027266101503	0.0	425781	4952.418404971213	0.0048108282	0.75
1895.2850070177383	750	15.391431568092688	0.0	277716	5158.84109292234	0.013526345	0.75
1896.2507614825774	300	18.425677103253395	0.0	153605	965.7544648392964	0.60195035	-0.15000000000000002
1898.0232701117943	750	20.653168474036644	0.0	400508	1772.5086292167503	0.31871167	0.3
1899.4742559948363	750	23.20218259099463	0.0	358218	1450.9858830420121	0.4172641	0.75
1902.964400376639	1200	23.712038209191775	0.0	620283	3490.1443818028565	0.07484376	0.75
1906.255618512726	1200	24.420820073105023	0.0	584349	3291.2181360867494	0.009161518	1.2
1912.240024428395	1200	22.436414157436005	0.0	670129	5984.405915669022	0.0065001426	1.2
1914.959163041365	1200	23.71727554446603	0.0	690253	2719.1386129699767	0.33873263	1.2
1917.5311039909395	1200	25.145334594891366	0.0	598727	2571.9409495746613	0.004705182	1.2
1920.0544119203803	1200	26.62202666545061	0.0	487812	2523.3079294407567	0.0064217756	1.2
1924.3960563616242	1200	26.28038222420656	0.0	575591	4341.6444412440505	0.011408759	1.2
1930.0002636650818	1200	24.676174920749116	0.0	605884	5604.207303457442	0.004705182	1.2
1932.5085957242559	1200	26.167842861575124	0.0	587506	2508.332059173991	0.007772416	1.2
1934.546399957858	1200	28.130038627972798	0.0	566904	2037.8042336023288	0.085741155	1.2
1937.2529848886547	1200	29.423453697176097	0.0	641452	2706.584930796701	0.27915165	1.2
1947.7355708198274	2850	22.940867766003205	0.0	1343002	10482.585931172891	0.013611965	1.2000000000000002
1969.48412352606	2850	5.192315059770564	0.0	1587250	21748.55270623264	0.023920108	2.85
1971.4747228919066	300	7.201715693923998	0.0	167025	1990.5993658465661	0.004705182	-2.25
1972.3571118559294	300	10.319326729901357	0.0	160064	882.3889640226404	0.004705182	0.3
1973.8152995144142	750	12.861139071416336	0.0	331053	1458.1876584850222	0.16957913	0.3
1976.0549781406855	1200	14.621460445145223	0.0	550906	2239.6786262711116	0.0052349744	0.75

