11925.367985810133	750	4.0	1.6132241480558394	450283	1613.2241480558394	0.56026506	-6.762445231988946
11926.929437612369	750	6.438548197762211	0.0	398865	1561.4518022377888	0.4441347	0.1744186046511628
11928.679008402949	750	7.741100696558859	0.0	350812	1697.4475012033529	0.10138232	0.1744186046511628
11930.910919961849	750	7.976206571332808	0.0	382355	1764.894125226049	0.08829199	0.1744186046511628
11933.211888986816	750	7.989230804310569	0.0	411561	1986.9757670222386	0.08016554	0.1744186046511628
11934.796395925936	750	7.933973968474269	0.0	318564	1055.2568358363008	0.07787856	0.1744186046511628
11936.174870586889	750	7.759361651488021	0.0	352642	1174.6123169862472	0.06053283	0.1744186046511628
11938.467529034797	750	7.534963613818643	0.0	437162	2224.398037669378	0.048374943	0.1744186046511628
11940.451701131267	750	7.8120077468515285	0.0	374758	1722.9558669671155	0.050685104	0.1744186046511628
11943.71126216283	750	7.507835360123537	0.0	362795	1804.1723867279904	0.049438465	0.1744186046511628
11947.37706290141	750	7.617629308497959	0.0	353220	2890.2060516255788	0.07725924	0.1744186046511628
11951.142211147257	750	7.707852529054109	0.0	405134	2909.77677944385	0.32826948	0.1744186046511628
11954.534443370196	750	7.849422198485616	0.0	386351	3358.4303305684944	0.45515275	0.1744186046511628
11956.894101588423	300	7.826493983107046	0.0	179801	1522.9282153785696	0.71122956	-0.3802325581395349
11959.561559524993	300	7.906130102045921	0.0	140051	1420.3638810611235	0.51703525	0.06976744186046512
11960.923758766445	300	7.7135774804744575	0.0	138313	1192.5526215714624	0.37144923	0.06976744186046512
11963.453977555679	300	7.733291405347203	0.0	143509	980.2860751272547	0.3251285	0.06976744186046512
11964.57322797405	300	7.883632457866084	0.0	150616	849.6589474811188	0.5459485	0.06976744186046512
11965.775040998278	300	7.537521766997241	0.0	165384	846.1106908688424	0.6979094	0.06976744186046512
11972.700071936712	750	4.612490828564124	0.0	350713	6925.030938433117	0.4290776	-0.2755813953488372
11974.111334516145	300	7.201228249131077	0.0	157671	1411.2625794330468	0.07032913	-0.3802325581395349
11976.010421488909	300	7.572682716961663	0.0	157812	1628.545532169414	0.21819203	0.06976744186046512
11977.348915529335	300	7.923706369396496	0.0	163927	1148.9763475651682	0.20437828	0.06976744186046512
11979.170770261593	300	7.692537849696777	0.0	137654	1231.1685196997187	0.46821135	0.06976744186046512
11980.183179890377	300	7.986676098634578	0.0	146754	705.8617510621992	0.3029158	0.06976744186046512
11981.035395902596	300	7.948842007585296	0.0	153938	537.8340910492825	0.69127476	0.06976744186046512
11982.612235197237	750	7.912613430500354	0.0	425781	1536.228577084942	0.22623813	-0.2755813953488372
11983.737123704406	750	7.600474516694077	0.0	277716	812.1389138062757	0.0321579	0.1744186046511628
11985.180065152557	750	7.930378531798749	0.0	400396	1170.095984895328	0.024290219	0.1744186046511628
11986.570756299812	750	7.69145570429988	0.0	400508	1238.9228274988686	0.022028532	0.1744186046511628
11988.51346100047	750	7.610987532848252	0.0	358218	1580.4681714516275	0.021145815	0.1744186046511628
11992.381618268057	750	7.7428302652631915	0.0	400322	3368.15726758506	0.02928131	0.1744186046511628
11996.604329456475	750	7.506671602950071	0.0	369834	3236.158662313121	0.43829492	0.1744186046511628
11999.206743972305	750	7.948740570087337	0.0	412837	2557.931032862734	0.59936285	0.1744186046511628
12000.61785787436	300	7.885425327044206	0.0	179328	1063.3152430431303	0.6581969	-0.3802325581395349
12002.090976801903	300	7.687765164279066	0.0	159914	697.6601627651393	0.5051987	0.06976744186046512
12004.338907714648	750	7.501529123294303	0.0	321064	1686.2360409847627	0.6781316	-0.2755813953488372
12006.873410789336	750	7.735125012330869	0.0	361565	1766.4041109634345	0.60262316	0.1744186046511628
12008.0228821473	300	7.529438791711691	0.0	144254	705.686220619178	0.51815575	-0.3802325581395349
12010.35714032359	750	7.939202372239037	0.0	390680	1590.2364194726545	0.6956154	-0.2755813953488372
12011.994351696612	750	7.977607540135825	0.0	345516	1461.5948321032122	0.14590818	0.1744186046511628
12013.628064717328	750	7.528559233738102	0.0	384505	1449.0483063977222	0.0986817	0.1744186046511628
12015.467239617836	750	7.7063042166428675	0.0	372093	1322.2550170952352	0.08749367	0.1744186046511628
12017.321567687944	750	7.542600080294691	0.0	438281	1663.7041363481771	0.059591882	0.1744186046511628
12018.930242683125	750	7.803574540084315	0.0	398987	1239.0255402103758	0.080840245	0.1744186046511628
12020.39780189502	750	7.609619642622673	0.0	393804	1193.9548974616432	0.029540896	0.1744186046511628
12021.573234349975	750	7.698705615362247	0.0	331053	910.9140272604249	0.030441053	0.1744186046511628
12022.738727739132	750	7.663218177630974	0.0	314107	1035.4874377312747	0.016860887	0.1744186046511628

