7631.9485412095855	750	4.0	2.3226168467032533	450283	2322.6168467032535	0.11285467	0.2011383153296747
7632.964388498834	300	6.984152710752376	0.0	155580	1015.8472892476235	0.72953594	0.12762412219590616
7634.108996279914	300	7.846080878652669	0.0	139857	1138.0718320997075	0.12042093	0.6492241822390012
7635.78783209322	300	7.864930927415087	0.0	155432	981.1499512375821	0.076871514	0.666749537567359
7638.575253337842	300	7.910063231348077	0.0	163442	1454.8676960670107	0.10111171	0.6237668796418995
7641.93611034633	300	7.660911568182022	0.0	126289	1249.1516631660538	0.08159746	0.6201084836890963
7644.82377765261	300	7.712930487552389	0.0	153295	2447.981080629634	0.06182428	0.5052843818515064
7649.9560553850515	300	6.580652755111442	0.0	173849	5132.277732440946	0.04983866	0.12674070719049313
7652.802597802669	300	7.6283635110485335	0.0	150710	1452.2892440629075	0.046436943	0.5966294270431791
7655.044629224971	300	7.954474467724631	0.0	139105	1173.8890433239021	0.034858827	0.6561837376538301
7657.49199375069	300	7.774863346654145	0.0	141840	1179.6111210704862	0.03877233	0.6381443483550671
7660.02034567436	300	7.634564058543839	0.0	156148	2140.299288110306	0.048265476	0.5284314258823577
7662.373700052296	300	7.84691320165548	0.0	160746	1787.650856888361	0.038182147	0.5843472231721594
7664.511085365049	300	7.746072329652281	0.0	179801	1600.8408720031985	0.03347473	0.5932214468583645
7666.395978787367	300	7.6868978102689685	0.0	140051	1059.1745193833115	0.037127037	0.6416333601103261
7668.063736454519	300	7.505878518760212	0.0	138313	1181.019291508757	0.04292966	0.6118447567985549
7670.185869438571	300	7.528181209756127	0.0	143509	977.6973090040839	0.04281269	0.634345891748375
7672.432199973857	300	7.512233708136708	0.0	150616	1015.9475016194185	0.047525518	0.6289699779543529
7674.137241500723	300	7.864904456787299	0.0	165384	1647.3292513494084	0.050528232	0.600129033287624
7676.035746296035	300	7.894508206389284	0.0	140881	1470.396250398015	0.04289497	0.6207012980315564
7678.575447907602	300	7.8437117493623685	0.0	157671	1550.7964570269155	0.039368924	0.6077213219227988
7680.931258811459	300	7.6202588747046445	0.0	157812	2223.452874657723	0.03905027	0.5187248880992544
7683.3853059446155	300	7.614414255975482	0.0	163927	2005.8446187291631	0.036626182	0.5399173245206993
7685.942961599349	300	7.7646876905731075	0.0	137654	1349.7265654023736	0.03229534	0.6201432213679974
7688.859463835504	300	7.65040108855994	0.0	146754	1614.2866020131682	0.031683143	0.5825728456611373
7691.050460623381	300	7.741010559392935	0.0	153938	1909.3905291670055	0.03234444	0.5618742239842623
7693.142613146738	300	7.610737364869232	0.0	181901	1630.2731945237024	0.029242594	0.5771168892811626
7694.06689241332	300	7.9095374484952625	0.0	111155	701.1999163739704	0.030906295	0.6990825252287672
7696.091319015845	300	7.898863769836698	0.0	153605	1010.6736786585641	0.036684223	0.6670971337507624
7698.192319606574	300	7.850240022405898	0.0	149029	1048.6237474307993	0.04070361	0.6585734674358937
7701.076663537929	300	7.554256444877082	0.0	157421	1795.9835775288159	0.042623375	0.5550530815114147
7702.933691560433	300	7.77992258703834	0.0	157488	1274.333857838743	0.038391568	0.6291640858056042
7705.320826198872	300	7.967702345151214	0.0	143881	1312.2202418871261	0.039511174	0.6436370288772431
7708.0201975002665	300	7.6354738737302466	0.0	163444	1332.2284714209677	0.03884087	0.6093269870781698
7709.858538464983	300	7.8148748493581115	0.0	179328	1320.5990243721349	0.042244133	0.6279366766628629
7711.966693002149	300	7.829668574447356	0.0	159914	985.2062749107554	0.0463726	0.66291464137393
7713.737102411082	300	7.780937939109179	0.0	131610	1048.7306353381773	0.050296333	0.6518231510445499
7715.63673049078	300	7.871963315057827	0.0	124011	908.9746240513515	0.048019044	0.6746509699842385
7716.845914504667	300	7.842698040436892	0.0	144254	1029.2652746209346	0.048202697	0.6597758569703943
7718.17699170063	300	7.662118874088028	0.0	149991	680.5791663488632	0.05409455	0.6770831438701744
7719.426757128913	300	7.6274851222542965	0.0	147968	1034.6337518337307	0.072012715	0.6383095529558572
7721.558709867017	300	7.7790745679272275	0.0	161857	848.4105543270687	0.062179364	0.671673946298216
7722.95252257365	300	7.853939382498371	0.0	145210	925.1351854288574	0.073143214	0.6712820864050809
7726.20573060541	300	7.651674027220746	0.0	172312	1702.2653552776244	0.07528249	0.5738987636194551
7729.820483493957	300	7.549768949688525	0.0	167025	2101.9050775322203	0.061538726	0.5240245226039871
7732.724146847508	300	7.60936125492055	0.0	160064	1940.4076947679741	0.053445578	0.5459696125642262
7733.882353399578	300	7.611885793776532	0.0	137507	997.4754611440196	0.047301047	0.6405083473303658
7737.607933387069	300	7.509461254994936	0.0	118421	602.4245387815952	0.05477049	0.6700526531700981

