10685.88560616965	750	4.0	4.955564253110452	450283	4955.564253110451	0.09854799	-21.13450768372378
10688.987476366505	300	4.898129803144833	0.0	155580	3101.870196855167	0.10375226	-0.3802325581395349
10693.519545616975	300	4.366060552675044	0.0	139857	4532.06925046979	0.04239739	0.06976744186046512
10697.980103688642	300	4.0	0.09449751899309194	155432	4460.558071668135	0.017002987	-0.3365718898098302
10702.182678096766	300	4.0	0.20257440812354435	163442	4202.574408123544	0.006692121	-0.8013025130707756
10704.744314577336	300	5.4383635194307365	0.0	126289	2561.6364805692638	0.0047721686	0.06976744186046512
10708.289062972945	300	5.893615123821788	0.0	153295	3544.7483956089477	0.0047848616	0.06976744186046512
10712.46340617531	300	5.719271921455934	0.0	173849	4174.343202365854	0.004712572	0.06976744186046512
10716.177094178103	300	6.005583918662889	0.0	150710	3713.6880027930442	0.0047148364	0.06976744186046512
10720.847222466375	300	5.335455630391578	0.0	139105	4670.128288271311	0.004705182	0.06976744186046512
10726.382916827515	300	4.0	0.20023873074991025	141840	5535.694361141488	0.004705182	-0.7912591003641489
10729.801260379389	300	4.5816564481259725	0.0	156148	3418.343551874027	0.004705182	0.06976744186046512
10732.451332647322	300	5.931584180193429	0.0	160746	2650.0722679325436	0.004705182	0.06976744186046512
10734.627872383768	300	7.755044443746576	0.0	179801	2176.5397364468536	0.004705182	0.06976744186046512
10737.10648678854	300	7.639652474976108	0.0	140051	2115.3919687704674	0.009165827	0.06976744186046512
10740.876277930956	300	7.7713681217676145	0.0	138313	2868.284353208494	0.009309327	0.06976744186046512
10743.129331696111	300	7.535594652845081	0.0	143509	1235.7734689225347	0.008041413	0.06976744186046512
10745.454285530963	300	7.521757831085044	0.0	150616	1513.8368217600364	0.03568609	0.06976744186046512
10747.799988965686	300	7.864464596468611	0.0	165384	1657.293234616432	0.08418372	0.06976744186046512
10751.66017446886	750	7.613576944935401	0.0	350713	2750.8876515332113	0.18804888	-0.2755813953488372
10754.25866250616	300	7.918981885456187	0.0	157671	2194.5950594792134	0.5068848	-0.3802325581395349
10759.12545649053	300	7.052187901086243	0.0	157812	4866.793984369944	0.10824978	0.06976744186046512
10762.80008427142	300	7.377560120197029	0.0	163927	3674.627780889213	0.014754836	0.06976744186046512
10766.625980345945	300	7.5516640456704245	0.0	137654	3325.8960745266045	0.011204509	0.06976744186046512
10770.637903187926	300	7.5397412036887665	0.0	146754	3511.922841981658	0.008257182	0.06976744186046512
10773.69604210029	300	7.5222386297511985	0.0	153938	3017.5025739375683	0.0057315202	0.06976744186046512
10777.711115991073	300	7.507164738968122	0.0	181901	2015.0738907830766	0.005043542	0.06976744186046512
10780.38603297368	300	7.912561319169297	0.0	111155	1594.603419798824	0.0071744854	0.06976744186046512
10783.73565875382	300	7.8129051390032815	0.0	153605	1599.6561801660152	0.0084223505	0.06976744186046512
10786.826284305342	300	7.917577220729694	0.0	149029	1895.3279182735876	0.020038137	0.06976744186046512
10788.631414890422	300	7.647660792313609	0.0	157421	1269.9164284160847	0.022201978	0.06976744186046512
10790.425375280793	300	7.913287618460397	0.0	157488	1234.3731738532113	0.06620155	0.06976744186046512
10791.713410179666	300	7.799063738782201	0.0	143881	1114.223879678197	0.18511751	0.06976744186046512
10795.989054464302	300	7.523419454145303	0.0	163444	4275.644284636897	0.2825551	0.06976744186046512
10798.54545224487	300	7.824948277777153	0.0	179328	1698.4711763681494	0.02956334	0.06976744186046512
10799.665343206247	300	7.768966108688735	0.0	159914	1055.9821690884178	0.056810103	0.06976744186046512
10802.008623267113	300	7.984280455400279	0.0	131610	784.6856532884551	0.19261324	0.06976744186046512
10803.215489864655	300	7.575144403417518	0.0	124011	909.1360519827613	0.5108001	0.06976744186046512
10804.284860964968	300	7.669324107040735	0.0	144254	905.8202963767828	0.3870923	0.06976744186046512
10806.023227833914	300	7.941916098536745	0.0	149991	1227.4080085039889	0.41998145	0.06976744186046512
10808.219773675995	300	7.764122531215761	0.0	147968	1177.793567320985	0.27042103	0.06976744186046512
10809.670874723393	300	7.692948206897112	0.0	161857	1071.1743243186495	0.29412436	0.06976744186046512
10813.476974425352	300	7.886848504939564	0.0	145210	1306.099701957547	0.45881552	0.06976744186046512
10817.62006662466	300	7.743756305630171	0.0	172312	3643.0921993093925	0.27364567	0.06976744186046512
10821.474764775072	300	7.889058155218514	0.0	167025	2354.698150411657	0.0358997	0.06976744186046512
10825.193225739256	300	7.706736065505707	0.0	160064	2182.3220897128067	0.020929743	0.06976744186046512
10828.22652851171	300	7.823154087514373	0.0	137507	2883.581977991334	0.014741614	0.06976744186046512
10831.403547694794	300	7.844504821704426	0.0	118421	1478.649265809947	0.008275371	0.06976744186046512

