13868.066004381322	750	4.0	9.971750996673139	450283	9971.75099667314	0.004705182	-42.84092305183195
13871.549628290555	300	4.516376090767351	0.0	155580	3483.623909232648	0.0052314284	-0.40694139094566006
13874.334626506103	300	5.73137787521933	0.0	139857	2284.998215548021	0.004705182	0.06564556548855985
13877.0806057172	300	5.648574873298295	0.0	155432	1582.8030019210357	0.009828689	0.09476858447826177
13878.962980252183	300	5.918975667493011	0.0	163442	1229.599205805284	0.020296166	0.12199097014035774
13881.328621346274	750	5.662542770737917	0.0	318564	2256.4328967550928	0.70319813	-0.28380848571243755
13883.057467357099	300	5.742723930742739	0.0	153295	919.8188399951791	0.12509976	-0.28692441002753744
13884.503305453358	300	5.654318448978385	0.0	173849	1088.4054817643541	0.5042892	0.13781628493531958
13885.950483295495	300	5.819445835157109	0.0	150710	1334.8726138212762	0.5891517	0.11237027297354026
13887.686209118143	300	5.892735490290263	0.0	139105	1426.710344866846	0.40396652	0.10513696808864129
13890.070102819367	300	5.7752964167202405	0.0	141840	1117.4390735700226	0.33921567	0.1342355064789136
13893.718013976184	300	5.934568137837145	0.0	156148	1340.7282788830973	0.20012921	0.11187949293122877
13897.619816699304	300	5.852258210445885	0.0	160746	2082.3099273912603	0.2778861	0.07203538629233813
13900.26334386214	300	5.960241088890926	0.0	179801	1392.0171215549583	0.051571123	0.10775729527841
13902.23669426932	300	5.7643208296420925	0.0	140051	1695.9202592488325	0.10625921	0.08844755476088181
13904.875038375736	300	5.903863864699793	0.0	138313	860.4569649423005	0.030573001	0.17432597574482825
13908.519843032516	300	5.775405135695703	0.0	143509	2128.4587290040904	0.15074342	0.0704735299566674
13911.477100666403	300	5.889949282640926	0.0	150616	1885.4558530547765	0.022159673	0.0795563575551096
13915.806743313977	300	5.560306635067895	0.0	165384	3329.642647573031	0.009817883	0.04504987948461516
13919.63109185544	300	5.735958093605019	0.0	140881	2824.3485414628753	0.004878342	0.05310959245926046
13922.684792771159	300	5.802004144479724	0.0	157671	2433.953949125295	0.004705182	0.061628117513852894
13926.565470959164	300	5.921325956473961	0.0	157812	2880.6781880057633	0.004705182	0.05207107153605452
13930.955555587436	300	5.531241328202579	0.0	163927	3390.0846282713824	0.004705182	0.04424668303236005
13933.612332509445	300	5.828107710982898	0.0	137654	2203.1336172196816	0.004705182	0.06808484007851395
13935.422749863375	300	5.7247206958628665	0.0	146754	1103.38701512003	0.004705182	0.13594504733561916
13937.288381632414	300	5.600419985748962	0.0	153938	1124.3007101139053	0.004705182	0.1334162636834083
13940.857700712346	300	5.68142594174544	0.0	181901	918.9940440035224	0.0061127283	0.16322195010811744
13944.55344944079	300	5.985677213302784	0.0	111155	1195.7487284426554	0.031370573	0.1254444152287414
13946.205504042815	300	5.987686808974126	0.0	153605	1497.990404328658	0.007672358	0.10013415277331116
13949.324192056081	300	5.595374896189922	0.0	149029	1392.3119127842028	0.006537249	0.107734480056301
13951.49194586767	300	5.669686078636993	0.0	157421	1425.6888175529282	0.00661867	0.10521230029527906
13954.250809450383	300	5.991286789299575	0.0	157488	1178.3992893374182	0.006128909	0.12729131912862993
13957.625918574236	300	5.813964364559059	0.0	143881	2177.322424740516	0.010218434	0.068891955686295
13959.7906175571	300	5.515508246183536	0.0	163444	1798.4561183755225	0.004705182	0.0834048706929193
13961.155589871978	300	5.5061434924898345	0.0	179328	1009.3647536937003	0.004705182	0.14860831968927526
13962.793906516132	300	5.864788913005385	0.0	159914	641.3545794844491	0.007780132	0.2338799858895169
13964.724776718718	300	5.527834920545413	0.0	131610	836.9539924599718	0.048924983	0.17922132082687198
13966.485464314816	300	5.619449141560955	0.0	124011	908.3857789844577	0.024978546	0.16512808045904742
13967.8718075016	300	5.737428528223504	0.0	144254	1382.0206133374525	0.00969957	0.10853673132831486
13969.435406233284	300	5.952790415606429	0.0	149991	1284.6381126170756	0.0057439287	0.11676440121678994
13971.046853215832	300	5.956547271866242	0.0	147968	1496.2431437401865	0.005412503	0.10025108594652754
13973.428705673436	300	5.558222938968163	0.0	161857	1898.3243328980786	0.004705182	0.07901705593743423
13976.001409335602	300	5.573635193737011	0.0	145210	1484.587745231153	0.004705182	0.10103815047769019
13979.738816076444	300	5.836228452895031	0.0	172312	3237.40674084198	0.004705182	0.04633338100759876
13984.749031856785	300	4.826012672554321	0.0	167025	5010.21578034071	0.004705182	0.02993883029720519
13989.661148401625	300	4.0	0.08610387228735544	160064	4912.116544841677	0.004705182	-0.33970991608377926
13993.69712612449	300	4.0	0.035977722865488435	137507	4035.9777228654884	0.004705182	-0.11753849277510758
13997.222228727987	300	4.47489739650316	0.0	118421	3525.1026034968395	0.004705182	0.04255195291371169

