8867.199848274024	750	4.0	1.7041197936685797	450283	1704.1197936685796	0.02623427	0.3256078857494211
8867.882423492581	300	7.317424781443746	0.0	155580	682.5752185562537	0.004705182	0.3860917965306402
8868.834400618518	300	7.569783695978123	0.0	139857	747.6410854656233	0.004705182	0.8607444476536869
8869.984316070566	300	7.661994009264501	0.0	155432	907.789686713622	0.004705182	0.8561149712625802
8870.83137933531	300	7.959525245245032	0.0	163442	702.4687640194699	0.004705182	0.9133838142670003
8871.927527403404	300	7.893748509259556	0.0	126289	565.7767359854743	0.004705182	0.9189314376802655
8873.024402204528	300	7.710496760452637	0.0	153295	683.2517488069187	0.004705182	0.8845574925039612
8873.814228891797	300	7.577394852375452	0.0	173849	633.1019080771846	0.004705182	0.8731381294292454
8875.096652600965	300	7.599545387388767	0.0	150710	977.8494649866855	0.004705182	0.8413983426592876
8876.099683244365	300	7.795317225929435	0.0	139105	804.2281614593322	0.004705182	0.8829327963302804
8876.760111682099	300	7.709504309981352	0.0	141840	585.8129159480842	0.004705182	0.8941788360320936
8877.281027854695	300	7.901353908327226	0.0	156148	308.15040165412586	0.004705182	0.9456331242816114
8878.038506981386	300	7.7689972972020405	0.0	160746	632.3566111251865	0.004705182	0.8968701794268599
8878.993614551482	300	7.5790047556372375	0.0	179801	689.9925415648038	0.004705182	0.8676478439151563
8880.354398607586	300	7.76617021800136	0.0	140051	812.834537635877	0.004705182	0.8784733219000939
8881.419030275281	300	7.687829171986807	0.0	138313	578.3410460145542	0.004705182	0.8922497522835587
8882.471822119527	300	7.599578575005282	0.0	143509	588.250596981525	0.004705182	0.8803623271982861
8883.577964459844	300	7.988778028478422	0.0	150616	610.8005465268595	0.004705182	0.926162533108036
8884.537439300488	300	7.651711447851944	0.0	165384	837.06658062648	0.004705182	0.8619176743482873
8885.710477136265	300	7.91139670762099	0.0	140881	740.3147402309532	0.004705182	0.9036566940595834
8886.534432526385	300	7.855780507884596	0.0	157671	555.616199736395	0.004705182	0.9152595095616046
8888.048329920572	300	7.758001463233921	0.0	157812	597.7790446506751	0.004705182	0.8989702594247349
8889.438243534894	300	7.861103826039434	0.0	163927	896.8976371944855	0.004705182	0.8817886460892194
8890.415606398785	300	7.678930287308767	0.0	137654	682.1735387306668	0.004705182	0.880767740701633
8893.045120066445	300	7.846768116058691	0.0	146754	832.162171250077	0.004705182	0.8864921351552925
8894.939192354017	300	7.963407763377228	0.0	153938	1383.3603526814632	0.004705182	0.8457740373398992
8896.88544904941	300	7.570635392676438	0.0	181901	1392.772370700791	0.004705182	0.7963364797503809
8899.174349174475	300	7.502927525641144	0.0	111155	1067.7078670352948	0.004705182	0.8204829102827871
8902.159350746959	300	7.976022849412662	0.0	153605	1526.9046762284815	0.004705182	0.8329772137843445
8905.459585930554	300	7.98995372974294	0.0	149029	1486.0691196697226	0.004705182	0.8387808418774083
8906.704096838655	300	7.814781231155022	0.0	157421	1175.1724985879162	0.004705182	0.8482416205675353
8908.569152238646	300	7.761922726415626	0.0	157488	1052.8585047393972	0.004705182	0.8539464792803236
8909.753424759043	300	7.590884980843724	0.0	143881	671.0377455719009	0.0047130487	0.8710101976416221
8911.512186224842	300	7.718121597355965	0.0	163444	872.7633834877596	0.0047353385	0.8665477822308316
8916.243655173108	300	6.986652649089842	0.0	179328	4731.468948266123	0.0047679967	0.39036135577621356
8918.858235507807	300	7.9180959870293135	0.0	159914	2068.556662060528	0.004761084	0.7716596747175435
8920.22252318654	300	7.828963998482173	0.0	131610	1089.1319885471407	0.0047643017	0.8585968449780387
8921.360879154716	300	7.912363926487236	0.0	124011	916.6000719949383	0.0047972575	0.8861475852464064
8922.716987409427	300	7.775187656221529	0.0	144254	1137.1762702657074	0.0048999945	0.8471525489800057
8923.781102355231	300	7.62759623304375	0.0	149991	647.5914231777783	0.005429311	0.8778876384004415
8924.75796495059	300	7.502426629676627	0.0	147968	625.1696033671234	0.0069219554	0.8646748900669017
8925.84607789092	300	7.889216732007236	0.0	161857	613.2098976693893	0.008557672	0.9136285743075062
8926.367515801596	300	7.960949288499742	0.0	145210	428.26744350749476	0.00955063	0.9409797756623396
8929.629206263031	300	7.9166893343661595	0.0	172312	544.2599541335817	0.015189052	0.9239156634156953
8931.045127219257	300	7.752444014405068	0.0	167025	664.2453199610911	0.018625006	0.8916374430581739
8932.544933316542	300	7.523378845893832	0.0	160064	729.0651685112355	0.02097211	0.8568723437599424
8935.24546049596	300	7.828485663072577	0.0	137507	1194.893182821255	0.023329258	0.8479616645627879
8937.641010500856	300	7.618527635422466	0.0	118421	1209.9580276501117	0.026938293	0.8205312608612151

