5773.015127316399	750	4.0	1.6438931885945212	450283	1643.8931885945212	0.09114773	0.18561068114054785
5774.726052051604	750	6.289075264795886	0.0	398865	1710.924735204114	1.0297631	0.3219747305293315
5777.415078135347	1200	7.600049181052485	0.0	571051	2689.0260837434007	0.98034406	-0.043899534558559716
5781.070072588041	1200	7.759473958476752	0.0	617681	2840.5752225757337	0.33759406	0.4009096001472237
5785.251377953652	1200	7.578168592864586	0.0	652874	4181.3053656121665	0.36009803	0.25550500049281993
5787.580052845144	1200	7.996693406833796	0.0	520315	2081.4751860307897	0.49942678	0.49164581932403323
5790.439062238156	1200	7.985788601207943	0.0	561791	2510.904805625853	0.41810635	0.4480213070129111
5793.375147051874	1200	7.696798445142233	0.0	709534	2788.9901560657113	0.5641901	0.40215088721481845
5795.908645819317	1200	7.698596404546952	0.0	584846	2498.202040595281	0.5147223	0.4313420712246564
5799.675589076652	1200	7.931653147212273	0.0	560821	3766.9432573346785	0.5764794	0.3190339959672992
5803.813976928152	1200	7.793265295711695	0.0	607410	4138.387851500578	0.74574107	0.27324029583192305
5806.071736336572	300	7.744699528393102	0.0	156148	1048.565767318592	0.7783645	-0.5208128562072903
5807.4373537817855	300	7.706487669287035	0.0	160746	1038.211859106067	0.007989816	0.377834293419833
5808.5754364392715	300	7.601149047748067	0.0	179801	1105.3386215389676	0.010211715	0.36453795333035743
5809.994210437049	300	7.938134119282235	0.0	140051	1163.0149284658328	0.012143586	0.3798318896085564
5811.442001611124	300	7.762118105050425	0.0	138313	1176.0160142318089	0.009589082	0.3675307801424707
5812.914635677955	300	7.571688580007281	0.0	143509	1190.4295250431448	0.010809451	0.35418758374614057
5814.555166578451	300	7.527525472202972	0.0	150616	1544.163107804309	0.012156092	0.31605403123225484
5818.562791195788	300	7.519900854864351	0.0	165384	1007.6246173386199	0.010266464	0.3692313416951599
5819.745979299524	300	7.775303008011866	0.0	140881	744.5978468524833	0.016728988	0.4114966533154933
5820.53282165022	300	7.751176899105088	0.0	157671	524.1261089067784	0.022124508	0.4320359453033902
5823.703678063185	300	7.5471067753675705	0.0	157812	1204.0701237375176	0.051768087	0.3512871610867214
5825.210937650666	300	7.861870126240756	0.0	163927	1185.2366491268156	0.021815553	0.3728432179773657
5826.054947382261	300	7.670876743919636	0.0	137654	690.9933823211196	0.0184387	0.4103304582628653
5827.239386816146	300	7.655165282714335	0.0	146754	515.7114612053012	0.03037842	0.42687668404911583
5827.863126157048	300	7.582659531803211	0.0	153938	572.5057509111244	0.053732343	0.41666564564658826
5828.66176842931	300	7.7889551954678975	0.0	181901	793.7043363353135	0.05803833	0.40743926608321224
5829.316325370345	300	7.834145659513812	0.0	111155	454.80953595408516	0.04355956	0.44415315012420475
5830.079996901539	300	7.677183677457169	0.0	153605	656.9619820566426	0.06307602	0.4141277816354088
5831.017261222202	300	7.7219062916943475	0.0	149029	455.2773857628206	0.057597447	0.43709140465461466
5832.736417021748	300	7.668321878371454	0.0	157421	553.5844133228924	0.09885026	0.42391167606592667
5833.511502176203	300	7.518564927755666	0.0	157488	649.7569506157892	0.09070742	0.4049346129231502
5834.307384102916	300	7.503288080318285	0.0	143881	515.2768474373811	0.07603309	0.4174278202761547
5835.78805220844	300	7.68325661969485	0.0	163444	820.031460623434	0.09638599	0.39820039266858476
5837.66271181449	300	7.621245058119221	0.0	179328	1062.011561575629	0.06423883	0.37012665997488836
5839.246128006349	300	7.795861008427315	0.0	159914	1325.3840496919058	0.04834055	0.3547029080575166
5842.958973117321	300	7.788454514525542	0.0	131610	1507.4064939017733	0.028578069	0.33603775776766903
5847.103201059611	300	7.644226572235895	0.0	124011	2644.2279422896463	0.022919204	0.2133413665357788
5850.807756901575	300	7.9396707302711365	0.0	144254	3704.5558419647587	0.014882325	0.12577383644547013
5855.4532797054535	300	7.294147926392399	0.0	149991	4645.522803878737	0.010842687	-0.008668034988348838
5861.429971440066	300	5.317456191780379	0.0	147968	5976.69173461202	0.008773536	-0.26532816147492827
5868.259047159803	300	4.0	1.511619527957193	161857	6829.075719737572	0.007262692	-0.4329075719737572
5874.495033296515	300	4.0	2.235986136712129	145210	6235.986136712129	0.006975171	-0.37359861367121294
5881.741881857982	300	4.0	3.246848561466941	172312	7246.848561466941	0.0058494266	-0.4746848561466941
5888.362162317119	300	4.0	2.620280459137214	167025	6620.280459137214	0.005460145	-0.41202804591372133
5894.595993199538	300	4.0	2.2338308824176085	160064	6233.830882417608	0.0051212627	-0.3733830882417608
5899.2167351109765	300	4.0	0.6207419114394533	137507	4620.741911439453	0.0049863937	-0.21207419114394532
5904.0760135914725	300	4.0	0.8592784804951289	118421	4859.278480495129	0.0050556487	-0.2359278480495129

