8649.181993436227	750	4.0	1.26305294249572	450283	1263.05294249572	0.0057937284	0.2109040080760094
8649.622898381205	300	7.559095055021564	0.0	155580	440.9049449784362	0.65572256	0.013236667371236702
8650.325097574523	300	7.659974430709388	0.0	139857	399.1206243121761	0.053814966	0.4737200604183517
8651.219320567001	300	7.914402133144282	0.0	155432	745.5722975651073	0.04824833	0.4549766244952394
8652.357160161037	300	7.774807664501692	0.0	163442	639.594468642589	0.033767812	0.45684975309732934
8653.312085026933	300	7.731467818100456	0.0	126289	543.3398464012358	0.03875713	0.4637664749213875
8653.990069552628	300	7.633268112700778	0.0	153295	598.1997053996778	0.042402484	0.4521430074340633
8655.311757910269	300	7.957316358328004	0.0	173849	675.9517543727735	0.042832546	0.46462081788845544
8656.59706383468	300	7.727531692955608	0.0	150710	729.7846653723951	0.057813097	0.44487598520271854
8657.451454616463	300	7.928096917283945	0.0	139105	799.434775671663	0.04067438	0.45044630069331276
8658.587697863724	300	7.752453268109239	0.0	141840	675.643649174707	0.032421097	0.45184768526958924
8659.376433705705	300	7.543385150911419	0.0	156148	709.0681171978199	0.030440064	0.43543848114241424
8661.322657920919	300	7.860106867546739	0.0	160746	683.278283364681	0.033089075	0.45781257181543566
8662.144727698285	300	7.575545030638235	0.0	179801	784.5618369085045	0.030876782	0.42989910165427175
8662.9566271691	300	7.523349265459208	0.0	140051	552.195765179026	0.030889291	0.4498734735035304
8663.565718181406	300	7.988655559675073	0.0	138313	534.693705784136	0.031459756	0.480705322831511
8664.516151373544	300	7.845637655016048	0.0	143509	643.0179046590258	0.031205881	0.460934283902833
8665.540954339429	300	7.546943839662857	0.0	150616	798.6938153531905	0.027647274	0.426698329373842
8666.600509248994	300	7.945220859997058	0.0	165384	601.7229796657995	0.023600534	0.47128772671346875
8667.287232460207	300	7.935775319489919	0.0	140881	509.4455405071375	0.03303979	0.4799251243476388
8668.529708693648	300	7.868176033322154	0.0	157671	567.5992861677666	0.035743516	0.4698847943960905
8669.809595982626	300	7.870670771870082	0.0	157812	997.5052614520712	0.03433449	0.42705011802690557
8670.774199139096	300	7.599560221747804	0.0	163927	771.1105501222771	0.02134699	0.4327451797772426
8672.19872331859	300	7.519044482824173	0.0	137654	580.5157389236322	0.024961658	0.4467724272143801
8674.383875188989	300	7.673472777459757	0.0	146754	845.5717053644145	0.028748063	0.4299185989850259
8676.222884756087	300	7.8387580001290695	0.0	153938	834.714777330688	0.021315621	0.4413346182052306
8678.197279400643	300	7.958708172884028	0.0	181901	880.049827245043	0.020095631	0.44429799901098
8678.866524324158	300	7.8762581244325505	0.0	111155	582.4500484514776	0.022058502	0.4689048488621192
8680.448906125843	300	7.948464556122155	0.0	153605	927.7935683103952	0.019856175	0.4388833988568277
8681.925591089333	300	7.7024162340633175	0.0	149029	746.0483220588371	0.015742647	0.44167990335330615
8683.185755361483	300	7.837652476205536	0.0	157421	864.7637578577818	0.01856488	0.43826062490730033
8684.31346297122	300	7.5414988234816684	0.0	157488	796.1536527238678	0.017255139	0.42661203212545007
8685.332729151132	300	7.982642759532941	0.0	143881	558.8560639487276	0.017973255	0.4779132870061686
8686.572075835664	300	7.798174480247984	0.0	163444	684.4682792849563	0.0219111	0.4538227980172359
8687.876553405991	300	7.52837487870776	0.0	179328	769.7996015402236	0.021995109	0.42842719069544516
8688.875616968384	300	7.726182110405062	0.0	159914	802.1927683026985	0.02202331	0.43755082600027906
8690.519820240666	300	7.672515909308655	0.0	131610	1053.6662010964067	0.020129303	0.40904934515238284
8691.910426480174	300	7.562481249148553	0.0	124011	610.0346601601022	0.0151963625	0.44653533298600695
8692.713685661247	300	7.951137505285853	0.0	144254	611.3437438627011	0.021507178	0.4706954406243282
8693.691067032134	300	7.743404562447448	0.0	149991	707.732942838406	0.02809604	0.44807321179935744
8694.546563449549	300	7.930480548764495	0.0	147968	312.9240136829513	0.029345002	0.4992463538597184
8695.58171373116	300	7.8091915713241455	0.0	161857	621.2889774403498	0.08444549	0.46082929639395664
8696.331433583127	300	7.761262263925931	0.0	145210	547.9293073982141	0.049221527	0.4651696816857819
8697.154361008908	300	7.715693890320131	0.0	172312	545.5683736058003	0.047433354	0.46255775171466074
8698.496180898355	300	7.893463471684734	0.0	167025	822.2304186353974	0.0693189	0.4460021460469887
8699.342437811765	300	7.610129707384986	0.0	160064	783.3337642997494	0.06348442	0.4321834512118192
8700.3259352677	300	7.639842525473363	0.0	137507	470.28718191162216	0.068987995	0.46534516058115555
8701.664678301275	300	7.512076193196975	0.0	118421	627.7663322763862	0.09067423	0.44161184977740486

