2966.255879553676	750	4.0	4.782926972877741	450283	4782.926972877741	0.011538433	0.01772716782850503
2968.0011637898165	300	6.254715763859471	0.0	155580	1745.2842361405292	0.03189669	0.14860617994008607
2970.4639109079358	300	7.791968645740147	0.0	139857	1962.7471181193237	0.00751535	0.7666674450641503
2973.1343164812083	300	7.78724502742273	0.0	155432	2004.7236183174175	0.0068589863	0.7618865608567694
2975.002979043482	300	7.980754761913504	0.0	163442	1306.4902655092253	0.0071025454	0.8556029131425316
2977.728141029962	300	7.729259921855686	0.0	126289	1251.4948400578182	0.009999493	0.830049906801852
2979.613445443121	300	7.933441216937299	0.0	153295	1295.8187049183873	0.008423587	0.8508281753162488
2983.5784856771497	300	7.968400982908323	0.0	173849	2465.040234028976	0.009842379	0.7382225715701844
2986.5723091501586	300	7.573752308138537	0.0	150710	2894.6486747697845	0.008204449	0.6465337008566876
2988.6292646251923	300	7.909861869591208	0.0	139105	1663.8904385473277	0.007679245	0.8111096148410311
2990.8003658564603	300	7.850843777000326	0.0	141840	1059.0180925908833	0.0080043245	0.8643097726723771
2992.0813967196113	300	7.671369967213551	0.0	156148	1179.4738097867735	0.009817187	0.8301042264147539
2994.821115934217	300	7.892288929492684	0.0	160746	1279.0810377208677	0.011041665	0.8474207904014643
2996.4088887538464	300	7.508721517520407	0.0	179801	1383.5674119722773	0.010181575	0.7896123510474309
2999.991884113417	300	7.754326565413556	0.0	140051	1254.394952106852	0.010715499	0.8328549220169946
3002.9064237490247	300	7.56635693229187	0.0	138313	2187.9696331216846	0.010055345	0.7162884838220535
3004.471785218852	300	7.951961227221107	0.0	143509	1114.395705070763	0.008620078	0.8712571763902724
3006.8720366644156	300	7.902318420167617	0.0	150616	1549.6428070534894	0.010690871	0.821602973863237
3008.30785269282	300	7.569714725220474	0.0	165384	1332.6036949471427	0.010471627	0.8022396707541815
3011.631615700799	300	7.8044393784593336	0.0	140881	2265.27534676114	0.01094322	0.7379544074190829
3015.628306075174	300	7.8077490040844335	0.0	157671	2996.6903743749012	0.008913626	0.6652215504632968
3019.7449853486564	300	7.691069730601905	0.0	157812	3116.6792734825285	0.007460613	0.6388160475065358
3022.9411682376067	300	7.803906945414768	0.0	163927	2387.1627851871367	0.006938591	0.7256999230501926
3024.8045444670756	300	7.6867288110117356	0.0	137654	1117.178134403033	0.0066310996	0.8382301797706785
3027.688363707093	300	7.767918295786313	0.0	146754	1418.810515225422	0.008682687	0.8180915626484462
3029.419750832651	300	7.924729138302686	0.0	153938	1343.1891574836268	0.008095654	0.8450154330488586
3032.0757466991595	300	7.775830165335987	0.0	181901	2648.898972966699	0.008364055	0.6960596105390673
3036.1278335296943	300	7.72374333480086	0.0	111155	1552.0868305351278	0.007013052	0.7993095641999889
3039.421184460158	300	7.98165965510752	0.0	153605	2742.083679693341	0.0068472754	0.7121553006173935
3043.2743757057533	300	7.965697729194784	0.0	149029	3515.9619259127358	0.006597828	0.6327966264758251
3048.007298122581	300	7.232775312367464	0.0	157421	4732.92241682732	0.0063630263	0.42060524486457534
3051.5816626406736	300	7.658410794274512	0.0	157488	3574.364518092951	0.005919235	0.5890150617169345
3055.5373886381185	300	7.7026847968296694	0.0	143881	2955.725997444843	0.00526351	0.6563455095512607
3060.025709820281	300	7.214363614667117	0.0	163444	4488.321182162553	0.0053544417	0.44279204080361845
3064.1659704048798	300	7.074103030068332	0.0	179328	4140.2605845987855	0.0047109034	0.46027985793121506
3066.6616671867023	300	7.945666653561814	0.0	159914	1628.4363765065177	0.0047463095	0.8190759061986119
3068.358234442206	300	7.621013223467889	0.0	131610	824.653430093923	0.0053685512	0.8593686209264895
3069.751364988001	300	7.975404834775182	0.0	124011	645.608388692707	0.0075896713	0.9210305350886793
3070.8202942426415	300	7.634701300506254	0.0	144254	840.703534268927	0.009893911	0.8594537035593635
3072.797716582416	300	7.820103014304572	0.0	149991	814.5982862016818	0.010359534	0.8849561325495439
3074.2514473717943	300	7.754649651402117	0.0	147968	1065.4533629024554	0.0121011995	0.8517889729823438
3076.739000102959	300	7.750011918057451	0.0	161857	1504.6377333446658	0.012489508	0.8072979061323919
3077.7678809044023	300	7.97202910174605	0.0	145210	777.9828163114013	0.012793056	0.9073762841136135
3079.3240084072104	300	7.5344143384077	0.0	172312	937.6147633383497	0.017222697	0.8373799576432976
3081.214726283436	300	7.90331172702985	0.0	167025	1131.102611377851	0.019090654	0.8635796389287801
3082.529917476307	300	7.845523753518377	0.0	160064	1057.787973511473	0.018541615	0.863775911106457
3084.40208247663	300	7.958142901036706	0.0	137507	887.3808524816709	0.018155206	0.894721924737645
3085.329177687482	300	7.75198731703107	0.0	118421	706.155584005637	0.018097833	0.887390027355518

