9471.301534237447	750	4.0	5.057839080863765	450283	5057.839080863765	0.027456552	-0.07238390808637651
9472.732271752502	300	6.569262484946178	0.0	155580	1430.7375150538228	0.549022	0.045787025155633515
9475.388024715196	300	7.670674249107658	0.0	139857	1398.5882358385181	0.06346777	0.6061142471418679
9477.421486424435	300	7.582525791316185	0.0	155432	1588.1484577914728	0.05062091	0.5785857874263518
9480.250746993688	300	7.530552079912725	0.0	163442	1551.973711403461	0.06317019	0.5771488186311664
9481.55470019668	300	7.917218964591937	0.0	126289	1113.3331153207878	0.06070564	0.6586162327744871
9483.925780170206	300	7.956988978765559	0.0	153295	1460.2299858263789	0.05242469	0.6277941796023128
9485.653099502933	300	7.928754382500196	0.0	173849	1528.2345962653633	0.048338138	0.6182479040716077
9487.799986056692	300	7.699853440502731	0.0	150710	1728.9009419974639	0.052239604	0.5759206528891443
9490.38640627106	300	7.605636110600725	0.0	139105	2094.2173299020064	0.0464033	0.5302263787657198
9491.94650050258	300	7.801690417971682	0.0	141840	1303.9456926290427	0.040974945	0.6283198238848419
9493.852977806833	300	7.95152602099159	0.0	156148	1350.1643969800905	0.041805074	0.6382694658434231
9495.662780840448	300	7.739781000720239	0.0	160746	1711.7450202713524	0.043760218	0.581519200292908
9497.803042570811	300	7.513679180361805	0.0	179801	1726.1018203584338	0.042160563	0.5580951182543421
9502.31542709425	750	7.001294656921487	0.0	337059	4512.384523440319	0.040408164	-0.1759625469584173
9505.50728842036	300	7.803636196287187	0.0	138313	1697.6584606342997	0.32640007	0.13913777402549898
9507.772557690307	300	7.583103037002002	0.0	143509	2220.5331592851853	0.027388183	0.5154034544199262
9511.475718107178	300	7.6788907980472265	0.0	150616	1904.2122389547744	0.025090799	0.5563509062146154
9513.724778500326	300	7.6088347428822365	0.0	165384	2070.0560551649905	0.029305577	0.5329535732287984
9515.726565402549	300	7.96744340356133	0.0	140881	1141.391339320907	0.027794171	0.6606947370642486
9517.235547022672	300	7.598150379700688	0.0	157671	1369.2930238606425	0.029193971	0.6019908220398277
9519.343576523403	300	7.638979984666427	0.0	157812	1959.1703950342617	0.032779597	0.5469737640053838
9522.039949859865	300	7.780222792983712	0.0	163927	1358.7571916827142	0.03146382	0.6207509474493946
9524.652602982693	300	7.847704308759327	0.0	137654	1932.5184842243848	0.033394866	0.569937395604406
9526.441494512144	300	7.963325901485434	0.0	146754	1384.3784072738924	0.029446524	0.6359956031920693
9529.119266243899	300	7.926696582397646	0.0	153938	1536.6293190877886	0.03194881	0.6172083107293922
9531.535633045465	300	7.6140843973475745	0.0	181901	1312.6121850500722	0.031487003	0.6092084891370444
9533.334227975192	300	7.566664274242012	0.0	111155	1047.4201231055622	0.03803418	0.6311160883594794
9537.021427082176	300	7.8794651672573925	0.0	153605	2687.1991069846194	0.034761824	0.4975580768173195
9540.816490641822	300	7.641120325236854	0.0	149029	2738.3448420205395	0.030130599	0.4692644674272301
9544.634367942193	300	7.823243024866415	0.0	157421	2817.8773003704396	0.027827863	0.47902265413121503
9547.47272935245	300	7.756360333236659	0.0	157488	2066.882691629757	0.023240805	0.5476177732442893
9549.44751499284	300	7.63470685335457	0.0	143881	1621.653479882088	0.02456864	0.5803098935005231
9551.730294928386	300	7.879882965836434	0.0	163444	2254.8238875181364	0.025573757	0.5408362296757796
9554.049460436445	300	7.564278240821047	0.0	179328	2315.604725015387	0.025725104	0.5040655864183082
9557.287612955082	300	7.906982373023316	0.0	159914	2657.295867797731	0.025379978	0.5032244489967445
9559.883130652117	300	7.744651840426715	0.0	131610	2162.3305325966003	0.022257047	0.536934338221838
9561.87994698316	300	7.887837290124225	0.0	124011	1356.8145503024896	0.022109862	0.631410721434332
9564.067825317261	300	7.518898946942894	0.0	144254	1868.9383431813312	0.025872318	0.5443190882720633
9567.662759998218	300	7.92396426598507	0.0	149991	2594.9346809578237	0.02852564	0.5111120567712657
9570.706350553788	300	7.579106395639654	0.0	147968	2344.8578703454177	0.027171789	0.5025823099414146
9574.309157452446	300	7.976299496983274	0.0	161857	2602.8068986563794	0.024724787	0.5154144362159855
9577.707956264238	300	7.947669907027677	0.0	145210	2528.6295899555976	0.02541536	0.5200479394628819
9581.826416497923	300	7.829209673341247	0.0	172312	2618.460233686431	0.024713714	0.49954461736379324
9585.199484420547	300	7.66199033929064	0.0	167025	2667.219334050607	0.024728501	0.47840662709095416
9589.163631184985	300	7.6978435748522935	0.0	160064	2964.1467644383465	0.024911493	0.45220061121055094
9591.906136999063	300	7.641588406318974	0.0	137507	2056.255168533319	0.02332553	0.5375189556611883
9593.7090825771	300	7.513240969073184	0.0	118421	1628.3474372457897	0.022709213	0.5678279405177882

