18518.80572340284	750	4.0	3.9247822452337946	450283	3924.7822452337946	0.44309527	-16.702145049854153
18520.157119696054	300	6.648603706784821	0.0	155580	1351.3962932151785	0.055695195	-0.3802325581395349
18522.937572467425	300	7.596466642774696	0.0	139857	1052.1370640101254	0.34632555	0.06976744186046512
18526.631378298836	750	7.902660811361147	0.0	382355	2693.805831413548	0.6953603	-0.2755813953488372
18529.61508158849	750	7.976869878721849	0.0	411561	2425.7909326392974	0.38126272	0.1744186046511628
18531.83614609197	750	7.7252938102396325	0.0	318564	1751.576068482217	0.121924825	0.1744186046511628
18535.64431215155	750	7.917127750656469	0.0	352642	3308.166059583163	0.14496039	0.1744186046511628
18539.202964902404	750	7.916628651117839	0.0	437162	3500.49909953863	0.14052041	0.1744186046511628
18541.29192874196	750	7.51122353314827	0.0	374758	1905.405117969568	0.116018385	0.1744186046511628
18545.079809898172	750	7.723342376939654	0.0	362795	3287.881156208616	0.10803946	0.1744186046511628
18547.85781887861	300	7.8000578876185624	0.0	141840	1423.284489321091	0.17603177	-0.3802325581395349
18553.022760455977	750	6.635116310252699	0.0	405134	5164.941577365864	0.4222446	-0.2755813953488372
18555.55302597611	300	7.574816560576564	0.0	160746	2060.2997496761336	0.5577872	-0.3802325581395349
18559.97084988885	750	7.156992647836633	0.0	434409	4417.823912739931	0.6862848	-0.2755813953488372
18563.29243275939	750	7.8354097772989935	0.0	337059	3321.5828705376393	0.4528916	0.1744186046511628
18566.706132863175	750	7.808246054723184	0.0	366214	3027.163722575809	0.5954473	0.1744186046511628
18570.749062051647	750	7.7653168662532375	0.0	360831	3542.9291884699473	0.17781779	0.1744186046511628
18579.514200012545	750	4.0	0.9998210946480631	372963	8765.1379609013	0.6684364	-4.124812102335508
18583.097362219272	300	4.4168377932712355	0.0	165384	3583.1622067287644	0.009800347	-0.3802325581395349
18584.98698502019	300	6.527214992353091	0.0	140881	1889.6228009181439	0.004705182	0.06976744186046512
18587.882148040266	300	7.6320519722790285	0.0	157671	1895.1630200740626	0.024826622	0.06976744186046512
18590.171886897646	300	7.848458255989266	0.0	157812	2283.593716289763	0.0695488	0.06976744186046512
18595.243016796474	750	6.777328357159914	0.0	401853	5071.129898829352	0.6745933	-0.2755813953488372
18598.37101055611	300	7.649334597521249	0.0	137654	2127.993759638666	0.50799257	-0.3802325581395349
18600.386775046594	300	7.664086713911496	0.0	146754	1485.2478836097516	0.5559306	0.06976744186046512
18602.485022082506	300	7.930221532789208	0.0	153938	1733.8651811222885	0.5347795	0.06976744186046512
18605.40104684207	300	7.94940011855496	0.0	181901	2480.8214142342486	0.560995	0.06976744186046512
18608.93190967553	750	7.526570336489567	0.0	277716	3422.829782065393	0.6836818	-0.2755813953488372
18615.6983887163	750	4.760091295723336	0.0	400396	6766.479040766231	0.5523642	0.1744186046511628
18618.454792975564	300	6.003687036460708	0.0	149029	2756.404259262629	0.04543434	-0.3802325581395349
18620.562965247693	300	7.895514764329946	0.0	157421	2108.172272130761	0.02137823	0.06976744186046512
18622.996253359965	300	7.668414990970254	0.0	157488	1227.0997733596917	0.20816877	0.06976744186046512
18624.645942592408	300	7.511664563704336	0.0	143881	1156.7504272659162	0.2959812	0.06976744186046512
18626.980091407546	750	7.77105958722527	0.0	412837	2240.604976479067	0.67454195	-0.2755813953488372
18630.004221532578	750	7.565766396037186	0.0	401088	2705.2931911880837	0.15569332	0.1744186046511628
18633.845804644614	750	7.724183283997563	0.0	365161	3841.583112039623	0.09455329	0.1744186046511628
18636.514569242452	750	7.690011080021704	0.0	321064	2534.1722039758597	0.25443494	0.1744186046511628
18639.415580530876	750	7.756801642238281	0.0	361565	1933.2094377834237	0.27240148	0.1744186046511628
18643.68994849869	750	7.482433674429382	0.0	378327	4274.367967808898	0.14922324	0.1744186046511628
18646.492478052587	750	7.56725373970719	0.0	390680	2415.179934722192	0.46472073	0.1744186046511628
18648.54648489956	750	7.638925178306932	0.0	345516	1928.3285614002575	0.17280518	0.1744186046511628
18650.76116496542	750	7.879424216664654	0.0	384505	1759.5009616422785	0.12437414	0.1744186046511628
18653.476524212932	750	7.514334211516143	0.0	372093	1865.0900051485123	0.081747845	0.1744186046511628
18657.085416928552	750	7.905441495896906	0.0	438281	3108.892715619237	0.062473528	0.1744186046511628
18659.542639400723	750	7.536411277303414	0.0	398987	1869.0302185934927	0.09727006	0.1744186046511628
18662.323159824155	750	7.790247177877332	0.0	393804	1746.1640994260804	0.05203511	0.1744186046511628
18665.44929528651	750	7.804357513202931	0.0	331053	2985.889664674402	0.04936006	0.1744186046511628
18668.590116383202	750	7.904069968696127	0.0	314107	2900.287544506803	0.105359316	0.1744186046511628

