5541.227771213497	750	4.0	7.528019682657206	450283	7528.0196826572055	0.035479993	-0.40280196826572057
5543.524125466567	300	5.7036457469296495	0.0	155580	2296.3542530703508	0.26423657	-0.323157566123932
5545.52933113802	300	7.698440075476701	0.0	139857	2005.2056714529485	0.012008216	0.280631937571999
5549.427175891765	300	7.80059532173235	0.0	155432	2397.844753744352	0.008259071	0.24775273223383662
5553.501948795464	300	7.725822418032702	0.0	163442	3074.772903699649	0.008635831	0.175386610757079
5555.907581612393	300	7.999104579880152	0.0	126289	2226.7178381525496	0.0076013296	0.27727225242725456
5560.024693552256	300	7.550006161337351	0.0	153295	2449.098418542801	0.0065116123	0.22696554322930435
5563.007478788683	300	7.987620294233952	0.0	173849	2062.3858671033986	0.0068472493	0.29298768167928213
5565.887923587374	300	7.9425974842006015	0.0	150710	1545.02281003335	0.0073686354	0.3419100617592026
5567.766291039436	300	7.791124838348087	0.0	139105	1651.4726458525147	0.007634694	0.32179803781150396
5570.107143223168	300	7.789146178186092	0.0	141840	1501.9786601619955	0.0077615622	0.3366237701204312
5573.447682976161	300	7.568312996725508	0.0	156148	1720.8331814605847	0.008107182	0.30093624414928577
5576.9903007341845	300	7.676857417779174	0.0	160746	1891.4555789463348	0.008327841	0.29065803071656493
5580.093806066984	300	7.810685817068552	0.0	179801	2366.1716007106234	0.008297548	0.25155070349572217
5582.707634024504	300	7.997438666203227	0.0	140051	1813.2471508653248	0.008072709	0.3185152015511692
5586.758075189876	300	7.822508496394474	0.0	138313	2174.9301698087534	0.007767343	0.27141376404377926
5589.794785989713	300	7.731908684857215	0.0	143509	2090.5998115372586	0.007606032	0.27418431164985013
5593.601807199872	300	7.924887474697622	0.0	150616	2307.021210159594	0.0074713463	0.26460334615264197
5597.351777055433	300	7.8864686079969974	0.0	165384	2038.4188667006233	0.0071729403	0.28906240132975003
5600.755057015272	300	7.7506041225075295	0.0	140881	1635.8644854894683	0.0072386614	0.32082630910777377
5604.284081769975	300	7.709799477530689	0.0	157671	2040.8046449768408	0.0073981537	0.277782002847984
5607.326298596254	300	7.972801162204589	0.0	157812	1736.9983153261012	0.007344802	0.3246002411051767
5610.327829362701	300	7.899644972457401	0.0	163927	2073.1561897471865	0.007456662	0.2864121918038689
5612.878193832799	300	7.6986500019083834	0.0	137654	1700.9949705490178	0.0074145445	0.31106612806437217
5615.707479263046	300	7.5386920413096865	0.0	146754	1659.957960598697	0.0074614948	0.3051724565219857
5618.012084508309	300	7.916053167851947	0.0	153938	2122.6388734577404	0.007669213	0.2824894356449727
5620.403130437706	300	7.911513374556036	0.0	181901	2004.539793295911	0.0073706554	0.2940156065801611
5622.515386409479	300	7.658638552219818	0.0	111155	1252.874822336218	0.0076499404	0.35337742728011684
5625.00135724658	300	7.770343622388402	0.0	153605	1888.294929831415	0.007595985	0.2968169834161336
5628.801326179537	300	7.970374689430588	0.0	149029	2299.9689329578146	0.007771521	0.2681515247936303
5630.822023441642	300	7.688848492991274	0.0	157421	1781.5261964393148	0.007281037	0.30240041116802313
5633.870827586198	300	7.6390319345464555	0.0	157488	1549.8165584448177	0.0077391663	0.3224578400646717
5636.125662652636	300	7.546108241883021	0.0	143881	1592.9236926634348	0.008677891	0.31233939585134535
5639.829996363825	300	7.841774530694471	0.0	163444	1704.3337111885494	0.0084925825	0.3196775370495495
5643.1739557891615	300	7.577917308007116	0.0	179328	1763.857222687355	0.008799358	0.29723410948170925
5646.303191197414	300	7.618350724206271	0.0	159914	1959.566583800844	0.00987838	0.28019026188280755
5647.630010038156	300	7.899775692560839	0.0	131610	1218.5750316454328	0.00907232	0.3718784776205092
5649.8196883330775	300	7.804058463648462	0.0	124011	1095.7172289123773	0.009851478	0.37818193108679116
5651.187044922806	300	7.942360759288411	0.0	144254	1361.6977043600507	0.012599165	0.3602277770195206
5654.82425448066	300	7.6965854370462115	0.0	149991	2245.7753222422	0.015331957	0.2564590575911682
5658.241891684447	300	7.5434839294577705	0.0	147968	2153.101507588441	0.013325296	0.2561575948322665
5660.333220668642	300	7.805087318960308	0.0	161857	1238.396610497462	0.014076235	0.36397829638527307
5661.884463530547	300	7.760931983856326	0.0	145210	1044.1553351039815	0.024385942	0.38064271548062223
5663.564542932315	300	7.9294361228730015	0.0	172312	1331.4958609833236	0.034334075	0.3624401715812302
5665.354812896943	300	7.963592867950773	0.0	167025	1465.843254922229	0.04199733	0.3511402287547004
5667.228888223537	300	7.533768550007139	0.0	160064	1429.8243179436333	0.04536818	0.32787810258108285
5671.056963211961	300	7.705693561583152	0.0	137507	2328.0749884239863	0.056654975	0.24879834875654835
5673.247733726021	300	7.756471336590337	0.0	118421	1949.2222249928145	0.040077195	0.2898572360376146

