8501.824240624595	750	4.0	6.865112348267744	450283	6865.112348267744	0.022794556	-29.345564492900138
8503.88481654216	300	5.939424082436076	0.0	155580	2060.575917563924	0.017751306	-0.3802325581395349
8506.168370746445	300	7.655869878150015	0.0	139857	1783.5542042860604	0.027825754	0.06976744186046512
8508.938383740055	300	7.835484621153693	0.0	155432	1820.3852569963224	0.2904545	0.06976744186046512
8510.743049561508	300	7.777965664583729	0.0	163442	1557.5189565699638	0.10713027	0.06976744186046512
8514.191193276023	750	7.90746722071787	0.0	318564	3370.49844386586	0.69639957	-0.2755813953488372
8518.316201935437	750	7.782458561305239	0.0	352642	4125.0086594126315	0.60313296	0.1744186046511628
8524.504183345256	750	5.594477151485475	0.0	437162	6187.981409819763	0.32521653	0.1744186046511628
8526.608771478788	300	7.489889017952741	0.0	150710	2104.588133532734	0.2090081	-0.3802325581395349
8530.241623012782	300	7.857037483959895	0.0	139105	2132.8515339928467	0.21182092	0.06976744186046512
8534.301953572889	300	7.7967069238512865	0.0	141840	3560.330560108609	0.3688681	0.06976744186046512
8539.824131009349	300	6.274529487390748	0.0	156148	5522.177436460539	0.16214451	0.06976744186046512
8545.827248163712	300	4.271412333026972	0.0	160746	6003.117154363776	0.043314315	0.06976744186046512
8552.335486013653	300	4.0	2.23682551691355	179801	6508.237849940522	0.004705182	-9.548582280867798
8556.939185772322	300	4.0	0.6036997586700072	140051	4603.699758670007	0.004705182	-2.5261415204205657
8560.579377355629	300	4.3598084166922035	0.0	138313	3640.1915833077965	0.004705182	0.06976744186046512
8565.287709286396	300	4.0	0.34852351407529114	143509	4708.331930767495	0.004705182	-1.4288836686632869
8569.982162874147	300	4.0	0.6944535877501458	150616	4694.453587750146	0.004705182	-2.9163829854651615
8573.368388267229	300	4.613774606918473	0.0	165384	3386.225393081527	0.004705182	0.06976744186046512
8575.686635675636	300	6.295527198510477	0.0	140881	2318.2474084079963	0.004705182	0.06976744186046512
8578.678240506157	300	7.3039223679895615	0.0	157671	2991.604830520916	0.010387287	0.06976744186046512
8582.203243766471	300	7.778919107675896	0.0	157812	3025.0032603136656	0.0533524	0.06976744186046512
8592.856267059564	750	4.0	2.874104185416738	401853	10653.023293092634	0.15523127	-12.63422939264081
8596.479217663906	300	4.377049395657157	0.0	137654	3622.950604342843	0.004705182	-0.3802325581395349
8599.937615553665	300	4.918651505900271	0.0	146754	3458.3978897568873	0.004705182	0.06976744186046512
8601.507492130155	300	7.34877492940961	0.0	153938	1569.8765764906602	0.004705182	0.06976744186046512
8602.357605149467	300	7.510690501096162	0.0	181901	838.0844283134484	0.0064147487	0.06976744186046512
8603.224855944984	750	7.768079303336486	0.0	277716	742.6111977596751	0.6931051	-0.2755813953488372
8604.446683183332	750	7.81948546903993	0.0	400396	948.593834296557	0.13551953	0.1744186046511628
8605.561505461174	750	7.8386910511461245	0.0	400508	980.7944178938044	0.026980165	0.1744186046511628
8606.781120499307	750	7.880897462052943	0.0	358218	957.7935890931818	0.0342371	0.1744186046511628
8607.761924501476	750	7.991406175989729	0.0	400322	889.4912860632135	0.036179055	0.1744186046511628
8608.99278617877	750	7.63663169039371	0.0	369834	854.774485596019	0.0464952	0.1744186046511628
8610.059067091297	750	7.72653485397925	0.0	412837	910.0968364144601	0.048982225	0.1744186046511628
8611.202527488867	750	7.702896683752149	0.0	401088	1023.6381702271011	0.055404905	0.1744186046511628
8612.168555136652	750	7.804794030529933	0.0	365161	898.1026532222171	0.051710587	0.1744186046511628
8613.12658601707	750	7.5247410116030915	0.0	321064	780.0530189268399	0.05389908	0.1744186046511628
8614.267162337339	750	7.588441820213762	0.0	361565	936.2991913893292	0.051258747	0.1744186046511628
8615.524790172063	750	7.766766472292271	0.0	378327	821.6753479214909	0.048036546	0.1744186046511628
8616.553049102631	750	7.765613288408389	0.0	390680	1001.1531838838811	0.053050015	0.1744186046511628
8617.86373999397	750	7.918820635080661	0.0	345516	846.7926533277271	0.047620505	0.1744186046511628
8619.379315851602	750	7.767981906270783	0.0	384505	1150.8387288098788	0.04459226	0.1744186046511628
8620.408274733627	750	7.895871029669621	0.0	372093	872.1108766011624	0.039276592	0.1744186046511628
8621.618748530655	750	7.504058086367886	0.0	438281	891.8129433017348	0.041959263	0.1744186046511628
8623.787604409177	750	7.983960626469296	0.0	398987	1520.0974598985892	0.047599968	0.1744186046511628
8626.69203881592	750	7.561122636910361	0.0	393804	1422.8379895589353	0.034048863	0.1744186046511628
8629.442748557716	750	7.791565946103383	0.0	331053	1769.5566908069782	0.03516677	0.1744186046511628
8631.440704304525	750	7.578164636194717	0.0	314107	1713.4013099086653	0.03553472	0.1744186046511628

