14572.820491998898	750	4.0	2.148641230861048	450283	2148.641230861048	0.05487158	-9.064738688051344
14573.907184727903	300	6.913307270993737	0.0	155580	1086.6927290062629	0.715834	-0.3802325581395349
14575.92155863539	750	7.548787278109801	0.0	350812	1864.5199928839356	0.4981953	-0.2755813953488372
14579.77876105915	750	7.691584854348425	0.0	382355	3857.2024237613773	0.09802881	0.1744186046511628
14582.576788733604	750	7.596099181527643	0.0	411561	2595.4856728207806	0.35572147	0.1744186046511628
14584.367057757532	750	7.982235698979337	0.0	318564	1613.8634825483068	0.31793666	0.1744186046511628
14587.075583774009	750	7.8261754376318	0.0	352642	2656.060261347536	0.12757427	0.1744186046511628
14589.068438561108	750	7.955980907297548	0.0	437162	1870.1945303342532	0.5408773	0.1744186046511628
14590.697774996312	750	7.852642875327023	0.0	374758	1603.3380319705243	0.081180975	0.1744186046511628
14592.439401843094	750	7.809828553403358	0.0	362795	1542.8143219236645	0.094821475	0.1744186046511628
14594.465873528457	750	7.820999006550312	0.0	353220	1488.8295468530468	0.062413603	0.1744186046511628
14596.889457911982	750	7.588027884042431	0.0	405134	1732.9711225078813	0.048003845	0.1744186046511628
14599.03855186955	750	7.873787602518693	0.0	386351	1714.2402815237392	0.053010132	0.1744186046511628
14602.928891855894	750	7.791044390117606	0.0	434409	3082.743212401086	0.049604457	0.1744186046511628
14605.542462109841	750	7.713057659665319	0.0	337059	2577.9867304522872	0.23556498	0.1744186046511628
14606.3138931685	300	7.500133944533091	0.0	138313	712.9237151322285	0.4867592	-0.3802325581395349
14607.46650037407	300	7.538084013513533	0.0	143509	462.04993101955836	0.57874954	0.06976744186046512
14609.97539085238	750	7.738917387781734	0.0	372963	2299.1666257317984	0.0706283	-0.2755813953488372
14612.139421891676	750	7.9317637133737335	0.0	405596	1807.1536744080004	0.12262332	0.1744186046511628
14613.734911694348	750	7.587457551731463	0.0	350713	1344.3061616422713	0.063381284	0.1744186046511628
14616.230417798168	750	7.615296377536064	0.0	386472	1472.1611741953984	0.055361018	0.1744186046511628
14618.65934443366	750	7.852505424452251	0.0	399894	2262.790953083813	0.03812538	0.1744186046511628
14622.35153563594	750	7.544477669315851	0.0	401853	2308.0277551363997	0.0693368	0.1744186046511628
14626.065173908466	750	7.7597403328758645	0.0	343800	2784.7373364399864	0.26830924	0.1744186046511628
14630.071132359955	750	7.753781881387225	0.0	359903	4005.95845148864	0.68515664	0.1744186046511628
14632.248975729006	300	7.972289847748677	0.0	153938	781.4920336385479	0.37160206	-0.3802325581395349
14636.679359704884	750	7.541905871870941	0.0	425781	3930.383975877737	0.6759866	-0.2755813953488372
14640.565802399002	300	7.602052137307448	0.0	111155	1439.8537345634925	0.3505777	-0.3802325581395349
14644.627876356486	300	7.539978179822476	0.0	153605	3562.0739574849717	0.081579775	0.06976744186046512
14646.86182571132	300	7.507335046925617	0.0	149029	1532.6431328968597	0.014104394	0.06976744186046512
14647.824997852067	300	7.731402068519423	0.0	157421	775.9329784061931	0.02130632	0.06976744186046512
14650.553045435117	750	7.555997848665018	0.0	400322	1175.4042198544057	0.35472602	-0.2755813953488372
14655.201623293047	750	6.907419990734845	0.0	369834	4648.577857930172	0.082622714	0.1744186046511628
14656.775152821894	300	7.961265769873702	0.0	163444	1446.1542208611436	0.39085865	-0.3802325581395349
14657.40744923527	300	7.893805241179875	0.0	179328	567.4605286938288	0.30449593	0.06976744186046512
14659.05249720044	750	7.753699258435321	0.0	365161	1140.105982744554	0.41972804	-0.2755813953488372
14660.20515708059	750	7.674840276073206	0.0	321064	1078.858982362115	0.045862988	0.1744186046511628
14661.838791670034	750	7.6149234207453045	0.0	361565	1559.9168553279023	0.025832051	0.1744186046511628
14667.552109276254	750	5.901605814524408	0.0	378327	5713.317606220897	0.11715957	0.1744186046511628
14669.625414833761	300	7.828300257017266	0.0	149991	2073.305557507142	0.110619575	-0.3802325581395349
14672.240766134495	300	7.97579503657326	0.0	147968	1352.5052204440062	0.078441575	0.06976744186046512
14675.38196096909	300	7.896620754419449	0.0	161857	1579.1742821538105	0.07150707	0.06976744186046512
14679.366952564204	300	7.911629159305035	0.0	145210	2984.991595114414	0.059810482	0.06976744186046512
14685.485063141257	300	5.793518582252746	0.0	172312	6118.110577052289	0.014512154	0.06976744186046512
14688.136471652957	300	7.142110070552079	0.0	167025	2651.408511700668	0.004705182	0.06976744186046512
14689.954038662712	300	7.621592169827714	0.0	160064	1520.5179007243642	0.004705182	0.06976744186046512
14691.249979991537	300	7.707146059932682	0.0	137507	914.4461098950311	0.008882971	0.06976744186046512
14691.843869170872	300	7.680949084228589	0.0	118421	526.1969757040945	0.031447116	0.06976744186046512

