14962.79972608277	750	4.0	2.005422751396268	450283	2005.4227513962683	0.0048444364	-8.398740819851438
14965.033763605285	750	5.765962477485412	0.0	398865	2234.037522514588	0.65906286	0.3716914614058011
14967.136452386105	750	7.663273696664623	0.0	350812	2102.6887808207885	0.14132552	0.5674447309781461
14969.789922857588	750	7.952612888153697	0.0	382355	2210.6608085109256	0.42462987	0.5844967594490045
14972.60751142258	750	7.745223537279333	0.0	411561	2207.389350874363	0.46082532	0.5648624407478469
14975.086825004171	750	7.820666305842515	0.0	318564	1924.5572314368178	0.684997	0.6004071062689041
14977.7571289096	750	7.862892513906121	0.0	352642	2457.773791936393	0.24561867	0.5511497714976998
14980.443068258006	750	7.811187920298067	0.0	437162	2551.7045936080544	0.18773475	0.5367800644997759
14982.3536741097	750	7.678002328950215	0.0	374758	1633.1855913478516	0.54878986	0.6158126977879967
14986.417964322007	1850	7.613712116644004	0.0	913888	4064.29021230621	0.9489341	-0.6746509249843825
14990.775106141484	1850	7.2565702971662915	0.0	939819	4357.141819477713	0.00760123	0.3616886018325819
14995.481868215315	1850	6.549808223334077	0.0	917428	4706.762073832214	0.009520281	0.25869991079255783
15000.88685670906	1850	5.14481972959033	0.0	946851	5404.988493743747	0.028564185	0.053645504137034616
15003.408100870578	750	6.623575568072903	0.0	434409	2521.244161517427	1.234688	-0.6744829523608763
15006.10891603398	750	7.922760404671306	0.0	337059	2200.8151634015985	0.15346237	0.5826079879583159
15008.81520718478	750	7.595946002632849	0.0	366214	2326.8144020384566	0.1653673	0.5385518005720535
15011.758486190902	750	7.684044840553532	0.0	360831	1911.901162079317	0.10626887	0.5885227394331032
15015.033131828926	750	7.607410981712241	0.0	372963	3076.6338588412905	0.29173124	0.4646733723651517
15019.036491360852	750	7.604051449785649	0.0	405596	4003.3595319265924	0.08963658	0.3716774462299105
15024.205045784709	750	6.435497025930308	0.0	350713	5168.55442385534	0.56547517	0.14268324457641135
15027.05790872107	300	7.582634089567607	0.0	157671	2352.8629363627006	0.015212185	0.06059685930304709
15029.71595608433	300	7.750004700702739	0.0	157812	2332.6293888648693	0.004946837	0.5287298286137634
15032.317011524092	300	7.697185968017951	0.0	163927	2552.8187326847874	0.004705182	0.5016270302285393
15034.660226708273	300	7.584696777166857	0.0	137654	1112.4891908510954	0.004705182	0.634832769917129
15036.481221790385	300	7.884562223224686	0.0	146754	1200.1345539421704	0.017771788	0.6549306290033141
15039.097188603786	300	7.9720090806108495	0.0	153938	1412.553142613837	0.04665184	0.6421056311220861
15043.333095665677	300	7.710762342159069	0.0	181901	2261.2467384517795	0.039091196	0.5320909713376419
15045.108592092536	300	7.855344328347397	0.0	111155	1355.418013811671	0.005948546	0.6365900269006535
15047.285044109976	300	7.847157493152448	0.0	153605	1508.1868351949488	0.01016366	0.620525152422631
15049.001390894173	300	7.953116649175387	0.0	149029	1394.0408439770615	0.01370079	0.6421384426476814
15051.181856457102	300	7.964036856821089	0.0	157421	1489.0797923542973	0.057407916	0.6336856304038762
15054.396325972131	300	7.622495022594896	0.0	157488	1841.5418342261923	0.11790294	0.5655656303423571
15057.460009064825	300	7.562117245147958	0.0	143881	2060.377777446939	0.021313928	0.537870605231333
15061.30551291502	300	7.716613394954005	0.0	163444	3345.503850193953	0.0059485734	0.4242284307503206
15065.307569806562	300	7.71455650341044	0.0	179328	3502.0568915435642	0.004705182	0.4083751484294895
15069.251077211771	300	7.771049098202182	0.0	159914	3443.5074052082578	0.004705182	0.4196675745357358
15073.514734339464	300	7.5073919705091265	0.0	131610	3263.6571276930554	0.004705182	0.412275299339198
15075.975211160061	300	7.606168855153538	0.0	124011	2401.223115355589	0.004705182	0.5080260897636697
15078.063739146659	300	7.92653171447627	0.0	144254	1179.6371406772669	0.004705182	0.6610199823190062
15080.36027634543	300	7.687708543050714	0.0	149991	1238.8231714255573	0.004873659	0.6321143732591233
15082.686376461286	300	7.583515551295253	0.0	147968	1104.192991755461	0.007882567	0.6355486954727562
15084.44458273699	300	7.680365946494814	0.0	161857	1403.1496048004383	0.025575157	0.6149749965256719
15087.14387288037	300	7.818249234255523	0.0	145210	1362.1167122392912	0.027587742	0.6323497114230892
15089.416032185833	300	7.775756330594176	0.0	172312	1542.492903661346	0.032106437	0.6102221012429321
15092.299212472206	300	7.828999345308697	0.0	167025	1446.7569852854792	0.030296393	0.6249203947189714
15093.956198661466	300	7.708717872721678	0.0	160064	1620.2814725870194	0.11958182	0.5959907153803093
15097.395728201785	300	7.632305541899577	0.0	137507	1576.412330822101	0.09076978	0.5930228544926611
15101.19866263627	300	7.829371107413957	0.0	118421	1302.934434485621	0.033452347	0.6393384323308096

