7235.742099872881	750	4.0	2.54228302815134	450283	2542.28302815134	0.0076845726	0.08298099951044735
7236.581520699456	300	7.160579173426026	0.0	155580	839.4208265739742	0.23475614	-0.05152216338803825
7237.893509026696	300	7.525436984853442	0.0	139857	635.1421885725827	0.015956106	0.4417093136263144
7238.888313047187	300	7.586458034407386	0.0	155432	938.9789504460568	0.019905798	0.41513945303608846
7239.790683298913	300	7.778185414966167	0.0	163442	808.2726194412189	0.018946566	0.440193047421496
7240.827505687886	300	7.641823036622238	0.0	126289	636.3623783439278	0.019002479	0.44886142288472963
7244.532938182858	300	7.54933681830079	0.0	153295	1092.4862183214486	0.020611715	0.3974686502418871
7248.416427348287	300	7.665847652872169	0.0	173849	3883.4891654286203	0.016666004	0.1256502826918811
7252.497317185084	300	7.584957816075024	0.0	150710	3580.889836797146	0.012030567	0.15085460075520685
7256.549794634217	300	7.532480366942673	0.0	139105	3052.477449132351	0.008694017	0.2004159989509145
7259.944758285306	300	7.834899934001969	0.0	141840	2197.5804329407047	0.007915237	0.30480692351128513
7261.559887753752	300	7.986026785003638	0.0	156148	1348.873148998331	0.0072810724	0.3991230800931268
7264.3898825898295	300	7.554157512389025	0.0	160746	1931.869272614613	0.0072767152	0.3138316381930853
7267.134927974075	300	7.865697578147189	0.0	179801	1688.459934241838	0.0058489335	0.35764382614024803
7269.504164832396	300	7.864371926439178	0.0	140051	1001.3256517080094	0.00597393	0.4262744011618802
7272.023864954868	300	7.628477463758926	0.0	138313	1235.8944626802524	0.0068047335	0.38807411614714016
7274.389603529992	300	7.602510953643217	0.0	143509	1025.9665101157084	0.0072423695	0.4074440045213628
7276.131531856706	300	7.901432784640747	0.0	150616	1701.0781690024694	0.008401515	0.35861545307003223
7279.166658069214	300	7.64429484784181	0.0	165384	1257.1379367989375	0.006921585	0.38693835524045184
7281.2450487403985	300	7.809093549954454	0.0	140881	1335.2012978873554	0.008568536	0.3894319380136504
7282.476823723642	300	7.624800768830821	0.0	157671	1184.2927811236339	0.007990083	0.3930044908697955
7284.501357014609	300	7.8462752244072105	0.0	157812	1278.5255444236107	0.0087591885	0.3974233680133222
7287.3145539967345	300	7.957680668616845	0.0	163927	1388.594555790366	0.008609304	0.3933793071397487
7290.698878806309	300	7.632819410197018	0.0	137654	1324.8612584198263	0.008082146	0.3794488082255636
7294.566580275499	300	7.765117941006803	0.0	146754	1367.7014691902139	0.0078544	0.3834334453241363
7296.343745747749	300	7.885117715053835	0.0	153938	1380.0002259529692	0.007433003	0.3897035555258003
7298.127747742111	300	7.811699426922027	0.0	181901	1573.4182881318095	0.0077312775	0.3657731062996783
7299.415359947721	300	7.643185143731393	0.0	111155	668.5142831906336	0.007920336	0.4457313640943813
7300.886921623864	300	7.641953300370354	0.0	153605	1001.2318433610387	0.0094070565	0.4123826178672758
7302.874353158822	300	7.80340236828195	0.0	149029	1838.5509320884053	0.009573216	0.3387412757390139
7303.801404894383	300	7.684316863935681	0.0	157421	619.0855043462693	0.0075007174	0.45324497449158563
7304.343890787537	300	7.6420570424664875	0.0	157488	542.2598214691936	0.0136215035	0.45828630393746866
7305.556635777521	300	7.6357975688171225	0.0	143881	506.2594736493644	0.020335142	0.4614951216163663
7306.694463322869	300	7.985126573310623	0.0	163444	650.6709955064991	0.021676261	0.4688870322114965
7308.476542048958	300	7.502665409185951	0.0	179328	982.4611641246718	0.018871576	0.4055541925918873
7310.557314004873	300	7.932088226211493	0.0	159914	1570.5771829744579	0.01705306	0.3735815167710051
7312.784374060787	300	7.58365565622402	0.0	131610	1848.4325699874737	0.014904074	0.32401894244548646
7314.599463279444	300	7.755424737859725	0.0	124011	828.2309183642968	0.010564529	0.43677467521003566
7317.841604883674	300	7.5977830758902405	0.0	144254	1657.6416619694849	0.015971651	0.3439809969764241
7320.741529177753	300	7.860070938481669	0.0	149991	2237.7121374085705	0.012627893	0.3023669408444798
7322.2238614115095	300	7.650010909438512	0.0	147968	1210.0600290431582	0.0096484525	0.39200339986582367
7325.002374647793	300	7.9618904126533945	0.0	161857	1188.1204967851172	0.009797491	0.41368982204255794
7326.77987795469	300	7.973335109953678	0.0	145210	988.5553026997165	0.011767515	0.4343616350323658
7327.916518648162	300	7.6344887653160916	0.0	172312	838.846344637586	0.012910493	0.4281546342987297
7329.545365431937	300	7.868962485846085	0.0	167025	765.5262794700078	0.017663803	0.450141248348612
7331.453078696677	300	7.531766129628354	0.0	160064	1337.1963562177316	0.025245832	0.37189946841023147
7332.286043863964	300	7.9605420237468385	0.0	137507	571.2241058815134	0.020159658	0.47529518682625865
7333.21595218464	300	7.6464583371106	0.0	118421	814.0836866362391	0.036044892	0.4313789983360211

