11346.979419730465	750	4.0	6.308048004947866	450283	6308.0480049478665	0.017552117	-0.2935954981692052
11350.009077440423	300	4.9703422900424306	0.0	155580	3029.6577099575693	0.072437	-0.4074356569378725
11351.616655959451	300	7.362763771014124	0.0	139857	1607.5785190283066	0.00577752	0.33429860471578465
11355.077595830926	300	7.9018238995385035	0.0	155432	1960.9398714756198	0.0057280622	0.33265372750382705
11357.61112383695	300	7.89817193968149	0.0	163442	2003.6519598570137	0.007413913	0.32815427117462426
11361.34152118436	300	7.9929113033595565	0.0	126289	1405.260636321932	0.0055588298	0.3939146137580116
11363.984112674689	300	7.894183937589549	0.0	153295	2598.727365770008	0.0054349233	0.26839748045257855
11367.968007910638	300	7.910288701638719	0.0	173849	3983.89523595083	0.0053248527	0.1308872411875695
11371.647758039167	300	7.949293370079075	0.0	150710	2960.995331559645	0.0056075025	0.23561502340421026
11375.896955457985	300	7.700095951261202	0.0	139105	2249.197418817871	0.0050664237	0.29121997600227056
11377.201019396145	300	7.932040109174382	0.0	141840	1268.05584208682	0.005281639	0.4038306435449494
11381.211920717624	300	7.8545934249222915	0.0	156148	2077.4466842520897	0.006196063	0.3180511415626668
11383.46274467319	300	7.725908818201462	0.0	160746	2128.68460672083	0.005326158	0.30488456139574094
11385.58650601017	300	7.860097776485392	0.0	179801	1365.8110417160694	0.005100417	0.3895587277889626
11386.905249826072	300	7.9197010113648245	0.0	140051	940.396765120567	0.0064370306	0.4358253576284774
11389.548364129847	300	7.882317375318143	0.0	138313	1537.3836360466805	0.008241028	0.3737901932829484
11392.000981140987	300	7.538874208412821	0.0	143509	1343.443166905324	0.006971048	0.37171904226550145
11393.489835243525	300	7.689034074461863	0.0	150616	1349.840133950959	0.006783558	0.3804643371890031
11394.99354131556	300	7.9816880084382245	0.0	165384	1207.3460660236371	0.007501504	0.4130046148552578
11396.262047169073	300	7.870615165785988	0.0	140881	1111.0728426522353	0.0088955555	0.41568988452663325
11397.843248729094	300	7.638730872106322	0.0	157671	1231.8842936796668	0.008549591	0.38911597106891094
11400.426046663066	300	7.7919904810904335	0.0	157812	1346.740391015889	0.008568032	0.38720908689679573
11402.740392926991	300	7.507846196906438	0.0	163927	1784.1442841839964	0.008411683	0.32570967981848525
11405.427529389533	300	7.749378969805806	0.0	137654	1258.4672271006307	0.0074755833	0.3933731838330324
11407.470040800037	300	7.8024578584255835	0.0	146754	1446.921111380224	0.007685209	0.3778452259438091
11410.089153067798	300	7.96069679305689	0.0	153938	1341.7610653686927	0.007505717	0.39825116395941884
11411.869824425641	300	7.974036782080031	0.0	181901	1486.660010976858	0.0076699615	0.38459501871254864
11413.688616046253	300	7.536646654707907	0.0	111155	937.3901273721251	0.007895641	0.41218512411226416
11415.324945337858	300	7.924182703025828	0.0	153605	1112.46395168208	0.007528077	0.41889874470113875
11417.376118315571	300	7.595528908129317	0.0	149029	1328.6537948965104	0.008244636	0.3767388981986638
11418.903099421243	300	7.70829789420374	0.0	157421	1387.231013925578	0.007829737	0.37792923792540845
11421.329788035646	300	7.704828699373364	0.0	157488	1003.469194830377	0.007609738	0.41608859515803004
11423.215636347717	300	7.843514220125196	0.0	143881	1361.3144792481676	0.009314436	0.3889719117632406
11425.803349706452	300	7.9769245001687725	0.0	163444	1366.5897199564242	0.008162146	0.39678253019513837
11428.41759918973	300	7.595361596920054	0.0	179328	1881.5629032487188	0.008083726	0.32143753041286405
11431.750782744895	300	7.650113090350831	0.0	159914	1445.2485065692247	0.007399846	0.36849093842023706
11434.344998342436	300	7.511972810878912	0.0	131610	1638.1402794719193	0.007953929	0.34056799366297263
11438.033713045012	300	7.823258108301905	0.0	124011	1688.7147025770064	0.006867373	0.3549658824414009
11441.906655636962	300	7.950315516351482	0.0	144254	3372.942591950424	0.0065247756	0.19448418150715774
11445.923621556816	300	7.9333495964966385	0.0	149991	3016.9659198548425	0.0059688645	0.22902147872578815
11450.050861684267	300	7.806109469046593	0.0	147968	1627.2401274500457	0.005446831	0.36004155000064
11453.038452315228	300	7.668283507516327	0.0	161857	2637.8259615302654	0.0061982227	0.25036884399697645
11457.173077481117	300	7.533658341627733	0.0	145210	2134.6251658885944	0.0061651957	0.2922748506931064
11460.278411046673	300	7.868186381009877	0.0	172312	2665.471960617858	0.0057892287	0.26009817368156407
11462.826185784545	300	7.929229905042588	0.0	167025	1438.9564759672887	0.005516574	0.38656494239866535
11465.305707047126	300	7.878878357205107	0.0	160064	1050.3515478374813	0.0075858114	0.42227846347180353
11466.744831156948	300	7.6539012121650645	0.0	137507	1224.9771450400426	0.011763975	0.39075483218654483
11468.259148330142	300	7.848816098459301	0.0	118421	805.0851137057645	0.011039831	0.44492621571336244

