7066.686361497356	750	4.0	3.8635903273045304	450283	3863.5903273045305	0.005818668	0.10966083238582608
7067.926698903602	300	6.759662593753583	0.0	155580	1240.3374062464177	0.040016633	0.2614476137273354
7070.302592832539	300	7.838679415001377	0.0	139857	1420.983178752206	0.009444531	0.8266113070158922
7072.693802258612	300	7.655530124716435	0.0	155432	1183.149290284943	0.008747908	0.8277809027181192
7074.623340374088	300	7.604791158722273	0.0	163442	1550.7389659941616	0.010508916	0.7847570979776256
7075.964157686358	300	7.638782024878718	0.0	126289	966.0091338435548	0.011367378	0.847426998444554
7078.611149576053	300	7.77269023124341	0.0	153295	1366.091793635307	0.010565378	0.823952634804672
7080.6768657833745	300	7.725282166063118	0.0	173849	1547.4080651802929	0.011092362	0.7999674431744381
7082.465374627273	300	7.68518180568474	0.0	150710	1540.1003603783763	0.011088533	0.7957469454667723
7084.594953414018	300	7.924596682672347	0.0	139105	1260.585123012394	0.01137199	0.8532594819459827
7087.006417415782	300	7.908361470706153	0.0	141840	1516.2352119661934	0.010932609	0.8256898803792938
7090.818511355409	300	7.649928905341932	0.0	156148	1758.432565364221	0.010930813	0.7695609819416894
7094.6284594284	300	7.839980832351727	0.0	160746	3809.948072990205	0.009818026	0.5878755060813008
7098.622443377146	300	7.845996883605887	0.0	179801	3993.9839487458403	0.007996911	0.5702147318597863
7102.773965541106	300	7.694474719645425	0.0	140051	3651.522163960462	0.007054969	0.5857521789679874
7106.594236432029	300	7.8742038287225675	0.0	138313	3320.2708909228563	0.006107663	0.6410688031014239
7110.938827087474	300	7.529613173277296	0.0	143509	3844.590655445272	0.0055496646	0.5460895593917261
7114.839781563631	300	7.628658697119825	0.0	150616	3400.9544761574707	0.0052441573	0.6026825175739077
7118.894696341387	300	7.573743919364493	0.0	165384	4054.914777755332	0.004775821	0.5305060547801583
7122.35545532406	300	7.618287579547869	0.0	140881	2455.4563398166238	0.004705182	0.6959517894866205
7126.781177739402	300	7.192565164207003	0.0	157671	4425.722415340866	0.004705182	0.4463604211179403
7131.748307458635	300	6.225435444973298	0.0	157812	4967.129719233704	0.004705182	0.2728063346592829
7135.578629973435	300	6.395112930172672	0.0	163927	3830.3225148006263	0.004705182	0.40743745870834785
7137.723207088744	300	7.727063066334368	0.0	137654	1668.049863838305	0.004705182	0.7881231544710998
7140.170142866229	300	7.7968588319270635	0.0	146754	1430.204234407304	0.004749441	0.8205255340763319
7142.5733445321985	300	7.633623703731224	0.0	153938	2163.23512819584	0.0058918577	0.7270674912319552
7147.30173312997	300	6.905235105959575	0.0	181901	4728.388597771649	0.005426968	0.38061661106431566
7150.874346795716	300	7.3326214402136705	0.0	111155	3572.613665745905	0.0048838924	0.5489643123336075
7154.8548312485755	300	7.3521369873532505	0.0	153605	3980.48445286042	0.004705182	0.5105868555509638
7158.779703915698	300	7.42726432023137	0.0	149029	3924.87266712188	0.004705182	0.5254241495963035
7162.919699695888	300	7.2872685400409285	0.0	157421	4139.995780190442	0.0047919843	0.4866262915674038
7166.767913460845	300	7.439054775083513	0.0	157488	3848.213764957415	0.004863805	0.5345458298225889
7170.614458045855	300	7.59251019007343	0.0	143881	3846.5445850100837	0.004705182	0.5536601813896083
7175.549534262397	300	6.6574339735315124	0.0	163444	4935.076216541917	0.004705182	0.32935136944673016
7178.709839426671	300	7.497128809257339	0.0	179328	3160.3051642741725	0.004705182	0.6105072019569457
7182.314571546136	300	7.892396689792353	0.0	159914	2604.7321194649867	0.004705182	0.7148689875973441
7186.406094030956	300	7.800874204972482	0.0	131610	3091.522484819871	0.004713426	0.654889494824394
7190.274595022383	300	7.932373213546056	0.0	124011	2368.500991426427	0.0047063734	0.7434280782441715
7194.3015877785165	300	7.905380457413046	0.0	144254	3526.992756133009	0.0048501575	0.6242460545501245
7198.416904096915	300	7.7900641390146355	0.0	149991	4115.316318398411	0.004705182	0.5511753719484735
7202.298868433122	300	7.908099802806573	0.0	147968	3381.9643362080615	0.0047570323	0.639084659319106
7206.025669112866	300	7.512444682183866	0.0	161857	3395.6551206227073	0.0047406843	0.5888632864439376
7209.9551052547	300	7.583008540348912	0.0	145210	1929.436141834954	0.00489043	0.7441978388437299
7212.671182354021	300	7.815260803166208	0.0	172312	2267.747737182704	0.005673413	0.7390433103814591
7216.93504270426	300	7.551400452926734	0.0	167025	3263.8603502394735	0.0057744435	0.6068527069987943
7220.554567740916	300	7.931875416270889	0.0	160064	3119.5250366558453	0.005536537	0.6682642097396274
7223.2530823389325	300	7.773475591779385	0.0	137507	2658.3998244915038	0.0054668784	0.6948188016864312
7225.238205853226	300	7.61597112139568	0.0	118421	1157.5044703837048	0.0053701634	0.8254609589116355

