6769.637022666237	750	4.0	4.851455205977005	450283	4851.455205977005	0.024779566	0.010874344518578605
6771.84068754594	300	5.796335120296149	0.0	155580	2203.664879703851	0.004705182	0.046170980870009704
6773.99755408186	300	7.639468584376665	0.0	139857	2156.8665359194842	0.004705182	0.7284260290512177
6777.659722352029	300	7.97730031420655	0.0	155432	2662.1682701701147	0.004705182	0.7196085854114339
6781.921994918035	300	7.715027748201291	0.0	163442	2762.2725660052583	0.004705182	0.6772148605069678
6786.135294107323	300	7.501728558914059	0.0	126289	2713.2991892872324	0.004705182	0.6557757393427763
6789.1864503197585	300	7.991013780977481	0.0	153295	2010.7147779365787	0.004705182	0.7864471626039995
6791.053850855503	300	7.622534268504845	0.0	173849	1368.4795124726352	0.004705182	0.80517381902833
6794.996768969797	300	7.679616154211879	0.0	150710	1942.9181142929654	0.004705182	0.7547779684436509
6798.267777740023	300	7.850031299731112	0.0	139105	2329.584854480767	0.004705182	0.7371527783610963
6802.3194241875335	300	7.798384852220624	0.0	141840	3051.646447510487	0.004705182	0.6585697334101734
6806.322416617876	300	7.7953924218778265	0.0	156148	4002.9924303427974	0.004705182	0.563065654029494
6809.265011888418	300	7.987126150056805	0.0	160746	2808.2662718210213	0.004705182	0.7062119999906853
6813.602610955371	300	7.649527083102608	0.0	179801	2837.5990669541966	0.004705182	0.6615947180223176
6816.302431459462	300	7.700580868644351	0.0	140051	1948.9462144582571	0.004705182	0.7567637118131153
6817.94222650572	300	7.811120518931377	0.0	138313	1389.4603497129735	0.004705182	0.8263608403156639
6821.536677283068	300	7.9190625309801765	0.0	143509	1392.0579879512015	0.004705182	0.8394288831586044
6823.68440396512	300	7.666395575152595	0.0	150616	1752.6669558275812	0.004705182	0.7721707141093821
6825.992071012498	300	7.95509188117512	0.0	165384	1711.3036939774754	0.004705182	0.811952925330679
6827.267549399897	300	7.735534330826849	0.0	140881	1219.5575503482714	0.004705182	0.8340183490482833
6828.799079489661	300	7.8827297759698265	0.0	157671	852.8045548570234	0.004705182	0.8888681517205004
6831.304354467482	300	7.784455073613096	0.0	157812	1598.2747023567294	0.004705182	0.8021869715201762
6834.098239880401	300	7.81601249053581	0.0	163927	1968.4425830772864	0.004705182	0.7690666380691277
6838.135018021321	300	7.7792343496151775	0.0	137654	2536.7781409206323	0.004705182	0.7076920148871281
6841.535405907552	300	7.670150901430849	0.0	146754	1609.083448184328	0.004705182	0.7869927421913447
6845.2309271763315	300	7.974629632651044	0.0	153938	2695.521268779805	0.004705182	0.7159435313911281
6849.249128001571	300	7.956428807411208	0.0	181901	4018.2008252398355	0.004705182	0.5814282850436842
6851.361068791027	300	7.547971664465462	0.0	111155	1408.4571429457455	0.004705182	0.7919696686592961
6852.902904090693	300	7.9737958283888	0.0	153605	1074.1758360766617	0.004705182	0.8779751232545325
6853.914325528932	300	7.991914764563364	0.0	149029	981.8810638254357	0.004705182	0.8894417801815939
6854.897849930932	300	7.764922831759591	0.0	157421	726.9919328037735	0.004705182	0.8869035652184069
6859.121942012821	300	7.540830749870689	0.0	157488	1724.0920818889024	0.004705182	0.7595244723829646
6862.538733489123	300	7.8627472920278265	0.0	143881	2178.083457842862	0.004705182	0.7538729859130973
6865.1812722734585	300	7.74583190908484	0.0	163444	2616.915382942987	0.004705182	0.6955540274704444
6869.254736178713	300	7.506911585653667	0.0	179328	3738.9203234311735	0.004705301	0.5538535841524601
6873.033839166354	300	7.52463185409469	0.0	159914	3482.2797315589764	0.0047414172	0.5817055987741064
6875.162153529192	300	7.838886400866417	0.0	131610	1185.7454532282736	0.004765613	0.8501606365089025
6876.4001689906	300	7.636163020067934	0.0	124011	1202.7233807984828	0.0048182337	0.8234322002162271
6879.5718582769605	300	7.9329645077919775	0.0	144254	2203.1985122759565	0.0048378995	0.7600313343906127
6883.768507046222	300	7.73631573853036	0.0	149991	2696.6487692616183	0.00484219	0.6864057090605433
6887.805770792257	300	7.699051992495226	0.0	147968	4037.2637460351343	0.0048261	0.5477431853933195
6891.848336029193	300	7.6564867555587695	0.0	161857	3542.565236936456	0.004823001	0.5919574250926274
6895.7345660805395	300	7.635855911994376	0.0	145210	2020.6308435643928	0.004864834	0.7416035347184498
6899.168429097024	300	7.696723998093436	0.0	172312	2939.1319139009406	0.0053506526	0.6572689266856606
6901.525364764569	300	7.730621710862964	0.0	167025	1966.1022872304716	0.006111387	0.7587573047777367
6904.822404102816	300	7.687518779545635	0.0	160064	1543.1029313173294	0.0065553784	0.7957352390049441
6908.13709354672	300	7.582142294459305	0.0	137507	1605.3764850863301	0.0069042277	0.7764968474819072
6911.2044715339525	300	7.978109789802447	0.0	118421	1604.0325046568582	0.008954789	0.8255221094627071

