11416.729581707765	750	4.0	4.492096968258112	450283	4492.096968258112	0.22085571	-19.14159835885872
11418.12805854729	300	6.6015231604739535	0.0	155580	1398.4768395260464	0.1363841	-0.3802325581395349
11419.795310224725	300	7.918184273333547	0.0	139857	1183.3388871404063	0.50653243	0.06976744186046512
11423.337797765262	750	7.588896907726666	0.0	382355	3329.287365606881	0.6356107	-0.2755813953488372
11427.005319379185	750	7.9213752938040525	0.0	411561	3667.5216139226136	0.65056235	0.1744186046511628
11428.334835447213	300	7.836978063616516	0.0	126289	1084.3972301875365	0.7362353	-0.3802325581395349
11429.806071137946	300	7.933919637170949	0.0	153295	1403.058426445566	0.5143727	0.06976744186046512
11432.517639903775	300	7.997223957948876	0.0	173849	1436.695679222074	0.43308064	0.06976744186046512
11435.642848889098	300	7.857055937043331	0.0	150710	1640.1680209055453	0.68803144	0.06976744186046512
11439.83643504451	750	7.6634697816298765	0.0	362795	4193.586155413454	0.43399096	-0.2755813953488372
11443.060418091569	300	7.895791856164839	0.0	141840	1767.6779254650378	0.3104628	-0.3802325581395349
11446.91326473597	300	7.5625210661613	0.0	156148	1833.2707900035389	0.20036836	0.06976744186046512
11450.174440009447	300	7.631721375720306	0.0	160746	2930.7996904409943	0.22841975	0.06976744186046512
11454.119277015043	300	7.686884370123713	0.0	179801	3944.837005596593	0.08823811	0.06976744186046512
11457.501436890994	300	7.798410731214684	0.0	140051	1888.4736389090288	0.028808344	0.06976744186046512
11460.777273601867	300	7.812335546751019	0.0	138313	1486.0751844636652	0.031082347	0.06976744186046512
11464.312341284758	300	7.67968243990924	0.0	143509	1632.6531068417792	0.05653444	0.06976744186046512
11467.492770441087	300	7.675675102068932	0.0	150616	2004.0073378403085	0.104960375	0.06976744186046512
11469.964420116046	300	7.838061197683961	0.0	165384	2337.613904384971	0.06220981	0.06976744186046512
11473.494182056564	300	7.945198141313438	0.0	140881	2392.8630563705224	0.044317298	0.06976744186046512
11477.628943214659	300	7.810436983217133	0.0	157671	2634.7611580963066	0.03720247	0.06976744186046512
11480.956282527664	300	7.667597381234769	0.0	157812	2642.839601982362	0.04016084	0.06976744186046512
11484.643845333021	300	7.980034575877438	0.0	163927	3187.56280535733	0.0294265	0.06976744186046512
11487.241053344103	300	7.762461733126634	0.0	137654	1717.5728427508047	0.020404208	0.06976744186046512
11490.272100143957	300	7.796756012765598	0.0	146754	1465.7057203610368	0.025683338	0.06976744186046512
11492.247297858423	300	7.996827628529089	0.0	153938	1299.9283842365098	0.04675183	0.06976744186046512
11495.229815617256	300	7.933203409476431	0.0	181901	1563.6242190526566	0.117105566	0.06976744186046512
11498.05582929994	300	7.84464330952528	0.0	111155	1088.5600999511516	0.15493384	0.06976744186046512
11500.284391561727	300	7.694088960157995	0.0	153605	1650.5543493672844	0.14964595	0.06976744186046512
11502.925252464434	300	7.572662512693784	0.0	149029	1621.4264474642118	0.1273414	0.06976744186046512
11504.714640835746	300	7.747685578505258	0.0	157421	1324.9769341885255	0.12369537	0.06976744186046512
11508.808843894209	750	7.653482520042243	0.0	400322	3594.203058463014	0.23111574	-0.2755813953488372
11510.55926070899	300	7.787581303209288	0.0	143881	1365.9012168329555	0.33521587	-0.3802325581395349
11512.202353085146	300	7.778292880755669	0.0	163444	1509.288422453619	0.14751819	0.06976744186046512
11513.715808510506	300	7.823467240276266	0.0	179328	1454.8256404794022	0.1489652	0.06976744186046512
11517.887528819716	750	7.541921916113159	0.0	365161	3281.545324163108	0.1635266	-0.2755813953488372
11520.374206721684	300	7.5186705149019835	0.0	131610	1523.2514012111744	0.20794296	-0.3802325581395349
11522.882756022378	300	7.91110903863306	0.0	124011	1607.5614762689236	0.03796538	0.06976744186046512
11525.45482613121	300	7.590567963180234	0.0	144254	1820.5410754528252	0.03468385	0.06976744186046512
11527.79207466884	300	7.757708211054669	0.0	149991	1832.8597521255656	0.030398358	0.06976744186046512
11531.652876161945	300	7.896906717949331	0.0	147968	2860.801493105338	0.027427567	0.06976744186046512
11535.636519459065	300	7.913263420828285	0.0	161857	3483.6432971210456	0.011491608	0.06976744186046512
11538.401216189384	300	7.60533182443311	0.0	145210	1807.9315963951751	0.0070027946	0.06976744186046512
11541.32926794914	300	7.694688521067821	0.0	172312	1910.6433033652881	0.010088945	0.06976744186046512
11544.37646036313	300	7.614796566118395	0.0	167025	2079.8919549494267	0.012796676	0.06976744186046512
11548.031054646	300	7.96020228324723	0.0	160064	2154.5942828711645	0.010597086	0.06976744186046512
11551.473994591905	300	7.524679628800386	0.0	137507	1935.5226544468449	0.009424904	0.06976744186046512
11553.464509509355	300	7.548130763354049	0.0	118421	1976.548865446336	0.0066841217	0.06976744186046512

