11649.269822573013	750	4.0	0.9321555281170851	450283	932.1555281170852	0.013274073	-3.676365037423033
11650.955902260064	1850	6.313920312948205	0.0	957685	1686.0796870517947	0.5353759	-0.5619363342504538
11653.286989996364	2850	7.527493990393335	0.0	1300868	2286.4263225548693	0.11686376	-0.35167690612771163
11655.954927474733	2850	7.885855996230781	0.0	1520281	2641.6379941625546	0.028728133	0.6472946835233062
11658.015859691555	1850	7.618539591763994	0.0	996749	1767.3164044667867	0.018644944	-0.34448889414653816
11660.92578400547	2850	7.915385321932058	0.0	1224260	2703.154269831937	0.024444588	-0.3560147123515475
11664.039718711547	2850	7.86180304813548	0.0	1388403	3053.582273796577	0.02168134	0.6037851315351934
11667.842216919178	2850	7.805730179560462	0.0	1638769	3556.0728685750173	0.02732544	0.5481389937175918
11670.603388312735	2850	7.833357080761011	0.0	1348011	2472.373098799452	0.08326112	0.6591680918325773
11673.65939460482	2850	7.684753058246541	0.0	1429765	2648.6040225144693	0.012571791	0.6272416907220071
11676.54115562699	2850	7.522573691496464	0.0	1354548	2662.1793667500765	0.013556549	0.6102742050031704
11680.131363286586	2850	7.522260713257727	0.0	1519951	3500.312978238737	0.018877141	0.5264307193374743
11683.013546853294	2850	7.681116299184299	0.0	1422919	2841.144414073427	0.27633494	0.6076376093075191
11686.088657560818	2850	7.879080516988026	0.0	1578343	2802.0357821962743	0.030969985	0.6306027570201314
11688.523980932345	2850	7.5829563415387415	0.0	1231445	2296.124175449284	0.0130764935	0.6526916239151264
11691.389795728745	2850	7.879648469878448	0.0	1471065	2703.3078716602936	0.012823722	0.6405302141951674
11694.149865353269	2850	7.640867143835552	0.0	1491626	2738.7813260428966	0.011426819	0.6139998904382473
11696.823741387823	2850	7.689573237649383	0.0	1358801	2451.29390618617	0.011270146	0.6474366501875402
11700.077758391573	2850	7.833855847608438	0.0	1537156	2855.717390040945	0.010508806	0.6208816695933485
11702.504314162996	2850	7.92972774495261	0.0	1336050	2404.1281026558277	0.011053203	0.6752683791409592
11705.344878393138	2850	7.770659426113605	0.0	1415116	2659.0683188390053	0.009743867	0.6344638481806935
11708.264561336255	2850	7.906565986507088	0.0	1468126	2864.093439606517	0.013408437	0.6270424994539017
11711.623229789511	2850	7.785026444834075	0.0	1505760	3121.539541673013	0.019707447	0.5895995680367028
11714.374551964642	2850	7.807929865510008	0.0	1323990	2477.096579324067	0.076505005	0.656248344954997
11717.475719803473	2850	7.989458734499074	0.0	1383735	2818.4711310109337	0.020400925	0.639583253012223
11720.130325251861	2850	7.873504378513731	0.0	1480464	2615.9543559853437	0.046990544	0.648674189875095
11723.188892154441	2850	7.658546392374144	0.0	1547572	2714.957986139586	0.014821508	0.618083872512146
11725.59530484316	2850	7.84714461588738	0.0	1141971	2311.4017764867635	0.013339115	0.6765922902382763
11728.44313556985	2850	7.595734670656708	0.0	1498470	2751.4099452306737	0.031144511	0.6083929758679212
11731.652546018719	2850	7.704239760572898	0.0	1561263	2891.494910083809	0.03538232	0.6048282195625245
11734.086183356347	2850	7.796378799166287	0.0	1341201	2407.860961406611	0.02585397	0.6620601032747766
11736.969435493946	2850	7.7376410042919455	0.0	1497683	2558.7377948743406	0.017685836	0.6413188393551226
11740.310804300796	2850	7.714213748379547	0.0	1358081	3023.427255912399	0.014731462	0.5925949928216089
11743.022092160945	1850	7.88754056042325	0.0	1035329	2326.673187956297	0.3503238	-0.3745329186846569
11746.536262097845	2850	7.527762932821026	0.0	1492672	3359.7776276022228	0.3267182	-0.45898615061327186
11748.86236738462	1850	7.5469064250313425	0.0	943942	1980.856507789684	0.45378536	-0.37273767948153363
11750.363038629936	1850	7.6741951966166395	0.0	728962	1372.7112284147029	0.4372552	0.700328539683394
11753.353752635461	2850	7.697818207054894	0.0	1499009	2976.376989561746	0.40879726	-0.4042780703254368
11756.061266669696	2850	7.54622971226761	0.0	1427478	2651.5884947872837	0.17419404	0.6136102115109345
11759.302168637865	2850	7.84374144545787	0.0	1402287	3202.48826680974	0.059942767	0.5871560821229787
11761.906747271403	2850	7.810659060417704	0.0	1339500	2533.0823850401657	0.53206396	0.6509124525442682
11764.956493325837	2850	7.926534138350977	0.0	1527299	2884.1249220667264	0.10778387	0.6269613088772563
11767.7671460834	2850	7.88901837345135	0.0	1343002	2537.5157648996264	0.08809554	0.6580112889082286
11770.855793054356	2850	7.936263389057827	0.0	1587250	2952.754984393523	0.07594964	0.621034754258101
11773.56660912749	2850	7.85380123137012	0.0	1464921	2582.462157687707	0.09925409	0.6501269590438482
11776.722074158317	2850	7.580245764280782	0.0	1483527	2773.555467089337	0.048445	0.6046875985605221
11779.10946259211	2850	7.822506295852172	0.0	1231456	2257.7394684286096	0.1430654	0.6795870542943188
11781.59190659959	2850	7.946108808195211	0.0	1364537	2376.397487656962	0.07733752	0.6796181368908435

