16687.633207906372	750	4.0	2.148641230861048	450283	2148.641230861048	0.5692327	-9.064738688051344
16688.719900635377	300	6.913307270993737	0.0	155580	1086.6927290062629	0.22885972	-0.3802325581395349
16690.734274542865	750	7.548787278109801	0.0	350812	1864.5199928839356	0.6795292	-0.2755813953488372
16692.628768298226	300	7.6614673338901955	0.0	155432	1387.3199442196058	0.16626614	-0.3802325581395349
16695.4272874919	750	7.580794661689175	0.0	411561	2580.67267220102	0.6651335	-0.2755813953488372
16697.240178574764	750	7.963272409592469	0.0	318564	1617.5222520967052	0.15022635	0.1744186046511628
16699.969924962832	750	7.806083607140922	0.0	352642	2657.1888024515474	0.0844342	0.1744186046511628
16701.99505434151	750	7.929797696263125	0.0	437162	1876.2859108777961	0.08024019	0.1744186046511628
16703.654973960445	750	7.824259677944263	0.0	374758	1605.538018318863	0.046463497	0.1744186046511628
16705.411542133843	750	7.788166291403746	0.0	362795	1536.0933865405166	0.041215274	0.1744186046511628
16707.488945032008	750	7.784702269150463	0.0	353220	1503.464022253284	0.04598793	0.1744186046511628
16709.948066915327	750	7.552110765445414	0.0	405134	1732.5915037050488	0.038643938	0.1744186046511628
16712.13113979452	750	7.838839582406567	0.0	386351	1713.2711830388478	0.042826205	0.1744186046511628
16716.03930830983	750	7.764656115579666	0.0	434409	3074.1834668269	0.037802964	0.1744186046511628
16718.693528092215	750	7.679538758178796	0.0	337059	2585.1173574008703	0.046301406	0.1744186046511628
16720.670379735522	750	7.560664149015671	0.0	366214	1618.8746091631258	0.060870677	0.1744186046511628
16722.420389653627	750	7.519647759486005	0.0	360831	1041.0163895296653	0.04905768	0.1744186046511628
16724.938740095262	750	7.724969279105915	0.0	372963	2294.678480380089	0.050070476	0.1744186046511628
16727.113214745896	750	7.91956785336851	0.0	405596	1805.4014257374056	0.04136061	0.1744186046511628
16728.75654561391	750	7.557439089057272	0.0	350713	1362.1287643112375	0.03651081	0.1744186046511628
16731.352196521777	750	7.5502147441762535	0.0	386472	1507.224344881018	0.038090486	0.1744186046511628
16733.80820279722	750	7.806424787797321	0.0	399894	2243.789956378932	0.040223252	0.1744186046511628
16737.53677980932	750	7.503244446079155	0.0	401853	2303.1803417181645	0.03760658	0.1744186046511628
16741.263544577814	750	7.73256047327433	0.0	343800	2770.683972804825	0.05162617	0.1744186046511628
16745.259804793895	750	7.73630025719291	0.0	359903	3996.2602160814213	0.05412653	0.1744186046511628
16748.940906669966	750	7.711919782142086	0.0	379700	2024.380475050823	0.14204885	0.1744186046511628
16752.9378638701	750	7.714962582009955	0.0	425781	3996.957200132131	0.08278837	0.1744186046511628
16759.06047095585	750	5.592355496258392	0.0	277716	6122.607085751562	0.18912058	0.1744186046511628
16761.427846890583	300	7.2249795615253785	0.0	153605	2367.375934733013	0.27122593	-0.3802325581395349
16763.176081900598	300	7.842692910185269	0.0	149029	1382.2866513401084	0.41777343	0.06976744186046512
16765.026334379483	750	7.705540831079095	0.0	358218	1637.152079106175	0.4992388	-0.2755813953488372
16767.77414861657	750	7.5331839029284495	0.0	400322	1172.356928150646	0.18171911	0.1744186046511628
16772.4279950277	750	6.879337491796134	0.0	369834	4653.846411132316	0.038530685	0.1744186046511628
16775.037680685695	750	7.57414655633208	0.0	412837	2305.1909354640543	0.32163543	0.1744186046511628
16776.341994114522	750	7.6142371266813464	0.0	401088	959.909429650735	0.08247122	0.1744186046511628
16777.737909003718	750	7.988481739174351	0.0	365161	1125.7553875069955	0.03620223	0.1744186046511628
16778.86847677247	750	7.55327757214126	0.0	321064	935.2041670330913	0.043273393	0.1744186046511628
16781.968449082375	750	7.8609731700483865	0.0	361565	1692.3044020928742	0.034682546	0.1744186046511628
16787.54812175249	750	6.281300499932741	0.0	378327	5579.672670115645	0.032820124	0.1744186046511628
16791.810674151264	750	6.018748101157713	0.0	390680	4262.552398775028	0.20515308	0.1744186046511628
16794.841182256543	750	6.988239995879372	0.0	345516	3030.5081052783403	0.6098817	0.1744186046511628
16797.967787794954	300	7.861634457468088	0.0	161857	1626.6055384112851	0.49087092	-0.3802325581395349
16800.98515872903	300	7.851452305628833	0.0	145210	3010.1821518392558	0.6962049	0.06976744186046512
16810.57800838356	750	4.0	1.7413973489053296	438281	9592.849654534162	0.68494004	-7.7635899956417544
16811.949702772097	300	6.62830561146474	0.0	167025	1371.6943885352598	0.008773824	-0.3802325581395349
16813.06273400172	300	7.562656409303107	0.0	160064	1065.6492021616339	0.16600484	0.06976744186046512
16814.347319587298	300	7.854054677744065	0.0	137507	708.6017315590412	0.2867796	0.06976744186046512
16816.102254752503	750	7.5845790366533326	0.0	314107	1269.4756410907319	0.49391747	-0.2755813953488372

