1531.4358870932695	750	4.0	3.418694088168143	450283	3418.694088168143	0.5235522	-13.950384579123014
1533.4848353928935	300	5.854872832282033	0.0	155580	1145.1271677179675	0.004822086	-0.15000000000000002
1535.269835058114	300	5.629283589469822	0.0	139857	725.58924281221	0.008962989	0.3
1536.2903049568586	300	5.738753875146719	0.0	155432	890.5297143231032	0.05908171	0.3
1538.8787903880566	300	5.569481185008409	0.0	163442	1669.2726901383096	0.5557329	0.3
1541.092897944829	300	5.747033815302167	0.0	126289	1322.447369706241	0.053691596	0.3
1544.9855104678375	300	5.854421292293639	0.0	153295	2392.612523008528	0.006253804	0.3
1548.4918039984561	300	5.573410905871706	0.0	173849	2781.010386421933	0.004705182	0.3
1550.915774827639	300	5.569067082428423	0.0	150710	2004.3438234432838	0.004705182	0.3
1554.7459237718128	300	5.738918138254645	0.0	139105	2830.148944173777	0.004705182	0.3
1557.469101421422	300	5.712217307456647	0.0	141840	2526.7008307979986	0.004705182	0.3
1560.686911695966	300	5.98155054149048	0.0	156148	2730.6667659661666	0.004705182	0.3
1561.8860817146754	300	5.970537305474747	0.0	160746	1011.0132360157344	0.004705182	0.3
1564.790935829895	300	5.817188672611592	0.0	179801	1153.3486328631557	0.0050043445	0.3
1568.7577291775156	300	5.850395324991221	0.0	140051	2466.7933476203702	0.016355343	0.3
1572.1266010756394	300	5.985108690767763	0.0	138313	1865.2866342234577	0.004705182	0.3
1574.2716070448705	300	5.804398433452507	0.0	143509	1180.710257315257	0.004705182	0.3
1576.5190981798671	300	5.812800688562117	0.0	150616	1991.5977448903898	0.004705182	0.3
1579.2692636999157	300	5.610664571140822	0.0	165384	1702.1361174212957	0.004705182	0.3
1580.7632073790096	300	5.957707475807556	0.0	140881	1152.9570953332657	0.004705182	0.3
1582.224276467947	300	5.56766617076906	0.0	157671	1390.0413050384955	0.0058532865	0.3
1584.519101435378	300	5.9157676076032475	0.0	157812	1151.898563165813	0.0047128103	0.3
1586.2847445837383	300	5.724409230805517	0.0	163927	1691.358376797731	0.005700391	0.3
1588.4891775336375	300	5.524335141637264	0.0	137654	1200.074089168253	0.004705182	0.3
1590.067585786597	300	5.647310521822954	0.0	146754	1377.0246198143107	0.004705182	0.3
1591.610697097422	300	5.736446664083112	0.0	153938	1410.863857739841	0.004705182	0.3
1593.2985406999373	300	5.603648560367803	0.0	181901	1632.798103715309	0.004705182	0.3
1597.0012318632953	300	5.6998256755889924	0.0	111155	903.8228847788107	0.004705182	0.3
1599.3616415450012	300	5.744055012525541	0.0	153605	1455.7706630634516	0.004810784	0.3
1601.8229734754243	300	5.985708528135259	0.0	149029	1758.3464843902816	0.004705182	0.3
1604.2082853983106	300	5.864545308708583	0.0	157421	1621.1632194266765	0.004705182	0.3
1605.8646153939178	300	5.758454686134853	0.0	157488	1606.0906225737285	0.004705182	0.3
1609.545297459149	300	5.573233326035926	0.0	143881	1685.2213600989267	0.004705182	0.3
1613.1726870150235	300	5.837268934164727	0.0	163444	1735.9643918712	0.004705182	0.3
1614.9860658792736	300	5.861292088541348	0.0	179328	1475.9768456233792	0.004705182	0.3
1617.1100794787035	300	5.832986298139897	0.0	159914	1528.3057904014513	0.004705182	0.3
1619.5994800673075	300	5.9611398273521194	0.0	131610	1371.8464707877768	0.004705182	0.3
1620.700541271252	300	5.884386355787832	0.0	124011	1076.753471564286	0.004705182	0.3
1624.484228955073	300	5.684696318067496	0.0	144254	1699.690037720337	0.004705182	0.3
1627.511570664789	300	5.913024324259887	0.0	149991	1771.6719938076083	0.004705182	0.3
1628.9266652703493	300	5.62831182693383	0.0	147968	1284.7124973260563	0.004705182	0.3
1630.1298996133198	300	5.996885791065633	0.0	161857	1131.4260358681965	0.004705182	0.3
1632.0959520982408	300	5.669763697156488	0.0	145210	1827.1220939091456	0.004705182	0.3
1635.8470307828516	300	5.9186850125456	0.0	172312	2251.078684610888	0.004705182	0.3
1638.2206062453008	300	5.696901781132319	0.0	167025	2221.7832314132806	0.004705182	0.3
1641.045924149857	300	5.590138953872231	0.0	160064	1106.7628272600891	0.004705182	0.3
1642.9905794906108	300	5.962088826643281	0.0	137507	1128.0501272289505	0.004705182	0.3
1644.3298086365317	300	5.770776903445345	0.0	118421	691.311923197936	0.004705182	0.3

