3839.0105125018363	750	4.0	3.974865311257283	450283	3974.865311257283	0.067311004	-17.064288083239905
3840.1876315252593	300	6.822880976576757	0.0	155580	1177.1190234232433	0.014121037	0.10504413629214063
3841.373995496304	300	7.94069115362493	0.0	139857	882.1898229518268	0.17821887	0.6921275764575108
3842.608102757818	300	7.625724654134017	0.0	155432	814.9664994909119	0.65354073	0.6685340195803243
3844.6590698978976	750	7.809811426955989	0.0	411561	1815.913227178028	0.433757	0.16022671206936126
3849.5217167674696	1850	6.947164557384181	0.0	801058	4862.646869571807	0.24245553	-0.8186425628579101
3853.8703668890275	1850	6.598514435826367	0.0	905515	4348.650121557815	0.7443001	0.2991991352065567
3859.030613526102	1850	5.438267798751738	0.0	1060487	5160.246637074629	0.5927747	0.10636440526372104
3860.9148744365766	750	7.554006888277494	0.0	374758	1884.260910474244	0.56913495	-0.521229538449393
3863.999024313956	750	7.932361175377573	0.0	362795	2121.645712899921	0.5114796	0.5914490182736142
3866.1770837476724	750	7.999583574159286	0.0	353220	1932.7776012182867	0.13422093	0.6168060629367154
3868.9426165338728	750	7.714458083008311	0.0	405134	2285.125491150974	0.15481262	0.5541276162260804
3871.116781797039	750	7.632579046499828	0.0	386351	1581.879036508483	0.07357776	0.616571309892243
3876.0408924459784	1850	6.708468397560339	0.0	1036454	4924.110648939489	0.6723894	-0.8477637217664249
3880.5973938859815	1850	6.151966957557034	0.0	821631	4556.501440003305	0.69179803	0.23543329301335753
3882.788935274461	750	7.802645464017709	0.0	366214	1849.3214935393253	0.38329864	-0.4938038467731021
3885.0522663212455	750	7.992089945295218	0.0	360831	1810.5555187224907	0.18955989	0.6283070007562949
3887.42586466505	750	7.806678475423858	0.0	372963	1685.4114698713606	0.22822313	0.6229753375978844
3890.8084690503497	1850	7.544469719740755	0.0	987708	3262.208755683104	0.54573643	-0.6011074399684138
3894.7508540531853	1850	7.602084716904921	0.0	923755	3442.3850028358333	0.007421068	0.4864204453132542
3898.510702196679	1850	7.842236573411221	0.0	891604	3759.8481434936994	0.01101963	0.47778902470558793
3902.6798666928808	1850	7.673072077209633	0.0	955231	4169.164496201589	0.041300178	0.42057511136507386
3907.613377243253	1850	6.739561526837363	0.0	968026	4933.51055037227	0.15603916	0.25428903768205
3911.5922606197537	1850	6.760678150336858	0.0	874175	3978.883376500505	0.55458844	0.351784254461432
3915.8295074507155	1850	6.523431319374832	0.0	897976	4237.246830962026	0.7072785	0.3031126276198183
3917.4949324210447	750	7.896435811101448	0.0	379700	1626.9955082733832	0.30123058	-0.46254381905324715
3920.5499071614845	750	7.7331631624596815	0.0	425781	2163.272648641767	0.12210188	0.5681132859703055
3925.4761903485996	750	6.806879975344742	0.0	277716	4926.283187114939	0.02409722	0.20265640591496514
3926.939656744291	300	7.649139421455371	0.0	153605	1157.7405538893706	0.03064715	0.18651031252887953
3928.541748457607	300	7.735956581198603	0.0	149029	913.1828402567685	0.14352152	0.6693223357529233
3931.579208735097	750	7.956680821982954	0.0	358218	2279.2757592156477	0.57389295	0.12802680770626632
3934.3533588303535	750	7.683698009491734	0.0	400322	2272.9828124912206	0.13741302	0.552381191501778
3937.2609373932655	750	7.5954924599188995	0.0	369834	2088.2055495728346	0.12341093	0.5623690318087564
3941.1265677384035	750	7.72986211478077	0.0	412837	2865.6303451381295	0.12055313	0.4975597866703212
3944.955334809532	750	7.901095043652495	0.0	401088	3828.767071128276	0.3537578	0.41772748117365893
3948.4802992518926	300	7.85549796127466	0.0	159914	2545.597082377835	0.077365816	0.06758690739066442
3951.0523303668006	300	7.504166097812	0.0	131610	2351.331863462659	0.004705182	0.5031973317906802
3952.286855181397	300	7.592253306736191	0.0	124011	911.912791075808	0.004705182	0.6556177345901624
3953.899646852008	300	7.7471635166913035	0.0	144254	1345.0897900448874	0.015154574	0.6272103212543475
3956.8703449560567	300	7.790665347450007	0.0	149991	1456.4981692412969	0.007058327	0.6202565847706442
3960.7999793595363	300	7.8610309439701105	0.0	147968	2429.6344034798963	0.005177099	0.529715731253048
3962.480358761966	300	7.712758483399008	0.0	161857	1648.2724605711016	0.004705182	0.5935805300247159
3964.888559669488	300	7.9447114195670325	0.0	145210	1768.047063831976	0.004705182	0.6039288076080558
3966.2238636580832	300	7.702136447614592	0.0	172312	1242.574971952441	0.004705182	0.6331278956785693
3967.7952870659797	300	7.572789227987885	0.0	167025	1129.3472196267069	0.007971174	0.6320008516831286
3969.7237261603314	300	7.504607808446768	0.0	160064	1068.1814195411173	0.039338548	0.6315548913414115
3972.612873053712	300	7.800163103661762	0.0	137507	1204.4447047850067	0.057630446	0.6463761012173707
3974.5153514588783	300	7.5462749763762895	0.0	118421	1253.8881272854724	0.016257482	0.6169947335873791

