16110.995928284705	750	4.0	3.995068697861578	450283	3995.068697861578	0.0047314237	-17.1531829842988
16112.488200372034	300	6.507727912669612	0.0	155580	1492.2720873303876	0.0361413	0.043194983637686396
16114.039733255811	300	7.735631858607427	0.0	139857	1272.0960540621852	0.108923554	0.6333997594480697
16116.516377466889	300	7.762028129796127	0.0	155432	1473.6037288113012	0.31832433	0.6157896635511121
16118.487565670195	300	7.8479542835756675	0.0	163442	1414.0738462204586	0.30698207	0.6300131433182562
16121.021029789754	300	7.7347793641896425	0.0	126289	1113.1749193860246	0.33440933	0.6492098193437194
16124.007003812134	300	7.726937010284288	0.0	153295	2007.842353905355	0.20999402	0.5589882402739388
16127.807603857123	300	7.92633696529344	0.0	173849	3800.6000449908474	0.048574045	0.3989049470539513
16131.979789970434	300	7.754150851984041	0.0	150710	2672.186113309399	0.0056025237	0.4951732280171103
16135.914606404334	300	7.637201553222039	0.0	139105	1616.9492987620026	0.0057727303	0.5894404044411898
16139.096082479873	300	7.810397063921977	0.0	141840	1826.804489300062	0.009032788	0.5851251532566175
16141.828437545024	300	7.881555276766754	0.0	156148	1928.8417871552233	0.010699604	0.5817704836137371
16145.59995117588	300	7.512555190935902	0.0	160746	1869.0000858308524	0.011345988	0.5522379694527357
16147.75040714793	300	7.763583939323555	0.0	179801	1748.9712516123461	0.008761949	0.5884026597342957
16149.892628866726	300	7.723215444895568	0.0	140051	1540.3684944279864	0.016209632	0.6053774212562462
16151.909756970363	300	7.710578019560718	0.0	138313	1512.6374253348497	0.010808979	0.6069341613864325
16155.783028466694	300	7.83730652322967	0.0	143509	2373.2714963310486	0.01744925	0.5330685190804317
16159.652749339471	300	7.967585650452685	0.0	150616	3369.720872776984	0.0063818707	0.44596309784593885
16163.852812820742	300	7.767522169181648	0.0	165384	3700.063481271037	0.004705182	0.39367249593918535
16167.0470257853	300	7.804188884493182	0.0	140881	1963.3332846884655	0.004705182	0.5708747292800488
16170.868326442605	300	7.982888227187046	0.0	157671	2321.3006573061366	0.004705182	0.5522780100714272
16174.70653035311	300	7.824876497721572	0.0	157812	2658.0117294654733	0.004705182	0.5033980914606421
16179.573573612442	300	6.957833238390028	0.0	163927	4867.0432593315445	0.004705182	0.19904102371113092
16183.96391873134	300	6.5674881194911	0.0	137654	4390.345118898928	0.004705182	0.20913966938406076
16187.514800341776	300	7.016606509056188	0.0	146754	3550.881610434912	0.004705182	0.33631418375959665
16191.707659425934	300	6.823747424896735	0.0	153938	4192.859084159453	0.004705182	0.25355352686968285
16195.937011870477	300	6.594394980353643	0.0	181901	4229.352444543091	0.004705182	0.2278287532432116
16198.643811890764	300	7.887594960065911	0.0	111155	2206.800020287732	0.004705182	0.5545559867911982
16202.582981442965	300	7.948425407864775	0.0	153605	3439.169552201136	0.004705182	0.4371740344328146
16206.599172179653	300	7.93223467117773	0.0	149029	3516.1907366870455	0.004705182	0.4279135388849414
16211.003711040863	300	7.527695809965933	0.0	157421	3904.538861211797	0.004705182	0.3501413939770136
16215.122357531653	300	7.409049319177082	0.0	157488	4118.646490788851	0.004705182	0.31731076929655616
16218.693677780158	300	7.837729070669338	0.0	143881	3071.320248507744	0.004705182	0.46330431454168597
16222.799877162823	300	7.731529688003867	0.0	163444	3106.1993826654702	0.004705182	0.4495945879309523
16226.07119564994	300	7.822639954374521	0.0	179328	2908.8897336293476	0.004705182	0.4780950211648806
16230.38470483064	300	7.5091307736759445	0.0	159914	2313.5091806985756	0.004705182	0.5074574558510023
16234.314951763898	300	7.5788838404172605	0.0	131610	2930.2469332586843	0.004705182	0.45249749380284543
16238.010445812748	300	7.883389791566423	0.0	124011	3695.4940488508373	0.004705182	0.40528183161169873
16241.338604514642	300	7.800149931767098	0.0	144254	2583.2398597993238	0.004705182	0.5084953179058699
16244.299668977286	300	7.637077016491536	0.0	149991	2163.072915275563	0.004705182	0.534816055985738
16247.846149114239	300	7.697832745666163	0.0	147968	1439.2442708253734	0.004705182	0.6130467295098636
16250.746781335649	300	7.591134610938869	0.0	161857	1606.6981347272947	0.004705182	0.5860315244629215
16252.348375395823	300	7.7273045479125955	0.0	145210	1363.8300630262727	0.004705182	0.6234248452829154
16255.038992152802	300	7.780878220447044	0.0	172312	1446.4263274655505	0.0082293255	0.620321746674372
16256.987154307071	300	7.843892281769766	0.0	167025	1436.9859386772782	0.014859305	0.6273309617089371
16259.137021627132	300	7.799546786734903	0.0	160064	2044.3454950348635	0.029465906	0.5623267009766008
16262.563301683547	300	7.634167637690584	0.0	137507	3165.3791490443195	0.007985047	0.43430540154022235
16266.292720209674	300	7.904749111562765	0.0	118421	2229.418526127818	0.004705182	0.5539452430942349

