743.2363353809429	750	4.0	3.13772266060829	450283	3137.72266060829	0.14777203	0.02343703626475241
744.2061850389005	300	7.0301503420424005	0.0	155580	969.8496579575992	0.17018454	-0.07271684848787734
745.2303259059595	300	7.726866043955881	0.0	139857	803.2842980865196	0.0118558435	0.43748441886882317
745.8494820107436	300	7.667716342789992	0.0	155432	559.149701165888	0.013546884	0.45820102223801823
746.8145650454173	300	7.690178012962275	0.0	163442	477.53832982771644	0.03268521	0.4677660137576031
747.4670640482215	300	7.552700878283173	0.0	126289	637.4771346791025	0.037095882	0.44317981235502063
749.5498363344719	300	7.938825588170459	0.0	153295	1113.8752901127139	0.02263184	0.41967279117961487
751.5576307292331	300	7.694376946058758	0.0	173849	1244.4486421117022	0.01618006	0.3913374158477347
755.3306209652382	300	7.921386710053757	0.0	150710	2272.990236004999	0.021828022	0.30267136670809247
757.094857272377	300	7.667436608061611	0.0	139105	1753.9501019921465	0.016079647	0.3387034987348686
758.6243169058554	300	7.682849831895717	0.0	141840	984.5867761658932	0.012307996	0.41660315780712553
759.7568332186629	300	7.944028132748252	0.0	156148	738.8216991474665	0.014694465	0.4575033093122517
760.5182574509814	300	7.815163352069018	0.0	160746	628.8647806792337	0.0209592	0.46044495236662275
761.2137424225518	300	7.638700573003447	0.0	179801	676.4627790655695	0.020090107	0.444656228836391
762.4042194866083	300	7.572973080027645	0.0	140051	565.7274929758028	0.020172046	0.4516217891343801
763.2259986162668	300	7.969458267338741	0.0	138313	603.5148126889037	0.020608187	0.4726233813700134
763.836780153506	300	7.538199723953923	0.0	143509	431.25854338481884	0.02173037	0.46289534933887083
764.5687157027322	300	7.936993479667986	0.0	150616	601.2062442859373	0.03829722	0.47082518898088793
765.7388470058539	300	7.732292380427301	0.0	165384	704.7010992406849	0.03235949	0.44768188478287035
766.5526737103374	300	7.768094130125968	0.0	140881	464.1982503013328	0.030951183	0.47396977903297227
766.9779121673628	300	7.865289200254516	0.0	157671	402.80492987145163	0.041895993	0.4861838029589946
767.5462969613565	300	7.887313604984595	0.0	157812	477.975595269922	0.06373294	0.48004326171477746
768.4073437483604	300	7.871994777444435	0.0	163927	515.3188275401588	0.053174462	0.4753515117664938
769.1778008769744	300	7.899630164269383	0.0	137654	472.364613175052	0.047082037	0.4813741448795638
770.0013131213061	300	7.511920261672927	0.0	146754	387.70990259645606	0.048503768	0.46560774702514485
770.5794557690976	300	7.565750189694849	0.0	153938	446.17007197807936	0.06713026	0.4631261005883527
771.3037444756565	300	7.9945921098722215	0.0	181901	571.1580798226289	0.062056743	0.4774299198149835
771.8027333166881	300	7.651663007724434	0.0	111155	342.92910214778874	0.05866771	0.47881974869823074
772.5088738337761	300	7.636622570622331	0.0	153605	515.0404371021037	0.05975243	0.4606685878839178
773.4899046463752	300	7.761657266315769	0.0	149029	374.96530430656065	0.05323068	0.48249076964431203
774.50033254353	300	7.579476014884596	0.0	157421	682.1812514311741	0.0788143	0.44038284671740235
775.6161574901591	300	7.595686911931887	0.0	157488	483.78910295270884	0.04292099	0.4612352426307046
776.4766001885439	300	7.886483418077689	0.0	143881	709.2034938541976	0.05741201	0.45686858517466833
778.9431436529975	300	7.553831297616231	0.0	163444	832.6521204614576	0.037324645	0.42373296498510116
780.4203702741733	300	7.59216365902438	0.0	179328	961.6676385918496	0.031368516	0.41322718576007134
781.520575750161	300	7.939840478822445	0.0	159914	652.3231802019345	0.029062869	0.46589143283644185
782.1711126992817	300	7.948513128655024	0.0	131610	491.32735016742106	0.033126917	0.48253305645442945
783.0228153538582	300	7.9572665818434105	0.0	124011	491.24654681161354	0.036667995	0.4830882276142844
783.6578449274466	300	7.969979905931636	0.0	144254	487.2866759117748	0.029487172	0.48427879745978225
784.3906288451863	300	7.832459329400112	0.0	149991	637.520576531524	0.041115634	0.46066037136458715
785.3275663856147	300	7.7366222392899475	0.0	147968	595.837090110165	0.034264512	0.4588389018748378
786.187711565226	300	7.602099836143461	0.0	161857	634.5224031464868	0.039495654	0.44656272037455014
787.4345312179295	300	7.94150138402411	0.0	145210	660.5984521193515	0.049018458	0.4651677122198043
788.1523076260032	300	7.775723837279269	0.0	172312	665.777546744841	0.047528606	0.4542887060857027
788.9195129701947	300	7.6231206008479715	0.0	167025	652.6032364312987	0.060031854	0.44606843484010095
789.8689217104117	300	7.920717279619621	0.0	160064	702.4033212283496	0.063059025	0.45968821878362387
791.4650851367234	300	7.526138328408036	0.0	137507	894.5789512115834	0.06509204	0.41580947133457646
792.5870748386341	300	7.900935715002736	0.0	118421	625.2026134053013	0.049698193	0.4661719417773734

