19157.304143646004	750	4.0	4.722418988271614	450283	4722.418988271614	0.004705182	-20.353524262102958
19158.77974946428	300	6.524394181725228	0.0	155580	1475.6058182747722	0.006958081	0.04646575818203508
19160.828695816956	300	7.823933437271	0.0	139857	1200.460744454228	0.041640203	0.6490624193045805
19163.071182519718	300	7.73193287094004	0.0	155432	1092.0005663309603	0.12663339	0.6510532763875082
19164.70532009414	300	7.950107151944223	0.0	163442	1281.8257189958156	0.6749642	0.6530702875626655
19167.875384731706	750	7.501230760874974	0.0	318564	2448.8763910692487	0.70196295	0.06722915029548279
19171.442780458263	750	7.933835034318364	0.0	352642	3067.39572655661	0.53050447	0.49701587753265297
19175.35620135374	300	7.551416563557108	0.0	173849	1882.4184707612567	0.677887	0.10463658294221806
19178.956963622582	300	7.950654294716867	0.0	150710	1600.7622688402405	0.11845854	0.6212292957017984
19181.08386919254	300	7.928083804067399	0.0	139105	1522.570490649468	0.19575852	0.6268760377369105
19185.06429137145	300	7.940040263812172	0.0	141840	2488.043540255226	0.18005107	0.5314795558312024
19189.362747975538	300	7.641583659724338	0.0	156148	2798.4566040878344	0.017293885	0.4717114567188516
19192.312514657206	300	7.742117930714238	0.0	160746	2899.4657290101013	0.0064876177	0.47128708388210894
19194.922371009332	300	7.907340245281774	0.0	179801	2334.7776854324643	0.005225066	0.5436587267758405
19196.731693109366	300	7.50021850475826	0.0	140051	1407.121740523513	0.007378867	0.5972383836954447
19199.144917331338	300	7.789706611681111	0.0	138313	1210.5118930771494	0.02309135	0.6447629329623861
19204.19370578044	750	6.740918162580785	0.0	360831	5048.788449100326	0.066325486	-0.26594302091888194
19206.968927050442	300	7.965696892578375	0.0	150616	2275.2212700024106	0.009671492	0.10523126299731209
19209.962488333822	300	7.922277336884072	0.0	165384	2543.4195556943023	0.004976476	0.5242322520621254
19212.48181943268	300	7.607682641748095	0.0	140881	1814.5946951359774	0.004705182	0.5668346354931124
19216.526586598902	300	7.562915475526293	0.0	157671	2044.7671662218027	0.0067152744	0.5395084969493652
19220.10721107046	300	7.677355039019769	0.0	157812	1885.560436506525	0.006718362	0.566444110034321
19223.741319551475	300	7.837832773137585	0.0	163927	1839.522265882184	0.0055168727	0.5864940942865413
19227.145131644145	300	7.773219805769458	0.0	137654	1564.6129673681269	0.008180333	0.6077659514293083
19230.93564977806	300	7.51756029191269	0.0	146754	1755.6595138567675	0.00642189	0.5640537733978426
19234.470713843377	300	7.982496226597477	0.0	153938	2535.064065315213	0.0069094775	0.530863938761186
19238.91551812909	300	7.537691940881206	0.0	181901	2944.8042857162704	0.004705182	0.4470769906682802
19241.21493492914	300	7.650347026551055	0.0	111155	1887.3449143301511	0.004705182	0.5636661098695118
19245.11349972667	300	7.587100599143741	0.0	153605	2063.2464274073136	0.004705182	0.5399884169021356
19247.489983857722	300	7.986517756683143	0.0	149029	2100.582842460599	0.004705182	0.5746991379604848
19251.062752754355	300	7.658083967161123	0.0	157421	2328.43378952202	0.004705182	0.5203019118167953
19253.90614328401	300	7.533556169887262	0.0	157488	2124.5277972738604	0.004705182	0.5287065667793642
19257.651865501994	300	7.730126427090425	0.0	143881	2303.4297427968368	0.004705182	0.5297364864347498
19261.67889635178	300	7.703095577301123	0.0	163444	3027.030849789302	0.004705182	0.45477462523458323
19265.796527934966	300	7.5854639941164095	0.0	179328	3617.6315831847137	0.004705182	0.38439237620095856
19269.45184502902	300	7.9301469000606994	0.0	159914	3655.3170940557106	0.004705182	0.41379995276760667
19273.739953748343	300	7.642038180736226	0.0	131610	3788.108719324473	0.004705182	0.3727899933673531
19277.84362499285	300	7.538366936230505	0.0	124011	3103.671244505721	0.004705182	0.4312552638710268
19281.57802184134	300	7.803970087739844	0.0	144254	2734.39684849066	0.004705182	0.4937473134597069
19285.573983094746	300	7.808008834336999	0.0	149991	3495.961253402845	0.004705182	0.4179796069914341
19289.759076890845	300	7.622915038238043	0.0	147968	3685.0937960989563	0.004705182	0.3812508611456662
19294.13638832994	300	7.245603599143638	0.0	161857	4377.311439094406	0.004705182	0.2757124352051217
19298.165855393123	300	7.216136535959167	0.0	145210	4029.4670631844706	0.004705182	0.30766063394315907
19302.322593372737	300	7.05939855634458	0.0	172312	4156.737979614587	0.004705182	0.27984733079906254
19305.82528258416	300	7.556709344920258	0.0	167025	3002.6892114243224	0.004705182	0.4431189451929409
19309.845773519202	300	7.53621840987699	0.0	160064	2520.490935043268	0.004705182	0.48936649667514676
19312.88267363952	300	7.935868681915203	0.0	137507	2100.349727961788	0.004705182	0.5698474174866273
19315.372899394068	300	7.704030919819074	0.0	118421	1731.8377620961282	0.004705182	0.584383961801161

