11749.340053567257	750	4.0	2.731225734575557	450283	2731.225734575557	0.03366104	-11.569852054023732
11750.303510461394	300	7.036543105862896	0.0	155580	963.4568941371031	0.12652229	-0.3802325581395349
11753.043361724214	750	7.828958850798239	0.0	350812	2207.584255064658	0.6877745	-0.2755813953488372
11759.337013121736	750	5.535307453277008	0.0	382355	6293.65139752123	0.18171345	0.1744186046511628
11761.309512528273	300	7.562808046739964	0.0	163442	1972.4994065370447	0.17553383	-0.3802325581395349
11763.937343326323	300	7.543101539332985	0.0	126289	1519.7065074069792	0.52933276	0.06976744186046512
11769.000829420429	750	6.4796154452260915	0.0	352642	5063.486094106894	0.46703845	-0.2755813953488372
11770.584084096296	300	7.993793251966981	0.0	173849	1485.8221932591105	0.41177064	-0.3802325581395349
11773.986711624477	750	7.7611957673306895	0.0	374758	2732.597484636292	0.4560818	-0.2755813953488372
11776.96333661096	750	7.637898348311552	0.0	362795	2623.2974190191385	0.2809497	0.1744186046511628
11780.778256924295	750	7.822978034975493	0.0	353220	3314.9203133360584	0.22072624	0.1744186046511628
11783.640456422836	750	7.961002164104944	0.0	405134	2861.975870870549	0.15611503	0.1744186046511628
11787.557383684156	750	7.892650414029988	0.0	386351	3568.351750074956	0.27587682	0.1744186046511628
11792.019679690327	750	7.430354407858583	0.0	434409	4462.296006171405	0.17659427	0.1744186046511628
11795.164617160752	750	7.638321355054217	0.0	337059	2292.033052804366	0.5527545	0.1744186046511628
11798.678299353985	750	7.902932457748608	0.0	366214	2235.3888973056087	0.2200704	0.1744186046511628
11801.617114268052	750	7.782671648679377	0.0	360831	2120.26080906923	0.15646422	0.1744186046511628
11804.381960043636	750	7.904525803834425	0.0	372963	1878.1458448449525	0.11519634	0.1744186046511628
11807.381189214215	750	7.933261183916206	0.0	405596	2471.2646199182195	0.05294053	0.1744186046511628
11810.062928227257	750	7.506374009924781	0.0	350713	2426.8871739914243	0.063446425	0.1744186046511628
11812.995993373517	750	7.687267299119838	0.0	386472	2319.106710804943	0.07538735	0.1744186046511628
11815.25014494923	750	7.982170819591427	0.0	399894	2205.096479528411	0.07198976	0.1744186046511628
11817.914318830923	750	7.999611436387439	0.0	401853	2482.5593832039885	0.054776467	0.1744186046511628
11820.092176458495	750	7.906489805095138	0.0	343800	1593.1216312923016	0.053761665	0.1744186046511628
11822.183065877485	750	7.553413150939605	0.0	359903	1353.0766541555329	0.043926626	0.1744186046511628
11824.344163566002	750	7.55177068909934	0.0	379700	1501.6424618402646	0.04064422	0.1744186046511628
11826.846141758993	750	7.830509215492637	0.0	425781	1721.2614736067023	0.03977836	0.1744186046511628
11828.275410248874	750	7.826233344593546	0.0	277716	1004.2758708990917	0.034535106	0.1744186046511628
11830.14909986759	750	7.596884811225936	0.0	400396	1729.3485333676085	0.033896796	0.1744186046511628
11831.798991318983	750	7.509109552204895	0.0	400508	1587.7752590210418	0.035523742	0.1744186046511628
11833.535534439561	750	7.536896178601092	0.0	358218	1472.213373603802	0.038732518	0.1744186046511628
11835.659607023452	750	7.937024764643626	0.0	400322	2099.871413957466	0.037723266	0.1744186046511628
11838.136634307784	750	7.70061167894287	0.0	369834	1736.4130857007547	0.03701335	0.1744186046511628
11841.154987940554	750	7.846741890374684	0.0	412837	2853.8697885681863	0.037334953	0.1744186046511628
11843.276997280558	750	7.732979232971984	0.0	401088	2113.7626574027	0.04916169	0.1744186046511628
11845.238146657046	750	7.961527891029407	0.0	365161	1771.4513419425768	0.050710335	0.1744186046511628
11847.184398544969	750	7.653250978341075	0.0	321064	1308.2769126883325	0.038953036	0.1744186046511628
11849.067074578155	750	7.600900344864767	0.0	361565	1552.3506334763088	0.044367544	0.1744186046511628
11853.052949738989	750	7.615025184030639	0.0	378327	3485.8751608341277	0.036488473	0.1744186046511628
11855.8935579732	750	7.502821366197138	0.0	390680	2112.2038178334997	0.08075784	0.1744186046511628
11858.626120728624	750	7.630742272673768	0.0	345516	1872.0790935233706	0.058335	0.1744186046511628
11861.327420074806	750	7.5753344020341284	0.0	384505	2055.40787063964	0.06507996	0.1744186046511628
11863.132159869072	750	7.78591028567241	0.0	372093	1789.4241163617178	0.077406086	0.1744186046511628
11865.927158060624	750	7.561068952348258	0.0	438281	2724.841333324152	0.041861143	0.1744186046511628
11868.842219262311	750	7.758616747618096	0.0	398987	2302.452204730161	0.07854722	0.1744186046511628
11871.605181849327	750	7.68344003358977	0.0	393804	2075.1767140283264	0.054198682	0.1744186046511628
11873.154914886589	750	7.752466412952244	0.0	331053	1430.9736206375253	0.066867374	0.1744186046511628
11874.641696324605	750	7.728455450255923	0.0	314107	1024.0109626963213	0.0496478	0.1744186046511628

