1649.6404172142934	750	4.0	4.948165992489615	450283	4948.165992489616	0.011316679	0.00120326586731756
1651.047203020888	300	6.593214193405611	0.0	155580	1406.7858065943897	0.004705182	0.22425107136900838
1653.597443581535	300	7.580569855539265	0.0	139857	1012.6443378663465	0.004705182	0.8355759101631588
1655.954212612236	300	7.585983494513897	0.0	155432	1494.5863610253682	0.004705182	0.7880501402050389
1658.3723361057196	300	7.923013053959893	0.0	163442	1662.9704405540053	0.004705182	0.8128254165260049
1660.2727585465245	300	7.510378288522417	0.0	126289	1412.6347654374738	0.004705182	0.786910180385104
1664.1700473357748	300	7.613089499272004	0.0	153295	3897.288789250413	0.004705182	0.5511267276302521
1667.9761973236457	300	7.607552823495409	0.0	173849	2005.5366757765948	0.004705182	0.7396183150306053
1669.6399350695358	300	7.840990530297364	0.0	150710	1266.5622931980456	0.004705182	0.8423387533969119
1671.131758569326	300	7.958666549648402	0.0	139105	1382.3239806489626	0.004705182	0.8452922678164798
1673.5628548209204	300	7.977868212021783	0.0	141840	1480.7983376266181	0.004705182	0.837815698095135
1676.9147101173996	300	7.942089444465965	0.0	156148	1535.7787675558193	0.004705182	0.8278999822452049
1680.1059850714746	300	7.524490293890227	0.0	160746	2417.5991505757374	0.004705182	0.6881561781632515
1683.3628185330451	300	7.682911402854681	0.0	179801	2341.5788910355463	0.004705182	0.7153187614214825
1686.7031735854077	300	7.970361243040943	0.0	140051	3212.5501598137375	0.004705182	0.6637136160592806
1688.8971947154928	300	7.9872530384226135	0.0	138313	1483.1082046183292	0.004705182	0.8387434738601549
1691.1477325501494	300	7.762440621977887	0.0	143509	1224.8124164447265	0.004705182	0.8368150336653383
1693.0715533785217	300	7.578392983647504	0.0	150616	1184.0476383303842	0.004705182	0.8181667975810119
1695.684464686948	300	7.90182387675538	0.0	165384	1676.5691068921237	0.004705182	0.8088492816584503
1697.3453187251293	300	7.599567982281889	0.0	140881	1302.2558944734897	0.004705182	0.8089604895452737
1699.401518264302	300	7.835767284549372	0.0	157671	1763.8006977325174	0.004705182	0.7919699888015027
1701.8743996139644	300	7.680526054288375	0.0	157812	1655.241230260997	0.004705182	0.7836580039494765
1704.2892207063976	300	7.881935529622362	0.0	163927	1798.5905246660132	0.004705182	0.7941914876240839
1708.3531358502462	300	7.818020385773816	0.0	137654	2063.9151438485464	0.004705182	0.7597673006571379
1711.4163335731862	300	7.921494380111669	0.0	146754	1896.5260056621464	0.004705182	0.7892823464506868
1714.289143723435	300	7.693425125476202	0.0	153938	2228.069254635467	0.004705182	0.7279678745010643
1719.5540988886517	300	6.428469960259415	0.0	181901	5264.9551652167875	0.004705182	0.268092849966862
1721.7630219412026	300	7.888856521599038	0.0	111155	1539.613438660377	0.004705182	0.8209437443404048
1724.1554977463768	300	7.862273425957344	0.0	153605	1526.5830956416946	0.004705182	0.8189645129832226
1726.463304142093	300	7.926316511365388	0.0	149029	1435.9569145919565	0.004705182	0.8359346533259284
1728.2716537876568	300	7.543066429145773	0.0	157421	1383.2500822196168	0.004705182	0.7938847159457243
1730.7683820912368	300	7.577252073527588	0.0	157488	1465.8143556181835	0.004705182	0.7898492554977353
1732.4156559520839	300	7.919072174085084	0.0	143881	1158.1798994425048	0.004705182	0.8628178826620795
1734.347558384907	300	7.652667943375802	0.0	163444	1266.4042307092823	0.004705182	0.8191020096716355
1736.3853530586973	300	7.8565196550374825	0.0	179328	1296.14828833832	0.004705182	0.841297564613998
1738.8269153696024	300	7.581561701811108	0.0	159914	1274.9579532263738	0.004753694	0.8094670137832465
1739.9681142109127	300	7.5342644789951665	0.0	131610	1047.2972228159424	0.004781763	0.8263932082672667
1741.3314739512944	300	7.7395354130516045	0.0	124011	794.729065943562	0.004820737	0.8769952187631145
1743.628899993711	300	7.6601377770623476	0.0	144254	1079.397635989256	0.005023532	0.8387249837949727
1744.774666684197	300	7.581268587032985	0.0	149991	1078.8691900293634	0.005443299	0.8290396986607107
1747.0846920243885	300	7.914704672165659	0.0	147968	1166.5639148673247	0.0060407133	0.8614402173047586
1749.5352564530801	300	7.796153098981853	0.0	161857	1118.551573183806	0.006721662	0.8516036620022224
1750.9834997839732	300	7.858037947289187	0.0	145210	1438.115151692666	0.007911509	0.8272883447266152
1753.7786468508239	300	7.580528474464038	0.0	172312	1777.50947282515	0.008629815	0.7590842872667789
1756.6720245697113	300	7.752658388533033	0.0	167025	1827.8700859310059	0.00979221	0.7753014356447527
1760.1077304304638	300	7.532559269635094	0.0	160064	1720.0991188979388	0.010821546	0.7589024731981661
1761.9731949641189	300	7.812630354734847	0.0	137507	1219.9289149002466	0.011695104	0.8435004061111521
1763.392467870513	300	7.910761806415232	0.0	118421	901.8685483196153	0.014221037	0.8874229207845936

