1349.7212325091825	750	4.0	3.478694088168143	450283	3478.694088168143	0.09585971	-14.783965974471853
1350.9263596769006	300	6.794872832282032	0.0	155580	1205.1271677179675	0.27704644	-0.3802325581395349
1352.1945672463942	300	7.987679694553293	0.0	139857	807.1931377287391	0.72506654	0.06976744186046512
1355.2900244506932	750	7.530458284461179	0.0	382355	2457.2214100921146	0.1948103	-0.2755813953488372
1358.834267497786	750	7.986215237368532	0.0	411561	3544.2430470926483	0.16637449	0.1744186046511628
1362.3030571661004	750	7.693059771411084	0.0	318564	2793.1554659574463	0.4184903	0.1744186046511628
1364.4856069875539	300	7.5146019713628815	0.0	153295	2178.4578000482024	0.70971346	-0.3802325581395349
1368.0887770666795	300	7.911431892237389	0.0	173849	3103.1700791254916	0.1992299	0.06976744186046512
1370.8768902740817	300	7.561006391251614	0.0	150710	2350.425500985775	0.18092608	0.06976744186046512
1374.4363327137085	300	7.715129019896438	0.0	139105	1845.8773713551757	0.06769892	0.06976744186046512
1378.2362627520622	300	7.91519898154272	0.0	141840	3299.9300383537175	0.058813646	0.06976744186046512
1382.1512348288725	300	7.614460515500307	0.0	156148	2300.7384660424145	0.030754246	0.06976744186046512
1385.0974901444022	300	7.873449577319319	0.0	160746	2241.010938180986	0.038444515	0.06976744186046512
1386.5955727134938	300	7.737030552947966	0.0	179801	1136.4190243713524	0.048579063	0.06976744186046512
1390.5349700726144	300	7.797633193827303	0.0	140051	1439.397359120663	0.3142761	0.06976744186046512
1394.0685885664643	300	7.566354313022796	0.0	138313	2231.278880804508	0.26715687	0.06976744186046512
1396.4740989656536	300	7.884769005750833	0.0	143509	1681.585307271961	0.10262403	0.06976744186046512
1398.1325242824198	300	7.602518917176407	0.0	150616	1282.2500885744264	0.12771736	0.06976744186046512
1403.3321999137775	750	6.402843285818906	0.0	405596	5199.675631357501	0.23106645	-0.2755813953488372
1404.9982837795585	300	7.592726720703018	0.0	140881	1310.116565115888	0.09924363	-0.3802325581395349
1407.7857854883264	300	7.691959535751672	0.0	157671	1400.767184951346	0.16251814	0.06976744186046512
1409.7628162904314	300	7.786811344157368	0.0	157812	1405.1481915943039	0.21859315	0.06976744186046512
1413.2696847014167	750	7.829318515420147	0.0	401853	3457.49282873722	0.23859574	-0.2755813953488372
1415.3277464416574	300	7.834975388773748	0.0	137654	1494.3431266463992	0.39777002	-0.3802325581395349
1417.851821735412	300	7.939797048693757	0.0	146754	1395.17834007999	0.08594913	0.06976744186046512
1421.9748623517255	750	7.572725293674062	0.0	379700	3367.071755019696	0.13420258	-0.2755813953488372
1424.0232559196138	300	7.906512921476991	0.0	181901	1666.2123721970702	0.35187027	-0.3802325581395349
1425.2001455048294	300	7.874158697714717	0.0	111155	1032.3542237622755	0.18262193	0.06976744186046512
1429.5168077735816	300	7.557496428962409	0.0	153605	1316.662268752307	0.16723004	0.06976744186046512
1431.9926400749678	300	7.985179079372216	0.0	149029	1572.3173495901933	0.15263562	0.06976744186046512
1435.2098976361829	300	7.568307746162715	0.0	157421	1916.8713332095022	0.1825141	0.06976744186046512
1437.7798649704037	300	7.873517212055038	0.0	157488	1694.7905341076755	0.07062804	0.06976744186046512
1439.3308346903243	300	7.845620775651307	0.0	143881	1527.896436403731	0.07976644	0.06976744186046512
1442.997179399056	300	7.87398504904384	0.0	163444	1971.6357266074672	0.11058342	0.06976744186046512
1446.7843609223708	300	7.87774881194852	0.0	179328	1996.2362370953194	0.08746956	0.06976744186046512
1448.3262289627946	300	7.9572874393463975	0.0	159914	1420.4613726021232	0.068771884	0.06976744186046512
1449.8972859529622	300	7.8174622781734255	0.0	131610	1139.8251611729731	0.10319596	0.06976744186046512
1452.204473412127	300	7.92448438208842	0.0	124011	1392.9778960850063	0.12105475	0.06976744186046512
1453.5393488197199	300	7.599151531331807	0.0	144254	1325.3328507566127	0.08916199	0.06976744186046512
1457.0018743025612	300	7.772660006329304	0.0	149991	1826.4915250025026	0.08589803	0.06976744186046512
1459.72195459797	300	7.900636875544235	0.0	147968	1872.0231307850709	0.0487556	0.06976744186046512
1462.103367025839	300	7.9189592919217775	0.0	161857	1481.6775836224565	0.041965336	0.06976744186046512
1464.4285524451284	300	7.771233903900264	0.0	145210	1147.725388021514	0.07183548	0.06976744186046512
1468.1104993901054	300	7.698990476045678	0.0	172312	2072.243427854586	0.108598724	0.06976744186046512
1471.4924010788359	300	7.667891370741611	0.0	167025	2031.099105304066	0.047819626	0.06976744186046512
1474.4768883992483	300	7.71104909774865	0.0	160064	2456.842272992961	0.026941184	0.06976744186046512
1476.1954320268421	300	7.760599750661548	0.0	137507	950.4493470871016	0.013397325	0.06976744186046512
1478.580863255402	300	7.94693124313501	0.0	118421	1313.668507526538	0.058899876	0.06976744186046512

