4681.360165462506	750	4.0	1.4326655545084757	450283	1432.6655545084757	0.03811602	0.1939427468747338
4681.9155036827215	300	7.444661779784371	0.0	155580	555.3382202156292	0.57451594	-0.005358739854807171
4682.930287843541	300	7.911271610576377	0.0	139857	533.3901692079935	0.037757687	0.4759991796704568
4684.311764870919	300	7.936230078388365	0.0	155432	975.0415321880118	0.029979687	0.4333939476107042
4685.020300645527	300	7.840179967294789	0.0	163442	596.0501110935774	0.022087585	0.4652899577767991
4685.4736150227545	300	7.889765600887582	0.0	126289	450.41436640720735	0.034563217	0.48295263434498564
4686.282915834222	300	7.836565186264152	0.0	153295	553.2004146234301	0.042332858	0.4693490036093991
4687.328378260526	300	7.6318841906344534	0.0	173849	704.680995629699	0.039169583	0.44140838328191595
4688.472517572394	300	7.745205316787357	0.0	150710	886.6788738470956	0.046460845	0.4302911658447328
4689.661965896738	300	7.549211316375702	0.0	139105	695.9940004116545	0.03079415	0.43711002816254846
4690.608141901242	300	7.977850528540682	0.0	141840	571.3607878350205	0.033989407	0.4763633001805232
4691.380842036504	300	7.863908069243002	0.0	156148	613.9424592976807	0.036590204	0.46498372932815213
4691.99317919106	300	7.772118282257858	0.0	160746	591.7897869851439	0.040411256	0.4614621348728343
4692.689151363291	300	7.649405875157867	0.0	179801	622.7124070999917	0.038394067	0.45070034741760007
4693.900186356804	300	7.925518251431857	0.0	140051	723.88762372601	0.041785244	0.45783984927212257
4695.050149773154	300	7.87411028059513	0.0	138313	551.4079708367258	0.028046777	0.4718748163837556
4695.5675145145005	300	7.864705642228589	0.0	143509	509.40463836654067	0.031179566	0.47548735973286527
4696.303865054061	300	7.845510414388336	0.0	150616	519.1952278402539	0.039601795	0.4733085990454781
4697.433636111467	300	7.6742024700451035	0.0	165384	671.3079443432329	0.04115445	0.44739058087372824
4698.432019203698	300	7.914242551961621	0.0	140881	759.9599180834832	0.03465473	0.4535278886194855
4699.722343358134	300	7.5732920856667185	0.0	157671	840.9504662949008	0.025420668	0.42411942965491234
4700.837359495401	300	7.960470851553804	0.0	157812	612.8212341129148	0.025785502	0.4711310257410538
4701.588455067503	300	7.776020536180382	0.0	163927	684.4503153734223	0.030505393	0.4524399729041642
4702.2548750167025	300	7.771133108844523	0.0	137654	504.8874273358598	0.030861557	0.4700907974994292
4702.795628001552	300	7.751522915496662	0.0	146754	519.6101933478596	0.032655936	0.46739288381398797
4703.543805447369	300	7.623005564498995	0.0	153938	628.5173509976671	0.032878134	0.44846983361165305
4704.751001106485	300	7.894237801445566	0.0	181901	728.7677630534291	0.027289718	0.45539680721523745
4705.586212271231	300	7.970846124154023	0.0	111155	423.39167729154315	0.029478094	0.4907224359607047
4706.342110626489	300	7.908806785651707	0.0	153605	562.0393385023158	0.029943781	0.47298021118323264
4707.184188805609	300	7.834697166320058	0.0	149029	574.109619331648	0.03505344	0.46714133189207135
4708.689204980157	300	7.666173368440057	0.0	157421	668.5237978800014	0.03388599	0.44716717666973593
4709.801360853688	300	7.793341567559055	0.0	157488	872.8318008810029	0.029471882	0.43468438881457316
4710.478001339707	300	7.704683437174268	0.0	143881	588.6581303847875	0.024589572	0.45756062271514547
4711.677723996267	300	7.988813281961331	0.0	163444	715.8701552129372	0.027967248	0.462597535531522
4712.608193884584	300	7.8605045789261565	0.0	179328	628.3087030351733	0.027332423	0.46333438680960004
4714.115621999132	300	7.722871109508416	0.0	159914	637.6334694177407	0.033609748	0.4537998183327344
4716.23710387898	300	7.667027506454572	0.0	131610	555.8436030538446	0.030443799	0.4584885797782588
4717.819357261827	300	7.738719958208072	0.0	124011	928.3075482464999	0.0259507	0.42572296349358707
4718.3969438952845	300	7.686899487229442	0.0	144254	551.8204709786296	0.019826308	0.46013289178420974
4719.546526525249	300	7.594991363186662	0.0	149991	591.9081240427811	0.03187447	0.45037986872512087
4720.718090954399	300	7.528046372972864	0.0	147968	566.9449902137981	0.040656563	0.44869212021965676
4722.318506561583	300	7.910148245898279	0.0	161857	617.8981270745835	0.04141723	0.4674781735914166
4723.769381172441	300	7.555969637624108	0.0	145210	854.1786082741705	0.04755555	0.42171396245432224
4724.553391287587	300	7.837312662393011	0.0	172312	718.6569752310969	0.03377881	0.4528500648066861
4725.495318408092	300	7.599025681648418	0.0	167025	738.2869807445925	0.049776535	0.43599412795879944
4726.806880368848	300	7.515064761600525	0.0	160064	583.9609200478936	0.050205126	0.446179176525476
4727.991745816228	300	7.9364324962595365	0.0	137507	578.6322653409882	0.07406823	0.47304752541235473
4729.174448446079	300	7.908197843878477	0.0	118421	528.2346523810588	0.06768929	0.4763226209345315

