11433.55791883911	750	4.0	6.08032816050688	450283	6080.3281605068805	0.046321485	-0.25803281605068806
11435.912870339509	300	5.645048499601703	0.0	155580	2354.951500398297	0.34540775	-0.33267961881472324
11438.185949153158	300	7.371969685954002	0.0	139857	2273.078813647701	0.013837797	0.23344022400735506
11441.745387948	300	7.812530891109549	0.0	155432	2559.4387948444523	0.00871061	0.2323393012099016
11445.579799961655	300	7.978118877455265	0.0	163442	2834.412013654285	0.008581975	0.21519122847552558
11449.58055288646	300	7.9773659526506675	0.0	126289	2500.752924804598	0.007736457	0.24851007956020693
11453.003073596894	300	7.897586715661808	0.0	153295	2079.7792369888584	0.0066088173	0.2856212460299771
11455.196548456888	300	7.567220012837146	0.0	173849	1830.3667028246616	0.0068223625	0.2899145805198555
11457.865609744604	300	7.604243466664901	0.0	150710	1462.9765461722457	0.00772182	0.32896756204933175
11459.740467246558	300	7.8498570912085395	0.0	139105	1254.3863754563613	0.0080470145	0.3651774306548976
11461.806502161919	300	7.557075106178025	0.0	141840	1292.7819850305143	0.008453705	0.34303899563307516
11464.052825004983	300	7.790540140259709	0.0	156148	1766.5349659183162	0.009305717	0.31025526217440014
11467.262768337168	300	7.720462450891042	0.0	160746	1570.0776893686666	0.008741236	0.32552113424382345
11471.467801107183	300	7.515429680874815	0.0	179801	3205.0327700162266	0.008967317	0.14921107805305334
11474.466256434178	300	7.728651228593557	0.0	140051	2286.7784522812585	0.008429406	0.2543628565589714
11476.817341097962	300	7.558947391258678	0.0	138313	2169.7038373348787	0.0076193707	0.25546382822017955
11480.676526620235	300	7.505044971846499	0.0	143509	2053.9024194121803	0.00739678	0.2636750687991881
11484.516013503064	300	7.665558089018099	0.0	150616	2839.4868828283993	0.0074319723	0.1951486922807913
11487.812425151642	300	7.609737281422949	0.0	165384	2555.82080759515	0.0069215028	0.2200264993294193
11491.74636734855	300	7.675795084513615	0.0	140881	1933.942196909335	0.0066259187	0.2863429730911674
11495.594841406364	300	7.827321026701927	0.0	157671	2848.4740578116866	0.006765741	0.20436015838770183
11499.732598913668	300	7.604945863802368	0.0	157812	2222.375162899559	0.0064858254	0.2530716001976921
11502.45910123753	300	7.504385783473	0.0	163927	2600.5600803293682	0.0065907994	0.2089681034341257
11505.859114600682	300	7.7473502999630295	0.0	137654	1757.0354835099727	0.006554246	0.30850584539669207
11507.730465510633	300	7.758163746659946	0.0	146754	1489.186553303082	0.006639012	0.3359665788359384
11510.391211123377	300	7.603873094761744	0.0	153938	1654.2906518982006	0.007034375	0.30981300323278893
11514.391819099037	300	7.603265119101868	0.0	181901	3000.6079756598756	0.007333286	0.1751432723778792
11518.18885500986	300	7.806229208280314	0.0	111155	2297.0359108215534	0.007225088	0.2581857344353643
11522.052937649509	300	7.942146568630926	0.0	153605	3864.082639649388	0.006506658	0.10997589657449408
11526.16740419229	300	7.827680025848759	0.0	149029	3114.466542782168	0.0063956967	0.17778334733733064
11529.959427815586	300	7.7829923150300235	0.0	157421	3044.6877108187346	0.0061766356	0.181968248607503
11533.833198951044	300	7.819774689038855	0.0	157488	3463.2176259911694	0.0060151676	0.1424141554658115
11537.620603398644	300	7.766349172473654	0.0	143881	3553.4255165652007	0.005865252	0.1300542716230833
11541.380624786303	300	7.68332797266136	0.0	163444	3583.0211998122936	0.005673791	0.12190587831010558
11545.138511604158	300	7.925441154805598	0.0	179328	3257.8868178557623	0.005494008	0.16955139038977363
11549.029060049379	300	7.697610478045859	0.0	159914	2727.8306767597396	0.0055422895	0.2083175872018922
11552.879985180578	300	7.84668534684714	0.0	131610	2850.9251311987196	0.0056354636	0.20532532105807433
11557.025519503068	300	7.575739635432093	0.0	124011	2770.945711415047	0.005606076	0.19638915607300117
11559.130187455516	300	7.570699940905594	0.0	144254	2005.0396945265002	0.005735333	0.2726647768539496
11562.75966562899	300	7.941221767431185	0.0	149991	2129.478173474409	0.006110837	0.28337854311700816
11565.951760109054	300	7.559727809836628	0.0	147968	2381.4939575945577	0.0070829093	0.23433359235533346
11569.863099597129	300	7.648388321762277	0.0	161857	2911.3394880743504	0.007956982	0.18689032130270727
11573.97099618831	300	7.540491730578818	0.0	145210	2607.8965911834575	0.00836948	0.2104910740428304
11576.798697671811	300	7.9515592610921795	0.0	172312	2588.9324694866395	0.009514188	0.23807920686959727
11579.444185237433	300	7.568199999588545	0.0	167025	1883.359261503635	0.0112411585	0.2846765738239206
11581.248954268278	300	7.511879631475793	0.0	160064	1556.3203681127516	0.015777629	0.31386044015596193
11583.70663317853	300	7.787264464814982	0.0	137507	1224.6151666608116	0.024591213	0.36424251238485517
11586.094769160203	300	7.699728317124169	0.0	118421	1087.5361476908138	0.035722926	0.37247940505117916

