14870.752029267067	750	4.0	0.848125509873515	450283	848.1255098735149	0.052601688	0.3485874490126485
14871.552246815514	750	7.199782451554113	0.0	398865	800.2175484458868	0.8609843	0.6645570885690488
14872.660150987183	750	7.940001928258986	0.0	350812	759.780523295128	0.85820055	0.7405871351936736
14873.64256585281	750	7.6778562290330195	0.0	382355	762.1456992259666	0.8610687	0.7148569483508644
14874.193523987433	300	7.7725118164414235	0.0	163442	405.3444125915954	0.8562432	0.26534233288976894
14874.844796242427	300	7.934682473660559	0.0	126289	337.8293427808643	0.35740077	0.737864936285403
14875.430223995356	300	7.598690086702271	0.0	153295	335.9923869582891	0.26357836	0.705373372235967
14876.007046634695	300	7.709996507219028	0.0	173849	388.6935794832432	0.270325	0.7109278023787261
14876.835655254457	300	7.874756703414783	0.0	150710	335.2398038042439	0.31895274	0.7322961090266633
14877.360184105228	300	7.929176700308156	0.0	139105	445.5800031066268	0.30234402	0.7265544337943055
14878.043414118176	300	7.5920361129176674	0.0	141840	337.14058739048966	0.24351361	0.7046114532421942
14878.635548905857	300	7.719013393705305	0.0	156148	373.0227192123618	0.3025726	0.7133717806166048
14879.096275907987	300	7.843205893524806	0.0	160746	375.8075001804987	0.2698139	0.7251710231272376
14879.802241046767	300	7.917683146608095	0.0	179801	425.5227469167103	0.253586	0.7274424113159662
14880.670356795987	300	7.5688464822310815	0.0	140051	348.8366643770137	0.26404822	0.7011866539592714
14881.335907281551	300	7.745710743720447	0.0	138313	323.13573851063484	0.2531123	0.72095679597575
14881.762402849343	300	7.878670366751434	0.0	143509	367.0403769690142	0.25612447	0.7294966554696756
14882.322018667452	300	7.5185900006574045	0.0	150616	360.0803660940297	0.21827264	0.6951748409545296
14882.810481604536	300	7.624126339173253	0.0	165384	394.46366148415024	0.23535869	0.7019999203361839
14883.239620042186	300	7.796556753398576	0.0	140881	327.5695857746773	0.23251736	0.7254581856905438
14883.705422100975	300	7.894440083192072	0.0	157671	402.11667020650384	0.23214015	0.7275226310697787
14884.279853322212	300	7.964067176363731	0.0	157812	430.37290682834134	0.21317752	0.7314682422185387
14884.939935353712	300	7.5660552939693915	0.0	163927	398.01188239434066	0.20072791	0.6959976890990893
14885.37643455344	300	7.688840768656493	0.0	137654	377.21452531289856	0.21622133	0.7100183122205541
14885.790753530091	300	7.856323608040173	0.0	146754	332.517160616319	0.18501766	0.7307757548202749
14886.172145842309	300	7.521528378997988	0.0	153938	334.79522904218476	0.21213141	0.6979891119533358
14886.602421750518	300	7.629688999881775	0.0	181901	391.839379116212	0.2208138	0.7028033173268815
14886.976711494113	300	7.85176234008057	0.0	111155	277.9266598012057	0.22928146	0.7357912215927149
14887.745767148386	300	7.975416054839739	0.0	153605	376.34628524083024	0.19860187	0.7379745828090816
14888.1634685695	300	7.642920057605261	0.0	149029	332.4959972344789	0.20768237	0.7100243758786638
14888.75282593661	300	7.69584411459935	0.0	157421	447.07594300591023	0.22742042	0.7037132458441958
14889.214265602914	300	7.846264898135043	0.0	157488	349.5792164643071	0.1821902	0.7280913396972023
14889.957017107938	300	7.520819461142033	0.0	143881	325.44543699301124	0.23051375	0.6988551488967616
14890.637243363793	300	7.634359333829372	0.0	163444	386.4601273126604	0.23502162	0.7037954324836404
14891.465007716994	300	7.727360197702143	0.0	179328	406.99913612722924	0.22911948	0.7107858656138104
14892.159003876766	300	7.835744692950848	0.0	159914	391.61550475129405	0.23943421	0.7228646209143406
14892.645655798116	300	7.998609136087216	0.0	131610	337.13555686363276	0.23818548	0.7441511827981185
14893.280318529063	300	7.701035967156904	0.0	124011	297.5731689303117	0.23150432	0.7191684309129778
14893.904612570312	300	7.872433627391092	0.0	144254	328.60233976581264	0.23672137	0.7327339362872025
14894.428028457141	300	7.503571620567629	0.0	149991	368.8620068234643	0.26663053	0.6928361394178556
14895.009537512098	300	7.645094013991916	0.0	147968	358.47760657571206	0.25563824	0.7076376322031427
14895.60641523172	300	7.778170892671758	0.0	161857	366.9231213201587	0.26096818	0.7197348071803127
14896.15970887977	300	7.931501386896847	0.0	145210	346.6695057749109	0.28720364	0.7366715592982274
14896.601536890465	300	7.553899424089115	0.0	172312	377.601962807732	0.27304667	0.6968565227118932
14897.02099491354	300	7.681283465092452	0.0	167025	372.6159589966634	0.29673314	0.7097432210805746
14897.710523585267	300	7.824940156519644	0.0	160064	356.3433085728086	0.30621496	0.7253410993642546
14898.339746523225	300	7.9969213834178445	0.0	137507	328.0187731018008	0.31776273	0.7448987272272054
14898.698303535188	300	7.718244921713116	0.0	118421	278.6764617047284	0.3045958	0.7227316724661277

