14882.444446999145	750	4.0	3.445995646227827	450283	3445.9956462278274	0.008637651	0.15142030049349636
14883.514334841577	300	6.930112157568032	0.0	155580	1069.8878424319682	0.004705182	0.29953830373774104
14885.960331162685	300	7.995055717503445	0.0	139857	935.0564400645883	0.004705182	0.894512062024263
14889.899796658943	300	7.990792909897544	0.0	155432	1504.2628076059016	0.004705182	0.8370650882624114
14894.09340311274	300	7.797186456101263	0.0	163442	4193.60645379628	0.004705182	0.544225764520804
14898.373950490062	300	7.51663907877672	0.0	126289	3280.547377324543	0.004705182	0.6008919509428572
14902.35053788217	300	7.540051686670496	0.0	153295	3976.587392106224	0.004705182	0.5341787489379461
14906.067019619182	300	7.823569949658457	0.0	173849	3716.481737012039	0.004705182	0.5951958566071662
14910.259187499345	300	7.6314020694963345	0.0	150710	2692.1678801621215	0.004705182	0.67389990660747
14914.142625845163	300	7.747963723678533	0.0	139105	2883.4383458178013	0.004705182	0.6691649504079416
14916.923814636597	300	7.986385317835513	0.0	141840	2261.5784058430195	0.004705182	0.7607893146172808
14921.203131899392	300	7.707068055040161	0.0	156148	3279.317262795352	0.004705182	0.6245275922904405
14924.95608604544	300	7.954113908992824	0.0	160746	2752.9541460473374	0.004705182	0.7076671280279728
14929.404882571305	300	7.505317383127149	0.0	179801	4448.796525865674	0.004705182	0.48266912467414863
14932.92923132087	300	7.673482201896061	0.0	140051	2331.835181231089	0.004705182	0.7151288909262206
14936.299808076625	300	7.649450508034511	0.0	138313	1524.0316938615483	0.004705182	0.7929420004614746
14939.386884407138	300	7.599184888023925	0.0	143509	2050.2656200105866	0.004705182	0.7341122156108654
14942.988071970856	300	7.997997324307296	0.0	150616	2601.1875637166277	0.004705182	0.7282621554769535
14946.006749911745	300	7.9076575577232	0.0	165384	2090.339766584097	0.004705182	0.7681925114352646
14949.185352288263	300	7.8925254327656	0.0	140881	1515.1321249576006	0.004705182	0.8238448831892105
14951.792574708425	300	7.850649377115853	0.0	157671	1541.8760556497466	0.004705182	0.8159999734409651
14955.026649492722	300	7.516285129072672	0.0	157812	1834.3642480431809	0.004705182	0.7454665610241058
14957.348860740052	300	7.895034768735099	0.0	163927	2121.2503603375735	0.004705182	0.7635428921624722
14959.260980165114	300	7.694455552150423	0.0	137654	1700.579216584675	0.004705182	0.7808441070583003
14961.491693180602	300	7.859869062844703	0.0	146754	1334.586489305718	0.004705182	0.8378673023049581
14964.431765561267	300	7.7628961689546045	0.0	153938	1596.972893890098	0.004705182	0.79965523317725
14966.55454349355	300	7.5830569464481865	0.0	181901	1679.8392225064185	0.004705182	0.7691635075702375
14968.206547687576	300	7.963524180325972	0.0	111155	1119.532766122215	0.004705182	0.8721711702191328
14970.907621555389	300	7.829222969870188	0.0	153605	1634.3012104557845	0.004705182	0.8041118984797353
14973.806598747635	300	7.693120754925294	0.0	149029	1636.1022149448952	0.004705182	0.7871269972560921
14977.099997668362	300	7.9778586972138985	0.0	157421	1715.262057711397	0.004705182	0.8143681512751304
14980.911746231934	300	7.876052913934369	0.0	157488	1601.8057832795294	0.004705182	0.8131436239532331
14983.469397917737	300	7.967198408679465	0.0	143881	2408.8545052549043	0.004705182	0.7436926603076315
14987.560319377002	300	7.541136307321981	0.0	163444	3926.0621013574846	0.0047070887	0.539365198198996
14990.99969626994	300	7.5988775543056075	0.0	179328	2442.2587530163746	0.004719843	0.6948749552283102
14994.743531149332	300	7.855042674915285	0.0	159914	3243.834879390322	0.00474535	0.6463465399483854
14996.768369418714	300	7.528100030879683	0.0	131610	1826.942644035601	0.0047560777	0.7476675299469752
14998.410173105687	300	7.501146014067019	0.0	124011	1026.9540168126643	0.004800356	0.824338328663852
15000.986175239366	300	7.690569820308392	0.0	144254	1310.5761937586265	0.0048103677	0.8193646305989075
15004.29437878694	300	7.809180964481164	0.0	149991	1381.3888558272283	0.0048440965	0.8269285092068728
15006.596582650824	300	7.966486368412854	0.0	147968	1342.6945960683088	0.0048911404	0.8502207342527954
15009.412931742589	300	7.628066451937986	0.0	161857	2338.419916474868	0.005148913	0.7088628478968975
15012.097874214933	300	7.864559798410262	0.0	145210	1263.5066535277238	0.0056022936	0.8455544599740689
15013.783991855682	300	7.86221896394324	0.0	172312	1502.340834467023	0.0059621567	0.8213820145716498
15017.816601894694	300	7.829608924933094	0.0	167025	2532.610039010146	0.0074975626	0.7143286702340552
15020.226885026324	300	7.822660738764374	0.0	160064	1506.9481861687207	0.0094739115	0.8160369496835398
15022.684391759656	300	7.645574830830062	0.0	137507	1177.085907934312	0.009764573	0.8271580417775323
15025.526636763247	300	7.969662722233657	0.0	118421	1175.9121085964055	0.012158768	0.8672911734810171

