11969.840017464492	750	4.0	2.993897582587049	450283	2993.897582587049	0.004705182	-12.748030077090874
11971.388265313657	300	6.451752150834994	0.0	155580	1548.247849165005	0.6684794	0.032209675750346056
11973.389479315112	750	7.972217870753877	0.0	350812	1479.534280081118	0.5534123	0.20949641450235368
11975.28977722535	1200	7.652908862151027	0.0	617681	1819.3090086028492	0.8508335	0.16885388174586646
11979.104624049067	1850	7.525979872510368	0.0	996749	3126.928989640658	0.4242117	-0.13935913250770582
11982.8028196331	2850	7.635840968932456	0.0	1224260	3390.1389035779116	0.6909524	-0.4516196424526907
11987.506219124705	2850	6.932441477328579	0.0	1388403	4703.399491603877	0.18276584	0.3493512855619144
11991.286164450239	1850	7.15249615179433	0.0	1060487	3779.945325534249	0.019152269	-0.5906090054248214
11994.707561475074	1850	7.731099126959131	0.0	852833	2921.3970248351998	0.01059817	0.5509370290357307
11998.388526001247	1850	7.712016125087248	0.0	913888	3519.0830018718816	0.009069065	0.4893316703694501
12002.175628951441	1850	7.924913174893002	0.0	939819	3787.1029501942458	0.013751414	0.4830212623831351
12005.851374693018	1850	7.811532584250906	0.0	917428	3613.380590642096	0.017996626	0.48948048558451335
12009.879392230761	1850	7.783515046507549	0.0	946851	4028.017537743357	0.021794626	0.4453200705187004
12013.843545140733	1850	7.641629935861529	0.0	1036454	3641.88511064602	0.034303814	0.47027670751408124
12017.1165697381	1850	7.891251522541761	0.0	821631	3250.378413319768	0.017544255	0.5334537431674261
12020.976882683492	1850	7.922418151419035	0.0	923170	3468.8333711227265	0.021592401	0.5146080714002668
12025.192838881338	1850	7.706461953572685	0.0	966699	3715.9561978463503	0.01914287	0.46910975535111005
12029.124907940712	1850	7.774392894199448	0.0	885714	3932.069059373238	0.02179974	0.45403690066399816
12033.187944644942	1850	7.7113561899678915	0.0	987708	4063.036704231555	0.038513675	0.43487278061631085
12036.927466966214	1850	7.971833868696427	0.0	923755	3739.522321271465	0.035862	0.49229549622668284
12041.074988097005	1850	7.74910522699646	0.0	891604	3722.7286416999664	0.03041425	0.4725369752669443
12045.207813833547	1850	7.616279490454219	0.0	955231	4132.825736542241	0.03408081	0.4187426352854311
12050.636435517123	1850	6.1876578068786765	0.0	968026	5428.621683575542	0.045036785	0.15165655411051848
12055.892540386576	1850	4.9315529374263685	0.0	874175	5256.104869452308	0.39436254	0.04800669159139037
12059.538040500945	1200	5.2860528230570285	0.0	587236	3645.5001143693394	1.0835909	-0.44157785526755094
12061.377361700432	750	7.446731623571481	0.0	379700	1839.3211994855476	0.66751623	0.12293906456594464
12065.446066739063	1200	7.378026584940322	0.0	696376	4068.70503863116	0.41573736	-0.08254345780618932
12069.213511995496	1200	7.610581328507707	0.0	487160	3267.445256432615	0.5413117	0.46996618298010284
12075.46572363088	1200	5.358369693125659	0.0	622896	6252.211635382048	0.40197736	-0.045288425130652565
12077.742531245704	750	7.081562078301449	0.0	400508	2276.80761482421	0.22255348	0.044042432690202526
12079.64654459084	750	7.67072320537594	0.0	358218	1410.8388729255082	0.7104702	0.6373467455820325
12083.45501228632	1850	7.862255509895851	0.0	954453	3808.4676954800893	0.66260403	-0.6251460847433705
12085.856527891854	1200	7.502318771974571	0.0	584349	2359.93673792128	0.038390834	-0.09970336123054269
12090.225338319	1850	7.13350834482805	0.0	1035329	4368.810427146522	0.20219421	-0.3013231139290889
12094.856099233957	1850	6.502747429870522	0.0	1026056	4630.760914957527	0.052667916	0.261770370974716
12098.282150905421	1850	7.076695758406982	0.0	943942	3426.0516714635405	0.085731	0.4374844846027218
12101.334537737599	1850	7.674103354407496	0.0	728962	2902.5924039994848	0.023234354	0.5473315822062486
12105.521430594987	1850	7.487210497019084	0.0	938587	4186.892857388412	0.022310296	0.40091288356496724
12110.109750401134	1850	6.898890690871323	0.0	908665	4588.3198061477615	0.041348454	0.30414372809762447
12113.816453328414	1850	7.19218776359203	0.0	930577	3706.702927279292	0.11116311	0.4205355978624943
12117.245758383142	1850	7.762882708864004	0.0	858450	3429.305054728025	0.039592043	0.5032054325007997
12121.217848509621	1850	7.790792582384712	0.0	1025005	3972.090126479293	0.031181855	0.4516132828756252
12124.759283356438	1850	7.786627768576808	0.0	886255	3004.1648138079054	0.024924826	0.5480049460052316
12128.600590617749	1850	7.8346090449271575	0.0	973972	3452.0187236496495	0.011473814	0.5078378082669732
12132.594935974874	1850	7.632080740194646	0.0	958994	3702.5283047325115	0.01238977	0.4632932669973888
12136.419731032276	1850	7.640591675689872	0.0	982064	3491.489064504774	0.018530592	0.4852163783879517
12140.068304377799	1850	7.992018330166287	0.0	830730	3648.573345523584	0.013637249	0.5033331715220883
12144.140716078178	1850	7.919606629786442	0.0	846370	3572.4117003798456	0.02528208	0.5039796262713514

