2770.4353723914433	750	4.0	4.39150033291431	450283	4391.50033291431	0.0161735	-0.005750033291430978
2771.821352147995	300	6.61402024344835	0.0	155580	1385.979756551649	0.57396334	0.0546154930201872
2773.650672070668	300	7.818100350684761	0.0	139857	1295.91989276359	0.06919907	0.630718269827734
2775.8596088535137	300	7.755332031426733	0.0	155432	1062.768319258029	0.05535179	0.647929208130447
2777.536371088399	300	7.615035107627886	0.0	163442	1140.2969237988482	0.08248692	0.6265324718369272
2778.848924715714	300	7.681990954313587	0.0	126289	933.0441533142994	0.07947609	0.6537692049755665
2780.919898631699	300	7.511258766671323	0.0	153295	1170.7321876422636	0.06580852	0.6133966962945597
2782.640019346289	300	7.641319197247692	0.0	173849	1369.9395694236305	0.060816787	0.6061243349899751
2783.8554076347077	300	7.638715654271844	0.0	150710	1002.6035429758483	0.062866315	0.642604743080352
2785.588332451097	300	7.773645680748406	0.0	139105	865.0699735234377	0.06410691	0.6694800451004387
2786.7908362508524	300	7.746321149853655	0.0	141840	1027.3245308947528	0.065312125	0.6505972787337927
2788.1873371371125	300	7.760660303003951	0.0	156148	985.6608468497026	0.06482579	0.656158129782164
2790.499689712798	300	7.609904068266233	0.0	160746	1150.7562347377188	0.06607081	0.6249875471651193
2792.6382192407373	300	7.766437417570713	0.0	179801	1343.4666506955193	0.06252544	0.6209393737891999
2794.087203038568	300	7.9694770097270355	0.0	140051	1296.9604078436764	0.05930566	0.6453355984115865
2795.715763856134	300	7.631208353137835	0.0	138313	838.2686565891995	0.050733056	0.6583081466837346
2798.3356718020877	300	7.51640037479905	0.0	143509	1614.8079783387868	0.057457343	0.569489138615329
2800.4635073815525	300	7.835032645174357	0.0	150616	1181.3677296246942	0.049994998	0.6438201517807368
2802.069480040146	300	7.680280154997308	0.0	165384	1154.752490177048	0.046589766	0.6314319960557835
2804.19873597856	300	7.691262255698803	0.0	140881	989.0178992985062	0.049718115	0.6490734644368579
2806.514908193024	300	7.528295201374792	0.0	157671	1162.9670543240097	0.049596738	0.6158300029012975
2809.279776773322	300	7.712463462695703	0.0	157812	1815.8317386790893	0.048372097	0.5684538978792482
2812.086863598138	300	7.533438552147208	0.0	163927	2179.0249105484945	0.040428396	0.5147244081414666
2815.201234294964	300	7.900284137017545	0.0	137654	2633.154415129663	0.038128793	0.5049871908119901
2819.4089087979187	300	7.692609634062899	0.0	146754	3207.6745029546455	0.029469177	0.4273388366171524
2823.2537176346727	300	7.564650579411586	0.0	153938	3127.959054651314	0.026454572	0.4228663633826453
2827.2585398252495	300	7.559828388835101	0.0	181901	3504.822190576484	0.022394907	0.3847110917565653
2830.9221604453355	300	7.896207768749424	0.0	111155	2163.620620085677	0.020127691	0.5515441435023138
2834.553968590861	300	7.562949959068983	0.0	153605	1833.2578096804407	0.01678377	0.5521711025514145
2836.63906008053	300	7.804679453657474	0.0	149029	1258.270505411508	0.018469684	0.6331780263270386
2839.6756436242586	300	7.994798211921332	0.0	157421	1309.8812417361423	0.024542779	0.6465060019357354
2842.3906748274767	300	7.545633680308873	0.0	157488	1449.164531612459	0.027557101	0.588896422248792
2844.213869329785	300	7.641969845957432	0.0	143881	1403.6638343514394	0.029543053	0.6028151840842163
2845.658035229675	300	7.834652234990781	0.0	163444	1307.3176109666508	0.03168255	0.6311881687561884
2849.561137939811	300	7.8065250053844775	0.0	179328	2528.1272296063034	0.036997825	0.5063718338130101
2852.025247276029	300	7.561957991540407	0.0	159914	1744.567013844071	0.035046205	0.5609437132928974
2855.4894111577037	300	7.854647254890289	0.0	131610	1707.3107366501163	0.03318737	0.593133371873069
2858.387853582191	300	7.663852572158649	0.0	124011	2190.794682731641	0.031956833	0.5262301943692644
2860.0579392660293	300	7.9726336441172645	0.0	144254	1191.2189280413843	0.03172683	0.6562167290862656
2861.7693066090524	300	7.931383360004165	0.0	149991	1041.250284113099	0.035702005	0.6672020033490952
2863.5111459061523	300	7.6805222884091595	0.0	147968	1250.8610715950044	0.041291863	0.6218446853882904
2866.389956271191	300	7.741606175642653	0.0	161857	1438.9161127665054	0.04392162	0.6089795893045975
2869.858598022703	300	7.562232426022314	0.0	145210	2179.3737496203403	0.04340925	0.5174897284686361
2872.163839368689	300	7.729245787475484	0.0	172312	1332.9866385468308	0.03921906	0.6183704889773076
2873.8167997525875	300	7.548892877745737	0.0	167025	1180.3529097297478	0.0446321	0.6160945413877981
2875.2281097098403	300	7.534541641203678	0.0	160064	1014.351236542059	0.0489294	0.6312990509528518
2876.3767268565375	300	7.9187124997102565	0.0	137507	1115.8291414934215	0.058650054	0.6585118764474803
2878.817083818115	300	7.934928012023654	0.0	118421	983.784487686601	0.055347838	0.6732933004006403

