13714.55211393895	750	4.0	3.9127276647253035	450283	3912.7276647253034	0.011876341	-0.041272766472530364
13719.170975765699	1200	4.0	0.61886182674868	611087	4618.86182674868	0.5710288	-0.46188618267486803
13722.594886679433	1200	4.576089086265625	0.0	571051	3423.910913734375	0.49261767	0.1436144765181641
13727.84915099722	1200	4.0	0.6781752315208259	617681	5254.264317786451	0.52807975	-0.07542643177864511
13729.4732521747	300	6.375898822520768	0.0	163442	1624.1011774792319	0.71146494	-0.6639164413403751
13730.928276256782	300	7.525319660167726	0.0	126289	1350.579162353041	0.009102363	0.3352745625251788
13734.580777658153	300	7.872818258794841	0.0	153295	1652.501401372885	0.0073070507	0.32680100103738907
13736.603978939022	300	7.504690807560816	0.0	173849	1868.1274512340262	0.007361361	0.28223043034914835
13737.60353756432	300	7.597448357278068	0.0	150710	907.2424502827474	0.0076376307	0.3841162773016045
13738.967265588273	300	7.766742461410425	0.0	139105	830.7058958676429	0.010926426	0.4023508142513873
13740.233496752997	300	7.955137971691381	0.0	141840	811.6044897190436	0.018455785	0.41603567425880694
13742.448203797867	300	7.965097734307219	0.0	156148	990.0402373841637	0.019723803	0.3988145846557848
13743.716618912884	300	7.808223671142883	0.0	160746	1156.8740631643361	0.020042222	0.3723265731299966
13746.212158805714	300	7.701224250652527	0.0	179801	1606.9994204903558	0.018891666	0.3206265736167474
13748.250784960845	300	7.901181347258498	0.0	140051	1800.042903394029	0.014926568	0.3138195438642532
13751.934568990177	300	7.823581020461162	0.0	138313	2577.600326797336	0.010136531	0.23121378109908902
13753.92825298971	300	7.6548308099622515	0.0	143509	1168.7502104989105	0.008729673	0.36155190457274966
13758.006920794387	300	7.5761630052854745	0.0	150616	3578.667804676778	0.010543251	0.11564340736266437
13759.580745399904	300	7.641051518481396	0.0	165384	1435.1114868040781	0.00808705	0.3340545712246794
13761.726136036476	300	7.812712792902373	0.0	140881	1328.338725579023	0.008091666	0.35546067699849604
13763.5245730581	300	7.797020223287267	0.0	157671	1515.692569615106	0.00824232	0.33574450699394354
13765.75772565247	300	7.8718160663051675	0.0	157812	1425.2041569821	0.008631322	0.34946808844586297
13767.92913939711	300	7.880083431729878	0.0	163927	1491.7326345752904	0.008766419	0.34333195102558833
13772.201441851093	300	7.607780977747201	0.0	137654	1772.3024539826765	0.0086425375	0.29825606571093244
13775.898371455625	300	7.910851373216341	0.0	146754	3196.9296045308606	0.00888762	0.1747352503729352
13779.895835753767	300	7.913387075074532	0.0	153938	2997.4642981418087	0.0072840126	0.19484026237797736
13784.06831518403	300	7.690336140903657	0.0	181901	3223.0509341708744	0.006983524	0.15834091538939116
13787.992978697353	300	7.765672627577824	0.0	111155	2924.663513325833	0.006761637	0.19288818789103074
13791.653472596829	300	7.927471673050195	0.0	153605	2838.2009545276287	0.006205059	0.2116468841128743
13795.296694841425	300	7.977007023223261	0.0	149029	3450.464649826935	0.006047291	0.15351647396876034
13799.732865907796	300	7.540835956852902	0.0	157421	3936.171066370359	0.005875621	0.07768514066627052
13805.378193378941	300	5.895508485705825	0.0	157488	5645.327471147077	0.0057212035	-0.1960634667580936
13810.296358864152	300	4.977343000494935	0.0	143881	4918.16548521089	0.0056476584	-0.18073261099015558
13813.45535364212	300	5.818348222527362	0.0	163444	3158.9947779675736	0.005538376	0.04774728611120277
13816.31890391823	300	6.954797946417187	0.0	179328	2863.5502761101743	0.005336537	0.14831984404005677
13818.653241850932	300	7.6801122918546785	0.0	159914	2274.6856545625087	0.0053698383	0.2525384527846665
13820.652659555988	300	7.865229630896833	0.0	131610	1314.8826609578457	0.0054898327	0.3600885858352675
13823.416512292504	300	7.945570751688339	0.0	124011	919.6588792084934	0.005837335	0.4046322840596719
13825.413143178566	300	7.644352294311051	0.0	144254	1801.218457377289	0.008925407	0.2976501726567118
13829.182180975726	300	7.84253958607198	0.0	149991	2801.812708239071	0.009709403	0.20997745330559164
13833.23142297598	300	7.793297585818366	0.0	147968	4049.2420002536137	0.008663106	0.08215689908828655
13837.748749664514	300	7.275970897284644	0.0	161857	4517.3266885337225	0.008241516	0.003015512226918038
13841.216606537138	300	7.673939364326874	0.0	145210	3102.03153295777	0.007780037	0.16941805697465262
13847.44590972762	300	5.444636173846404	0.0	172312	6229.30319048047	0.0077411244	-0.28264055818264683
13852.667552646422	300	4.222993255043964	0.0	167025	5221.642918802439	0.007271063	-0.25822721343999616
13857.08763344434	300	4.0	0.19708754287360533	160064	4420.08079791757	0.00758004	-0.192008079791757
13860.8658399557	300	4.221793488640967	0.0	137507	3778.2065113590334	0.006568977	-0.11395855809584293
13863.390318748636	300	5.697314695706166	0.0	118421	2524.4787929348004	0.0074366266	0.10363428918815537

