3817.051986164904	750	4.0	11.415819972284071	450283	11415.81997228407	0.004705182	-49.05517672930103
3819.8750752372785	300	5.176910927625635	0.0	155580	2823.0890723743646	0.004705182	-0.39686671367622056
3823.171477749204	300	5.880508415700065	0.0	139857	2296.4025119255693	0.004705182	0.06531955927631461
3826.978275554655	300	5.719765281716698	0.0	155432	2160.743133983367	0.009370661	0.06942056075100071
3830.8051344866267	300	5.892906349744311	0.0	163442	3826.8589319723874	0.008679662	0.03919663689371718
3834.6241544304344	300	5.70985311281026	0.0	126289	2183.0532369340517	0.17869632	0.06871110491591341
3839.0896016288298	300	5.244405914415199	0.0	153295	4465.447198395061	0.004705182	0.03359126047978172
3844.8007704024626	300	4.0	0.4667628592177234	173849	5711.168773632922	0.004705182	-1.9808159683756188
3850.1302833766804	300	4.0	1.3295129742175986	150710	5329.512974217599	0.004705182	-5.688760628269071
3854.7730634749696	300	4.0	0.6427800982893468	139105	4642.780098289347	0.004705182	-2.7316461942068226
3858.7721278518043	300	4.000935623164994	0.0	141840	3999.064376835006	0.004705182	0.0375087735193488
3863.5964800916936	300	4.0	0.8234166167244698	156148	4824.352239889464	0.004705182	-3.5095991948532776
3869.0945499617433	300	4.0	1.4980698700495996	160746	5498.0698700496	0.004705182	-6.414418139688316
3875.108349534617	300	4.0	2.013799572873336	179801	6013.799572873336	0.004705182	-8.634395529637287
3878.79868834557	300	4.309661189046714	0.0	140051	3690.3388109532866	0.004705182	0.04064667437981177
3881.249304555432	300	5.859044979185081	0.0	138313	2450.6162098616323	0.004705182	0.06120909483760795
3883.5414003027668	300	5.9935555548531045	0.0	143509	1365.4894243319757	0.004705182	0.10985072262524695
3884.8583537405334	300	5.858382021321271	0.0	150616	1135.1735335318328	0.004705182	0.1321383872766213
3887.1784271433185	300	5.689235210046121	0.0	165384	1169.1468112751504	0.005058687	0.12829868631844438
3888.5660450657892	300	5.725889597015999	0.0	140881	963.3456130301223	0.0059839142	0.1557073577448364
3890.0797417834856	300	5.541177369037583	0.0	157671	1184.7122279784166	0.020684108	0.12661302589571374
3891.6448040331097	300	5.848138522484682	0.0	157812	1193.0388465529004	0.024779107	0.12572935108810715
3893.0309811545976	300	5.841061625326507	0.0	163927	1007.0768971581742	0.03954804	0.14894592500659917
3895.381294714517	750	5.885455009531845	0.0	343800	1455.6066157946634	0.07949634	-0.19237544956796232
3897.4064491099934	750	5.87023119835589	0.0	359903	2015.2238111759548	0.6902727	0.18608354958905243
3899.88836615739	750	5.829237980807486	0.0	379700	2040.9932175484041	0.59238493	0.18373407455534893
3901.205567938375	300	5.906099072239344	0.0	181901	923.1389085681412	0.49512103	-0.2875109112964793
3903.6532852280993	300	5.839271863585636	0.0	111155	566.8272086537083	0.13187844	0.2646309099315652
3905.237903967384	300	5.597407510478408	0.0	153605	741.8643531072282	0.15463236	0.20219329769888428
3906.154494696224	300	5.870489363147368	0.0	149029	726.9181473310394	0.14757682	0.2063506057053901
3907.162955038968	300	5.606095425029695	0.0	157421	764.3939381176732	0.13243121	0.19623389527313145
3908.958439533707	300	5.910386384973564	0.0	157488	695.7090400561309	0.09044342	0.21560737515772077
3909.9231915059804	300	5.532898154678083	0.0	143881	877.4882302954809	0.13476326	0.1709424637518953
3910.89953967955	300	5.563355924882151	0.0	163444	969.5422297959333	0.052917335	0.1547121882783503
3912.528085652085	300	5.972485901001618	0.0	179328	1590.870023880533	0.0395452	0.09428802966197841
3913.750308413933	300	5.930212527404748	0.0	159914	542.27337359687	0.013794543	0.27661324952220706
3914.9913548036516	300	5.784663979171244	0.0	131610	645.5485482335033	0.119480364	0.23236052564979676
3915.9462858124816	300	5.719947366998607	0.0	124011	564.7166121726366	0.06443993	0.26561995302901464
3917.094356011984	300	5.566019570576185	0.0	144254	653.9277964224225	0.058574088	0.22938312275550282
3918.086387922378	300	5.772074821419366	0.0	149991	793.9447491568178	0.059342384	0.1889300233540211
3919.0493742144463	300	5.634625222503413	0.0	147968	637.4495989159532	0.029782388	0.23531272159413075
3920.100811665406	300	5.821674877099813	0.0	161857	812.9503454036004	0.04788737	0.18451311429793468
3921.856978712513	300	5.672834882324303	0.0	145210	648.8399947755104	0.027571334	0.2311818032300828
3923.052735224595	300	5.718620147949324	0.0	172312	954.2147343749793	0.032792382	0.15719732110220616
3924.6513255065934	300	5.760095886303305	0.0	167025	958.5242616460202	0.018984206	0.15649056158726057
3926.096326852652	300	5.837628204450327	0.0	160064	922.4676818529781	0.013275116	0.16260732267464612
3927.452883466284	300	5.555616681737203	0.0	137507	782.0115227131233	0.012238439	0.19181303042644127
3930.3107003760433	300	5.648980867817288	0.0	118421	906.6358139199154	0.008814333	0.1654468064210507

