1905.2458779100652	750	4.0	1.1482833162359447	450283	1148.2833162359448	0.34472418	-4.627327305146015
1906.277332948362	750	6.968544961703175	0.0	398865	1031.455038296825	0.26857495	0.6076996623854745
1909.74577856892	1850	7.500099341145291	0.0	877771	2968.445620557884	0.015381251	-0.5760018266239069
1914.6544790903642	1850	6.591398819701002	0.0	933276	4908.700521444289	0.042097304	0.24250920895044714
1918.3463153387481	1850	6.8995625713172135	0.0	996749	3691.8362483837886	0.011558654	0.3938567531426641
1922.971189848988	1850	6.274688061077348	0.0	801058	4624.874510239866	0.004758177	0.2404080338922358
1925.9780331099366	1850	7.267844800128558	0.0	905515	3006.8432609487895	0.10287825	0.49780364161266677
1928.967192250659	1850	7.723484530721024	0.0	1060487	2544.360269407534	0.004705182	0.587907790899082
1931.6580135066035	1850	7.92047335270628	0.0	852833	2303.011178014743	0.08193722	0.6310031015895784
1936.8006895576452	1850	6.7777973016645054	0.0	913888	5142.676051041774	0.4968659	0.2370527250876543
1945.5148623144332	1850	4.0	1.9363754551236352	939819	8714.17275678814	0.004705182	-8.713877599933557
1947.451777749046	300	6.0630845653873235	0.0	156148	1936.9154346126766	0.05986328	-1.1440667866332588
1949.5804389601017	300	7.934423354331562	0.0	160746	2128.661211055761	0.01808458	0.5668771547285891
1951.3144000120142	300	7.817560551189306	0.0	179801	1616.8628031422559	0.0140195675	0.6068088157925443
1952.501764663504	300	7.667427302129572	0.0	140051	1150.1332490597338	0.2990874	0.6390312726411648
1954.2231587245717	750	7.835346044360662	0.0	366214	1332.0812577689098	0.68309915	0.21106764541668474
1958.0787743650403	1850	7.6371945542258945	0.0	966699	3198.151490134768	0.67631185	-0.5857768410381314
1961.151268093936	1850	7.589679812644714	0.0	885714	3047.5147415811816	0.004705182	0.5247134850814856
1964.5154272528641	1850	7.9350896743881405	0.0	987708	3154.5901382565735	0.004705182	0.5472520434026743
1967.217090083091	1850	7.794042869760482	0.0	923755	2641.046804627658	0.004705182	0.5850304589733539
1971.322878164753	1850	7.536456789278982	0.0	891604	3257.5860804814997	0.008937854	0.49858357374340345
1975.258819130484	1850	7.532587349903814	0.0	955231	3503.869439375169	0.004705182	0.47358279984668206
1978.1736371395912	1850	7.826214037028154	0.0	968026	2706.3733128756594	0.004705182	0.5815943201415646
1980.2196563426812	1850	7.522426874198774	0.0	874175	1803.7871628293801	0.017490095	0.6426130699837864
1984.0754427887837	2850	7.666640428096269	0.0	1383735	3855.786446102506	0.69248277	-0.495219913200853
1986.8163535027113	1850	7.7951942856641105	0.0	905935	2371.4461424321585	0.6700316	-0.38789864969699483
1990.1736414178897	1850	7.991282632922628	0.0	1076599	3303.911652741483	0.33145142	0.5377285290911906
1992.4569404981762	1850	7.98632119999775	0.0	758197	2004.9614329248777	0.043431655	0.6671460074255667
1995.004972665111	1850	7.931473945211448	0.0	972798	2054.847254786303	0.24941504	0.6568783136418735
1997.5747781011094	1850	7.558163606786189	0.0	975811	2373.310338425259	0.6864231	0.5891004541958886
2000.3414866732337	1850	7.993056979510627	0.0	873429	2565.1066272755606	0.68075407	0.6117798145454649
2002.8691840089753	1850	7.650009179064349	0.0	954453	2343.047800446279	0.54086256	0.6009669503666542
2006.4689380207988	1850	7.947457016800165	0.0	885062	3202.552162264184	0.65188587	0.543646211987892
2010.3548744161517	1850	7.918089739403386	0.0	1035329	3029.3672773967783	0.020668384	0.5581380661189501
2014.316809439104	1850	7.925406810905359	0.0	1026056	2992.6829284980276	0.01729091	0.5625107775888778
2018.837184462919	1850	7.405031787090451	0.0	943942	4520.375023814908	0.04684073	0.35965487121155126
2022.4275646755013	1850	7.814651574508082	0.0	728962	3590.38021258237	0.004705182	0.49208072980379614
2026.738076247122	1850	7.5041400028873575	0.0	938587	3810.511571620724	0.004705182	0.4401804966276638
2029.7532709699847	1850	7.726802025692124	0.0	908665	2777.337977195233	0.004705182	0.5649293328415227
2032.763703606898	1850	7.855514147069132	0.0	930577	2871.287878622992	0.004705182	0.5679230329869692
2035.3735654889012	1850	7.820155594712676	0.0	858450	2535.3585523564557	0.004705182	0.5981126641257936
2039.1444966756892	1850	7.556941666142062	0.0	1025005	3763.213928570614	0.00942978	0.44999248198355396
2042.622214810774	1850	7.80194120820838	0.0	886255	3255.000457933681	0.004705182	0.5243953178374562
2046.3698097581457	1850	7.724502478098064	0.0	973972	3577.438730110315	0.004705182	0.48469792343912377
2050.355674916367	1850	7.738637319876905	0.0	958994	3485.865158221159	0.004705182	0.4952157754687559
2053.3610910564353	1850	7.773940018584133	0.0	982064	2964.697301292772	0.004705182	0.5507304866711993
2055.6847841274766	1850	7.717452902450926	0.0	830730	2056.487116133206	0.004705182	0.6361145550416496
2060.48616501745	1850	6.9160720124781	0.0	846370	4801.3808899728265	0.08264614	0.2844913417566127

