10233.357513215842	750	4.0	2.731225734575557	450283	2731.225734575557	0.30435953	-11.569852054023732
10234.320970109979	300	7.036543105862896	0.0	155580	963.4568941371031	0.50057924	-0.3802325581395349
10237.0608213728	750	7.828958850798239	0.0	350812	2207.584255064658	0.4972493	-0.2755813953488372
10243.354472770321	750	5.535307453277008	0.0	382355	6293.65139752123	0.115988776	0.1744186046511628
10245.326972176857	300	7.562808046739964	0.0	163442	1972.4994065370447	0.40833575	-0.3802325581395349
10247.954802974908	300	7.543101539332985	0.0	126289	1519.7065074069792	0.36542678	0.06976744186046512
10251.943905219236	300	7.553999295003823	0.0	153295	2489.102244329162	0.25399944	0.06976744186046512
10253.652780843511	300	7.968174702652414	0.0	173849	1585.8245923514087	0.07762867	0.06976744186046512
10255.537569087166	300	7.757306134935972	0.0	150710	1210.8685677164417	0.26814997	0.06976744186046512
10256.741478102093	300	7.772311517893137	0.0	139105	984.9946170428365	0.2226711	0.06976744186046512
10259.216358518437	300	7.9993284896118055	0.0	141840	1772.9830282813307	0.5503072	0.06976744186046512
10260.709633393439	300	7.73363970319256	0.0	156148	1265.6887864192452	0.52605224	0.06976744186046512
10264.869493988777	750	7.57377910785504	0.0	386351	3659.8605953375204	0.64089763	-0.2755813953488372
10268.009440188986	300	7.657529430761284	0.0	179801	2416.2496770937555	0.62501293	-0.3802325581395349
10269.889654155133	300	7.634270618644625	0.0	140051	1023.2588121166594	0.22693387	0.06976744186046512
10273.408060517102	750	7.898545005175985	0.0	366214	2235.72561346864	0.581812	-0.2755813953488372
10274.98953197345	300	7.959149651252145	0.0	143509	939.3953539238403	0.5863399	-0.3802325581395349
10276.931686281807	750	7.574110615034551	0.0	372963	1885.039036217592	0.70891446	-0.2755813953488372
10280.200409287798	750	7.633306671810543	0.0	405596	2440.8039432240066	0.3063632	0.1744186046511628
10282.65082079782	750	7.722060505382411	0.0	350713	2411.2461664281336	0.49938422	0.1744186046511628
10285.380431713502	750	7.896837662138163	0.0	386472	2325.2228432442485	0.50692904	0.1744186046511628
10287.95689744728	750	7.675798922066819	0.0	399894	2221.0387400713444	0.46427172	0.1744186046511628
10290.896940256558	750	7.708491023832534	0.0	401853	2467.307898234285	0.48819762	0.1744186046511628
10292.666308734893	750	7.540174221086676	0.0	343800	1668.3168027458566	0.5350051	0.1744186046511628
10294.821639129148	750	7.588034871304059	0.0	359903	1452.1393497826173	0.40844408	0.1744186046511628
10296.963426273831	750	7.578736821198849	0.0	379700	1509.2980501052102	0.16002741	0.1744186046511628
10299.436710916598	750	7.858339056653735	0.0	425781	1720.397764545113	0.08940011	0.1744186046511628
10300.84467564231	750	7.850800147257752	0.0	277716	1007.5389093959825	0.062516436	0.1744186046511628
10302.692413050889	750	7.622144317628317	0.0	400396	1728.6558296294345	0.0390149	0.1744186046511628
10304.317833330182	750	7.533974891454811	0.0	400508	1588.1694261735074	0.06748022	0.1744186046511628
10306.030720318557	750	7.5611569143280635	0.0	358218	1472.8179771267476	0.054796204	0.1744186046511628
10309.10338338976	750	7.969859893849629	0.0	400322	2091.2970204784333	0.06405174	0.1744186046511628
10311.54350381507	750	7.735482673057721	0.0	369834	1734.3772207919087	0.15104605	0.1744186046511628
10314.531604275182	750	7.879303973760459	0.0	412837	2856.1786992972607	0.16893196	0.1744186046511628
10316.466399066978	300	7.862867529770589	0.0	179328	1016.4364439898703	0.62957525	-0.3802325581395349
10317.797663510866	300	7.5914145057284586	0.0	159914	771.45302404213	0.695531	0.06976744186046512
10319.61402878409	750	7.783137593040126	0.0	321064	1308.2769126883325	0.692881	-0.2755813953488372
10321.408342471286	750	7.710024825209701	0.0	361565	1573.1127678304251	0.17452377	0.1744186046511628
10325.475764381199	750	7.641914429936404	0.0	378327	3568.1103952732974	0.15714867	0.1744186046511628
10326.507600477687	300	7.920652058011256	0.0	149991	721.2623719251474	0.6444243	-0.3802325581395349
10328.982404059456	750	7.968537205408851	0.0	345516	1952.1148526024035	0.7048028	-0.2755813953488372
10331.309001009036	750	7.9315830667025224	0.0	384505	2036.954138706329	0.6224517	0.1744186046511628
10333.255807342284	750	7.6430013485152815	0.0	372093	1788.5817181872417	0.5769035	0.1744186046511628
10336.36702965079	750	7.971502411291549	0.0	438281	2671.498937223733	0.5526495	0.1744186046511628
10339.271131897283	750	7.719312954686429	0.0	398987	2252.1894566051196	0.68931204	0.1744186046511628
10340.76595276954	300	7.7978589945024455	0.0	160064	921.4539601839841	0.69568896	-0.3802325581395349
10341.678833193257	300	7.6281022001801935	0.0	137507	669.7567943222506	0.4409085	0.06976744186046512
10342.711892285986	750	7.603134435514162	0.0	314107	1024.9677646660316	0.60813946	-0.2755813953488372

