3618.3585106350806	750	4.0	3.5013497766476167	450283	3501.3497766476166	0.004705182	-14.948702486206372
3619.9663769160434	300	5.531741709697546	0.0	155580	968.258290302454	0.23383158	-0.29508265872617045
3620.733481121774	300	5.862993544942416	0.0	139857	668.7481647551292	0.6603819	0.22429968096424524
3622.2668155122383	750	5.975504374962742	0.0	382355	1387.489169979673	0.7614232	-0.17972762014027555
3624.4664724139016	750	5.728598586823406	0.0	411561	1746.9057881393376	0.5283813	0.21466526846843847
3626.4710913241342	300	5.922664678919304	0.0	126289	805.9339079041016	0.44735992	-0.2638805198181976
3627.829530887458	300	5.64278743182156	0.0	153295	1279.8772470977433	0.59839433	0.11719873944172446
3629.513022962096	300	5.560322543065849	0.0	173849	1082.46488875571	0.7434971	0.13857262397898606
3631.4435888545304	300	5.895553151639462	0.0	150710	1164.7693914263873	0.7204939	0.1287808566263135
3632.52728528207	300	5.9616031740738835	0.0	139105	933.949977565579	0.68333477	0.1606081734601974
3633.8038410607032	300	5.628198490694053	0.0	141840	833.4046833798316	0.5938021	0.17998458970938633
3635.685889949334	300	5.873749708405554	0.0	156148	1254.4487822884985	0.65191424	0.11957443150955442
3639.588722381102	300	5.970917276637327	0.0	160746	1902.8324317682266	0.424332	0.07882985253757262
3642.103426922815	300	5.843781208085833	0.0	179801	1627.136068551495	0.12962687	0.09218651279332318
3644.887330803274	300	5.740613494937465	0.0	140051	1603.167713148368	0.082548365	0.09356475855256823
3647.638253426148	300	5.62552030530535	0.0	138313	1615.0931896321147	0.042236444	0.09287389790440943
3650.21680523184	300	5.589159142880495	0.0	143509	2036.3611624248554	0.02357132	0.07366080377479955
3651.8888694148823	300	5.634222349193109	0.0	150616	1454.936793687386	0.011108257	0.10309726212905827
3653.610931082966	300	5.656755147828437	0.0	165384	977.4672013646734	0.013128406	0.15345783448342837
3655.4923001743855	300	5.898367859328509	0.0	140881	758.3872884999275	0.061552994	0.1977881252423106
3656.6982350781864	300	5.65189134703756	0.0	157671	746.4765122909512	0.14989693	0.20094403176818923
3658.5762800037824	300	5.547598060894539	0.0	157812	1104.2932861430209	0.2763307	0.13583348000231615
3662.1714066788936	300	5.952471385783233	0.0	163927	2595.126675111306	0.09254538	0.05780064666537576
3664.5042435758282	300	5.5254920850479525	0.0	137654	1926.97930073528	0.012020554	0.07784204010015276
3666.333938192054	300	5.703573641784845	0.0	146754	821.9184432631064	0.00637704	0.1824998589938967
3667.351855416895	300	5.7535030252459185	0.0	153938	950.0706165389266	0.036169313	0.15788300089360163
3668.797778356088	300	5.684464945850161	0.0	181901	1069.038079395757	0.056118164	0.14031305609317787
3669.827005373609	300	5.503293809488474	0.0	111155	681.1711363616863	0.07774284	0.2202089783210565
3670.8137059873015	300	5.918971419221765	0.0	153605	584.3223902667075	0.03944357	0.2567076026840836
3671.8622192391617	300	5.850903981504541	0.0	149029	568.0674377172236	0.1990266	0.26405315643997185
3673.1211535541315	300	5.566659712090983	0.0	157421	784.2442694135583	0.26629356	0.19126693793015143
3674.366961237589	300	5.841100821640929	0.0	157488	725.558890450054	0.12183565	0.20673718146704412
3675.1691909909396	300	5.63011036996904	0.0	143881	710.9904516718876	0.12864356	0.21097329738715387
3676.618293813833	300	5.976178666861622	0.0	163444	653.9317031074163	0.08981807	0.22938175238670247
3678.963346039214	300	5.871238032564344	0.0	179328	604.9406342972779	0.1524002	0.24795821522924427
3679.857437002798	300	5.719248379813967	0.0	159914	651.9896527503771	0.20300019	0.23006500082821021
3680.4706793122245	300	5.623677876017649	0.0	131610	595.570503796317	0.1384349	0.2518593500582418
3681.4310108302593	300	5.67234808181498	0.0	124011	451.3297942026697	0.09181687	0.3323512028825699
3682.6541182267774	300	5.610295163972438	0.0	144254	562.0529178425421	0.1243309	0.26687878532110415
3684.099352972642	300	5.938205020877838	0.0	149991	672.0901430945986	0.10618613	0.22318434742895354
3684.907493474913	300	5.825707123627435	0.0	147968	612.4978972504039	0.07401499	0.244898799936086
3685.584069761462	300	5.76524031186285	0.0	161857	560.4668117645859	0.060954835	0.2676340451412934
3686.7909786653117	300	5.589840563830294	0.0	145210	675.3997480325567	0.09252779	0.22209069582414098
3687.669740986516	300	5.871213985636932	0.0	172312	718.6265781933606	0.04286685	0.20873149498186183
3689.083948655002	750	5.574178027898925	0.0	398987	1297.0359577380066	0.04358778	-0.16087925684497661
3690.061720191035	300	5.993878100756738	0.0	160064	580.2999271421863	0.31661427	-0.19151297805824696
3692.1806916505534	300	5.79812821844306	0.0	137507	695.7498823136788	0.073065355	0.21559471846575537
3693.170092466392	300	5.550038527626082	0.0	118421	748.0896908169778	0.025886744	0.20051071661766542

