7701.059571597961	750	4.0	1.6438931885945212	450283	1643.8931885945212	0.43895143	-6.808010743523751
7702.770496333165	750	6.289075264795886	0.0	398865	1710.924735204114	0.32987055	0.4743529498798437
7704.599009640353	750	7.522227606481342	0.0	350812	1766.847658314546	0.7913188	0.5874529942026545
7709.502637830201	1850	6.618599416633612	0.0	933276	4903.62818984773	1.04135	-0.8543654690304505
7714.372580495262	1850	5.748656751572913	0.0	996749	4869.942665060698	0.095174015	0.16527009753638378
7717.817454073633	1850	6.3037831732010945	0.0	801058	3444.8735783718184	0.27828044	0.3612085652129629
7721.455690180722	1850	6.665547066112586	0.0	905515	3638.2361070885095	0.036603525	0.37669250471163485
7726.003963175962	1850	6.117274070872169	0.0	1060487	4548.272995240417	0.007919841	0.23291690709125762
7729.93049358194	1850	6.190743664893085	0.0	852833	3926.530405979083	0.008390473	0.30216269926685513
7736.421677526982	1850	4.0	0.3004402801492697	913888	6491.183945042355	0.011396894	-1.4570574663692077
7737.355271498993	300	7.066406027989566	0.0	141840	933.5939720104346	0.2963474	-0.9471637912041557
7738.431265669945	300	7.677372600891235	0.0	156148	889.0334270983303	0.71175694	0.6660985013255453
7741.41638042172	750	7.76329569233015	0.0	386351	2414.076908561084	0.40293923	0.09593315076817766
7745.152434402234	750	7.9707875473795	0.0	434409	2792.508144950651	0.19385216	0.5280613577392244
7749.406225060759	750	7.6056651787993	0.0	337059	3365.122368580199	0.18469921	0.4356564858452584
7752.810915893403	750	7.767653945599486	0.0	366214	2838.0112331998134	0.1297823	0.503959205213337
7756.334414610626	750	7.699244315160646	0.0	360831	3068.40963043884	0.14023732	0.4743348595767697
7760.24382358261	750	7.789835343175722	0.0	372963	3909.4089719849244	0.60413265	0.39895441646126173
7764.251448199948	300	7.782210725837102	0.0	165384	1007.6246173386199	0.681965	0.21433017286931366
7765.989935208153	750	7.694028593187944	0.0	350713	1588.1821326491583	0.70048445	0.1718555900940086
7767.701667874114	750	7.898314674135505	0.0	386472	1295.71391905244	0.34421033	0.6707651826051328
7774.563829860626	1850	5.036152687622438	0.0	955231	6862.161986513067	0.24083158	-1.2025311733917738
7776.532905587387	750	7.067076960861525	0.0	401853	1969.0757267609138	0.6996759	-0.5765785877809775
7778.747184359701	750	7.9885657809456605	0.0	343800	2078.511179915864	0.36843836	0.6011722297494585
7780.605195926548	750	7.877443874821372	0.0	359903	1111.1219061242875	0.18301591	0.6872155453674021
7784.589012412937	1850	7.663980395187652	0.0	905935	3713.4634796337205	0.09819971	-0.6347298718696346
7788.699689113996	1850	7.553303694129376	0.0	1076599	4110.676701058276	0.004705182	0.4148960457283149
7791.826142101516	1850	7.530592121176753	0.0	758197	3022.711572952623	0.004705182	0.5215065434203485
7794.861709139798	1850	7.5446792903194035	0.0	972798	2985.912830857348	0.004705182	0.5265423239243183
7797.9262231846815	1850	7.992249376090069	0.0	975811	3052.4299142293357	0.004705182	0.5629697530884332
7801.595648731091	1850	7.978578687212004	0.0	873429	2513.670688878064	0.004705182	0.6155298560354354
7805.175170844786	1850	7.671694992629878	0.0	954453	3306.883694582126	0.006107209	0.5066706455462939
7808.232225504517	1850	7.849486886321396	0.0	885062	2822.2081063084815	0.004705182	0.572250879412625
7813.250145930022	1850	6.831566460816756	0.0	1035329	5017.92042550464	0.004705182	0.25470363128941653
7821.439541264059	1850	4.0	1.3578288732205992	1026056	8189.3953340373555	0.004705182	-6.173649555475425
7824.418343746795	300	5.021197517264362	0.0	159914	2978.802482735638	0.25447583	-1.3485383227470311
7827.366303377085	300	6.073237886973284	0.0	131610	2947.9596302910777	0.004705182	0.3058060627241545
7830.459868498213	300	6.979672765845611	0.0	124011	3093.5651211276722	0.004705182	0.37849091726413203
7834.3563276202985	300	7.083213643759539	0.0	144254	3896.459122086072	0.004705182	0.3081674462115176
7840.193561768802	300	5.24597949525583	0.0	149991	5837.234148503709	0.004705182	-0.0627459644181958
7846.372389178954	300	4.0	0.9328479148961123	147968	6178.827410151943	0.004705182	-4.2280782896110045
7853.316287315531	300	4.0	2.9438981365762866	161857	6943.898136576287	0.004705182	-12.952101315478188
7859.521689126688	300	4.0	2.205401811157627	145210	6205.401811157627	0.004705182	-9.702717483636086
7866.473482327003	300	4.0	2.95179320031539	172312	6951.79320031539	0.004705182	-12.986839595930242
7873.147700614026	300	4.0	2.6742182870229163	167025	6674.218287022916	0.004705182	-11.765509977443358
7878.761260610057	300	4.0	1.6135599960313238	160064	5613.559996031324	0.004705182	-7.098613497080352
7884.065545359963	300	4.0	1.3042847499055452	137507	5304.284749905545	0.004705182	-5.737802414126926
7888.984432691873	300	4.0	0.918887331910667	118421	4918.887331910667	0.004705182	-4.042053774949462

