14068.620311385228	750	4.0	10.535228578788095	450283	10535.228578788096	0.022472385	-0.7163135555532281
14070.01115833376	300	6.609153051467327	0.0	155580	1390.8469485326723	0.04691012	-0.1411289082063267
14071.742417804075	300	7.926561113369437	0.0	139857	1682.5919380978908	0.0062116077	0.3620345967060333
14074.56370363289	300	7.830252007971493	0.0	155432	2596.3091053979438	0.006635417	0.2646435608886565
14078.66848930448	300	7.58034743373442	0.0	163442	2249.904574237073	0.008566527	0.2836649781149265
14081.542045336992	300	7.501009994756285	0.0	126289	1579.3374389781347	0.00507213	0.34576310170468694
14085.301144750485	300	7.741910581263295	0.0	153295	2759.09941349299	0.005443491	0.24284319090988948
14089.180259916224	300	7.86279541552541	0.0	173849	3879.1151657378855	0.0056259152	0.1383969178267821
14093.504457889238	300	7.538597442510701	0.0	150710	3824.197973014708	0.005994183	0.12362626378568053
14097.31910129635	300	7.7239540353995295	0.0	139105	3814.6434071111717	0.005001328	0.13616650743158593
14101.372133471601	300	7.670921860149386	0.0	141840	3553.032175250143	0.004896637	0.15901311966455484
14105.118481758927	300	7.924573572821734	0.0	156148	2746.3482873276544	0.004764421	0.2555347404988254
14109.06511032159	300	7.977945010161482	0.0	160746	2946.628562660252	0.0047488073	0.23884242779929993
14113.38633864319	300	7.656716688560009	0.0	179801	3321.228321601473	0.00473653	0.18130568180508583
14116.252520657134	300	7.677881636252903	0.0	140051	2478.8350523071063	0.0047505945	0.2668678179653284
14119.968036664317	300	7.9623656290703435	0.0	138313	2715.5160071825585	0.0047414172	0.2609799720288732
14124.394125484821	300	7.5362768085640415	0.0	143509	3426.0888205063025	0.00474249	0.16329213941485488
14126.897981202212	300	7.623824896981496	0.0	150616	1912.451911582545	0.004753813	0.3201275858333215
14129.96844341657	300	7.9592957022553525	0.0	165384	1664.5291947261435	0.0047567924	0.36588678284857773
14132.611035508602	300	7.645966075455163	0.0	140881	1813.3296268001893	0.005058879	0.3314236379661613
14136.264377538444	300	7.992624045612826	0.0	157671	3153.342029842338	0.005129191	0.2190885207968004
14140.58020662062	300	7.676794963436598	0.0	157812	3315.8290821762284	0.004761918	0.18310049792739713
14143.492723325184	300	7.894753499881437	0.0	163927	2782.04146355516	0.00475715	0.25010166831730635
14146.784135250091	300	7.639285048280072	0.0	137654	2255.468451601366	0.0048725093	0.2867921912876005
14149.301682294195	300	7.708483286481773	0.0	146754	1930.8017617982982	0.0049333163	0.3235837501555135
14151.981173723007	300	7.5921102422299915	0.0	153938	1616.3730442517797	0.004942275	0.34775330664442905
14154.932290973256	300	7.828110837884287	0.0	181901	2263.9994043457054	0.005014261	0.2977407078634299
14158.065567515121	300	7.7100314709039	0.0	111155	2118.0793669803884	0.0050687944	0.30495275116368736
14162.322322642884	300	7.453276343141612	0.0	153605	4256.755127762288	0.0048027392	0.07503797960035447
14165.975611112854	300	7.799987873170654	0.0	149029	3653.288469970957	0.004761084	0.15705411600630265
14170.156397871206	300	7.619201114817699	0.0	157421	4180.786758352955	0.0047560777	0.09300511477104317
14173.9131975227	300	7.862401463322674	0.0	157488	3756.7996514950255	0.0047410596	0.15060384723839715
14178.015964100523	300	7.759634885499054	0.0	143881	3102.766577823619	0.0047397483	0.20958424349156146
14182.449913116607	300	7.325685869416308	0.0	163444	4433.949016082746	0.004717936	0.0493441861604772
14188.592915273099	300	5.1826837129235885	0.0	179328	6143.002156492719	0.004711976	-0.2554987626613151
14192.855656323498	300	4.919942662523743	0.0	159914	4262.741050399845	0.00473796	-0.08389396770201801
14195.701372827241	300	6.074226158781189	0.0	131610	2845.716503742554	0.0047434433	0.12995120547980155
14198.29190558514	300	7.483693400883238	0.0	124011	2590.5327578979504	0.0047267564	0.24356128269563987
14202.196545173489	300	7.579053812534218	0.0	144254	2904.6395883490204	0.0047196047	0.21811062537871906
14206.238024410743	300	7.537574575278884	0.0	149991	2541.4792372553334	0.004710784	0.2518342081596295
14210.199187666387	300	7.576411319635191	0.0	147968	3961.163255643692	0.004724968	0.11229310284306276
14214.12813662679	300	7.647462359231233	0.0	161857	3928.9489604039595	0.0047342656	0.11995522234178868
14217.826162117606	300	7.9494368684161705	0.0	145210	3198.025490815062	0.0047765225	0.21192097612473704
14221.606785098731	300	7.842021233039804	0.0	172312	3107.415635376367	0.004746423	0.21426848445758362
14224.449518796107	300	7.952258071726317	0.0	167025	2389.763161313487	0.004952583	0.29292353428177864
14228.657224738794	300	7.744552129040565	0.0	160064	2707.705942685752	0.0051435577	0.24814763472669266
14231.78904360709	300	7.828980910265989	0.0	137507	1415.5712187745764	0.0051921057	0.3826379059443993
14234.869683884543	300	7.711784615300017	0.0	118421	1617.1962949659708	0.0063273734	0.3551506298898865

