708.9791318996138	750	4.0	4.127748728925795	450283	4127.748728925795	0.03302946	-17.736975120981356
711.6030716337264	300	5.376060265887466	0.0	155580	2623.939734112534	0.011847108	-0.17889609861991235
712.9679469548449	300	7.759466779627364	0.0	139857	1116.593486260102	0.006053556	0.6512441548952598
714.1019800214709	300	7.7265912114135755	0.0	155432	1032.875568213788	0.11740688	0.6564516353025444
715.6006102217455	300	7.772854827132407	0.0	163442	953.7363842811674	0.65563285	0.6688184801227989
718.3536190957768	750	7.723797326713429	0.0	318564	2049.057500418978	0.42002624	0.12863332828860158
721.7782270707731	750	7.803469045071444	0.0	352642	2920.328281641984	0.2928779	0.4991747450439268
727.2773820015104	750	6.304314114334153	0.0	437162	5499.154930737292	0.51790744	0.09699668718872878
733.1652105865722	750	4.4164855292723395	0.0	374758	5887.828585061813	0.061626364	-0.123576359164632
734.7760603649275	300	6.805635750917139	0.0	139105	1610.8497783552011	0.0049135587	0.06001118791858312
736.4940491035142	300	7.6826978563281445	0.0	141840	1122.9378945889932	0.022555243	0.6432206165606009
738.5122419565238	300	7.881126899522143	0.0	156148	1301.5709568060013	0.19547233	0.6444563348442789
739.9650982687508	300	7.728009686710482	0.0	160746	1153.1172128116616	0.37022537	0.6445640007277971
742.1154080973512	750	7.762724322117969	0.0	434409	1965.2853645925131	0.4251982	0.14075731012243198
743.7224207517107	750	7.926730188792102	0.0	337059	1335.9941333258669	0.14751557	0.669472187270864
747.8712287020857	1850	7.777922238417154	0.0	923170	3648.807950374948	0.64211154	-0.617297284980384
751.562062213114	1850	7.507418771057328	0.0	966699	3270.5034673598257	0.023163099	0.4944968922756432
754.420727067495	1850	7.873251365701051	0.0	885714	2634.167405356277	0.0065732365	0.5933423080856212
757.4072630651252	1850	7.667232005598336	0.0	987708	2706.019360102716	0.004705182	0.566327511339669
760.7471709726714	1850	7.642536446889038	0.0	923755	3024.695558709298	0.004705182	0.5320829154407714
764.5485897605329	1850	7.841117659027541	0.0	891604	3801.4187878614975	0.004705182	0.4735242634675266
769.022269689432	1850	7.367437730128383	0.0	955231	4473.679928899158	0.010282701	0.3607059093159859
772.1259337933976	1850	7.835761120344281	0.0	968026	2531.6766097841014	0.17430344	0.5999829082425647
775.1837415302674	1850	7.9128510133001475	0.0	874175	2922.9101070441343	0.004705182	0.5682795497183617
779.1706543627325	1850	7.925938180835023	0.0	897976	3986.9128324651247	0.004741179	0.463138932161396
785.9000871246087	1850	5.19650541895887	0.0	905935	6729.432761876153	0.069013715	-0.0738241154003273
787.1412739623371	300	7.955318581230511	0.0	181901	1241.1868377283586	0.61057556	-0.8923642182248831
789.4484199110057	750	7.607960714243874	0.0	277716	1347.3578669866367	0.6211388	0.18765388394148505
793.0620536066193	750	7.726037921278026	0.0	400396	2881.9227929658477	0.027960949	0.49556245884765476
795.3555917840499	750	7.660124279386646	0.0	400508	2065.9136418913804	0.19760115	0.5708191098218948
798.1733798280441	750	7.520042458159121	0.0	358218	2140.081821227524	0.020541873	0.5499192548624612
800.8315867444601	750	7.969792130334541	0.0	400322	2550.2503278245804	0.12653843	0.552191329411987
802.7641143247095	750	7.842506682505533	0.0	369834	1627.2854478290092	0.1320052	0.6322364460994949
804.6016526861996	750	7.546358558470533	0.0	412837	1296.1481240349992	0.03957121	0.6368455796201666
808.7448388254985	1850	7.403172419171724	0.0	1026056	4143.1861392988085	0.32465243	-0.7028052066457655
812.5171460447473	1850	7.630865199922903	0.0	943942	3772.3072192488207	0.1527911	0.45619837839119015
815.5073116205429	1850	7.739224214526615	0.0	728962	2891.6409853962873	0.18263876	0.5546946820388818
821.9077128084631	1850	5.338823026606335	0.0	938587	6400.401187920281	0.040392246	-0.027222723954655192
823.5265423743567	750	7.719993460712672	0.0	378327	1618.8295658936624	0.5096775	-0.478710004753226
825.6005031044335	750	7.726890667780833	0.0	390680	1493.102792931838	0.025621265	0.6345265366864967
827.0446966633431	750	7.885222851898534	0.0	345516	1341.6678158823001	0.15764663	0.6649096899165624
830.30576432046	750	7.535951995353781	0.0	384505	2849.270856544754	0.47264397	0.4805316626542169
832.1216467117687	750	7.808909185485376	0.0	372093	1727.042809868405	0.116659865	0.6190269120170864
834.165894171761	750	7.941205222209439	0.0	438281	1867.7039632759358	0.026754979	0.6176944429545501
835.8539191488045	750	7.770464482045882	0.0	398987	1670.7407401635583	0.033500005	0.6209567718948572
837.5728517671856	750	7.9296402437952915	0.0	393804	1340.8242382505905	0.052511152	0.6692692729322777
838.3323249300345	750	7.673957876436092	0.0	331053	755.6823673591986	0.6970073	0.7031737369628205
841.4721169507455	1850	7.890957311325403	0.0	846370	2783.000565110689	0.013187907	-0.5198367901809247

