6714.924328852218	750	4.0	4.317997209867139	450283	4317.997209867139	0.00515314	-17.817388002428697
6717.122606616131	300	5.801722236087304	0.0	155580	1198.2777639126964	0.004705182	-0.15000000000000002
6719.248764353966	300	5.7867807873046075	0.0	139857	1014.9414487826949	0.0062805815	0.3
6721.500034684866	300	5.601753866536179	0.0	155432	1185.0269207684285	0.0059970776	0.3
6723.35029127683	300	5.894747208819721	0.0	163442	1207.006657716457	0.010842675	0.3
6725.203749540692	300	5.9796430917123615	0.0	126289	915.10411710736	0.12517868	0.3
6727.100274406363	300	5.525557698905022	0.0	153295	954.0853928073391	0.044042997	0.3
6729.717410472888	300	5.638209440173172	0.0	173849	1387.34825873185	0.15309289	0.3
6732.827707510232	300	5.86795477294838	0.0	150710	1270.254667224792	0.13343489	0.3
6735.208767498947	300	5.997445930300406	0.0	139105	1370.5088426479738	0.10788441	0.3
6736.804947652939	300	5.774631469237607	0.0	141840	1222.8144610627992	0.026021948	0.3
6739.616374994811	300	5.705600611416626	0.0	156148	1569.0308578209806	0.023851786	0.3
6743.498011305103	300	5.823964301123773	0.0	160746	2381.636310292853	0.008056333	0.3
6747.410794664457	300	5.714589085368092	0.0	179801	2109.3752157556805	0.004705182	0.3
6749.619620451036	300	5.561880206628175	0.0	140051	1152.708878739918	0.004705182	0.3
6750.735929609183	300	5.961784138724496	0.0	138313	1100.0960679036796	0.0047215116	0.3
6753.358172327616	300	5.63876933412958	0.0	143509	1323.0148045949152	0.0073972605	0.3
6755.022258941759	300	5.986339945876527	0.0	150616	1152.4293882530535	0.0051790504	0.3
6756.9351003451275	300	5.555747828487813	0.0	165384	1430.592117388715	0.013419012	0.3
6758.169713221518	300	5.839566109582096	0.0	140881	1216.1817189057167	0.005461974	0.3
6759.665290008989	300	5.630993256438403	0.0	157671	1208.572853143693	0.005000812	0.3
6762.210866125847	300	5.621707160423706	0.0	157812	1509.2860960146973	0.0076160645	0.3
6764.961478758834	300	5.604545878202191	0.0	163927	1517.161282221516	0.005227129	0.3
6767.737370674912	300	5.72332557169563	0.0	137654	1381.2203065065614	0.004705182	0.3
6769.665924367283	300	5.7213845064460385	0.0	146754	1001.9410652495914	0.004705182	0.3
6771.923023805594	300	5.511141134000765	0.0	153938	1210.2433724452721	0.011792683	0.3
6774.943689736593	300	5.849236239934207	0.0	181901	1661.9048940665584	0.0073353834	0.3
6776.498485488833	300	5.7262187772812	0.0	111155	1123.0174626530074	0.004942702	0.3
6778.980178462216	300	5.686261439882915	0.0	153605	1539.9573373982848	0.004705182	0.3
6781.784489510696	300	5.564973786134571	0.0	149029	1621.2876537483437	0.004705182	0.3
6784.640976966833	300	5.98824173643269	0.0	157421	1576.7320497018804	0.004705182	0.3
6786.630453277868	300	5.758381274632788	0.0	157488	1729.8604617999024	0.004705182	0.3
6788.929841298018	300	5.758495160674815	0.0	143881	1499.886113957974	0.004705182	0.3
6790.781899888903	300	5.927216861328113	0.0	163444	1331.2782993466997	0.004705182	0.3
6793.708719297148	300	5.869197274475248	0.0	179328	1558.0195868528658	0.004705182	0.3
6796.50432162619	300	5.500796039649996	0.0	159914	1368.4012348252506	0.004705182	0.3
6797.986921878376	300	5.8230964746656575	0.0	131610	1177.6995649843398	0.004705182	0.3
6800.383430831086	300	5.607292375411744	0.0	124011	1215.8040992539131	0.004705182	0.3
6803.377487859111	300	5.805616297626926	0.0	144254	1301.6760777848178	0.004705182	0.3
6806.8253933544565	300	5.93785400607411	0.0	149991	1867.7622915528161	0.004705182	0.3
6810.867718141506	300	5.895529219024171	0.0	147968	2542.3247870499385	0.004705182	0.3
6814.979884572858	300	5.7833627876723765	0.0	161857	3112.1664313517945	0.004705182	0.3
6817.665674915823	300	5.78778481778708	0.0	145210	1495.5779698852973	0.004705182	0.3
6819.770295122719	300	5.900580943879039	0.0	172312	1387.2038739080417	0.004705182	0.3
6821.477482518842	300	5.88569542181131	0.0	167025	1514.8855220677299	0.004705182	0.3
6822.672303219692	300	5.759435998913756	0.0	160064	1126.259422897555	0.004705182	0.3
6825.0752233662	300	5.557256469136904	0.0	137507	1202.1795297768501	0.004705182	0.3
6827.61465635175	300	5.852910308726615	0.0	118421	1204.3461604102888	0.004705182	0.3

