3812.0316846188666	750	4.0	3.914865311257283	450283	3914.865311257283	0.11290971	-16.083920838406314
3814.0607880532602	300	5.8828809765767565	0.0	155580	1117.1190234232433	0.004705182	-0.15000000000000002
3815.4308184984407	300	5.51385796424203	0.0	139857	869.0230123347262	0.007831422	0.3
3816.8800919351183	300	5.819724924160663	0.0	155432	694.1330400813679	0.0088545885	0.3
3819.4189021011566	750	5.967890110989813	0.0	411561	1851.8348131708497	0.6314349	0.3
3823.618717075843	1850	5.7680751363035485	0.0	801058	3699.8149746862637	0.14891653	0.75
3828.1402479371227	1850	5.2465442750236715	0.0	905515	4521.530861279877	0.026709154	1.85
3833.0883805363565	1850	4.298411675789856	0.0	1060487	4948.132599233816	0.45322892	1.85
3835.707585032728	750	5.679207179418479	0.0	374758	2119.2044963713756	0.09493296	-0.3500000000000001
3838.3753082884477	750	5.7281746270282685	0.0	362795	1951.032552390211	0.05343132	0.75
3840.0824487469204	750	5.637949711306126	0.0	353220	1590.2249157221422	0.08809428	0.75
3842.609682224945	750	5.8277908342693765	0.0	405134	1810.15887703675	0.237567	0.75
3846.8059707600405	1850	5.631502299174151	0.0	946851	4196.288535095226	0.09214271	0.75
3852.4144258542087	1850	4.0230472050056525	0.0	1036454	5608.455094168498	0.013063775	1.85
3854.35316872213	750	5.654584890921014	0.0	337059	1868.4623140846375	0.048074644	-0.3500000000000001
3857.0012820149364	750	5.985668516685899	0.0	366214	1668.9163742351152	0.09359855	0.75
3859.0212193203033	750	5.560298342337909	0.0	360831	1425.3701743479905	0.67693514	0.75
3862.468323852013	1850	5.6790295895428535	0.0	885714	2881.2687527950543	0.046561584	0.75
3866.1545678860807	1850	5.99278555547499	0.0	987708	3686.244034067863	0.004705182	1.85
3870.4225375459023	1850	5.724815895653447	0.0	923755	3767.9696598215432	0.004705182	1.85
3873.9774648154767	1850	5.702376973418177	0.0	891604	3522.4389222352697	0.007800092	1.85
3878.9022340747874	1850	4.777607714107598	0.0	955231	4924.769259310579	0.007747083	1.85
3881.2054760025103	750	5.854615534520879	0.0	401853	1922.992179586718	0.43024752	-0.3500000000000001
3883.290173701383	750	5.502391549602584	0.0	343800	1352.2239849182945	0.67752194	0.75
3887.063545758074	1850	5.729019492912183	0.0	897976	3773.3720566904003	0.17961186	0.75
3895.0714939592335	1850	4.0	2.278928708247965	905935	8007.9482011601485	0.007007054	-7.949393445466249
3898.9246479677295	750	4.146845991504315	0.0	425781	3853.1540084956855	0.058159754	-0.3500000000000001
3899.9623849880445	300	5.936451552347259	0.0	111155	710.3944391570557	0.05925413	-0.15000000000000002
3900.990050745723	300	5.521289897586929	0.0	153605	915.1616547603318	0.14648017	0.3
3902.4912192177544	300	5.716957808530365	0.0	149029	804.3320890565632	0.48613057	0.3
3905.2467768473894	750	5.632597108700078	0.0	358218	2084.360699830287	0.30203813	0.3
3908.9496455132858	750	5.676761293154461	0.0	400322	2955.835815545617	0.09468895	0.75
3912.0888214635265	750	5.625689714709355	0.0	369834	3051.071578445106	0.16081564	0.75
3915.75215752436	300	5.9623536538763835	0.0	163444	1663.3360608329715	0.5511374	-0.15000000000000002
3919.157924724515	300	5.830190303613259	0.0	179328	3132.163350263125	0.004705182	0.3
3920.8113999523466	300	5.715254533143507	0.0	159914	1614.9357704697525	0.004705182	0.3
3922.0949163352843	300	5.682766094355516	0.0	131610	1032.4884387879906	0.004705182	0.3
3923.033574427539	300	5.853950996302976	0.0	124011	828.8150980525411	0.004705182	0.3
3926.6602192396513	300	5.725550073348184	0.0	144254	2628.4009229547914	0.00851188	0.3
3929.0224666597433	300	5.993548345880652	0.0	149991	1732.0017274675315	0.004705182	0.3
3932.206390019101	300	5.6867095315140315	0.0	147968	1806.8388143666207	0.004705182	0.3
3933.5779010960905	300	5.564496256014769	0.0	161857	1122.213275499262	0.004705182	0.3
3934.9923012786912	300	5.686945098959733	0.0	145210	877.5511570550353	0.004705182	0.3
3937.080739294192	300	5.971150536982131	0.0	172312	1215.7945619776024	0.008017303	0.3
3939.2681502347664	300	5.673766798456278	0.0	167025	1297.3837385258537	0.01104074	0.3
3941.8634765461065	300	5.896117281810757	0.0	160064	1777.6495166455209	0.0054780403	0.3
3943.6700391521995	300	5.6866743331115215	0.0	137507	1209.4429486992362	0.004705182	0.3
3945.4954266909954	300	5.772540430910602	0.0	118421	914.1339022009201	0.004705182	0.3

