12497.42836085607	750	4.0	2.287148895543779	450283	2287.148895543779	0.004705182	-9.67078065873183
12499.44886021971	300	5.973324723036945	0.0	155580	1026.6752769630546	0.7750339	-0.30389732920840773
12500.560415767646	300	5.599459016248557	0.0	139857	873.865706788389	0.7862525	0.17165108875970944
12502.709732440913	750	5.778645552513008	0.0	382355	1820.8134637355486	0.77091897	-0.2440480958270944
12506.217284240382	750	5.839121314743378	0.0	411561	2439.524237769631	0.5948417	0.1537184973176774
12510.326630828069	750	5.729774727055327	0.0	318564	3109.34658768805	0.51948696	0.12060411711092994
12514.212427677148	300	5.843977877976619	0.0	153295	1885.7968490787077	0.7770833	-0.3704580280886134
12518.12856601572	300	5.837494169775494	0.0	173849	3006.4837082011254	0.20857872	0.04989217124005297
12522.426445777173	300	5.539614408319479	0.0	150710	2797.8797614560153	0.071231514	0.05361202510072844
12526.257172657693	300	5.708887527799854	0.0	139105	3830.726880519624	0.017179394	0.039157059398516304
12530.429910157154	300	5.536150028338722	0.0	141840	3672.7374994611323	0.006203288	0.04084147043506598
12534.310529803372	300	5.655530382120542	0.0	156148	2880.6196462181797	0.004705182	0.052072129757542766
12538.392486960442	300	5.500360974446806	0.0	160746	2655.169407673736	0.004705182	0.05649357045410484
12542.099392938417	300	5.793454996471918	0.0	179801	2706.9059779748877	0.004705182	0.05541381977079943
12545.145652919973	300	5.802171945679941	0.0	140051	1991.2830507919768	0.004705182	0.07532831655466646
12547.697579253478	300	5.833697177558435	0.0	138313	1968.4747681215056	0.004705182	0.07620112913265502
12551.56658828945	300	5.964688141586488	0.0	143509	1869.009035971947	0.004705182	0.08025643381761127
12555.89942135466	300	5.631855076378152	0.0	150616	3332.8330652083373	0.0048397314	0.04500675463342579
12559.929401404592	300	5.601875026445179	0.0	165384	4029.9800499329726	0.004705182	0.03722102793101788
12563.761751519969	300	5.769524911067659	0.0	140881	3332.3501153775196	0.004705182	0.04501327735876475
12567.890483978144	300	5.640792452891989	0.0	157671	3128.73245817567	0.004705182	0.0479427378355845
12571.84389503634	300	5.687381394696253	0.0	157812	3953.411058195737	0.004705182	0.03794191845774247
12576.04254445608	300	5.488731974954346	0.0	163927	4198.649419741907	0.004705182	0.0357257739345193
12579.838133599604	300	5.693142831432256	0.0	137654	2795.5891435220888	0.004705182	0.05365595311012654
12582.939188792807	300	5.949618257335987	0.0	146754	1743.524574096269	0.004705182	0.08603262737363501
12584.438893667259	300	5.6185311010640016	0.0	153938	1331.087156271986	0.004705182	0.11268984100192905
12586.009477733714	300	5.9125478935761455	0.0	181901	1205.9832074878564	0.004705182	0.12437984133498843
12587.009630741548	300	5.6197718761431075	0.0	111155	792.7760174330376	0.005783992	0.189208549075048
12588.080807698727	300	5.7128718307545565	0.0	153605	906.900045388551	0.006352809	0.16539860237379767
12589.165599126773	300	5.662614620626369	0.0	149029	1050.2572101281878	0.016312521	0.1428221568521219
12591.444392981035	300	5.740484811953767	0.0	157421	1922.129808672603	0.017606009	0.07803843388890992
12593.820631263621	300	5.950697683956034	0.0	157488	1289.7871279977335	0.0060723433	0.11629826096408646
12595.341160490745	300	5.658658561687389	0.0	143881	1292.039122268646	0.0076418933	0.11609555578829554
12599.179056757665	300	5.820762294768813	0.0	163444	2337.8962669185757	0.006481169	0.06416024616768175
12602.246533292464	300	5.595217232256875	0.0	179328	1725.5450625119388	0.004705182	0.08692905404721192
12605.616921193336	300	5.840989089464355	0.0	159914	1754.2281427925197	0.004705182	0.08550769215298193
12606.616629101278	300	5.939214938532118	0.0	131610	901.7741509322371	0.004705182	0.16633876658022723
12610.074028943818	300	5.739481995767648	0.0	124011	1699.7329427644684	0.0056646597	0.08824915739765447
12613.02355738295	300	5.858551221089318	0.0	144254	1880.9307746783306	0.004705182	0.0797477514958797
12617.17814431952	300	5.703964284521138	0.0	149991	2654.5869365681797	0.004705182	0.056505966308234123
12620.466077404499	300	5.951589938042722	0.0	147968	2752.374346478417	0.004705182	0.054498400696082874
12624.487115168913	300	5.853850487086665	0.0	161857	3097.739450956057	0.004705182	0.04842240684693653
12627.808070707464	300	5.8550218840391555	0.0	145210	2498.8286030475097	0.004705182	0.06002812670587478
12631.719641761161	300	5.943450830342641	0.0	172312	3411.571053696514	0.004705182	0.0439680128712171
12635.944198704303	300	5.718893887200891	0.0	167025	3224.55694314175	0.004705182	0.04651801864409069
12638.55315602248	300	5.853542617782256	0.0	160064	1365.3512694186368	0.004705182	0.10986183801906863
12639.926442063124	300	5.818702674340846	0.0	137507	1034.8399434414086	0.004705182	0.14494995187484547
12640.918694137761	300	5.641799742623858	0.0	118421	676.9029317169884	0.004705182	0.22159750382454343

