4729.456755163629	750	4.0	1.4326655545084757	450283	1432.6655545084757	0.08353926	0.29013344454915246
4730.815459634215	750	6.641295529414785	0.0	398865	1358.7044705852145	0.8671156	0.5543955431770664
4732.290124596707	300	7.5296480845554	0.0	139857	611.6474448593863	0.84244335	0.22109353173707402
4734.076273087069	300	7.508082617265485	0.0	155432	1521.565467289914	0.14525777	0.578004487800077
4734.707260100166	300	7.91488061748884	0.0	163442	593.2019997766457	0.10809968	0.7104019400731251
4735.7358739226	300	7.964466251081633	0.0	126289	450.41436640720735	0.16923381	0.7295029062769681
4736.46205949204	300	7.915473132375195	0.0	153295	548.9931187064374	0.13874814	0.714880450252844
4737.429530301141	300	7.710333972291075	0.0	173849	705.1391600841193	0.12731162	0.679316062796895
4738.4786571440745	300	7.831936442083343	0.0	150710	878.3975302077321	0.14254944	0.673816065971832
4739.581374343123	300	7.635942441671689	0.0	139105	695.9940004116545	0.1134324	0.6729960024114062
4740.29278965144	300	7.568596386830952	0.0	141840	567.3460548407356	0.11035156	0.6793113931352365
4740.938713633357	300	7.972669075061367	0.0	156148	595.9273117695859	0.1090307	0.7157493363727593
4742.246725499762	300	7.8836614006326124	0.0	160746	589.007674428754	0.12548715	0.7077853037686461
4743.5477987346785	300	7.762626917307232	0.0	179801	621.0344833253793	0.12986147	0.6928120193755904
4744.382413857448	300	7.550338703108322	0.0	140051	712.2882141989093	0.14431167	0.6630416174573933
4745.236951340407	300	7.524233411128678	0.0	138313	526.1052919796434	0.10743065	0.6791211700342996
4746.096480278116	300	7.518685109313836	0.0	143509	505.5483018148433	0.112495095	0.6806372966992862
4746.695630667065	300	7.991100223236737	0.0	150616	527.584886077098	0.12338491	0.7243760081020629
4747.676740181358	300	7.821328146026728	0.0	165384	669.7720772100087	0.12093443	0.6936469544800984
4748.980435163489	300	7.585149445001629	0.0	140881	736.178701025098	0.11215891	0.6640379134238986
4750.028846423844	300	7.7797019792278626	0.0	157671	805.4474657737655	0.095506765	0.6760312709025331
4750.658774078569	300	7.666220053905603	0.0	157812	613.48192532226	0.09102841	0.6841917077100939
4751.652720198018	300	7.507469863682829	0.0	163927	658.750190222775	0.093636595	0.6642264252208776
4752.4542079195435	300	7.999323953232936	0.0	137654	508.14591044989356	0.09458507	0.7271196634069137
4753.355028535466	300	7.9705844887794175	0.0	146754	528.7394644535175	0.09958017	0.7222653950884467
4756.047623714893	300	7.840327527250515	0.0	153938	630.256961528903	0.10995658	0.6994461558722223
4757.106537569997	300	7.542039718177318	0.0	181901	798.2878090731967	0.098688126	0.6536345816854245
4757.7102305400995	300	7.62550621324141	0.0	111155	416.5335049359085	0.09063908	0.6999271287441363
4758.772188665903	300	7.583106944923162	0.0	153605	542.3992683182481	0.094611436	0.6832172235619527
4759.485615689012	300	7.986172823961251	0.0	149029	596.9341209619103	0.10485576	0.7169618950340406
4760.73874172119	300	7.867856268445772	0.0	157421	618.3165555154792	0.09688887	0.7033173665548035
4761.673610304486	300	7.982826662679476	0.0	157488	885.0296057662971	0.10242374	0.6878269323689494
4762.947875853803	300	7.890613438785418	0.0	143881	592.2132238940578	0.08665925	0.7081408345324761
4763.764193496922	300	7.6734807656371835	0.0	163444	717.1326731482352	0.09353818	0.6745327371433926
4764.451409311766	300	7.554465376600833	0.0	179328	619.0153890363504	0.092228845	0.6727702189707959
4765.687600739575	300	7.95546985171491	0.0	159914	598.9955248859224	0.11245033	0.7137698905906827
4767.601758553819	300	7.8869889103593955	0.0	131610	568.4809413555142	0.11621901	0.7101615773968999
4769.2629678984185	300	7.809222679284889	0.0	124011	1077.7662310745065	0.10536648	0.6516702824530048
4770.2189520512975	300	7.7579521119065955	0.0	144254	551.2705673782928	0.08036347	0.6993337861450872
4771.292419651411	300	7.668575190450683	0.0	149991	589.3769214559131	0.10509501	0.6868312451257377
4772.387093939292	300	7.603283357239359	0.0	147968	565.2918332113242	0.112727225	0.6828901231703953
4773.893661086144	300	7.994690968198107	0.0	161857	608.5923890412528	0.11247881	0.7166244577531407
4775.2752487145535	300	7.632884489998614	0.0	145210	861.8064781994937	0.13481537	0.6561173688324159
4776.682421879892	300	7.904188596884187	0.0	172312	728.6958931144272	0.10778376	0.6958127517355445
4777.5573912701775	300	7.6659425140037785	0.0	167025	738.2460828804082	0.12147693	0.6716883011988266
4778.802802257678	300	7.58159866440549	0.0	160064	584.3438495982873	0.11009453	0.6788760851536052
4779.92933002689	300	7.998868286745878	0.0	137507	582.730377659613	0.1359637	0.7196169031200753
4781.032120259736	300	7.979371937624545	0.0	118421	519.4963491213331	0.1317809	0.7240442860218537

