12127.194559668895	750	4.0	4.8551176236478435	450283	4855.117623647843	0.042492703	-0.05211176236478432
12128.691771769907	300	6.502787898988277	0.0	155580	1497.2121010117223	0.5558587	0.03267491307543774
12130.968711378418	300	7.7154829141477315	0.0	139857	1287.3049848405465	0.06325306	0.6216002149168123
12132.623097103024	300	7.613107344594838	0.0	155432	1102.375569552893	0.053068515	0.6301371323065588
12134.556845133346	300	7.922238368809916	0.0	163442	1190.868975784922	0.080146916	0.6513507837882722
12136.374375022282	300	7.544912999309751	0.0	126289	877.3253695001663	0.07546407	0.6460102522328567
12137.7234442661	300	7.620480689571319	0.0	153295	924.4323097384314	0.06661157	0.6486485160869677
12139.260066713132	300	7.674487909243202	0.0	173849	945.9927803281182	0.06811849	0.6517446711410895
12142.07756530368	300	7.546053423471902	0.0	150710	1628.4344857712993	0.08003265	0.5710102468555125
12144.290448160089	300	7.8991440190549405	0.0	139105	1146.9094044169603	0.061281256	0.6535008154113969
12145.453229123636	300	7.860740334828232	0.0	141840	1038.4036842267083	0.056613408	0.6606166291393747
12148.064450348875	300	7.977318338018314	0.0	156148	1883.4219968099178	0.060877226	0.5874520086912893
12151.244537005667	300	7.986174599987446	0.0	160746	1491.1437380308694	0.053024624	0.6275411060456921
12153.084009522956	300	7.515909781623479	0.0	179801	1470.2648183639672	0.04770174	0.5838957444264865
12154.425204498268	300	7.989916143429824	0.0	140051	1025.9936381936545	0.04849916	0.674419981129185
12156.156688271543	300	7.551774987350958	0.0	138313	938.1411560788654	0.0502649	0.6405960019119942
12157.856220562007	300	7.853680107816795	0.0	143509	1198.0948795341628	0.04905722	0.6439609025317671
12158.995557821787	300	7.874730178643556	0.0	150616	978.9499291732391	0.047249544	0.6679225169557619
12161.352155635477	300	7.881624917999774	0.0	165384	1493.1052606437825	0.05203236	0.6171774972110998
12164.257718825515	300	7.5405896281055105	0.0	140881	1341.0352898942629	0.045276813	0.5992188123438347
12166.973110417315	300	7.8401577441262456	0.0	157671	1700.4318839792647	0.04303565	0.592412152218351
12169.85470742485	300	7.906839175368825	0.0	157812	2433.3185687574205	0.039948575	0.5256082529288761
12171.540219039345	300	7.903222558861034	0.0	163927	1003.6166165077908	0.03571743	0.6682267321984565
12172.482302778459	300	7.978128193097869	0.0	137654	925.0943657631664	0.04205057	0.6833635302024512
12173.907836887667	300	7.563855748868144	0.0	146754	914.2724442297268	0.040896177	0.6441577271544543
12175.954676302501	300	7.611066892990686	0.0	153938	952.7888558774564	0.04717598	0.6448973697555985
12178.444871744503	300	7.847994475318872	0.0	181901	1263.0724176718143	0.048385277	0.6369102209575789
12180.125535454585	300	7.851224113442316	0.0	111155	996.7703618765563	0.04747742	0.6638545088446096
12182.731644548016	300	7.935116278828579	0.0	153605	1916.1078346137379	0.041822016	0.5800792746547054
12185.566620859805	300	7.932628766843764	0.0	149029	2502.4875119848143	0.037506994	0.5211993963770746
12188.385015663647	300	7.699675716824786	0.0	157421	1232.9530500189787	0.035712518	0.6254981584593126
12192.305519915586	300	7.7791714648866	0.0	157488	2920.504251938187	0.03626087	0.4644739997664032
12195.08693350138	300	7.566437670371004	0.0	143881	1712.7337945155964	0.0319372	0.5645626839920205
12197.111008278414	300	7.533740191492096	0.0	163444	1532.6974788789073	0.029667027	0.5793864857347156
12199.717599549624	300	7.811133204965099	0.0	179328	1722.6069865269965	0.03066545	0.5873720055301562
12202.592536798442	300	7.920656703897724	0.0	159914	1390.4765010673743	0.03340989	0.6312362143473162
12204.519529759373	300	7.799390583306564	0.0	131610	1121.2661205911609	0.034501486	0.6463641221674472
12206.641460765231	300	7.916288557548356	0.0	124011	1383.102025758208	0.034561493	0.6315488596457568
12210.667863599732	300	7.8898857230476604	0.0	144254	3526.4028345006946	0.03782318	0.41465110311631553
12214.139836055007	300	7.871515364710203	0.0	149991	3018.370358337457	0.033396922	0.46366783338432155
12218.317077991069	300	7.694273428648281	0.0	147968	2177.2419360619233	0.027621236	0.5305438973298531
12222.153392550077	300	7.857958869639317	0.0	161857	3836.3145590089644	0.02611525	0.3805550441715272
12226.317779286408	300	7.69357213330788	0.0	145210	2664.386736331437	0.026061816	0.4817612163310477
12230.448721347917	300	7.562630071799002	0.0	172312	4130.942061508878	0.022163844	0.32237156833156516
12235.217095320319	300	6.794256099397431	0.0	167025	4768.373972401571	0.019738184	0.18390400842624305
12240.56972307916	300	5.441628340555995	0.0	160064	5352.627758841436	0.017933521	-0.0060644197650731035
12244.84595722924	300	5.165394190476035	0.0	137507	4276.234150079959	0.016554412	0.07471117001579852
12248.04027583154	300	5.971075588177373	0.0	118421	3194.318602298662	0.015076724	0.26125524072038336

