19151.94948449069	750	4.0	2.287148895543779	450283	2287.148895543779	0.029462352	-9.638335854100486
19154.367336238432	750	5.582148252258925	0.0	398865	2417.8517477410755	0.5624438	0.3356177074808103
19158.734421601297	1850	5.215062889397257	0.0	877771	4367.085362861668	0.26723	-0.9358031975434973
19161.799716127847	1200	6.149768362847837	0.0	617681	3065.2945265494204	0.9934979	-0.300423678570498
19169.354583855413	1850	4.0	1.4050993647191625	996749	7554.867727567	0.90144324	-6.9634599082722115
19170.804568092095	300	6.550015763315291	0.0	126289	1449.9842366847088	0.69665027	-1.048505976849298
19176.133732054124	750	5.220851801284864	0.0	352642	5329.163962030428	0.4350422	-0.4402887144922993
19184.383046261377	750	4.0	3.0284624059680954	437162	8249.314207252959	0.4535911	-13.422200480095965
19188.863430421377	300	4.0	0.480384160001483	150710	4480.384160001483	0.12874527	-2.5626398185490533
19191.538773674736	300	5.324656746642355	0.0	139105	2675.3432533576456	0.008401839	0.26101590137985986
19194.05752396536	300	6.805906456021982	0.0	141840	2518.7502906203727	0.0934442	0.41924719237095215
19196.860525084478	300	7.711999995719843	0.0	156148	2593.906460302139	0.055113424	0.4989441247367741
19200.558897382576	300	7.6123612380772645	0.0	160746	2599.6387576425777	0.06591674	0.48878054954084854
19203.265108180607	300	7.628622623589721	0.0	179801	2483.738614487544	0.35893494	0.5019357409866482
19207.297252105287	300	7.596478698911334	0.0	140051	1532.1439246783866	0.38006482	0.5940013201052249
19213.297409027717	750	5.596321776482985	0.0	366214	6000.156922428349	0.5737274	-0.4712485919171871
19216.10695224754	300	6.786778556661244	0.0	143509	2809.543219821741	0.22742254	-0.0616731829469363
19219.654301556544	300	7.239429247658411	0.0	150616	3547.3493090028333	0.045152195	0.35811435975517536
19223.64161071176	300	7.252120092442252	0.0	165384	3987.309155216159	0.025145218	0.3153398835966113
19227.017771000043	300	7.875959804157845	0.0	140881	2876.160288284407	0.017227229	0.48650006280191027
19230.977617186087	300	7.916113618113632	0.0	157671	3459.8461860442135	0.017631318	0.43199632397910487
19235.05761645491	300	7.8361143492897	0.0	157812	4079.9992688239317	0.053123504	0.3622809937129866
19239.199725353727	300	7.694005450475614	0.0	163927	3642.1088988140864	0.016661387	0.3923918851300656
19242.175115351496	300	7.5098551299209175	0.0	137654	2184.1503205546965	0.0111222975	0.5204630619902806
19243.85519687628	300	7.7104341489346355	0.0	146754	1299.4209809862818	0.038772307	0.6282419581074217
19245.75932213171	300	7.60370184536662	0.0	153938	1106.7323035680158	0.4366079	0.6372377184021291
19247.009900085923	300	7.882109301694343	0.0	181901	1221.592543672277	0.4595854	0.6525487335009663
19249.617351191588	750	7.692876439630419	0.0	277716	1689.2328620639241	0.12152757	0.16163962104239143
19254.393525557996	1200	6.916702073223742	0.0	622896	4776.174366406678	0.7549472	-0.19769340746263964
19258.06191789895	750	7.248309732267737	0.0	400508	3668.392340956005	0.58805144	-0.07906638570878549
19260.911215783522	750	7.965053308463888	0.0	358218	2783.256423803849	0.11668897	0.5284346027377623
19264.945365481104	750	7.930903610881916	0.0	400322	3534.149697581971	0.31361464	0.45005832753985864
19269.583336433552	750	7.292932658432621	0.0	369834	4637.9709524492955	0.15728274	0.2782707613050382
19273.232731540396	750	7.537316093408883	0.0	412837	3255.6165650237376	0.1900177	0.44002838781905335
19277.013273929795	750	7.756773704013212	0.0	401088	3780.54238939567	0.117822096	0.4086588537791962
19280.383523002285	750	7.573809638376904	0.0	365161	2682.964065636307	0.08854763	0.5008061835949041
19284.342040531894	750	7.615292108769852	0.0	321064	3958.5175296070515	0.1937387	0.37724357286709354
19289.17929909374	750	6.77803354692295	0.0	361565	4837.258561846902	0.11142706	0.20878236640127962
19296.1210896797	750	4.0	0.16375703903922567	378327	6941.790585962176	0.43057293	-0.9732150401727466
19298.973111891184	300	5.147977788513618	0.0	149991	2852.022211486382	0.011556908	-0.22365754813911343
19301.175029405764	300	6.946060273930661	0.0	147968	2201.9175145829568	0.004705182	0.4644204367641985
19304.25569148423	300	7.600124992367828	0.0	161857	2845.935281562834	0.011753599	0.46297314437182713
19307.685299209843	300	7.7776844660127065	0.0	145210	2822.440526355122	0.0134876445	0.4824129242337333
19311.81457147224	300	7.648412203613198	0.0	172312	3629.2722623995087	0.012340536	0.38928714612094095
19314.196820284964	300	7.5105075135811745	0.0	167025	1637.9046900320232	0.010708715	0.5751504177230629
19315.784242712933	300	7.853968427940863	0.0	160064	1156.5390856403121	0.12969382	0.6563454877151029
19317.128768005095	300	7.9871474480237135	0.0	137507	866.8209799171489	0.6893192	0.6981359327333752
19320.868047845932	750	7.5913596597295525	0.0	314107	1395.7877882941614	0.21592975	0.1812130211468391

