4585.45699842339	750	4.0	2.2982937896467757	450283	2298.2937896467756	0.08589572	-9.708244690829973
4586.34603367699	300	7.11096474639953	0.0	155580	889.0352536004698	0.6754079	-0.3802325581395349
4588.528438672803	750	7.963426679517237	0.0	350812	1647.5380668822925	0.31683594	-0.2755813953488372
4590.314422076789	750	7.962868523054159	0.0	382355	1500.5581564630775	0.09531391	0.1744186046511628
4592.0912429486625	750	7.687170701363766	0.0	411561	1275.697821690394	0.08546415	0.1744186046511628
4593.295655172318	750	7.640526024027261	0.0	318564	1046.6446773365046	0.07543945	0.1744186046511628
4595.274883659218	750	7.6997956633868965	0.0	352642	1440.7303606403668	0.06131939	0.1744186046511628
4598.142983607202	750	7.799994700074985	0.0	437162	2399.800963311912	0.05096875	0.1744186046511628
4599.977491668238	750	7.711890152342516	0.0	374758	1588.1045477324685	0.054215726	0.1744186046511628
4601.339916216515	750	7.558879687306107	0.0	362795	1153.0104650364087	0.055951208	0.1744186046511628
4603.012603798422	750	7.522242952273256	0.0	353220	1036.63673503285	0.039985538	0.1744186046511628
4605.073035436097	750	7.940052513972423	0.0	405134	1582.190438300833	0.034902588	0.1744186046511628
4606.962532755167	750	7.51442438737474	0.0	386351	1425.6281265976827	0.033765458	0.1744186046511628
4609.34340375466	750	7.605923517213711	0.0	434409	1408.50087016103	0.03437395	0.1744186046511628
4611.289624977509	750	7.658998013405297	0.0	337059	1446.925503808415	0.0346598	0.1744186046511628
4612.978088614009	750	7.834413997426474	0.0	366214	1324.5840159788227	0.03913899	0.1744186046511628
4614.2897947821175	750	7.605500809481699	0.0	360831	1228.9131879447768	0.03251055	0.1744186046511628
4615.650482084049	750	7.866553586599022	0.0	372963	1238.9472228826767	0.0319908	0.1744186046511628
4617.352861927978	750	7.501233737558618	0.0	405596	1365.319849040404	0.02852258	0.1744186046511628
4618.644639977277	750	7.823874743703671	0.0	350713	1177.3589938549471	0.028223034	0.1744186046511628
4620.539164563442	750	7.728821897292299	0.0	386472	1595.0528464113718	0.027275454	0.1744186046511628
4622.365008598448	750	7.635635787816831	0.0	399894	1593.1861094754677	0.031975046	0.1744186046511628
4624.199474614687	750	7.829731709062649	0.0	401853	1305.9040787541826	0.03604282	0.1744186046511628
4626.238232554424	750	7.699633669835953	0.0	343800	1130.0980392266956	0.027231488	0.1744186046511628
4628.109048546309	750	7.928555624148437	0.0	359903	1771.0780456875152	0.025534617	0.1744186046511628
4630.148804896385	750	7.678546531860422	0.0	379700	1750.0090922880158	0.037848856	0.1744186046511628
4632.503510473131	750	7.941067291380372	0.0	425781	2237.4792404800496	0.06395251	0.1744186046511628
4634.474334123771	750	7.819268662693817	0.0	277716	1621.7986286865544	0.16453198	0.1744186046511628
4637.4132867892795	750	7.904304797915786	0.0	400396	2414.9638647780325	0.30951607	0.1744186046511628
4640.733313224806	750	7.92128602351807	0.0	400508	2983.0187743977153	0.43983144	0.1744186046511628
4644.006311092234	300	7.583290877368301	0.0	157421	2337.995146149769	0.70854867	-0.3802325581395349
4646.019298455546	300	7.584298599351834	0.0	157488	1998.992278016467	0.10778953	0.06976744186046512
4648.059893581491	300	7.940998545526387	0.0	143881	1143.300053825447	0.052332312	0.06976744186046512
4652.438469418851	300	7.562422708167869	0.0	163444	2378.5758373585168	0.115880765	0.06976744186046512
4655.563589441309	300	7.942798142178452	0.0	179328	3119.6245659894175	0.034158938	0.06976744186046512
4657.912175987297	300	7.74625258341868	0.0	159914	1696.5455587597721	0.017901042	0.06976744186046512
4660.213452440708	300	7.82663490282748	0.0	131610	1419.6176805912005	0.02343907	0.06976744186046512
4664.109857971328	300	7.930229372206901	0.0	124011	1896.4055306205796	0.037032813	0.06976744186046512
4668.1053734324005	300	7.934713911134126	0.0	144254	2495.515461072775	0.027453061	0.06976744186046512
4672.101856663488	300	7.938230680045664	0.0	149991	3496.483231088462	0.014700834	0.06976744186046512
4674.182619608874	300	7.897880681153722	0.0	147968	1540.3499988919425	0.0068249647	0.06976744186046512
4677.011402487305	300	7.6836957436851225	0.0	161857	1714.1849374685994	0.01402	0.06976744186046512
4678.445115865711	300	7.654137981962678	0.0	145210	1029.5577617224449	0.019777391	0.06976744186046512
4680.127289438206	300	7.980128999556822	0.0	172312	1174.0089824058568	0.06480258	0.06976744186046512
4681.261606917372	300	7.947052607518905	0.0	167025	1033.0763920379168	0.13887489	0.06976744186046512
4682.411435922689	300	7.957758695924462	0.0	160064	989.2939115944428	0.23975195	0.06976744186046512
4683.174970636709	300	7.761258866775701	0.0	137507	696.4998291487605	0.38571075	0.06976744186046512
4684.833844536609	750	7.990339297261304	0.0	314107	1270.9195695143965	0.6697867	-0.2755813953488372

