5059.31262093579	750	4.0	2.7857807865153212	450283	2785.7807865153213	0.005407161	-11.80443877736472
5061.71284304703	750	5.599777888758914	0.0	398865	2400.222111241086	0.4792499	0.1744186046511628
5062.512739153224	300	7.97283123685524	0.0	139857	626.9466519036746	0.59551775	-0.3802325581395349
5064.9996910461305	750	7.5608299841817646	0.0	382355	1912.0012526734758	0.09238334	-0.2755813953488372
5067.455240057281	750	7.600530779623261	0.0	411561	1960.299204558503	0.08809433	0.1744186046511628
5069.330017726131	750	7.585766881894604	0.0	318564	1514.7638977286565	0.084930986	0.1744186046511628
5071.086024186128	750	7.5177706137562925	0.0	352642	1567.9962681383122	0.074668795	0.1744186046511628
5073.484346104359	750	7.697614679020026	0.0	437162	2320.155934736268	0.072546944	0.1744186046511628
5076.286617048581	750	7.535562208206702	0.0	374758	2162.0524708133235	0.071610175	0.1744186046511628
5079.651708499429	750	7.618125733786419	0.0	362795	2417.4364744202826	0.11270582	0.1744186046511628
5081.644028731935	750	7.690793096198371	0.0	353220	1927.3326375880483	0.28008682	0.1744186046511628
5084.088630180335	750	7.8009862028569446	0.0	405134	1889.8068933414268	0.20682248	0.1744186046511628
5086.955149210141	750	7.77012392733269	0.0	386351	2030.862275524253	0.09848988	0.1744186046511628
5089.712373296145	750	7.519340261471738	0.0	434409	2250.7836658609526	0.13873336	0.1744186046511628
5092.511805136372	750	7.7728446086307414	0.0	337059	1746.4956528409975	0.17091613	0.1744186046511628
5095.729624535338	750	7.570402959940125	0.0	366214	1702.441648690616	0.16181685	0.1744186046511628
5097.946593793405	750	7.799607210794816	0.0	360831	1770.795749145308	0.12208649	0.1744186046511628
5100.6919096000765	750	7.775036023768915	0.0	372963	2024.5711870259022	0.10781789	0.1744186046511628
5103.587543069872	750	7.872591622544867	0.0	405596	1902.4444012240485	0.17173547	0.1744186046511628
5107.299733352836	750	7.763090977197906	0.0	350713	2609.5006453469614	0.11519821	0.1744186046511628
5110.079138951654	750	7.649732982296848	0.0	386472	1613.3579949010584	0.51154244	0.1744186046511628
5113.453219162107	750	7.675716755329671	0.0	399894	2474.0162269671773	0.12462428	0.1744186046511628
5117.241907388031	750	7.636404567361129	0.0	401853	3539.3121879685423	0.41590297	0.1744186046511628
5118.569174804147	300	7.622458935479834	0.0	137654	1013.9456318812956	0.69675875	-0.3802325581395349
5119.83736353976	300	7.895025421641422	0.0	146754	1227.433513838413	0.46580988	0.06976744186046512
5121.099211512718	300	7.769479022248925	0.0	153938	1125.5463993924957	0.3220523	0.06976744186046512
5122.554287747784	300	7.7650917438499345	0.0	181901	1004.3872783989906	0.46666384	0.06976744186046512
5123.409805375596	300	7.782677398776161	0.0	111155	482.41434507377335	0.6816056	0.06976744186046512
5125.785400627562	750	7.596431433163154	0.0	400396	2186.245965613006	0.43008262	-0.2755813953488372
5128.320899764365	750	7.598356541437639	0.0	400508	1998.0748917255141	0.26101416	0.1744186046511628
5130.519633238444	750	7.972701931937063	0.0	358218	1625.6546095005754	0.1681348	0.1744186046511628
5133.528741790402	750	7.539687016247059	0.0	400322	1933.0149156900043	0.10615074	0.1744186046511628
5136.288427828692	750	7.637890834736009	0.0	369834	1901.7961815110493	0.18864205	0.1744186046511628
5140.351888910743	750	7.5601052791001475	0.0	412837	3577.7855556358613	0.24083278	0.1744186046511628
5142.577516163395	300	7.590129353981178	0.0	179328	1469.9759251189687	0.64457333	-0.3802325581395349
5144.581978681731	300	7.840723720580223	0.0	159914	1249.4056334009556	0.19979951	0.06976744186046512
5146.169041709015	300	7.8897206444057115	0.0	131610	951.0030761745118	0.20505367	0.06976744186046512
5148.073964966617	300	7.995289081660025	0.0	124011	894.4315627456868	0.25799787	0.06976744186046512
5151.420729674796	300	7.83215253249765	0.0	144254	1663.1365491623735	0.33532584	0.06976744186046512
5155.198444980368	300	7.845108982720834	0.0	149991	1987.0435497768156	0.09365535	0.06976744186046512
5157.230899327817	300	7.954217667894047	0.0	147968	1890.8913148267873	0.05097611	0.06976744186046512
5159.7076720922805	300	7.681612744972299	0.0	161857	1772.6049229217467	0.045253266	0.06976744186046512
5162.723957247288	300	7.600554097739842	0.0	145210	1581.0586472324578	0.043540314	0.06976744186046512
5165.570286352511	300	7.905002870515365	0.0	172312	2195.5512272244764	0.041947216	0.06976744186046512
5167.593859154665	300	7.788605422438763	0.0	167025	1616.3974480766037	0.02819771	0.06976744186046512
5169.892004281825	300	7.578120512396492	0.0	160064	1210.4849100422703	0.031351164	0.06976744186046512
5172.522249261017	750	7.601828169360291	0.0	331053	1976.2923430361996	0.05259015	-0.2755813953488372
5174.038386535011	300	7.850735759940888	0.0	118421	751.0924094194038	0.4211175	-0.3802325581395349

