7551.018269097464	750	4.0	0.9321555281170851	450283	932.1555281170852	0.18896142	0.25678444718829146
7551.375511311194	300	7.642757786269979	0.0	155580	357.24221373002086	0.6911471	-0.008051859731128388
7551.846736053297	300	7.816844276607267	0.0	139857	325.91350966271193	0.51499087	0.455961416321683
7552.542619031352	300	7.956558327504521	0.0	155432	360.2859491027475	0.3554359	0.46125630055875777
7553.192701909894	300	7.609315426539604	0.0	163442	347.24290096491774	0.37910682	0.4408579240622335
7553.958930179276	300	7.732621261587734	0.0	126289	376.69416495186954	0.5502179	0.4456194123540464
7554.876180962581	750	7.868762979349282	0.0	352642	863.8582822384515	0.339111	0.055411857985484994
7556.818551858839	1200	7.7392738008545985	0.0	709534	1629.4891784946828	0.78166115	0.07075569470394413
7557.789694659469	750	7.94514318787049	0.0	374758	794.1306129841074	0.11269824	0.0671583879434949
7559.084033407619	1200	7.871479883768845	0.0	560821	1073.6633041016453	0.58083695	0.13460116232538827
7560.547161870504	1200	7.575253383900667	0.0	607410	1296.2264998681783	0.09789987	0.5438306865069739
7561.872671642611	1200	7.865949565205152	0.0	594078	1209.3038186955139	0.10616469	0.5706914659557706
7563.338103261993	1200	7.561336698820287	0.0	624282	1304.6128663848638	0.10165772	0.5421222570377815
7565.014654557418	1200	7.768470422855633	0.0	687371	1292.8662759646545	0.1072453	0.5562427738320116
7566.191440164474	1200	7.771920067057597	0.0	526950	996.5503557980354	0.09782308	0.5860899686112964
7567.427862173018	1200	7.603826783765864	0.0	587876	1168.0932832917335	0.099216364	0.5584298456561931
7568.702773628945	1200	7.9305353278285216	0.0	617242	1173.2914559373414	0.10149522	0.5783293123955484
7569.775572925884	1200	7.8849456984528645	0.0	581493	1045.5896293756582	0.09345079	0.5882501432157382
7571.087509514868	1200	7.7025822377433215	0.0	639204	1182.3634607095428	0.08646884	0.5631750437880033
7572.500354034649	1200	7.620946565839118	0.0	586839	1081.6356719042037	0.087363094	0.5681455931745245
7573.84022107459	1200	7.516617527008137	0.0	601738	1104.3290388309817	0.08917683	0.5593556915549104
7575.180760665555	1200	7.819116713030133	0.0	616206	1197.5008139780032	0.08577008	0.568944713166583
7576.73089648991	1200	7.89556812254612	0.0	656471	1423.5485904840139	0.087785974	0.551118148610731
7577.967519957809	1200	7.870550057982087	0.0	536667	1025.018064564033	0.10623403	0.5894075721674772
7579.475639021524	1200	7.622293165841784	0.0	587236	1248.2568921403026	0.0929889	0.5515676336510813
7580.9006837259085	1200	7.554701966187384	0.0	590335	1067.5911996544	0.10471396	0.5654097529212715
7582.3221621883795	1200	7.817689406266844	0.0	696376	1237.01255992054	0.08851301	0.5649043318996236
7583.537343191832	1200	7.772331965465208	0.0	487160	1045.3574408016348	0.08232796	0.581235003761412
7584.941996157495	1200	7.529917225959438	0.0	622896	1242.414739505769	0.10082549	0.546378352671888
7586.617650894107	1200	7.688208894352462	0.0	641447	1341.708331606976	0.09835452	0.5463422227363314
7587.836316326229	1200	7.645849318808687	0.0	570392	1042.359575543774	0.102044374	0.5736296248711655
7589.168016860889	1200	7.518151989282724	0.0	620283	1127.6973295259631	0.08302237	0.557114766377574
7590.9701902006955	1200	7.624066974396399	0.0	584349	1394.0850148863249	0.08349148	0.5370956844111424
7592.704624749922	1200	7.6108938002935025	0.0	670129	1513.1731741028973	0.11322912	0.5243635451080542
7594.569402590451	1200	7.934135629540349	0.0	690253	1676.7581707531542	0.11225936	0.5282076597709564
7596.181911893493	1200	7.606890765258515	0.0	598727	1327.2448642818345	0.12235755	0.5427061864004737
7597.335656703945	1200	7.627650584162144	0.0	487812	979.2401810963709	0.1154618	0.5788041434004968
7598.624409220563	1200	7.985526683430071	0.0	575591	1142.1239007320717	0.10409552	0.5848830276411723
7600.048564444384	1200	7.781763403312772	0.0	605884	1203.763280117298	0.08855243	0.5659838846953185
7601.79320201968	1200	7.709640487417266	0.0	587506	1572.1229158955061	0.08063498	0.5246402388740286
7603.230120751783	1200	7.997438489165712	0.0	566904	1212.2019982515535	0.11191374	0.5786197057477017
7604.827492197243	1200	7.7461111572111765	0.0	641452	1251.3273319545356	0.081808984	0.5589992141302451
7606.195997382781	1200	7.564880625995673	0.0	599477	1181.2305312155052	0.0722522	0.5546819860031791
7607.758214397907	1200	7.787409493243229	0.0	634861	1277.4711327524435	0.06914726	0.5589659800524575
7609.304354469966	1200	7.611712284000649	0.0	630203	1175.6972092425808	0.0677195	0.5581622968257824
7610.740509113236	1200	7.818856484373777	0.0	638661	1292.8557996268726	0.063107476	0.5593929503106738
7611.99076066155	1200	7.760380098638557	0.0	538612	1058.4763857352186	0.06326243	0.579176117591388
7613.274048086033	1200	7.764624001085933	0.0	550906	995.7560975526254	0.0634493	0.5857133903126083

