5980.656844703931	750	4.0	4.264022486880352	450283	4264.022486880352	0.077590466	-18.16087808893435
5981.910425699526	300	6.746419004404097	0.0	155580	1253.5809955959026	0.046152603	-0.3802325581395349
5983.428214120828	300	7.586326453931424	0.0	139857	1160.0925504726724	0.38002232	0.06976744186046512
5993.579149130511	750	4.0	2.564608555751951	382355	10150.935009683375	0.68105453	-11.303398185082225
5998.054693014002	300	4.0	0.47554388349039983	163442	4475.5438834904	0.005698516	-2.4250712571482542
6002.18330835347	300	4.0	0.12861533946904638	126289	4128.615339469046	0.004705182	-0.4832785178564343
6004.676371217602	300	5.506937135868766	0.0	153295	2493.062864131234	0.004705182	0.06976744186046512
6006.667897945857	300	7.515410407614307	0.0	173849	1991.526728254459	0.004705182	0.06976744186046512
6008.747093937865	300	7.58450233104876	0.0	150710	1430.908076565546	0.4464072	0.06976744186046512
6011.410008507452	300	7.6771889896769245	0.0	139105	1407.313341371836	0.1698111	0.06976744186046512
6015.300945963542	300	7.786251533586689	0.0	141840	2890.9374560902365	0.676478	0.06976744186046512
6018.936575373564	300	7.741706142128283	0.0	156148	2044.5453914584048	0.61304724	0.06976744186046512
6021.084311546631	300	7.813380050576223	0.0	160746	1428.3260915520602	0.69639015	0.06976744186046512
6026.327051295352	750	6.570640301855294	0.0	434409	5242.739748720929	0.6434417	-0.2755813953488372
6028.847043209109	300	7.991719350695166	0.0	140051	2078.9209511601275	0.6895838	-0.3802325581395349
6030.627187599201	300	7.892182532047282	0.0	138313	1099.5368186478854	0.6865213	0.06976744186046512
6037.23847035411	750	5.280899777137636	0.0	360831	6611.2827549096455	0.66607594	-0.2755813953488372
6039.558421631339	300	6.960948499908595	0.0	150616	2319.951277229042	0.060923014	-0.3802325581395349
6041.14908538206	300	7.571537454939874	0.0	165384	1389.4110449687194	0.2800383	0.06976744186046512
6044.979994297316	300	7.57670936448696	0.0	140881	1494.8280904529158	0.5564863	0.06976744186046512
6048.176233626211	300	7.786630179191854	0.0	157671	2290.0791852951056	0.4738719	0.06976744186046512
6052.471511460425	750	7.491352344977252	0.0	399894	4295.277834214602	0.64036787	-0.2755813953488372
6057.778366280146	750	6.184497525256521	0.0	401853	5306.854819720731	0.60583246	0.1744186046511628
6059.600195313415	300	7.717729350189862	0.0	137654	1466.768175066659	0.6009001	-0.3802325581395349
6061.910090211794	300	7.930312349150632	0.0	146754	1787.4170010392304	0.51529765	0.06976744186046512
6063.468525989085	300	7.532333375726416	0.0	153938	1397.9789734242179	0.47568765	0.06976744186046512
6066.022906320626	300	7.725371678888776	0.0	181901	1806.9616968376383	0.61509037	0.06976744186046512
6070.051902220091	750	7.689583027507726	0.0	277716	2535.7886513810504	0.6183746	-0.2755813953488372
6075.152919458381	750	6.588565789217619	0.0	400396	5101.017238290106	0.24938074	0.1744186046511628
6076.880377897903	300	7.561948817143824	0.0	149029	1526.6169720737953	0.6465261	-0.3802325581395349
6080.639149566213	750	7.8031771488331305	0.0	358218	3758.7716683106933	0.63926303	-0.2755813953488372
6084.549275119463	750	7.893051595582378	0.0	400322	3910.1255532507535	0.5255756	0.1744186046511628
6088.488131247974	750	7.95419546707175	0.0	369834	2938.856128510628	0.64995426	0.1744186046511628
6098.59963088849	750	4.0	2.157304173443794	412837	10111.499640515543	0.24756682	-9.101989341157152
6103.352597655358	300	4.0	0.7529667668688126	179328	4752.966766868813	0.004705182	-3.6179896556754287
6108.488484739615	300	4.0	1.1358870842570767	159914	5135.887084257077	0.004705182	-4.814547020444965
6110.487014254269	300	6.001470485347389	0.0	131610	1998.5295146526107	0.004705182	0.06976744186046512
6112.54910633817	300	7.939378401446072	0.0	124011	1562.0920839013174	0.004705182	0.06976744186046512
6114.981159516081	300	7.563136752297649	0.0	144254	1376.2416491484241	0.2822168	0.06976744186046512
6118.110919465281	300	7.876162527779321	0.0	149991	1686.9742245183288	0.099993214	0.06976744186046512
6123.69023997458	750	6.296842018480018	0.0	345516	5579.320509299303	0.68886065	-0.2755813953488372
6127.410414222798	750	6.5766677702625636	0.0	384505	3720.174248217454	0.33442947	0.1744186046511628
6129.474758572897	300	7.9656357934129955	0.0	145210	1111.0319768495692	0.63281894	-0.3802325581395349
6135.053802812369	750	6.386591553940691	0.0	438281	5579.044239472305	0.64871275	-0.2755813953488372
6137.595337099983	300	7.845057266327187	0.0	167025	2041.5342876135032	0.15761554	-0.3802325581395349
6140.092674092798	300	7.653334205787545	0.0	160064	1191.7230605396405	0.48727348	0.06976744186046512
6144.062382030912	300	7.683626267673233	0.0	137507	2469.707938114313	0.6593882	0.06976744186046512
6147.905055485906	300	7.840952812678908	0.0	118421	2342.6734549943244	0.33713925	0.06976744186046512

