4385.616891666612	750	4.0	6.8100179178166504	450283	6810.017917816651	0.004705182	-29.22801111220063
4387.485540289966	300	5.835684699681131	0.0	155580	1164.3153003188686	0.013764663	-0.32116891793922164
4389.426099617054	300	5.79257170720479	0.0	139857	1043.1129924763404	0.12664881	0.14380033714650742
4391.7772350678215	300	5.655727144327215	0.0	155432	1136.8445628775753	0.46355042	0.13194415920881986
4394.131600874997	300	5.865689617933471	0.0	163442	1290.0375263937442	0.59081686	0.11627568728122187
4397.533657458981	750	5.776825471133379	0.0	318564	2588.864146800091	0.6609543	-0.3051488302452987
4399.083806217204	300	5.86834731061308	0.0	153295	1408.4781605202986	0.536639	-0.34350207606727157
4401.362694514486	300	5.5697385227740615	0.0	173849	1298.6087878390185	0.46285334	0.11550822803964783
4403.179644069373	300	5.821403419001861	0.0	150710	1248.3351037722005	0.41266564	0.12016004320212756
4405.292813212089	300	5.584126120902019	0.0	139105	1237.277298099841	0.4429011	0.1212339386088824
4407.520458864194	300	5.743249217156939	0.0	141840	1340.8769037450793	0.3637855	0.11186709203585271
4410.979057153701	300	5.567334422732822	0.0	156148	1675.9147944241172	0.12116599	0.08950335691233244
4413.908607298243	300	5.5089010455543725	0.0	160746	2558.433377178449	0.08076474	0.058629629107413574
4416.325316018693	300	5.691105073760089	0.0	179801	1817.7959717942836	0.015920842	0.0825175114960455
4418.9355186101875	300	5.920460247741198	0.0	140051	1270.6448260188909	0.021740705	0.11805029771377665
4421.959707233308	300	5.95814477596874	0.0	138313	1462.3154717724576	0.0384103	0.10257704503268815
4423.445588967185	300	5.991140451354099	0.0	143509	1467.0043246146406	0.027885444	0.1022491873290167
4425.977009608479	300	5.6298688973386	0.0	150616	1361.2715540154989	0.027141958	0.11019109270117912
4428.846333044364	300	5.950281641935166	0.0	165384	1679.587255403434	0.016232138	0.08930765550728727
4430.895604019968	300	5.685514287323956	0.0	140881	1264.7673546112092	0.015974144	0.11859888654867294
4433.873654289589	300	5.648740986810042	0.0	157671	1536.773300513914	0.016247252	0.09760710961716887
4437.567995243069	300	5.954400033330037	0.0	157812	2694.3409534800044	0.013058826	0.05567224140889087
4441.256672287853	300	5.907870415031477	0.0	163927	2046.52961829856	0.00553271	0.07329481022840349
4443.123433698459	300	5.820563480171051	0.0	137654	1587.3069348604263	0.005314818	0.09449968163415709
4445.949551963814	300	5.687231532916222	0.0	146754	1633.331947254829	0.0050137164	0.09183681262838687
4448.0794185601635	300	5.533691412691482	0.0	153938	1653.5401202247403	0.0053419666	0.09071446054759941
4451.866697006544	300	5.746412966310678	0.0	181901	3287.2784463808034	0.005199993	0.04563045158682726
4455.817770074586	300	5.7953398982681135	0.0	111155	2951.073068042564	0.004705182	0.05082896849432957
4459.824054169528	300	5.789055803327221	0.0	153605	3506.2840949408933	0.004705182	0.042780332665122676
4463.03181111803	300	5.63065837682051	0.0	149029	3158.397426506711	0.004705182	0.047492439913081115
4466.262912110393	300	5.824787689137034	0.0	157421	2305.8706876834754	0.004705182	0.0650513494972665
4467.757803391072	300	5.679957148636941	0.0	157488	1144.8305405000933	0.004705182	0.13102375827122492
4471.223561083026	300	5.837108668250332	0.0	143881	2342.848480386608	0.004705182	0.06402462696829953
4472.493171238613	300	5.633758162739519	0.0	163444	1203.3505055108135	0.004705182	0.12465196076543475
4474.543032600378	300	5.541957364395863	0.0	179328	1091.8007983436569	0.004705182	0.13738769950302396
4476.300543288757	300	5.832232320916428	0.0	159914	1209.7250434794355	0.005298196	0.12399511840191965
4478.664857075637	300	5.683968201926081	0.0	131610	1148.2641189903466	0.005514049	0.1306319665652298
4481.231121874379	300	5.978860627000713	0.0	124011	1205.1075749253685	0.0058306977	0.12447021587204728
4484.088044854116	300	5.7709777920403535	0.0	144254	1207.8828349603589	0.004705182	0.12418423017404896
4485.642204815957	300	5.948417840508111	0.0	149991	1322.5599515322433	0.005205176	0.11341640870511652
4487.2597456721505	300	5.640447489065679	0.0	147968	1307.970351442432	0.004705182	0.1146814985787558
4488.546732657574	300	5.591739267730005	0.0	161857	1048.7082213356744	0.004705182	0.1430331115445575
4490.536240179056	300	5.851124841531655	0.0	145210	1740.6144261983497	0.005421839	0.08617646604688482
4492.207305664797	300	5.595038651303525	0.0	172312	1256.08619022813	0.004705182	0.11941855675744437
4494.646081638455	300	5.913140316731002	0.0	167025	1681.8983345725223	0.004705182	0.08918493877819587
4496.547142849254	300	5.776048554874815	0.0	160064	1137.091761856186	0.004705182	0.13191547510215038
4498.614872466492	300	5.70416847522669	0.0	137507	1071.8800796481241	0.004705182	0.1399410277773255
4500.367398353659	300	5.800830286437524	0.0	118421	903.3381887891667	0.004705182	0.16605076798652763

