4508.765266279259	750	4.0	3.5013497766476167	450283	3501.3497766476166	0.007278639	-14.980819730957373
4509.73352456956	300	7.031741709697546	0.0	155580	968.258290302454	0.06456547	0.1460332963090491
4511.747838653586	750	7.969388624865181	0.0	350812	1562.3530848323649	0.64157647	0.20094221584391192
4514.365504519847	750	7.73153618177607	0.0	382355	1737.8524430891116	0.9251884	0.610498707756329
4517.422478010195	1200	7.51795622928764	0.0	652874	2713.5799524884287	1.0175326	0.06643744063348606
4522.223735595378	1850	6.7166986441053265	0.0	801058	4801.257585182313	0.1119981	-0.3846862446584504
4528.4208410040455	1850	4.519593235437061	0.0	905515	6197.105408668265	0.15194461	-0.08574495927828873
4529.673422945388	300	7.2670112940952425	0.0	173849	1252.5819413418196	0.44376725	-0.9597540996640896
4531.0739076390755	300	7.568938193277709	0.0	150710	1198.0731008175333	0.6976767	0.6247575970269464
4532.4496871315705	300	7.672254143364801	0.0	139105	896.6840499129075	0.6938312	0.6648407815976092
4534.894245107649	750	7.6295228956669305	0.0	353220	2042.731247697869	0.25819582	0.12019193072713275
4538.315271691373	750	7.574922972745559	0.0	405134	2554.5999229213726	0.28332007	0.5137497575847905
4542.896615814368	750	6.993578849750908	0.0	386351	4581.34412299465	0.22246382	0.2551202945433766
4547.201521114749	750	6.688673549369362	0.0	434409	4304.905300381546	0.7015401	0.25341668961192954
4549.796973406731	300	7.812285526567182	0.0	140051	1376.3880228021808	0.3106699	0.1803485666163474
4552.813287008383	300	7.5986607649320215	0.0	138313	1713.6247616351618	0.06237867	0.5760632627833615
4555.465692154863	300	7.7638026069495805	0.0	143509	1834.8581579824402	0.012454126	0.579835016108756
4558.219111515767	300	7.690866482746664	0.0	150616	2072.9361242029163	0.013106553	0.5490070333231489
4560.176705054556	300	7.992311350752534	0.0	165384	1198.5551319941303	0.008014776	0.6654595491253543
4561.044118279707	300	7.693123898674777	0.0	140881	799.1874520777573	0.18833071	0.6765991794250646
4563.269681104612	750	7.649455420459064	0.0	386472	2043.6684782157138	0.69826174	0.12201673619985887
4566.819020268849	750	7.545733016434269	0.0	399894	2103.722404024795	0.14623648	0.5560279424779717
4571.509177896354	750	6.85557538892889	0.0	401853	4690.157627505379	0.21843667	0.2309559516551034
4574.847772037055	300	7.516981248228898	0.0	137654	2338.594140699991	0.45376292	0.0557045770904154
4576.002771696962	300	7.91166570153489	0.0	146754	1105.3155466940082	0.006169548	0.6670212708080413
4577.978760528867	300	7.773513232538942	0.0	153938	1138.1524689959476	0.05355019	0.6504402439318675
4581.511567343358	750	7.656028106847632	0.0	425781	2117.48512569131	0.5615525	0.11526770010575055
4583.27145332915	750	7.558745967851808	0.0	277716	1597.2821389958242	0.090400845	0.6079244805790218
4585.016214685877	750	7.507667184386066	0.0	400396	1551.0787834657417	0.1622734	0.6076284242500041
4586.688530088844	750	7.993350755032934	0.0	400508	1514.316429353133	0.9392727	0.6580522640861646
4590.7476332484775	1850	7.934247595400529	0.0	873429	4059.1031596324055	0.3939432	-0.6432803098096962
4594.807298209485	1850	7.874582634391756	0.0	954453	4059.664961008773	0.007047908	0.4509206886688795
4598.383034358019	1850	7.850098112252792	0.0	885062	3524.4845221389633	0.0058290926	0.5020820690311698
4602.302675726675	1850	7.930456743596208	0.0	1035329	3919.641368656584	0.004705182	0.4703009954249597
4605.916827544388	1850	7.933827303765793	0.0	1026056	3496.629439830416	0.004705182	0.5129266086154083
4609.876236874944	1850	7.90288389392928	0.0	943942	3530.9434098365127	0.004705182	0.5065168726920546
4613.125078428083	1850	7.582696073218606	0.0	728962	2820.1878207106747	0.004705182	0.5467739841856372
4616.460418580874	1850	7.739352839037749	0.0	938587	2843.343234180856	0.004705182	0.5595368374181262
4619.981911436186	1850	7.524604784686496	0.0	908665	3214.7480543512524	0.004705182	0.5017266072305677
4623.690687928294	1850	7.8158282925792975	0.0	930577	3708.7764921072	0.004705182	0.48035436232425766
4626.9362728814	1850	7.760796567560143	0.0	858450	3055.0317250191547	0.004705182	0.5404319719626178
4630.364735072317	1850	7.971842091145602	0.0	1025005	3288.954476414541	0.004705182	0.5373530721326016
4633.032420066188	1850	7.807753436960496	0.0	886255	2664.0886541851055	0.004705182	0.5840459319402636
4636.408690969122	1850	7.666416074336557	0.0	973972	3141.337362623938	0.004705182	0.52271717676156
4637.956354879942	750	7.76505096508165	0.0	398987	1401.365109254907	0.004705182	-0.4526267222723076
4641.755577848284	1850	7.965827996740358	0.0	982064	3299.2229683412925	0.008929411	-0.5642526405902026
4645.053643451949	1850	7.804555989361178	0.0	830730	3161.27200737918	0.004705182	0.5340198385977811
4649.513119441623	1850	7.345079999687208	0.0	846370	4459.47598967397	0.004705182	0.3599743458702318

