10996.213581702816	750	4.0	5.057839080863765	450283	5057.839080863765	0.005739139	-21.574289443063027
10997.64431921787	300	6.569262484946178	0.0	155580	1430.7375150538228	0.098060906	-0.3802325581395349
11000.300072180564	300	7.670674249107658	0.0	139857	1398.5882358385181	0.41504443	0.06976744186046512
11002.333533889801	300	7.582525791316185	0.0	155432	1588.1484577914728	0.73320425	0.06976744186046512
11005.162794459056	300	7.530552079912725	0.0	163442	1551.973711403461	0.6830565	0.06976744186046512
11006.466747662049	300	7.917218964591937	0.0	126289	1113.3331153207878	0.6344926	0.06976744186046512
11008.837827635572	300	7.956988978765559	0.0	153295	1460.2299858263789	0.6055591	0.06976744186046512
11010.565146968302	300	7.928754382500196	0.0	173849	1528.2345962653633	0.5011312	0.06976744186046512
11015.17355141781	750	7.320349932990493	0.0	374758	4608.404449509702	0.7131655	-0.2755813953488372
11017.30653404423	300	7.892603150817102	0.0	139105	1927.7467821733912	0.5127058	-0.3802325581395349
11019.210837644465	300	7.523069253722908	0.0	141840	1369.533897094195	0.24015966	0.06976744186046512
11021.48173201638	300	7.630006905035267	0.0	156148	1393.0623486876416	0.3191812	0.06976744186046512
11024.761591921068	300	7.903993069206068	0.0	160746	1726.0138358291986	0.4072799	0.06976744186046512
11026.715190159377	300	7.689116960630063	0.0	179801	1714.876108576005	0.32742566	0.06976744186046512
11031.263240589513	750	7.141066530494011	0.0	337059	4548.050430136052	0.23721862	-0.2755813953488372
11034.31533004205	300	7.943408069859712	0.0	138313	1697.6584606342997	0.10653138	-0.3802325581395349
11038.538858179949	300	7.719879931962059	0.0	143509	2223.5281378976515	0.16177651	0.06976744186046512
11042.137405139243	300	7.799585974315811	0.0	150616	1920.2939576462477	0.08516348	0.06976744186046512
11044.277002476721	300	7.7239138588502865	0.0	165384	2075.6721154655247	0.08357108	0.06976744186046512
11046.6580391647	300	7.5853580686681275	0.0	140881	1138.5557901821592	0.06455341	0.06976744186046512
11048.068339532827	300	7.7064483382524775	0.0	157671	1378.9097304156492	0.11968912	0.06976744186046512
11050.068071075006	300	7.747277943218216	0.0	157812	1959.1703950342617	0.17955634	0.06976744186046512
11052.665920338333	300	7.883633808827357	0.0	163927	1363.6441343908587	0.16677141	0.06976744186046512
11055.55163462733	300	7.5128792335963555	0.0	137654	1870.754575231002	0.31564048	0.06976744186046512
11057.499689383025	300	7.716331750782741	0.0	146754	1296.5474828136148	0.110579655	0.06976744186046512
11060.3264321333	300	7.728713997785832	0.0	153938	1487.6177529969104	0.27195436	0.06976744186046512
11062.373610094908	300	7.949687525020587	0.0	181901	1279.0264727652448	0.2491934	0.06976744186046512
11063.716427192188	300	7.962354754302327	0.0	111155	987.3327707182598	0.48808393	0.06976744186046512
11070.641045960025	750	5.0377359864672595	0.0	400396	6924.618767835067	0.43053114	-0.2755813953488372
11073.327263704936	300	6.3515182415562235	0.0	149029	2686.2177449110363	0.01611102	-0.3802325581395349
11075.960327003853	300	7.718454942638502	0.0	157421	2633.0632989177207	0.00974158	0.06976744186046512
11078.84842780252	300	7.679096597918644	0.0	157488	2039.3583447198582	0.015443035	0.06976744186046512
11080.965494517104	300	7.524934448598987	0.0	143881	1654.162149319656	0.017503284	0.06976744186046512
11083.415213142756	300	7.741527418405196	0.0	163444	2283.4070301937923	0.015522755	0.06976744186046512
11087.230374353629	300	7.9263662075321495	0.0	179328	2315.1612108730465	0.008234634	0.06976744186046512
11090.617313772766	300	7.513632906129802	0.0	159914	2412.7333014023475	0.008314168	0.06976744186046512
11093.221673409782	300	7.543556136988492	0.0	131610	1970.0767691413103	0.012225833	0.06976744186046512
11095.401581069678	300	7.695743773978634	0.0	124011	1347.8123630098582	0.012357977	0.06976744186046512
11097.534850366314	300	7.700156707603266	0.0	144254	1995.587066375369	0.024644429	0.06976744186046512
11101.567469935388	300	7.597688028695942	0.0	149991	2602.468678907325	0.018108243	0.06976744186046512
11104.382154456867	300	7.780421294040155	0.0	147968	2317.2667346557873	0.010613542	0.06976744186046512
11108.483164078258	300	7.658625405255952	0.0	161857	2621.7958887842024	0.009789382	0.06976744186046512
11112.36670510691	300	7.546461752733265	0.0	145210	2612.1636525226872	0.008299349	0.06976744186046512
11115.972485266175	300	7.940681593468977	0.0	172312	2605.780159264288	0.007164583	0.06976744186046512
11119.211491465661	300	7.784757160923802	0.0	167025	2655.9244325451746	0.0077981865	0.06976744186046512
11123.187767694873	300	7.808480931712213	0.0	160064	2976.2762292115885	0.0060036536	0.06976744186046512
11125.854436004965	300	7.734825836742623	0.0	137507	2073.6550949695907	0.0051017352	0.06976744186046512
11127.564144152579	300	7.606478399496833	0.0	118421	1628.3474372457897	0.005392384	0.06976744186046512

