2068.3740710428447	750	4.0	6.240793125191714	450283	6240.793125191714	0.004705182	-27.0343704645514
2070.9822845752383	300	5.39178646760646	0.0	155580	2608.2135323935404	0.004705182	-0.17580981337573848
2073.5104638662424	300	6.863607176602174	0.0	139857	2528.179291004286	0.004857257	0.4238580533072669
2076.7959208226525	300	7.578150220191981	0.0	155432	2285.456956410193	0.0054806643	0.5169058796940038
2080.618661505035	300	7.755409537809281	0.0	163442	3322.740682382701	0.010538332	0.430238921073686
2084.8517021770554	300	7.522368865789316	0.0	126289	2233.0406720199644	0.0059119407	0.5167784883689284
2087.8583025514718	300	7.893280884582324	0.0	153295	2629.0879812069916	0.004863184	0.5128744674987101
2092.1983561968345	300	7.553227239219327	0.0	173849	3840.053645362998	0.00542289	0.3590473451050637
2096.1786651933294	300	7.572918242724774	0.0	150710	2980.3089964945516	0.004705182	0.44691709181372485
2100.2416688356925	300	7.509914600361618	0.0	139105	2563.0036423631545	0.004705182	0.4825834539080144
2103.7850350883114	300	7.966548347742626	0.0	141840	3043.366252618993	0.004705182	0.478498718278268
2107.8407030309645	300	7.910880405089553	0.0	156148	3555.6679426530727	0.004705182	0.4219104455226004
2111.044808988792	300	7.833783900676961	0.0	160746	3077.0965044125915	0.004705182	0.462346961784505
2115.2736054816983	300	7.604987407770885	0.0	179801	2728.7964929060768	0.004705182	0.4751550363339905
2117.9996624675155	300	7.919861811722495	0.0	140051	2185.1255960483895	0.004705182	0.5598291509410495
2122.000987236024	300	7.918537043214364	0.0	138313	2501.3247685081296	0.004705182	0.528081723196645
2125.8406815327016	300	7.594817945414099	0.0	143509	1823.7190978002661	0.004705182	0.5646839533514908
2128.84255611082	300	7.511868303443511	0.0	150616	2082.949641970589	0.0052713426	0.5307769001245677
2131.9314432101337	300	7.696887164660952	0.0	165384	2314.9811387825594	0.005008963	0.5253820294506649
2135.7601184468654	300	7.579502574260539	0.0	140881	2617.3845904004124	0.004727513	0.4838432819354527
2138.5457918850157	300	7.672311135401022	0.0	157671	2407.1914388595183	0.004705182	0.513795528252235
2141.05097654608	300	7.988959880813811	0.0	157812	1683.3512545872109	0.004705182	0.6166573540149757
2142.77884214102	300	7.560943724582774	0.0	163927	1428.0161562310366	0.007486571	0.6009938146436261
2146.308196098987	300	7.956191536503684	0.0	137654	1604.752188079091	0.015348567	0.6213632696929645
2149.937891222116	300	7.848644826483142	0.0	146754	2607.546710020542	0.009871691	0.5107323224903645
2152.768481114527	300	7.839424029632122	0.0	153938	2009.2207968510193	0.004705182	0.5696774014644559
2157.0808595856956	300	7.527045558463498	0.0	181901	4312.378471168624	0.0047118566	0.3092948455234681
2159.911199649562	300	7.828749328894158	0.0	111155	2198.29622956934	0.004705182	0.5497424059220274
2163.8720361737896	300	7.867912804666359	0.0	153605	2460.836524227799	0.004705182	0.5272579062157832
2168.036888183566	300	7.7030607948898195	0.0	149029	3664.85200977654	0.004705182	0.3909891613886132
2172.8529946173853	300	6.886954361070595	0.0	157421	4816.106433819225	0.004705182	0.19731253248655084
2178.193555283786	300	5.546393694669956	0.0	157488	5340.560666400639	0.004705182	0.015836597331515212
2182.6700275422977	300	5.069921436158021	0.0	143881	4476.472258511935	0.004705182	0.056384433123472855
2186.8588549408314	300	4.881094037624639	0.0	163444	4188.827398533382	0.004705182	0.06697406400019512
2192.9637897911234	300	4.0	1.223840812667744	179328	6104.934850292383	0.004705182	-5.471958494043065
2198.743158588304	300	4.0	1.7793687971808312	159914	5779.368797180831	0.004705182	-7.8281722221381855
2202.1060940849	300	4.637064503403679	0.0	131610	3362.9354965963207	0.004705182	0.12607512977873903
2205.180419071735	300	5.562739516569342	0.0	124011	3074.324986834337	0.004705182	0.2440334695181704
2208.696080488595	300	6.047078099709451	0.0	144254	3515.66141685989	0.004705182	0.24651797434012224
2212.002897888669	300	6.740260699635539	0.0	149991	3306.8174000739127	0.004705182	0.33412200158153105
2215.1822144118873	300	7.560944176416844	0.0	147968	2679.316523218695	0.004705182	0.4758638214344112
2218.93859938708	300	7.804559201224158	0.0	161857	2756.3849751926873	0.004705182	0.49160520364253535
2221.4200343730313	300	7.843563565656448	0.0	145210	1960.99563556771	0.004705182	0.5748983527144651
2225.4008104244394	300	7.862787514248438	0.0	172312	3980.7760514080105	0.004705182	0.37477063837758895
2229.6845669462887	300	7.579030992399271	0.0	167025	4283.756521849166	0.004705182	0.3171606984919614
2232.74074434494	300	7.568428259894016	0.0	160064	3010.6027325052564	0.004705182	0.44345555218124566
2235.770359110527	300	7.886408114673917	0.0	137507	1682.020145220098	0.004705182	0.6069197390586998
2239.846621728837	300	7.810145496363546	0.0	118421	1576.2626183103712	0.004705182	0.6101551266876382

