5099.884745835655	750	4.0	4.3779972098671385	450283	4377.997209867139	0.022822164	0.05822014412956528
5101.143023599568	300	6.741722236087304	0.0	155580	1258.2777639126964	0.03481085	0.257438447688718
5102.349250268628	300	7.696746402752328	0.0	139857	1044.975833334976	0.00903898	0.8466873010883393
5103.706183013892	300	7.928905452727764	0.0	155432	1267.8409500245634	0.0101708025	0.8530659113240308
5105.259288178614	300	7.581898720336248	0.0	163442	1347.006732391515	0.010798105	0.8023037481885794
5106.375721904557	300	7.551731106880628	0.0	126289	1030.1676134556196	0.0123637095	0.8302628071532429
5108.222060414077	300	7.5016949131642745	0.0	153295	1050.0361937163545	0.0104464535	0.8220978845947906
5110.140447155293	300	7.7606527147577635	0.0	173849	1241.0421984065104	0.012519158	0.8349712991453188
5112.58509667725	300	7.627000187034247	0.0	150710	1133.652527723516	0.012605469	0.8292079330051364
5115.630748004403	300	7.659673077774161	0.0	139105	1467.3271092600855	0.013506668	0.7998746591580401
5117.835410411082	300	7.78650388328118	0.0	141840	1373.1691944929805	0.012204457	0.8249504927546178
5120.806028177897	300	7.891941639316347	0.0	156148	1394.5622439648346	0.011741348	0.8358297891948028
5122.477470895675	300	7.9142480561529736	0.0	160746	1477.6935831633723	0.011766289	0.8302708712227895
5126.297975082739	300	7.845870496577691	0.0	179801	3068.3775595752836	0.0113363415	0.6627597655287555
5128.939284328982	300	7.756279168101362	0.0	140051	1589.5913284763271	0.009732861	0.7995763759682631
5130.466692219706	300	7.993434286522446	0.0	138313	1262.844881578915	0.009099584	0.8615330166886196
5132.952663326706	300	7.752730204244425	0.0	143509	1240.704082278021	0.009595565	0.8340269032332843
5134.748622965034	300	7.952383883141642	0.0	150616	1300.3463211027831	0.009883614	0.8527143009219084
5136.429325796971	300	7.574839120985984	0.0	165384	1377.5447621556589	0.009878429	0.7983782829789041
5138.73055078522	300	7.825805623602592	0.0	140881	1249.033497383392	0.009657048	0.8422167235076397
5141.177124436064	300	7.508614619912354	0.0	157671	1317.1910036902382	0.010184832	0.7962367930235268
5143.113507337923	300	7.855114454410414	0.0	157812	1153.5001655019394	0.009703972	0.8553888740887656
5146.046872926607	300	7.869873023496975	0.0	163927	1485.241430913438	0.011090944	0.8240370162984969
5148.940133044033	300	7.957305067518682	0.0	137654	1412.5679559782932	0.011007118	0.8420997654811557
5152.525656815165	300	7.514889238826589	0.0	146754	1442.4158286920929	0.010257296	0.7844890497208906
5153.963354958863	300	7.887594080948122	0.0	153938	1127.2951578784678	0.010115923	0.8620196964570094
5156.56980712747	300	7.879569556104258	0.0	181901	1508.024524843864	0.010875895	0.8229559563310941
5157.896539010345	300	7.865417422548264	0.0	111155	1014.1521335559926	0.011315208	0.8705958044637673
5160.205990225372	300	7.756981637194322	0.0	153605	1608.4357853539423	0.010446818	0.7977786654828816
5162.963184468747	300	7.683892234843033	0.0	149029	1573.0894023512883	0.010041647	0.7922888154913514
5165.649093556807	300	7.96299016382498	0.0	157421	1720.9020710180537	0.009773071	0.8119683036908649
5168.863489059629	300	7.8182959019355005	0.0	157488	1644.6942618894784	0.009549339	0.8017234073604527
5171.10003724072	300	7.579872422356217	0.0	143881	1738.4234795792845	0.009490704	0.7629118825829131
5173.615709567098	300	7.811098581422255	0.0	163444	1768.7738409339627	0.009344587	0.7884267825273582
5175.729679760123	300	7.79256277063243	0.0	179328	1518.535810789824	0.008951726	0.8111619335338143
5178.472009142697	300	7.834115241962805	0.0	159914	1458.4475286696259	0.0100736655	0.822301324850097
5180.789145528547	300	7.632487994989708	0.0	131610	1201.627246973097	0.01011096	0.8230880512238716
5183.513829132306	300	7.987900810049447	0.0	124011	1144.5871849402608	0.010005181	0.87267555742959
5185.981374665875	300	7.504176252673519	0.0	144254	1483.7245573759278	0.010152408	0.7790354239636015
5188.818097595066	300	7.652725285674544	0.0	149991	1351.450966998974	0.010160919	0.8106044162059591
5191.979704092805	300	7.794557998901706	0.0	147968	1858.1672867728373	0.010775135	0.7774451405857946
5196.207423762663	300	7.566838329043647	0.0	161857	2727.719669858059	0.009802325	0.6623729191260292
5199.680754869448	300	7.685752173063287	0.0	145210	2881.0861559803607	0.009154862	0.6617187902576307
5202.082696052668	300	7.83090409035498	0.0	172312	1854.848082708307	0.007932166	0.7822647824158832
5203.634783261864	300	7.868407079013763	0.0	167025	1462.4970113412155	0.008851059	0.8261304552867581
5205.856408766069	300	7.867389325337866	0.0	160064	1501.0177536758968	0.010037761	0.822152717060473
5207.606403496627	300	7.807695840323462	0.0	137507	1059.6934850144048	0.010169381	0.8589146751681037
5208.932183244158	300	7.699956589329253	0.0	118421	1107.7392509942085	0.010928445	0.8408073271985508

