6150.193294297909	750	4.0	2.288238812003366	450283	2288.238812003366	0.69666374	-9.665008286963312
6151.311996334676	300	6.8812979632329325	0.0	155580	1118.7020367670673	0.19604017	-0.3802325581395349
6154.0583561566555	750	7.616588452788728	0.0	350812	2264.709510444204	0.65715134	-0.2755813953488372
6156.094652023603	750	7.76926570367247	0.0	382355	1847.3227491162575	0.21357563	0.1744186046511628
6158.606918732611	750	7.877618970083957	0.0	411561	1891.646733588513	0.16182542	0.1744186046511628
6160.138212224724	750	7.692282154537294	0.0	318564	1185.3368155466635	0.073992915	0.1744186046511628
6162.1742129556105	750	7.787260146426982	0.0	352642	1905.0220081103098	0.06412034	0.1744186046511628
6164.538835392432	750	7.5004382942050505	0.0	437162	1786.8218522219333	0.04554156	0.1744186046511628
6167.125360947033	750	7.741075775803299	0.0	374758	2259.36251840175	0.046895728	0.1744186046511628
6169.101516205652	750	7.746579669344264	0.0	362795	1494.496106459035	0.041333776	0.1744186046511628
6171.003940840475	750	7.5961969518621535	0.0	353220	1650.382717482111	0.04274197	0.1744186046511628
6173.6275151339305	750	7.600430782904856	0.0	405134	1995.7661689572967	0.042332456	0.1744186046511628
6175.19894270317	750	7.6986210748336745	0.0	386351	1401.809708071181	0.04655926	0.1744186046511628
6178.06981327607	750	7.567994709418952	0.0	434409	2630.626365414722	0.04277825	0.1744186046511628
6179.871365262368	750	7.807340762811847	0.0	337059	1260.6539466071042	0.047183268	0.1744186046511628
6181.068165452005	750	7.899389725989311	0.0	366214	907.9510368225361	0.040770896	0.1744186046511628
6183.752011054146	750	7.926891486976072	0.0	360831	2472.4982390132386	0.05323953	0.1744186046511628
6185.222281576079	750	7.977429936223784	0.0	372963	1449.4615507522897	0.041544877	0.1744186046511628
6187.7471608149435	750	7.915394821430926	0.0	405596	2062.0351147928573	0.03609182	0.1744186046511628
6190.134139159293	750	7.993327634992495	0.0	350713	1922.067186438431	0.038029943	0.1744186046511628
6192.5133245026145	750	7.851190561387466	0.0	386472	1642.137073605028	0.03849437	0.1744186046511628
6195.5930989676135	750	7.594827506645684	0.0	399894	2756.3630547417806	0.03658663	0.1744186046511628
6198.621706684279	750	7.952229353441915	0.0	401853	2142.5981532037686	0.06265371	0.1744186046511628
6201.306915561963	750	7.972629615280485	0.0	343800	1979.5997381614309	0.037717864	0.1744186046511628
6203.329088577214	750	7.77434767741651	0.0	359903	1698.2819378639745	0.045189895	0.1744186046511628
6205.502022942061	750	7.619826095686407	0.0	379700	1654.521581730102	0.044659633	0.1744186046511628
6207.510352353167	750	7.524867719791784	0.0	425781	1594.9583758946223	0.039832063	0.1744186046511628
6209.165524720232	750	7.503967158864696	0.0	277716	1020.9005609270887	0.042281214	0.1744186046511628
6211.541767782413	750	7.802981449343295	0.0	400396	1700.9857095214015	0.036750417	0.1744186046511628
6214.821559026784	750	7.5707145179883195	0.0	400508	2232.2669313549754	0.033778753	0.1744186046511628
6218.469497334409	750	7.8055075681825565	0.0	358218	2265.206949805762	0.04125558	0.1744186046511628
6221.538628120384	750	7.6323077731060165	0.0	400322	2673.1997950765394	0.041966826	0.1744186046511628
6224.442257206805	750	7.983458825843769	0.0	369834	2148.8489472622477	0.06502111	0.1744186046511628
6226.605402084655	750	7.639276432498762	0.0	412837	1844.182393345007	0.05004315	0.1744186046511628
6228.351865784567	750	7.720525743795068	0.0	401088	1418.7506887036939	0.049630553	0.1744186046511628
6230.218683112701	750	7.835973656832191	0.0	365161	1384.5520869628763	0.039360754	0.1744186046511628
6231.768559212082	750	7.89216822272764	0.0	321064	1443.805434104553	0.033679027	0.1744186046511628
6234.064917587916	750	7.662024338948231	0.0	361565	1730.1438837794076	0.03243055	0.1744186046511628
6234.952339938194	300	7.511420481336861	0.0	144254	650.6038576113701	0.03509629	-0.3802325581395349
6238.621674624891	750	7.8420857946400995	0.0	390680	3169.3346866967618	0.10188141	-0.2755813953488372
6240.855928670683	750	7.99303534242583	0.0	345516	1849.0504522142696	0.04628965	0.1744186046511628
6243.284640794068	750	7.836281049022025	0.0	384505	1656.7542934038056	0.04129834	0.1744186046511628
6245.2366457085245	750	7.776257439784449	0.0	372093	1560.0236092375762	0.035906754	0.1744186046511628
6247.422660799611	750	7.629240627850784	0.0	438281	1647.0168119336643	0.046809025	0.1744186046511628
6249.207909215776	750	7.916115487844501	0.0	398987	1713.125140006284	0.034198474	0.1744186046511628
6252.322579285986	750	7.989842081318928	0.0	393804	1926.2734065255736	0.036940806	0.1744186046511628
6256.092472181261	750	7.654093970523933	0.0	331053	2835.7481107949943	0.031039294	0.1744186046511628
6258.414614027331	750	7.965095515728452	0.0	314107	2188.998454795482	0.07693508	0.1744186046511628

