11834.239513041004	750	4.0	2.287148895543779	450283	2287.148895543779	0.01417212	0.26730497556190125
11835.266188317968	300	6.973324723036945	0.0	155580	1026.6752769630546	0.004705182	0.3091950983871107
11836.243061134612	300	7.591800334213279	0.0	139857	881.5243888236656	0.004705182	0.8500745537475979
11837.289173878657	300	7.736418142706298	0.0	155432	855.3821915069828	0.004705182	0.870545010875458
11838.323001461367	300	7.894869632419926	0.0	163442	841.5485102863722	0.004705182	0.8914926874709348
11840.327736535499	300	7.8836416935160685	0.0	126289	1011.2279389038578	0.004705182	0.8731384095192937
11842.018174910663	300	7.795176025897978	0.0	153295	1588.46566761809	0.004705182	0.8044916114764755
11845.584592639001	300	7.997953539351043	0.0	173849	2797.2224865469348	0.004705182	0.7086532569816355
11848.671515131113	300	7.604089861741785	0.0	150710	2893.863677609259	0.004705182	0.6503580363367045
11851.892708630627	300	7.965022600285429	0.0	139105	2139.067261456355	0.004705182	0.7704027334638412
11856.229264003554	300	7.628467227357458	0.0	141840	4336.555372927971	0.004705182	0.5090987867591124
11859.912226471082	300	7.945504759830292	0.0	156148	3182.9624675271652	0.004705182	0.6636033077678944
11863.733757385779	300	7.640561294038389	0.0	160746	2804.9434657919032	0.004705182	0.6637532550157161
11867.630149499071	300	7.744169180745073	0.0	179801	2896.392113293316	0.004705182	0.6674010541873325
11870.799258335255	300	7.841104610502547	0.0	140051	1903.064570242526	0.004705182	0.7787026113935761
11874.178533472767	300	7.594489079366855	0.0	138313	1746.615531135692	0.004705182	0.7638974240227323
11877.106207144523	300	7.8069821420276	0.0	143509	1787.5069373392541	0.004705182	0.7860452082420807
11880.91717258335	300	7.996016703201011	0.0	150616	3810.965438826589	0.004705182	0.6070398168900265
11884.625757808402	300	7.957290134395844	0.0	165384	3038.7265688051684	0.004705182	0.6794820603772318
11888.975500882283	300	7.592347911279616	0.0	140881	3864.942223116227	0.004705182	0.5518003807059636
11892.81296415122	300	7.754884642341385	0.0	157671	3337.4632689382315	0.004705182	0.6246169971594578
11896.931873070607	300	7.635975722954999	0.0	157812	3118.908919386385	0.004705182	0.6317905204246971
11901.183836478756	300	7.384012314804553	0.0	163927	4251.963408150446	0.004705182	0.48737466766393733
11904.999270280994	300	7.568578512566907	0.0	137654	3315.4338022376464	0.004705182	0.6038163696757883
11908.711696167755	300	7.856152625808049	0.0	146754	2712.425886758858	0.004705182	0.6996244869710425
11910.424074104258	300	7.955461763824889	0.0	153938	1400.6908619831595	0.004705182	0.8430598786482781
11912.669661291493	300	7.668511736066086	0.0	181901	1286.9500277588036	0.004705182	0.8190036933514062
11913.675030664468	300	7.880145605317494	0.0	111155	788.366130748593	0.004705182	0.8949929216386735
11915.831854662369	300	7.780235194480954	0.0	153605	1099.9104108365393	0.004705182	0.8515023641252306
11918.246625590187	300	7.891306566603174	0.0	149029	888.9286278777796	0.004705182	0.8863147371610363
11922.251401878988	300	7.501839558172342	0.0	157421	1889.4670084308325	0.004705182	0.7381726627191225
11925.410149144049	300	7.930120575328907	0.0	157488	1071.7189828434343	0.004705182	0.8728281415536286
11926.82214590015	300	7.727636338385211	0.0	143881	1202.4842369436944	0.004705182	0.8347505001570613
11930.840316195185	300	7.508307354947983	0.0	163444	1719.3289834372283	0.0047232993	0.7559850564560328
11933.98362004596	300	7.781076099858469	0.0	179328	2227.231255089515	0.004749284	0.7388741078951262
11936.480491909997	300	7.89067652268253	0.0	159914	890.3995771759388	0.0047629904	0.8860898495033794
11938.587080861977	300	7.950618214123669	0.0	131610	1440.0583085588603	0.0047848616	0.8385250916458097
11941.929374891211	300	7.532736440216509	0.0	124011	917.88177390716	0.0048216903	0.8391460832877701
11945.705217016599	300	7.55702151468731	0.0	144254	2475.714925529199	0.0048625693	0.6863612927156809
11948.157462754694	300	7.980962326566462	0.0	149991	2076.0591881208493	0.0050257333	0.7786716492860373
11952.03764625161	300	7.908963762596315	0.0	147968	3071.9985639701454	0.0050643086	0.6701879113104602
11956.008876987742	300	7.9377330264648265	0.0	161857	2971.2307361314884	0.0050198	0.6838168901253882
11959.801088737899	300	7.756335076425821	0.0	145210	2181.397950039004	0.0052822353	0.7404026169197411
11963.60695377109	300	7.950470043235357	0.0	172312	3305.865033190464	0.005717919	0.6519261242396925
11967.607355130554	300	7.950068683769685	0.0	167025	3500.401359465671	0.006082005	0.6324229349913453
11969.835193316807	300	7.789689696530977	0.0	160064	2160.3789872387083	0.006110973	0.7466228719348652
11971.236569453467	300	7.827731113206835	0.0	137507	961.9585833241417	0.006598185	0.8711619587974995
11972.46325026023	300	7.9540995484936285	0.0	118421	873.6315647132064	0.008505603	0.8955976130430858

