1520.6345502522438	750	4.0	3.478694088168143	450283	3478.694088168143	0.22785752	-14.881134701647689
1521.8396774199618	300	6.794872832282032	0.0	155580	1205.1271677179675	0.030044626	0.0995475056372574
1523.1078849894557	300	7.987679694553293	0.0	139857	807.1931377287391	0.20121405	0.704149946295198
1524.4023784700757	300	7.930940146300687	0.0	155432	1056.7395482526053	0.7084547	0.6737340582143652
1527.7154793269726	750	7.628266660185906	0.0	411561	3302.6734861147806	0.58412623	-0.005923207230004446
1530.996813140123	750	7.857813410401806	0.0	318564	2770.453249784099	0.4720453	0.5193929561365165
1535.1512104472645	300	7.703416103260533	0.0	153295	2154.3973071412724	0.6607412	0.09206883049304546
1539.219726787169	300	7.606796930512022	0.0	173849	3096.6191727485107	0.06946802	0.4385469370027816
1541.7460563926868	300	7.789580711331099	0.0	150710	2317.216219180923	0.015787417	0.5340803822979607
1545.0769245122342	300	7.943703339975924	0.0	139105	1845.8773713551757	0.019702848	0.5960487480312047
1548.4396927773582	300	7.704814591060065	0.0	141840	3238.8887489158583	0.02040217	0.43375429238092783
1551.9951610124167	300	7.939020241134823	0.0	156148	2265.794349925242	0.0050014467	0.5536062965038301
1555.0318017114655	300	7.99053674837714	0.0	160746	2448.483492757682	0.0064633535	0.5402959055214851
1556.4190896801754	300	7.850971438667677	0.0	179801	1139.5653097094635	0.005553383	0.6577544016304439
1557.8167293706695	300	7.586012946770828	0.0	140051	1264.9584918968496	0.22813767	0.6197125226565308
1561.0253819021934	300	7.873027170657528	0.0	138313	2212.9857761133003	0.10262998	0.5525352446587182
1563.8252174751838	300	7.590942847667619	0.0	143509	1782.0843229899083	0.010480119	0.5684744482004004
1565.3221518108421	300	7.7863513286886805	0.0	150616	1304.5915189789368	0.014448661	0.635032020510315
1569.1923305146222	300	7.916172624908644	0.0	165384	2870.1787037800373	0.047301784	0.4909687516776693
1570.6827790400603	300	7.937209060419404	0.0	140881	1478.9635644892405	0.006805378	0.6321150468124569
1573.2021356728605	300	7.998273243593598	0.0	157671	1438.9358168258057	0.017549992	0.6419953197114937
1575.399842438637	300	7.579630216242538	0.0	157812	1418.6430273510584	0.041788783	0.6037297239285256
1576.817729867798	300	7.770218442374829	0.0	163927	1309.411773867709	0.059180863	0.6329971860873672
1578.934891681084	300	7.77587531572843	0.0	137654	1494.3431266463992	0.10200111	0.615048531400974
1581.5390372259542	300	7.870211886613248	0.0	146754	1405.6634291151834	0.020933075	0.6329965050188575
1585.7156689551275	750	7.511137156204068	0.0	379700	3359.0747304091797	0.04760386	-0.022837181650571192
1587.821463679767	300	7.847018274366348	0.0	181901	1664.11888183772	0.095370755	0.15491854778945546
1589.0578479120932	300	7.814664050604073	0.0	111155	1032.3542237622755	0.024910394	0.6649808822050342
1592.8785437322429	300	7.993968230454317	0.0	153605	1320.6958201497553	0.03694871	0.6534049568940531
1595.7114519757429	300	7.524877009061323	0.0	149029	1469.0912213929937	0.057992168	0.5934148451173544
1598.905388275929	300	7.599817341521633	0.0	157421	1925.05966753969	0.028288165	0.5550310940249942
1601.442481321098	300	7.90570915426027	0.0	157488	1694.1081872613636	0.005650554	0.6075686821989408
1604.8226276074306	300	7.87712841104794	0.0	143881	1528.580743212331	0.0069199535	0.6213704970715146
1608.454002316802	300	7.907223866422377	0.0	163444	1969.9045446255616	0.0070128688	0.5801348392569476
1612.215903527516	300	7.907008376938249	0.0	179328	2000.2154894841283	0.0051188534	0.5770830036594484
1613.7472192372766	300	7.977193387172778	0.0	159914	1429.8149897654712	0.0048963698	0.640878441899094
1615.2983702796178	300	7.837368225999806	0.0	131610	1139.8251611729731	0.007198855	0.6564190915591044
1617.5856517909563	300	7.944390329914801	0.0	124011	1392.9778960850063	0.011818205	0.6414048191330086
1620.0641757324024	300	7.617280161818439	0.0	144254	1327.1101680963623	0.005472605	0.6165068605847437
1623.4993146400382	300	7.7954176091753835	0.0	149991	1821.8625526430542	0.0070638345	0.5841775571083005
1626.2030401256366	300	7.920193081872572	0.0	147968	1875.2245273028109	0.004705182	0.5908511429500231
1628.5667891796734	300	7.937569082001915	0.0	161857	1482.6239998706571	0.004705182	0.631783655767298
1630.8776170120288	300	7.787717592407347	0.0	145210	1149.851489594568	0.004775166	0.6506375279091051
1634.5223978234794	300	7.725815387062379	0.0	172312	2061.902205344967	0.010713822	0.5534742975998892
1637.8639777959747	300	7.701464684367616	0.0	167025	2024.3507026947618	0.004705182	0.5548856646162257
1640.8530407745452	300	7.7255479254827515	0.0	160064	2475.916758884865	0.004705182	0.5120470987600602
1642.553940522228	300	7.776671104484111	0.0	137507	948.8768209986401	0.004705182	0.6696717575522689
1644.923300396965	300	7.963002596957573	0.0	118421	1313.668507526538	0.007843359	0.6511272101806751

