2758.305198390483	750	4.0	2.600378850967279	450283	2600.378850967279	0.004705182	-11.016547657963885
2759.093404324643	300	7.21179406583987	0.0	155580	788.2059341601297	0.21605489	0.18136877908297452
2761.033171111782	750	7.95620316973898	0.0	350812	1755.5908961008906	0.65010726	0.180349319437782
2768.482835832069	1850	4.506538449451992	0.0	933276	7449.664720286987	0.7252275	-1.3122574286637392
2770.1129796667237	300	6.876394614797325	0.0	163442	1630.1438346546665	0.17235789	-1.0351075953676414
2771.5506118008902	300	7.984570708699006	0.0	126289	891.8239060983201	0.32445276	0.6953876259802585
2774.805307813041	300	7.660126869107935	0.0	153295	1324.4438395910704	0.66925716	0.6208975384809209
2777.790234717628	300	7.5727894029940055	0.0	173849	2087.3374661139296	0.6902888	0.5362018438789475
2780.056332901794	300	7.8785351207475145	0.0	150710	1194.254282246491	0.2306501	0.6549385406008115
2782.03548168471	300	7.579882613449314	0.0	139105	1298.6525072981992	0.3481008	0.6157530694563711
2784.0054448010305	300	7.580149255097804	0.0	141840	999.7333583515089	0.36860427	0.6456706489175607
2792.02403731876	750	4.0	0.438443262631783	405134	8018.592517729587	0.59323084	-2.712045994797484
2795.4061937656425	300	4.617843553117698	0.0	160746	3382.156446882301	0.004705182	-0.32769700390659795
2797.6636714796255	300	6.360365839134636	0.0	179801	2257.4777139830626	0.004705182	0.4024906512565297
2799.4647143091606	300	7.864072642649295	0.0	140051	1496.2931964853412	0.006280327	0.6233426189621945
2801.88682945956	300	7.905389869674491	0.0	138313	1458.6827729748036	0.019751964	0.6310804921175828
2805.991737207335	300	7.800482121899408	0.0	143509	2104.907747775083	0.040790554	0.5563605027920616
2808.4058300301303	300	7.73760571110158	0.0	150616	1562.876410797828	0.0051211445	0.6045117093559961
2809.885926825154	300	7.608165543438281	0.0	165384	1129.4401676632976	0.015343456	0.635396568085599
2811.548182969134	300	7.847365847128713	0.0	140881	760.799696309569	0.061103854	0.6952839206219414
2815.1954117591004	750	7.994479618780534	0.0	386472	3352.8862283481785	0.5835452	0.024303938625705734
2817.096453421902	300	7.526130068189044	0.0	157812	1468.349550591489	0.6841014	0.14360962058527818
2818.8399375372096	300	7.850734047540171	0.0	163927	1175.3960206488734	0.11019135	0.6541484813663985
2819.6610179760128	300	7.549237885018034	0.0	137654	801.4961625221372	0.4034596	0.6625191134413321
2822.3438955489783	750	7.552591236675648	0.0	359903	2496.646648342386	0.54636043	0.06739562966266244
2825.176297857997	750	7.609505620778091	0.0	379700	2443.0856158975575	0.20277075	0.5282298080879966
2827.8493159581403	750	7.572654898116849	0.0	425781	2536.8507226612414	0.26372892	0.5153063728091652
2830.7585174085734	750	7.766137866641389	0.0	277716	2306.51703147546	0.15086696	0.5569627010356536
2832.456235989771	300	7.893620699521518	0.0	153605	1372.5171671198705	0.6044102	0.18856425648765585
2834.1905447315476	300	7.549067131171785	0.0	149029	844.5535683497321	0.14530821	0.6581969376037259
2835.860908305824	300	7.993762930747132	0.0	157421	1555.3042004246515	0.6453222	0.6299243585327163
2837.4783791644463	300	7.977557164362002	0.0	157488	1016.2057663851311	0.11283194	0.6822743782115929
2841.8496916486806	750	7.60624468012722	0.0	369834	3871.3124842347825	0.54144824	-0.06490674804831936
2843.8143970414553	300	7.54518075747582	0.0	163444	1061.063922651399	0.0525978	0.18617183421827643
2845.059066943386	300	7.729666522571935	0.0	179328	815.5142349038852	0.27775902	0.6784837708831537
2847.456049401953	750	7.8407531173021905	0.0	365161	1888.913405269744	0.30860037	0.15590486768000597
2849.13587527732	750	7.969874701767032	0.0	321064	1370.8784155351589	0.031201985	0.67013646823664
2850.9312436626137	750	7.596664324536032	0.0	361565	1373.2103772310004	0.20467548	0.6339813423653251
2854.2251735038203	1850	7.835778322464277	0.0	908665	3260.8860020717557	0.6144017	-0.5729363752622904
2857.788475091925	1850	7.785649442979105	0.0	930577	3050.1288794851707	0.018118221	0.543314374469192
2861.331414042196	1850	7.710766341153842	0.0	858450	3074.883101825264	0.008932224	0.5336313672275727
2865.0792249339374	1850	7.962955449412149	0.0	1025005	3247.8108917416926	0.012508166	0.5406120810728932
2868.658312220199	1850	7.786345214874846	0.0	886255	2676.6102345373033	0.007346688	0.5807332078122532
2872.5593165345895	1850	7.885340900484343	0.0	973972	3901.0043143905027	0.004943153	0.4678222488631666
2875.3064427025593	1850	7.92351853255674	0.0	958994	2461.8223679276034	0.07859775	0.6154150846747378
2877.9360447662093	1850	7.536369329252848	0.0	982064	2387.149203303893	0.004705182	0.5856188433326709
2880.3924262496103	1850	7.784404998725293	0.0	830730	2251.9643305275554	0.004705182	0.6230110501687404
2883.0271213987417	1850	7.914265991096458	0.0	846370	2370.1390076288358	0.004705182	0.6236928529064611

