10494.390777248333	750	4.0	1.5985734190571195	450283	1598.5734190571195	0.052111104	0.19014265809428804
10497.167357231803	1200	5.2234200165289835	0.0	611087	2776.579983471017	1.0272282	-0.2011942473140403
10499.89615977614	1200	6.494617472191659	0.0	571051	2728.8025443373244	0.26148432	0.33303333757824627
10500.913794942879	300	7.632777857484862	0.0	155432	861.8396147067969	0.35126215	-0.5091353453778759
10502.263362130241	300	7.930892101789901	0.0	163442	701.8857556949617	0.03784849	0.4254921807923726
10503.42836130778	300	7.8722332384031946	0.0	126289	558.658863386707	0.057224046	0.436148691061529
10504.609531104657	300	7.7998184922910205	0.0	153295	572.414746112174	0.05094719	0.43024718115697136
10505.716064274824	300	7.545929399191382	0.0	173849	753.8890930996383	0.05131395	0.39623167813949756
10506.965967070788	300	7.897300073141414	0.0	150710	648.6293260499674	0.054238565	0.42871832196634163
10507.732926755554	300	7.87945698476526	0.0	139105	517.8430883761534	0.052727196	0.44068175271021337
10509.128286424826	300	7.726335367275555	0.0	141840	653.1216174897041	0.06922421	0.41758379870575174
10510.212355878759	300	7.975419704350225	0.0	156148	750.9156629253312	0.059224263	0.42337216522935595
10510.946648874376	300	7.794850044844662	0.0	160746	680.5696595055628	0.05174184	0.4191211618522351
10511.629634155746	300	7.630219129415549	0.0	179801	664.6309154291112	0.05605475	0.4104256040455607
10512.71703075683	300	7.915698026143789	0.0	140051	714.5211032717599	0.073099785	0.42327901630681086
10513.490362728366	300	7.785469803584376	0.0	138313	630.2282225594148	0.043857053	0.423569040468082
10514.326054407577	300	7.619175747864796	0.0	143509	666.2940557195807	0.04398252	0.4095690786695917
10515.306217441346	300	7.918793047526222	0.0	150616	700.382700338574	0.04905091	0.42488629543653145
10516.476358408256	300	7.79361274508743	0.0	165384	625.180302438792	0.046391595	0.4245827663240852
10517.267541394525	300	7.805501655687236	0.0	140881	488.111089400193	0.057134032	0.43903274454043295
10518.147834484753	300	7.996891039958943	0.0	157671	808.6106157282934	0.07289778	0.41894462842460456
10519.127911322032	300	7.932693806118765	0.0	157812	564.197233840177	0.047428735	0.43937363949840513
10520.52784075718	300	7.77066889501311	0.0	163927	1162.024911105654	0.06579538	0.369464314827754
10521.126642151148	300	7.685220450500449	0.0	137654	585.4484445126627	0.03480074	0.42178143370501175
10522.265738639824	300	7.962348676140881	0.0	146754	722.8717743595681	0.048551716	0.42535961482284823
10524.847011581147	300	7.744824653236888	0.0	153938	717.5240229039915	0.040340677	0.41229913853690636
10526.527136205821	300	7.586636761960097	0.0	181901	1158.1878912767913	0.042426713	0.35834600849482695
10527.674067969912	300	7.919139189462421	0.0	111155	667.4975724976756	0.031824987	0.42819644209163377
10529.442998036042	300	7.61439124719473	0.0	153605	804.7479422676904	0.02639573	0.39542465872290156
10531.078441166634	300	7.808760796330043	0.0	149029	805.630450864686	0.037355736	0.4074845046841591
10532.026492431036	300	7.584641503993203	0.0	157421	724.1192923368397	0.029891992	0.40162816476589125
10533.535235203924	300	7.8472361560813155	0.0	157488	737.4053479118892	0.041549474	0.4167117249638933
10534.89186706318	300	7.644588934441166	0.0	143881	702.6472216401482	0.04277142	0.407522086238558
10535.592804386419	300	7.9911125581298315	0.0	163444	653.4763763113347	0.045222014	0.434096897251981
10536.516332174831	300	7.723079175386341	0.0	179328	768.0333827434895	0.05693169	0.40588911018729734
10537.319096962101	300	7.949443898586705	0.0	159914	773.635276799636	0.06110826	0.41947671598170544
10537.945220580983	300	7.945946882880579	0.0	131610	503.49701570612723	0.052862126	0.4462719786094234
10538.590261264995	300	7.839739894963212	0.0	124011	606.2069879173667	0.072932556	0.4293630446434641
10540.958695710104	300	7.669939486956191	0.0	144254	669.8004080070209	0.06689744	0.41239117713405987
10542.16830011814	300	7.889454286988222	0.0	149991	780.4851999679684	0.07897784	0.41504237293996704
10543.099254666593	300	7.738536602796459	0.0	147968	650.9176841917645	0.07844119	0.4185667692556022
10544.466410158908	300	7.974977341269121	0.0	161857	763.5592615273374	0.11703648	0.42208015767658635
10545.245223767615	300	7.8073685708098095	0.0	145210	667.6087704593127	0.12652084	0.4211996586296818
10546.566955493861	300	7.9121051268102525	0.0	172312	895.2634439995575	0.1412374	0.40498022602568506
10547.800187522933	300	7.503723339398226	0.0	167025	908.3817874120267	0.15815774	0.3781445299711864
10548.675856915814	300	7.813313763787652	0.0	160064	690.4095756105739	0.16414583	0.41929115267567085
10549.753682151359	300	7.5370309736498236	0.0	137507	776.2827901378269	0.24631663	0.3934361568393313
10551.63542319019	300	7.946931686438398	0.0	118421	1090.0992872114261	0.21206662	0.38767330168125724

