18038.847042338995	750	4.0	3.8647822452337945	450283	3864.7822452337946	0.004705182	-15.868563654505316
18041.138438632213	300	5.708603706784821	0.0	155580	1291.3962932151785	0.004705182	-0.15000000000000002
18043.210062166705	300	5.515881285058447	0.0	139857	1192.7224217263733	0.005924602	0.3
18045.412424727674	300	5.8641505418619815	0.0	155432	1151.7307431964646	0.004890248	0.3
18047.216461546624	300	5.902447993621485	0.0	163442	961.7025482404969	0.011369009	0.3
18050.666499976454	750	5.818595933111687	0.0	318564	2083.852060509798	0.5309074	0.3
18054.514572382755	750	5.817652914623595	0.0	352642	3500.9430184880907	0.3373136	0.75
18056.25210843408	300	5.902449544716876	0.0	173849	915.2033699067193	0.22004487	-0.15000000000000002
18057.710354394636	300	5.899492952847577	0.0	150710	1002.9565918692983	0.7110379	0.3
18061.232620613493	750	5.576004556362203	0.0	362795	3323.488396485375	0.5454198	0.3
18064.75103494726	300	5.901186305462127	0.0	141840	3174.8182509000753	0.6706411	-0.15000000000000002
18067.280676895993	300	5.93316336298418	0.0	156148	1468.0229424779468	0.004705182	0.3
18070.258962608084	300	5.539829938513104	0.0	160746	1893.3334244710757	0.0047371257	0.3
18073.474637252486	300	5.774468822123041	0.0	179801	1765.3611163900623	0.004705182	0.3
18075.32736359581	300	5.918262433568112	0.0	140051	1356.20638855493	0.004705182	0.3
18078.000916732308	300	5.719745818851421	0.0	138313	1198.5166147166901	0.00531355	0.3
18081.18019633241	300	5.677624212941067	0.0	143509	2542.121605910354	0.0053788982	0.3
18085.001467109836	300	5.856353435513451	0.0	150616	3821.2707774276173	0.004705182	0.3
18089.47999845358	300	5.3778220917713515	0.0	165384	4478.531343742099	0.004705182	0.3
18092.761184874296	300	5.51070897719563	0.0	140881	1867.113114575721	0.004705182	0.3
18096.03926817995	300	5.523704020388864	0.0	157671	1987.004956806766	0.004705182	0.3
18098.270944589192	300	5.828404956788745	0.0	157812	2195.299063600119	0.004705182	0.3
18102.22440323189	300	5.8749463140941085	0.0	163927	1953.458642694636	0.004705182	0.3
18104.000434530662	300	5.801848692276832	0.0	137654	1573.097621817277	0.004705182	0.3
18106.117298363068	300	5.824883624103651	0.0	146754	976.965068173181	0.004705182	0.3
18110.23793280835	300	5.7042491788202145	0.0	153938	2120.6344452834373	0.004705182	0.3
18113.700055973462	300	5.623454162970287	0.0	181901	2580.7950158499266	0.004705182	0.3
18116.173013204923	300	5.58763960287128	0.0	111155	1035.8145600990056	0.004705182	0.3
18119.82630327748	300	5.93434953031639	0.0	153605	3153.2900725548907	0.004705182	0.3
18124.080058290743	300	5.680594517055741	0.0	149029	2753.755013260649	0.004705182	0.3
18125.64939300007	300	5.683021021481738	0.0	157421	1497.573495574003	0.004705182	0.3
18127.238904019454	300	5.799146109166017	0.0	157488	1383.8749123157204	0.004705182	0.3
18128.44519090331	300	5.523820735271347	0.0	143881	775.3253738946701	0.004705182	0.3
18130.204872523074	300	5.62946077087173	0.0	163444	894.3599643996163	0.009326981	0.3
18133.3419648034	300	5.538575405889363	0.0	179328	2090.8853649823677	0.09409216	0.3
18135.40820823945	300	5.75355716003797	0.0	159914	1285.0182458513939	0.004705182	0.3
18136.453487473565	300	5.586530162076535	0.0	131610	667.0269979614353	0.004705182	0.3
18140.148198327268	300	5.668300853304785	0.0	124011	1418.2293087717496	0.12733038	0.3
18141.510440219783	300	5.730420689013867	0.0	144254	937.8801642909192	0.004705182	0.3
18143.189906900847	300	5.532868150591967	0.0	149991	697.5525384219005	0.017222364	0.3
18145.474683143617	750	5.916437057528584	0.0	345516	1616.431093063383	0.59199435	0.3
18147.78012898776	750	5.507886786309151	0.0	384505	1908.5502712194325	0.96496296	0.75
18151.30045861117	750	5.506169694565118	0.0	372093	3001.717091744032	0.17154315	0.75
18153.917892371275	750	5.976759170848525	0.0	438281	2029.4105237165936	0.5213645	0.75
18156.127611396707	750	5.905911276324081	0.0	398987	1570.8478945244453	0.16638681	0.75
18165.016925142376	1850	4.0	2.9834024693466143	982064	8889.313745670695	1.053719	-12.078630618190441
18167.180510530616	300	5.836414611760279	0.0	137507	2163.58538823972	0.6410166	-1.25
18170.367334141523	300	5.728887895717043	0.0	118421	2107.526716043237	0.004705182	0.3

