16192.72250965237	750	4.0	3.9247822452337946	450283	3924.7822452337946	0.019331802	-16.702145049854153
16194.073905945586	300	6.648603706784821	0.0	155580	1351.3962932151785	0.19910537	-0.3802325581395349
16196.854358716955	300	7.596466642774696	0.0	139857	1052.1370640101254	0.6152797	0.06976744186046512
16200.548164548369	750	7.902660811361147	0.0	382355	2693.805831413548	0.5342715	-0.2755813953488372
16203.531867838019	750	7.976869878721849	0.0	411561	2425.7909326392974	0.2932027	0.1744186046511628
16205.752932341495	750	7.7252938102396325	0.0	318564	1751.576068482217	0.21750483	0.1744186046511628
16209.561098401078	750	7.917127750656469	0.0	352642	3308.166059583163	0.19607687	0.1744186046511628
16213.119751151933	750	7.916628651117839	0.0	437162	3500.49909953863	0.70451736	0.1744186046511628
16214.008010182479	300	7.611575937652269	0.0	150710	805.0527134655694	0.6615492	-0.3802325581395349
16217.802310865764	750	7.817275254368153	0.0	362795	3294.300683284117	0.6912868	-0.2755813953488372
16220.49240293166	300	7.890982783602692	0.0	141840	1426.2924707654606	0.70734394	-0.3802325581395349
16223.915560051266	300	7.566303978465592	0.0	156148	2824.6788051371	0.4711582	0.06976744186046512
16225.97669740471	300	7.774974478027361	0.0	160746	1791.329500438232	0.091667175	0.06976744186046512
16228.085584521546	300	7.870434793662383	0.0	179801	1904.5396843649773	0.11617106	0.06976744186046512
16230.142159856387	300	7.964320904477978	0.0	140051	1406.113889184406	0.1714214	0.06976744186046512
16232.02273768631	300	7.639262755244406	0.0	138313	1325.0581492335716	0.2734588	0.06976744186046512
16234.294205126476	300	7.736288761106239	0.0	143509	1402.973994138166	0.2739607	0.06976744186046512
16238.317777033899	300	7.712716853681901	0.0	150616	3023.5719074243398	0.3127378	0.06976744186046512
16242.683658504542	300	7.346835383038835	0.0	165384	4365.881470643066	0.08223893	0.06976744186046512
16246.167549110385	300	7.8629447771969	0.0	140881	3483.8906058419348	0.02133494	0.06976744186046512
16248.32388552766	300	7.715695312128734	0.0	157671	2147.2494650681674	0.017208925	0.06976744186046512
16252.389215649053	300	7.592573779984206	0.0	157812	2123.121532144527	0.026227837	0.06976744186046512
16255.229178541354	300	7.888696595058769	0.0	163927	2203.877184925438	0.025324792	0.06976744186046512
16257.287487880541	300	7.582584831603432	0.0	137654	1806.1117634553382	0.020420354	0.06976744186046512
16259.6687750514	300	7.623040014988934	0.0	146754	1459.5448166144981	0.015059744	0.06976744186046512
16262.663938260734	300	7.786329596994634	0.0	153938	1336.7104179943003	0.030984268	0.06976744186046512
16266.64940147555	300	7.800866382177406	0.0	181901	2485.463214817228	0.10987741	0.06976744186046512
16269.506969706134	300	7.654040231914629	0.0	111155	1646.8261502627772	0.06890388	0.06976744186046512
16272.06321572196	300	7.9612882451601585	0.0	153605	1192.7519867544715	0.05014953	0.06976744186046512
16276.18316289961	300	7.841341067511104	0.0	149029	3119.9471776490536	0.18481994	0.06976744186046512
16280.107805411672	300	7.916698555449442	0.0	157421	2924.6425120616614	0.03977725	0.06976744186046512
16281.753777178605	300	7.822754511875715	0.0	157488	1593.9440435737258	0.026732124	0.06976744186046512
16283.147876485355	300	7.996718710678811	0.0	143881	1326.0358011969047	0.038813204	0.06976744186046512
16284.481988704738	300	7.558694368265009	0.0	163444	938.0243424138033	0.07386195	0.06976744186046512
16286.434900017213	300	7.520282741012408	0.0	179328	1038.4116272526003	0.35308495	0.06976744186046512
16289.218544624175	300	7.600710227643009	0.0	159914	1919.5725133693984	0.46030554	0.06976744186046512
16290.779136651825	300	7.94745027511252	0.0	131610	1153.2599525304888	0.11474121	0.06976744186046512
16292.552767994723	300	7.834300655724252	0.0	124011	613.1496193882675	0.18835667	0.06976744186046512
16297.433511621102	750	6.953557029344527	0.0	378327	4880.743626379724	0.6696464	-0.2755813953488372
16298.427800423764	300	7.627025321959212	0.0	149991	826.5317073853149	0.14932936	-0.3802325581395349
16299.48147062808	300	7.83406870543862	0.0	147968	792.9566165205922	0.46887553	0.06976744186046512
16301.918287237695	750	7.751017151528342	0.0	384505	2083.051553910278	0.6176727	-0.2755813953488372
16304.392870508987	750	7.860608081735067	0.0	372093	1890.4090697932759	0.6562052	0.1744186046511628
16308.473202296726	750	7.722529264615285	0.0	438281	3638.0788171197814	0.5377959	0.1744186046511628
16309.577783246661	300	7.511365360957348	0.0	167025	711.1639036579353	0.28798336	-0.3802325581395349
16310.280175960555	300	7.816877527148092	0.0	160064	694.4878338092567	0.60503095	0.06976744186046512
16312.03757913651	300	7.787128369713471	0.0	137507	1029.7491574346197	0.665256	0.06976744186046512
16314.10011477938	300	7.784687481038278	0.0	118421	1002.4408886751937	0.47860435	0.06976744186046512

