19503.436502024277	750	4.0	4.236019030700693	450283	4236.019030700693	0.004705182	-18.21336444879091
19504.57921104186	300	6.857290982416554	0.0	155580	1142.7090175834455	0.24250336	0.1117971396665687
19508.175053645504	750	7.261448378775008	0.0	350812	3595.842603641546	0.33271086	-0.07054680208167757
19511.60290936409	750	7.559805788244914	0.0	382355	2701.6425905300957	0.13287586	0.4975904443620558
19516.769433253972	750	6.393281898358931	0.0	411561	5166.5238898859825	0.3421569	0.1388230432047639
19521.193137168313	750	5.96957798401881	0.0	318564	4423.703914340122	0.5477681	0.1723230498131194
19528.178540588477	750	4.0	1.0158254361428862	352642	6985.403420161696	0.5839677	-4.64147043113844
19531.154369245654	300	5.024171342820045	0.0	173849	2975.828657179954	0.025978204	-0.24795470604827247
19533.31542860279	300	6.863111985688232	0.0	150710	2161.0593571318136	0.04639006	0.46052238399732026
19536.277629778346	300	7.900910810132063	0.0	139105	2462.2011755561693	0.18607002	0.5302975372071508
19540.557854455976	300	7.620686132500531	0.0	141840	2780.224677631534	0.3295761	0.47152323824177056
19543.79350469567	300	7.743440151222945	0.0	156148	2877.2459812775846	0.14207755	0.47363632390590465
19545.809081509626	300	7.924853825753526	0.0	160746	1318.5863254694184	0.25133228	0.646963565113006
19548.17456131207	300	7.615609226027884	0.0	179801	1309.2445997256416	0.42512476	0.6181325879227816
19550.069451629464	750	7.5762816257379235	0.0	337059	1539.3276002899609	0.22209662	0.16540776176709115
19556.929685151918	1200	4.716048103285157	0.0	587876	6860.233522452767	0.66449195	-0.6179148084577819
19559.94159575889	750	5.704137496312335	0.0	360831	3011.9106069728223	0.5786426	-0.16204657285849405
19562.7293611813	750	6.9163720738998125	0.0	372963	2787.7654224125217	0.20750111	0.42704692328617533
19566.540889283	750	7.104843972203465	0.0	405596	3811.528101696347	0.13646336	0.3428112931713684
19569.894990276018	750	7.750742979183146	0.0	350713	2854.100993020319	0.10653395	0.5007225291890123
19574.915370860726	750	6.730362394474115	0.0	386472	5020.380584709031	0.18429452	0.18588176065272777
19578.341713173835	750	7.3040200813644045	0.0	399894	3426.34231310971	0.18900631	0.4005008024972603
19580.89184722103	750	7.647865188507458	0.0	401853	2156.1548928569455	0.12353564	0.5606150330743778
19583.51701080252	1200	7.502272965381829	0.0	536667	2145.5922231256286	0.73144853	0.12172668131158462
19589.159690990513	1850	5.859592777388273	0.0	897976	5642.6801879935565	0.5184355	-0.5513259341900321
19592.164661455572	750	6.85462231232884	0.0	379700	3004.9704650594335	1.0359899	-0.7006170668234397
19596.17545263286	750	6.843831135041159	0.0	425781	4010.7911772876805	0.4042998	0.2977621986807499
19599.10128351831	750	7.918000249588331	0.0	277716	2425.8308854528286	0.10697127	0.5596482453305786
19603.079370687872	750	7.815878768435901	0.0	400396	3602.12148115243	0.2850956	0.43218987529446384
19607.084173821724	750	7.8110756345818935	0.0	400508	4004.8031338540077	0.13331428	0.3914594028453584
19610.56074601123	750	7.853173908459379	0.0	358218	3457.901726122514	0.11399216	0.45020155108413945
19618.485074896038	750	4.0	0.07115497634798885	400322	7924.328884807368	0.14040017	-0.6732800004849477
19623.058955261688	300	4.0	0.5738803656529381	143881	4573.880365652938	0.027602747	-2.9740231234154555
19627.9479860057	300	4.0	0.8890307440107644	163444	4889.0307440107645	0.004705182	-3.9106847881898914
19633.293997611258	300	4.0	1.3460116055569216	179328	5346.0116055569215	0.004705182	-5.921400578992982
19638.839546474414	300	4.0	1.5455488631531444	159914	5545.548863153144	0.004705182	-6.799364512416362
19642.91537831021	300	4.0	0.07583183579527122	131610	4075.831835795271	0.004705182	-0.33260959204172114
19646.91125891936	300	4.00411939084667	0.0	124011	3995.8806091533297	0.004705182	0.001858920667209385
19651.30418256563	300	4.0	0.3888042554225976	144254	4392.923646269268	0.004705182	-1.7101001774866242
19655.69391388965	300	4.0	0.3897313240195999	149991	4389.7313240196	0.004705182	-1.7137673402287672
19659.996656645126	300	4.0	0.3027427554755468	147968	4302.742755475547	0.004705182	-1.3310176386349337
19664.62554907333	300	4.0	0.628892428203978	161857	4628.892428203978	0.004705182	-2.7660761986400306
19668.856711344393	300	4.0	0.23116227106422957	145210	4231.16227106423	0.004705182	-1.0160635072251378
19673.8800498121	300	4.0	1.023338467706323	172312	5023.338467706323	0.004705182	-4.50163877245035
19678.096805921075	300	4.0	0.2167561089725923	167025	4216.756108972592	0.004705182	-0.9526763940219338
19680.026931314213	300	6.069874606863428	0.0	160064	1930.125393136572	0.004705182	0.40726576684592747
19682.166786509693	300	7.930019411380624	0.0	137507	1139.855195482803	0.004705182	0.665333871692247
19682.994802151643	300	7.693367028328661	0.0	118421	736.6523830519632	0.29797423	0.6828760878375378

