9567.359036113523	750	4.0	2.54228302815134	450283	2542.28302815134	0.5253216	-10.7573984163996
9568.198456940097	300	7.160579173426026	0.0	155580	839.4208265739742	0.15040898	-0.3802325581395349
9569.510445267339	300	7.525436984853442	0.0	139857	635.1421885725827	0.6824001	0.06976744186046512
9571.586822807192	750	7.545671274724962	0.0	382355	1979.7657101284806	0.41658908	-0.2755813953488372
9573.475766357282	750	7.764505385943563	0.0	411561	1781.1658887813994	0.1499919	0.1744186046511628
9575.778352121853	750	7.752101334311093	0.0	318564	2012.4040516324699	0.058907658	0.1744186046511628
9579.540020162545	750	7.990433293620195	0.0	352642	3761.6680406908977	0.082733564	0.1744186046511628
9589.549595074648	750	4.0	2.019141618483116	437162	10009.574912103311	0.10764493	-8.507890354826237
9592.428185074965	300	5.121409999682739	0.0	150710	2878.590000317261	0.047405086	-0.3802325581395349
9594.428349918879	300	7.121245155768277	0.0	139105	2000.164843914462	0.015340992	0.06976744186046512
9597.152643433861	300	7.8891881675599835	0.0	141840	1232.056988208294	0.15642045	0.06976744186046512
9599.06021904597	300	7.9765186630423575	0.0	156148	1412.6695045176255	0.22992443	0.06976744186046512
9601.84019310418	300	7.718984640033155	0.0	160746	1757.5340230092022	0.4155494	0.06976744186046512
9604.030085886183	300	7.805258304782627	0.0	179801	1413.72633525053	0.65381634	0.06976744186046512
9607.523090934994	750	7.501838913153122	0.0	337059	2803.419391629505	0.3085519	-0.2755813953488372
9610.467485306453	750	7.949434565564592	0.0	366214	2552.404347588531	0.19499804	0.1744186046511628
9614.579595242429	750	7.837324629587132	0.0	360831	3112.1099359774603	0.10638001	0.1744186046511628
9618.40130190413	750	7.8585212691107005	0.0	372963	2978.8033604764305	0.15728143	0.1744186046511628
9622.315448067911	750	7.944375105330939	0.0	405596	3914.1461637797615	0.2065634	0.1744186046511628
9625.370278104072	750	7.740484915102426	0.0	350713	2703.8901902285124	0.22811931	0.1744186046511628
9628.455456043755	750	7.733365844427195	0.0	386472	2507.1190706752313	0.30836007	0.1744186046511628
9632.224425623985	750	7.964396264198258	0.0	399894	3268.969580228937	0.16351795	0.1744186046511628
9636.37095652119	750	7.817865366992855	0.0	401853	3646.5308972054027	0.21581885	0.1744186046511628
9640.4657295649	750	7.723092323283985	0.0	343800	3094.7730437088694	0.20341673	0.1744186046511628
9644.656786064274	750	7.532035823911708	0.0	359903	3191.0564993722764	0.31599146	0.1744186046511628
9647.59491425753	750	7.597666200644174	0.0	379700	2934.369623267534	0.37001508	0.1744186046511628
9649.363630178861	300	7.870187457973991	0.0	181901	1227.478742670184	0.3169421	-0.3802325581395349
9650.444026489482	300	7.725607853993735	0.0	111155	644.5796039802553	0.50051767	0.06976744186046512
9654.65682867639	750	7.512805667085066	0.0	400396	4212.80218690867	0.33311087	-0.2755813953488372
9656.893411538587	750	7.608823711261379	0.0	400508	1903.9819558236861	0.19331016	0.1744186046511628
9658.367936753937	750	7.722861580772658	0.0	358218	1385.9621304887203	0.06350272	0.1744186046511628
9659.92887802496	750	7.536672521192047	0.0	400322	1186.1890595806108	0.044942223	0.1744186046511628
9661.926102020354	750	7.610436581216405	0.0	369834	1426.2359399756426	0.045279972	0.1744186046511628
9664.829990279422	750	7.693986441390993	0.0	412837	1916.4501398254117	0.03577625	0.1744186046511628
9668.64571266173	750	7.878264059084608	0.0	401088	2815.7223823063855	0.04395897	0.1744186046511628
9670.299974376301	750	7.692713505074509	0.0	365161	1185.5505540100976	0.03851253	0.1744186046511628
9672.710729897162	750	7.601691281923289	0.0	321064	2091.02222315122	0.035179928	0.1744186046511628
9676.72935044033	750	7.583070738757098	0.0	361565	3018.6205431661915	0.04873988	0.1744186046511628
9681.533633459643	750	6.778787719443908	0.0	378327	4804.28301931319	0.086102515	0.1744186046511628
9684.492497607655	750	7.8199235714331055	0.0	390680	2958.8641480108026	0.2742783	0.1744186046511628
9687.26425389253	750	7.844795914095595	0.0	345516	2475.12765733751	0.19986011	0.1744186046511628
9691.236847320348	750	7.872202486277527	0.0	384505	3472.593427818068	0.17020372	0.1744186046511628
9692.492044647892	300	7.614214907684249	0.0	145210	757.9875785932786	0.36031288	-0.3802325581395349
9695.489224008053	750	7.884230044578075	0.0	438281	2229.984863106175	0.33723357	-0.2755813953488372
9697.942252247229	750	7.976313197518481	0.0	398987	1907.9168470595941	0.094550565	0.1744186046511628
9700.276754479424	750	7.861617829978506	0.0	393804	2114.6953675399755	0.054119863	0.1744186046511628
9701.584840759648	750	7.707478069694632	0.0	331053	1154.1397602838736	0.046505675	0.1744186046511628
9703.699286384415	750	7.617228583781678	0.0	314107	1090.2494859129542	0.042541355	0.1744186046511628

