13541.02020809608	750	4.0	1.5754002818435975	450283	1575.4002818435974	0.022146802	0.33847983693191935
13541.862829853433	300	7.157378242649309	0.0	155580	842.6217573506916	0.17539063	0.3503258904172418
13542.875630821647	300	7.984988782908306	0.0	139857	672.3894597410048	0.017024403	0.919535776389147
13543.580876240294	300	7.862571732452321	0.0	155432	622.4170504559852	0.017465241	0.9094179499752395
13545.520925892102	300	7.763961095394099	0.0	163442	1098.6106370582215	0.021987515	0.8496229473645939
13547.637041149967	300	7.886623045386326	0.0	126289	1377.3380500077733	0.018319158	0.8368955116261583
13549.56022279799	300	7.979420729952557	0.0	153295	1407.2023154337696	0.01423468	0.845366992672523
13551.274158088881	300	7.575442765102143	0.0	173849	903.9779648504148	0.014325536	0.8458094958029201
13552.420424319185	300	7.542288384470663	0.0	150710	1033.1543806314799	0.019953392	0.8287982194404918
13553.405534706817	300	7.846289086891753	0.0	139105	695.9992975789104	0.017297901	0.900049275875024
13555.024512693608	300	7.561355595621615	0.0	141840	784.9334912701376	0.018145844	0.8559745734034754
13556.724706027848	300	7.573281190562022	0.0	156148	988.0744050595931	0.017528733	0.8371329580395221
13557.760076831551	300	7.681655315302087	0.0	160746	891.6258752599342	0.015394531	0.8601589714666575
13559.400309608913	300	7.8134113478922975	0.0	179801	868.2439674097895	0.015975734	0.8787653315789975
13560.840766652838	300	7.869177297655264	0.0	140051	944.2340502370326	0.01788397	0.8780518517658856
13562.09212119375	300	7.581611519293241	0.0	138313	787.5657783620223	0.017330486	0.8582123823294765
13564.219436219322	300	7.904848321032448	0.0	143509	676.7631982607919	0.016906464	0.9092033064407228
13565.628018685084	300	7.5308329827064515	0.0	150616	874.0153383259959	0.019350898	0.843297703306757
13566.579282257377	300	7.677484741229044	0.0	165384	853.3482414774087	0.017521001	0.8634717860878885
13567.771482759215	300	7.9003422177167435	0.0	140881	777.1425235123007	0.018109038	0.8986089967212593
13568.992874452078	300	7.542175398598223	0.0	157671	858.1668191185198	0.017890222	0.8462830250100322
13570.724626489946	300	7.667911721137047	0.0	157812	874.2636774611753	0.018141082	0.860198243390352
13572.044029636398	300	7.816954404414609	0.0	163927	850.9573167224381	0.01750374	0.8809314646126382
13573.356236786622	300	7.650073701267878	0.0	137654	1166.8807031467318	0.01834236	0.8287340463933371
13574.26691887635	300	7.5223958370410005	0.0	146754	627.6778642268775	0.015996924	0.8668897002053146
13575.25999418951	300	7.902360388561976	0.0	153938	620.0354484790239	0.018669326	0.9145688916385997
13576.380764913998	300	7.528494920508325	0.0	181901	873.8654680536501	0.019930396	0.8430240053228449
13577.338218493544	300	7.8932207494040485	0.0	111155	635.2741711042759	0.019826788	0.9119165306496853
13580.254105675416	300	7.5613668576876885	0.0	153605	1331.8538917163605	0.018090341	0.8012839239076899
13582.04007833024	300	7.785397185354259	0.0	149029	1275.9696723334291	0.015327381	0.8345337988609761
13583.382034288243	300	7.574420702097643	0.0	157421	710.976483256615	0.01603736	0.864983447888439
13586.448341845744	300	7.746756608220378	0.0	157488	827.6640938772653	0.018004553	0.8745933307477685
13588.005289502089	300	7.937604616858398	0.0	143881	809.15199136198	0.018973555	0.9000089096226498
13590.061733484255	300	7.813280391268632	0.0	163444	1124.3242255897662	0.01812262	0.8531411362962213
13591.337186405133	300	7.921613861616115	0.0	179328	891.6665296525179	0.015786728	0.889783046661512
13592.737727776952	300	7.773236347820206	0.0	159914	1148.3775137959083	0.017815428	0.8457914928467969
13594.522871043791	300	7.8617466244121275	0.0	131610	911.4897234080789	0.016653694	0.8804088050122884
13596.78178756873	300	7.67411509065819	0.0	124011	1687.6315337539388	0.015895166	0.7796273996597953
13598.242714478643	300	7.6242941932951105	0.0	144254	1049.820897363079	0.014837288	0.8372569818189958
13599.31226628884	300	7.955071222972107	0.0	149991	669.2229703230043	0.0151175205	0.9161584469882912
13601.174427285587	300	7.5641552590344725	0.0	147968	1390.915963937633	0.018801337	0.7957220059326677
13602.776008603643	300	7.963987111411472	0.0	161857	600.1681476229994	0.0143284565	0.9241647910555368
13605.081277636964	300	7.672059155967499	0.0	145210	1291.9279554439727	0.02322698	0.8189439073025573
13606.712769056407	300	7.932983999683944	0.0	172312	1239.075156283555	0.014923792	0.8564460766910321
13607.422879327267	300	7.794136938333058	0.0	167025	638.8470613508852	0.01621498	0.8993251739743005
13608.371023700116	300	7.520696399663136	0.0	160064	773.4405386699217	0.023033144	0.8521035999777914
13609.760076529314	300	7.933521845154999	0.0	137507	587.1745545081387	0.022435464	0.9217025456775144
13613.166155065888	300	7.646421780711153	0.0	118421	787.1000644438467	0.030719783	0.8662612006481887

