689.3033132622345	750	4.0	0.8872836624630916	450283	887.2836624630917	0.036109556	0.40729149886996996
689.6830968852364	300	7.620216376998051	0.0	155580	379.78362300194965	0.004705182	0.45375721347808706
690.0446179607903	300	7.76798953917365	0.0	139857	352.22683782440106	0.004705182	0.9247587269458358
690.49311536459	300	7.853387984748451	0.0	155432	414.6015544251983	0.004705182	0.929065564685404
691.1046617852587	300	7.974562627571464	0.0	163442	378.8253571769872	0.004705182	0.9476048493060868
691.9570625840089	300	7.569722812392165	0.0	126289	404.83981517929874	0.004705182	0.8950170572695211
692.4219855897118	300	7.656041791776148	0.0	153295	413.6810206160165	0.004705182	0.9047909061954378
692.9890918938744	300	7.678109565488319	0.0	173849	477.932226287829	0.004705182	0.9010905358531156
693.804879390296	300	7.769802861014863	0.0	150710	408.30670447345665	0.004705182	0.9193746345966429
694.5333289940655	300	7.834318560004223	0.0	139105	435.48430101063894	0.004705182	0.9246227516834152
695.3260451561082	300	7.979443073112306	0.0	141840	354.87548689191783	0.004705182	0.9506024342793737
697.25678814614	300	7.5679919156718025	0.0	156148	911.4511574405046	0.004705182	0.8441422059149974
700.3905554597526	300	7.740754156111165	0.0	160746	1827.2377595606372	0.004705182	0.7738948299378171
704.1883756256935	300	7.942933990170099	0.0	179801	3797.8201659410656	0.004705182	0.6018001200799634
707.8826350353711	300	7.852979111927847	0.0	140051	2589.9548782422517	0.004705182	0.7114797479945694
710.9389045319954	300	7.506996705633275	0.0	138313	1845.9824062945713	0.004705182	0.7431578857927945
712.4760279921757	300	7.618578458708021	0.0	143509	1388.4182469252535	0.004705182	0.8026915141819679
713.2302337280108	300	7.660828187917978	0.0	150616	457.7502707900435	0.004705182	0.9009749666636494
713.8210081028035	300	7.60866884269418	0.0	165384	552.1593452237971	0.004705182	0.8850938451107441
714.6753680848301	300	7.505796275865352	0.0	140881	602.872566828827	0.004705182	0.8673206503801016
715.3152174300617	300	7.996615334698435	0.0	157671	509.1809411669159	0.004705182	0.9372921808318636
715.9261700448263	300	7.531473286548422	0.0	157812	465.1420481500131	0.004705182	0.8842640918643045
717.5602363529534	300	7.9773453156921965	0.0	163927	1054.127970856225	0.004705182	0.8804181717623211
718.780382210959	300	7.607241564824873	0.0	137654	870.1037508673234	0.004705182	0.8531231758181992
719.8437912263985	300	7.505558186974258	0.0	146754	601.6833778506151	0.004705182	0.8674101719871945
721.1794232604326	300	7.913604979251646	0.0	153938	591.9532077226123	0.004705182	0.9187655068319741
722.7414252206328	300	7.629443374157261	0.0	181901	784.161605094386	0.0047104266	0.8644586902547232
723.4605581660373	300	7.678797141107927	0.0	111155	450.646233049335	0.004728187	0.9039040314537063
724.1199766327511	300	7.723331235428657	0.0	153605	455.46590567926853	0.004741179	0.9089207739879489
725.3868070108891	300	7.606892250376833	0.0	149029	1116.4389850518244	0.004933021	0.8284465218767857
726.0166164070308	300	7.637183310849114	0.0	157421	469.70893952772025	0.0047397483	0.8968596215973618
726.8502993710651	300	7.7253920906389135	0.0	157488	411.79122021020106	0.0054573864	0.9135427002690516
727.632914088776	300	7.840030522695535	0.0	143881	385.36156794337916	0.00656438	0.9303402919477661
728.4546817294734	300	7.892773343730627	0.0	163444	447.2571789649094	0.008380791	0.9306629878294612
729.1361830222361	300	7.879277875715534	0.0	179328	513.4954680150931	0.009524731	0.9223728476785367
729.584020557228	300	7.954362016093368	0.0	159914	424.91585962216567	0.010624981	0.9405015909286991
730.1601296928045	300	7.597768323989958	0.0	131610	356.59369210340975	0.012176154	0.9033045025311305
730.8214149070167	300	7.7468834051204905	0.0	124011	350.88491886946684	0.012867462	0.9222869041043043
731.3030525089914	300	7.856264766304415	0.0	144254	390.61863881607565	0.016240591	0.9318190579668758
731.7278629994935	300	7.959369064632728	0.0	149991	396.89570167168716	0.018326467	0.9439218365828821
732.7606823152763	300	7.971916748656504	0.0	147968	487.4523159762244	0.021129018	0.9364154616962896
733.6671794557012	300	7.671351635577346	0.0	161857	800.5651130791576	0.021475445	0.8679928326433338
734.267069824026	300	7.799372546152863	0.0	145210	371.97908942448424	0.02177936	0.9266584216775519
734.8436701381127	300	7.875027990414641	0.0	172312	424.34455573822186	0.028055856	0.930763197440217
735.6111860634888	300	7.987397945050736	0.0	167025	387.6300453639064	0.036357395	0.9483091816841054
736.1978300446156	300	7.594018894493543	0.0	160064	393.3790505571918	0.05190832	0.899163017455046
736.6944125548966	300	7.712360047387703	0.0	137507	381.6588471058407	0.05494909	0.914946846275478
737.3496121062242	300	7.822222179611632	0.0	118421	390.1378677760707	0.05903415	0.9276638317854714

