11068.42154326181	750	4.0	6.08032816050688	450283	6080.3281605068805	0.009842934	-0.27082351372510666
11070.776494762209	300	5.645048499601703	0.0	155580	2354.951500398297	0.07503891	-0.2977958978844907
11073.049573575856	300	7.371969685954002	0.0	139857	2273.078813647701	0.005807136	0.2683239449375876
11076.6090123707	300	7.812530891109549	0.0	155432	2559.4387948444523	0.0053781793	0.26722302214013416
11080.443424384353	300	7.978118877455265	0.0	163442	2834.412013654285	0.006411317	0.25007494940575814
11084.444177309158	300	7.9773659526506675	0.0	126289	2500.752924804598	0.0050059	0.2833938004904395
11087.866698019594	300	7.897586715661808	0.0	153295	2079.7792369888584	0.0048165163	0.32050496696020964
11090.060172879588	300	7.567220012837146	0.0	173849	1830.3667028246616	0.00504117	0.32479830145008803
11092.729234167302	300	7.604243466664901	0.0	150710	1462.9765461722457	0.006102378	0.36385128297956426
11094.604091669258	300	7.8498570912085395	0.0	139105	1254.3863754563613	0.0060758023	0.4000611515851301
11096.670126584617	300	7.557075106178025	0.0	141840	1292.7819850305143	0.0064642965	0.37792271656330767
11098.916449427683	300	7.790540140259709	0.0	156148	1766.5349659183162	0.006864821	0.34513898310463276
11102.126392759867	300	7.720462450891042	0.0	160746	1570.0776893686666	0.0067280857	0.36040485517405607
11106.331425529883	300	7.515429680874815	0.0	179801	3205.0327700162266	0.006968286	0.18409479898328585
11109.329880856878	300	7.728651228593557	0.0	140051	2286.7784522812585	0.0063866214	0.289246577489204
11111.680965520662	300	7.558947391258678	0.0	138313	2169.7038373348787	0.005815003	0.29034754915041205
11115.540151042935	300	7.505044971846499	0.0	143509	2053.9024194121803	0.0055427155	0.29855878972942074
11119.379637925762	300	7.665558089018099	0.0	150616	2839.4868828283993	0.0056999014	0.23003241321102386
11122.676049574342	300	7.609737281422949	0.0	165384	2555.82080759515	0.0050567817	0.2549102202596519
11126.60999177125	300	7.675795084513615	0.0	140881	1933.942196909335	0.0049485723	0.3212266940213999
11130.458465829062	300	7.827321026701927	0.0	157671	2848.4740578116866	0.005041267	0.23924387931793434
11134.596223336366	300	7.604945863802368	0.0	157812	2222.375162899559	0.004905859	0.28795532112792466
11137.32272566023	300	7.504385783473	0.0	163927	2600.5600803293682	0.004899542	0.24385182436435826
11140.722739023382	300	7.7473502999630295	0.0	137654	1757.0354835099727	0.004871185	0.3433895663269246
11142.594089933333	300	7.758163746659946	0.0	146754	1489.186553303082	0.0050292704	0.3708502997661709
11145.254835546077	300	7.603873094761744	0.0	153938	1654.2906518982006	0.005204614	0.34469672416302155
11149.255443521735	300	7.603265119101868	0.0	181901	3000.6079756598756	0.00528781	0.2100269933081117
11153.05247943256	300	7.806229208280314	0.0	111155	2297.0359108215534	0.005179029	0.2930694553655968
11156.916562072209	300	7.942146568630926	0.0	153605	3864.082639649388	0.004819767	0.14485961750472665
11161.03102861499	300	7.827680025848759	0.0	149029	3114.466542782168	0.0048164995	0.21266706826756315
11164.823052238286	300	7.7829923150300235	0.0	157421	3044.6877108187346	0.0048458427	0.2168519695377355
11168.696823373744	300	7.819774689038855	0.0	157488	3463.2176259911694	0.004748092	0.177297876396044
11172.484227821342	300	7.766349172473654	0.0	143881	3553.4255165652007	0.0047454694	0.16493799255331587
11176.244249209001	300	7.68332797266136	0.0	163444	3583.0211998122936	0.004720439	0.15678959924033808
11180.002136026857	300	7.925441154805598	0.0	179328	3257.8868178557623	0.0047135255	0.2044351113200062
11183.892684472079	300	7.697610478045859	0.0	159914	2727.8306767597396	0.004721035	0.24320130813212476
11187.743609603276	300	7.84668534684714	0.0	131610	2850.9251311987196	0.0047354577	0.24020904198830684
11191.889143925768	300	7.575739635432093	0.0	124011	2770.945711415047	0.004717459	0.23127287700323368
11193.993811878216	300	7.570699940905594	0.0	144254	2005.0396945265002	0.004724253	0.30754849778418214
11197.62329005169	300	7.941221767431185	0.0	149991	2129.478173474409	0.004748092	0.31826226404724073
11200.815384531754	300	7.559727809836628	0.0	147968	2381.4939575945577	0.004890715	0.26921731328556603
11204.726724019827	300	7.648388321762277	0.0	161857	2911.3394880743504	0.004987254	0.22177404223293984
11208.83462061101	300	7.540491730578818	0.0	145210	2607.8965911834575	0.0050499314	0.24537479497306292
11211.662322094511	300	7.9515592610921795	0.0	172312	2588.9324694866395	0.0051578945	0.27296292779982984
11214.307809660133	300	7.568199999588545	0.0	167025	1883.359261503635	0.005627596	0.3195602947541531
11216.112578690978	300	7.511879631475793	0.0	160064	1556.3203681127516	0.006432989	0.34874416108619444
11218.57025760123	300	7.787264464814982	0.0	137507	1224.6151666608116	0.007770708	0.3991262333150877
11220.958393582903	300	7.699728317124169	0.0	118421	1087.5361476908138	0.009140535	0.40736312598141167

