10730.79632911145	750	4.0	3.704434403261277	450283	3704.4344032612767	0.043148894	-0.020443440326127715
10733.254198535618	750	5.542130575831285	0.0	398865	2457.869424168715	0.60241914	0.2005962185725838
10736.270178778866	1200	6.526150332583107	0.0	571051	3015.980243248177	0.6802959	-0.14371362853837355
10739.68394469141	1200	7.112384420041775	0.0	617681	3413.765912541332	0.47499543	0.30314743499847774
10743.436644795096	1200	7.3596843163549375	0.0	652874	3752.700103686838	0.5180898	0.2847102594034998
10747.018429823524	1200	7.777899287927525	0.0	520315	3581.785028427413	0.6058223	0.32794020265272894
10751.022144063507	1200	7.7741850479441235	0.0	561791	3503.7142399834	0.7337436	0.3355151414981677
10754.990461700543	1200	7.640150949983705	0.0	709534	3634.034097960418	0.78005135	0.3141060245779398
10755.99876601914	300	7.668140531625022	0.0	150710	972.0104183586839	0.783973	-0.5179422586093045
10756.93711829001	300	7.987111289107949	0.0	139105	681.0292425170742	0.008278508	0.4310915313175394
10757.79183450199	300	7.853414740195083	0.0	141840	633.696548912865	0.012820948	0.4274687663709062
10759.4397090837	300	7.989987266574046	0.0	156148	863.4274736210369	0.022692867	0.4130314567987742
10760.568555581347	300	7.737787609943669	0.0	160746	752.1996566303774	0.0202596	0.40839175995844157
10761.461498036637	300	7.5196397265080375	0.0	179801	718.1478834356311	0.026130054	0.3981626945631892
10762.195031506566	300	7.860270363320062	0.0	140051	659.3693631879756	0.0419477	0.42532996138870627
10762.844413993485	300	7.877661082631752	0.0	138313	482.6092806883091	0.03688515	0.4440928895956536
10763.703908049127	300	7.7913007294256476	0.0	143509	586.3603532061047	0.06121374	0.4283202602684925
10765.281699239355	300	7.6889720189295225	0.0	150616	602.3287104961252	0.059311487	0.42032788013348266
10766.237019180127	300	7.894043183509508	0.0	165384	794.9288354200141	0.06307116	0.41388481542734284
10767.134694555436	300	7.545401110481005	0.0	140881	848.6420730285039	0.046592776	0.3867233621022124
10768.668391355988	300	7.638069361345369	0.0	157671	907.3317491356362	0.035691522	0.386646160170522
10769.933468237245	300	7.878713470274191	0.0	157812	759.3558910711782	0.03500527	0.4164840027850192
10771.56104663676	300	7.9827846893102175	0.0	163927	1395.9287809639736	0.03686196	0.3593311649854912
10772.521857058377	300	7.83820427827753	0.0	137654	644.5804110326882	0.022567391	0.4254297262890768
10775.034258743875	300	7.545118469420016	0.0	146754	1793.0858088575123	0.03133751	0.29226132345299977
10776.316007093837	300	7.893902309059688	0.0	153938	651.216160360329	0.016715966	0.4282472782801976
10778.220884558967	300	7.741729647595985	0.0	181901	1152.172661463702	0.033222143	0.3686408368283789
10779.11064446334	300	7.5882020207418375	0.0	111155	653.527626854147	0.023966085	0.40890986361095016
10780.497123901634	300	7.748078535854693	0.0	153605	840.123484887145	0.02309043	0.4002425600022038
10782.272892200148	300	7.823372263301166	0.0	149029	924.7062725535267	0.02784893	0.3964901392009702
10783.416112852237	300	7.977292983235704	0.0	157421	846.0792800654606	0.023429628	0.4139728834456854
10784.575095836506	300	7.616372191615255	0.0	157488	860.920791620449	0.0337352	0.3899311828139086
10785.451220447261	300	7.887341006560244	0.0	143881	729.0311850550119	0.026329286	0.42005569440451407
10786.572006810316	300	7.805494470883019	0.0	163444	581.8465356772251	0.039244268	0.4296587508624662
10787.273424604271	300	7.63925553059551	0.0	179328	666.2389402875093	0.06265953	0.4108295766334684
10788.105831975392	300	7.980641243367523	0.0	159914	658.6142872279869	0.07597342	0.43292864898767147
10788.706725200102	300	7.537091234958662	0.0	131610	443.5500084088625	0.067583814	0.4267132013440301
10789.664884524494	300	7.806683099913891	0.0	124011	730.4081350447694	0.09979122	0.41487688024014124
10790.530438628764	300	7.582781751952393	0.0	144254	723.9013479614987	0.0624763	0.4015337247008747
10791.53192226691	300	7.992866306033673	0.0	149991	589.9154459187184	0.07331109	0.44056259953523275
10792.334160616992	300	7.9025312081067645	0.0	147968	590.3350979269101	0.11411384	0.43487469071398177
10795.600939611626	300	7.575093346366983	0.0	161857	1327.4378617397804	0.1511448	0.3406995479739584
10797.933159211127	300	7.90365405106463	0.0	145210	1171.4392953023528	0.076399684	0.3768344486613041
10799.478586609892	300	7.656330518279398	0.0	172312	1247.3235327852326	0.0679663	0.35378830411393913
10800.795094323003	300	7.832128618715247	0.0	167025	824.2018995641511	0.09951903	0.40708784871328785
10802.63576314365	300	7.637947095664127	0.0	160064	1194.1815230511204	0.13896614	0.3579535411738959
10804.865554552018	300	7.571295026277258	0.0	137507	1066.6520693868702	0.100344166	0.3665407322036416
10806.08804650911	300	7.881618712223586	0.0	118421	1189.676314053671	0.10416265	0.37363353810860706

