3802.337162199652	750	4.0	6.602941104200595	450283	6602.941104200595	0.0082417345	-28.218228143411395
3803.9584103682296	300	6.378751831422763	0.0	155580	1621.2481685772375	0.048662715	-0.3802325581395349
3806.0225811716878	300	7.743761037482851	0.0	139857	1634.990793939913	0.19037342	0.06976744186046512
3808.091357040316	300	7.728963136527558	0.0	155432	2014.797900955293	0.6031759	0.06976744186046512
3811.9606804482346	300	7.859639728608847	0.0	163442	3369.323407918711	0.42005628	0.06976744186046512
3814.349312053666	300	7.536974623239145	0.0	126289	1322.6651053697015	0.12896653	0.06976744186046512
3817.202616722375	300	7.723305543665534	0.0	153295	1813.6690795736113	0.08444209	0.06976744186046512
3819.4133789743596	300	7.962742221790757	0.0	173849	1260.5633218747766	0.08407858	0.06976744186046512
3821.720200798123	300	7.619430774963672	0.0	150710	1343.3114468270862	0.6710166	0.06976744186046512
3823.354260198055	300	7.894156239616212	0.0	139105	1225.274535347461	0.5698176	0.06976744186046512
3825.5119489719796	300	7.649704242045925	0.0	141840	1244.4519975702854	0.6098392	0.06976744186046512
3828.4048075739356	300	7.69989337214543	0.0	156148	1449.810869900495	0.6097774	0.06976744186046512
3830.6369021931264	300	7.755369938127729	0.0	160746	1444.5234340177014	0.6282551	0.06976744186046512
3834.610529260205	750	7.781742871048884	0.0	434409	3973.627067078845	0.670946	-0.2755813953488372
3838.5111289468164	750	7.767042144318857	0.0	337059	3014.7007267300264	0.6976649	0.1744186046511628
3839.8631158666362	300	7.738998169099737	0.0	138313	1028.0439752191191	0.66051286	-0.3802325581395349
3842.309649316082	300	7.867702935777421	0.0	143509	1371.295233322316	0.58418137	0.06976744186046512
3846.008734235561	750	7.9357795411992305	0.0	372963	2931.9233945781907	0.4664994	-0.2755813953488372
3849.988653946415	750	7.6694004434229575	0.0	405596	3266.3790977762737	0.6687112	0.1744186046511628
3851.4326499403182	300	7.614172776860276	0.0	140881	1055.227666562681	0.41955802	-0.3802325581395349
3853.92284366638	300	7.7184600107497605	0.0	157671	1395.7127661105158	0.26602846	0.06976744186046512
3856.742537664082	300	7.755853549074104	0.0	157812	1962.6064616756576	0.37453428	0.06976744186046512
3860.9261877483646	300	7.57220346479175	0.0	163927	3183.6500842823543	0.205986	0.06976744186046512
3864.042017090115	300	7.779657532570958	0.0	137654	1792.5459322207917	0.041080505	0.06976744186046512
3867.0412539620584	300	7.6066808442639555	0.0	146754	1672.9766883070015	0.037280433	0.06976744186046512
3870.7451347014394	300	7.9028001048834176	0.0	153938	3203.8807393805387	0.06092097	0.06976744186046512
3874.8288193793824	300	7.819115426940287	0.0	181901	2583.6846779431316	0.03606265	0.06976744186046512
3876.726877177512	300	7.851999285505575	0.0	111155	967.1161414347114	0.028036226	0.06976744186046512
3880.649340418588	300	7.929536044430082	0.0	153605	1422.4632410754932	0.061072018	0.06976744186046512
3882.147686167434	300	7.547065718892243	0.0	149029	1382.4703255378386	0.095566794	0.06976744186046512
3885.8679522732023	300	7.826799613124509	0.0	157421	2220.266105767734	0.11973335	0.06976744186046512
3890.1804689988744	300	7.514282887451992	0.0	157488	3812.516725672517	0.051350735	0.06976744186046512
3893.858393948999	300	7.836357937327509	0.0	143881	3177.9249501244826	0.012010491	0.06976744186046512
3898.170904445293	300	7.523847441033409	0.0	163444	3312.5104962941014	0.011173464	0.06976744186046512
3901.3393525513634	300	7.894170157581864	0.0	179328	3129.677283451545	0.008117391	0.06976744186046512
3904.7924808425214	300	7.94199149981219	0.0	159914	2952.178657769675	0.008262667	0.06976744186046512
3906.145107979639	300	7.646152704947583	0.0	131610	1295.8387948646073	0.006085596	0.06976744186046512
3907.9945170435567	300	7.679842372615318	0.0	124011	966.3103323322645	0.008347899	0.06976744186046512
3909.8663049395404	300	7.9904978189159195	0.0	144254	1189.3445536993975	0.020999094	0.06976744186046512
3911.692846404576	300	7.798448714540667	0.0	149991	1192.0491043752525	0.05318516	0.06976744186046512
3912.929881636467	300	7.672177312424794	0.0	147968	1126.2714021158738	0.08115964	0.06976744186046512
3914.60376267937	300	7.505618677361339	0.0	161857	1166.5586350634544	0.12025423	0.06976744186046512
3916.550844875995	300	7.59573880696851	0.0	145210	909.8798703928292	0.20490703	0.06976744186046512
3921.1167409672566	750	7.02984271570687	0.0	438281	4565.896091261639	0.4432782	-0.2755813953488372
3924.186075943515	300	7.960507739448507	0.0	167025	1569.3349762583625	0.15654163	-0.3802325581395349
3926.5923848947887	300	7.943569869687581	0.0	160064	1516.9378697609259	0.08051607	0.06976744186046512
3929.0956396501815	300	7.841628037747931	0.0	137507	1601.941831939649	0.06754311	0.06976744186046512
3931.6576821253866	300	7.696263285871555	0.0	118421	1645.3647518763764	0.03335383	0.06976744186046512

