8022.0488147245405	750	4.0	4.034106319630938	450283	4034.106319630938	0.02058018	0.09260923315318531
8023.165116063228	300	6.883698661312633	0.0	155580	1116.3013386873674	0.004705182	0.2891661909637355
8024.528596757669	300	7.877162052650885	0.0	139857	1006.5366086617488	0.004705182	0.8728074888935673
8025.984882000634	300	7.922491464508301	0.0	155432	954.6705881425847	0.004705182	0.8835910001200191
8027.369053311055	300	7.721213227308814	0.0	163442	1201.2782371994865	0.004705182	0.8340780263226796
8028.848415740595	300	7.552978530100452	0.0	126289	668.2346972083626	0.004705182	0.866610120508617
8031.092212211992	300	7.936644146267201	0.0	153295	1116.3343838332514	0.004705182	0.8691720792347276
8032.649055138988	300	7.696953712251372	0.0	173849	1239.6904340158287	0.004705182	0.8272414379205805
8033.34861066374	300	7.6107521772646125	0.0	150710	586.2015349867602	0.004705182	0.8819468594382365
8034.381560411401	300	7.530954374617442	0.0	139105	579.797802647169	0.004705182	0.8727344453660519
8035.201047973361	300	7.84278653274474	0.0	141840	688.1678418727035	0.004705182	0.9003999543864784
8036.266584989398	300	7.735677860969057	0.0	156148	607.1086717756829	0.004705182	0.895280958846702
8037.159307199131	300	7.613530918684106	0.0	160746	622.1469422849516	0.004705182	0.8786954152258251
8039.790778331974	300	7.8380830384358795	0.0	179801	1275.447880248226	0.004705182	0.8410912011111782
8041.651914013212	300	7.860526762114519	0.0	140051	977.5562763213605	0.004705182	0.8736515309900879
8043.884847032163	300	7.70085002184798	0.0	138313	659.6767402665396	0.004705182	0.8857238920930947
8045.296101979715	300	7.59185071126313	0.0	143509	608.9993105848488	0.004705182	0.8773332817221707
8047.678025759469	300	7.512016639869951	0.0	150616	1579.8340713931782	0.004705182	0.7703925401637605
8048.965361291188	300	7.784393675740681	0.0	165384	727.6229641292708	0.004705182	0.8892445644301913
8049.822107227291	300	7.605876981934216	0.0	140881	678.5166938064657	0.004705182	0.8721133938650107
8050.607570923169	300	7.8622597789935975	0.0	157671	743.61720294062	0.004705182	0.8972594172366165
8051.839530514771	300	7.8622032201116765	0.0	157812	1000.0565588819204	0.004705182	0.8716084982091669
8052.590164621292	300	7.887837730909854	0.0	163927	474.36548920182327	0.004705182	0.9273427472514294
8053.214466949891	300	7.8988207799209835	0.0	137654	489.0169509888709	0.004705182	0.92723369913921
8053.928411444212	300	7.879491283565993	0.0	146754	519.3294963549919	0.004705182	0.9218157947199854
8054.659635669194	300	7.8761866175573285	0.0	153938	503.3046660086639	0.004705182	0.9230102443223548
8055.4530827070885	300	7.898422906647091	0.0	181901	477.763710910239	0.0047140024	0.928309896973013
8056.24371634424	300	7.61094776106298	0.0	111155	287.47514558411007	0.0048815445	0.9118436474841399
8057.108420158484	300	7.5901751477250095	0.0	153605	520.7726133379712	0.005428661	0.8859490664122915
8058.526352023138	300	7.75317470585103	0.0	149029	837.0004418739791	0.005665365	0.8744521507371654
8059.400458297814	300	7.896587322903211	0.0	157421	856.5873829478189	0.0054893587	0.8902008867338443
8060.260965541816	300	7.665093165765971	0.0	157488	731.4941571372398	0.005401385	0.8741271830005917
8061.267190590313	300	7.551487194450237	0.0	143881	613.6059713157341	0.0057589565	0.8718888550329685
8061.702685871599	300	7.660049049397435	0.0	163444	391.43814505280244	0.006638937	0.9075099775141398
8062.584048367405	300	7.63139643661138	0.0	179328	528.6526127860561	0.009685773	0.8902507378419982
8063.146518529786	300	7.6665162444305786	0.0	159914	464.8801921808018	0.00927833	0.9009642897405925
8063.69615774165	300	7.75549164259862	0.0	131610	411.02460183195865	0.010510006	0.9173358113527339
8064.541056363803	300	7.877349622538055	0.0	124011	378.14202006056394	0.0109248785	0.9356701073663821
8065.188574855807	300	7.79196863458278	0.0	144254	585.3809879552764	0.012848042	0.9044040567029336
8066.08480619347	300	7.729921817775714	0.0	149991	562.0468168070661	0.014201601	0.899076434682049
8066.810293022852	300	7.629270654011912	0.0	147968	600.6511637638012	0.016819045	0.8827884083011082
8067.490459642969	300	7.961605152763015	0.0	161857	667.6655012488976	0.01828998	0.917120950703126
8068.249555013761	300	7.883308065301084	0.0	145210	578.2970874619311	0.019475237	0.9163903009497184
8069.527769571513	300	7.729599870590062	0.0	172312	653.7081947110219	0.020865856	0.8898705454569169
8071.2747353844925	300	7.863370160120972	0.0	167025	866.2297104690907	0.022201164	0.8851352673651703
8073.005500199181	300	7.868355832531468	0.0	160064	995.0143275895044	0.022985794	0.8728723961607514
8074.04812382703	300	7.624919190656938	0.0	137507	743.4366418745303	0.023575157	0.8679725769874229
8077.252934862179	300	7.912107137569215	0.0	118421	1212.8120530877222	0.02540891	0.8564946809183112

