3513.1677794617135	750	4.0	5.84241140162946	450283	5842.41140162946	0.044299033	-0.08822127504666682
3514.9010602074445	300	6.266719254268797	0.0	155580	1733.2807457312028	0.004705182	0.15128862289853354
3517.2893283499156	300	7.565431185188647	0.0	139857	1201.2880690801505	0.004705182	0.8148423364608806
3519.411578515765	300	7.802796143734529	0.0	155432	1262.6350414541164	0.004705182	0.8380155446156272
3521.6159102389774	300	7.655437901525991	0.0	163442	1147.358242208539	0.004705182	0.8313486205520585
3522.631778522314	300	7.8409905433095535	0.0	126289	814.4473582164375	0.004705182	0.8875502485017126
3524.853006763034	300	7.791086885509507	0.0	153295	1049.9036578000478	0.004705182	0.8578429184740343
3526.234760437374	300	7.570872292099588	0.0	173849	1220.2145934099185	0.004705182	0.8136215079043145
3528.020291258175	300	7.613876403064081	0.0	150710	956.9958890355068	0.004705182	0.845253178167904
3530.7734498925092	300	7.656564508879634	0.0	139105	957.3118941844485	0.004705182	0.8504923597190585
3532.245884299278	300	7.698270751870361	0.0	141840	1458.2937570092731	0.004705182	0.8055437230218307
3535.9569923480904	300	7.6147869998936075	0.0	156148	2583.483751976754	0.004705182	0.6827168250058373
3539.706965881945	300	7.8648134660387985	0.0	160746	2249.973533854809	0.004705182	0.746939092768595
3543.6615613488166	300	7.861314657498451	0.0	179801	2503.4988085403475	0.004705182	0.7211545607180933
3547.6143911870304	300	7.908484819284593	0.0	140051	2952.829838213858	0.004705182	0.6820456478394115
3550.3092574962875	300	7.748014970128516	0.0	138313	2660.4698491560775	0.004705182	0.6914681275713022
3552.5756921660964	300	7.676995784224662	0.0	143509	1571.0191859038541	0.004705182	0.7916443191887825
3554.8872272286685	300	7.793936028241125	0.0	150616	1383.0597559835362	0.004705182	0.8248790977577438
3557.746224035481	300	7.893675297229253	0.0	165384	1900.260731011872	0.004705182	0.7854739985482264
3560.484410197568	300	7.973950244535861	0.0	140881	1419.725052693391	0.004705182	0.843439267649858
3561.9714786863988	300	7.7796465023671955	0.0	157671	1194.3037421686663	0.004705182	0.8419903440508585
3563.01570843021	300	7.818914046692862	0.0	157812	960.732455674334	0.004705182	0.8701959114973604
3564.7393519634966	300	7.723840909817925	0.0	163927	1095.073136874937	0.004705182	0.8450229813399772
3565.7657656714546	300	7.794919316044808	0.0	137654	928.9215937731177	0.004705182	0.8704143224044444
3567.820821402516	300	7.546137488556489	0.0	146754	748.7818274883192	0.004705182	0.8577107309976963
3569.6985356097484	300	7.555417374876841	0.0	153938	990.720113679648	0.004705182	0.8346627076903199
3571.819799825055	300	7.593282247100084	0.0	181901	1462.1351277767576	0.004705182	0.7921964544705808
3573.4188496221414	300	7.758321844821267	0.0	111155	834.960402278817	0.004705182	0.87529168178924
3576.4226228651505	300	7.968479925220803	0.0	153605	1289.8419196004625	0.004705182	0.855752150171335
3577.376141484374	300	7.598686358813636	0.0	149029	869.7935664071672	0.004705182	0.8520978666161758
3579.6979682564515	300	7.924635513182664	0.0	157421	1674.0508456309717	0.004705182	0.8119177041614971
3581.251955425104	300	7.716529858579906	0.0	157488	1208.1056546027578	0.0047056586	0.8328170200884515
3582.703954936446	300	7.858470874433806	0.0	143881	858.058984146101	0.004720797	0.8853474158237911
3585.2147117502755	300	7.6000627406168135	0.0	163444	1258.408133816993	0.004734385	0.8134063543687619
3586.7998448141793	300	7.8536704676711455	0.0	179328	1246.3922729456688	0.0047535747	0.8459213715400705
3588.0061825758935	300	7.709872025293247	0.0	159914	1143.7984423778985	0.004786769	0.8384256859019276
3589.7839177295273	300	7.992274055644563	0.0	131610	1217.5979696486843	0.00480715	0.8659144519562089
3592.1367128299626	300	7.650945125919381	0.0	124011	1341.328929725181	0.004852916	0.8113968202038129
3594.6200180417377	300	7.615025614886749	0.0	144254	2035.9195110326318	0.0048705544	0.7375027113498038
3596.445595789966	300	7.710929639144156	0.0	149991	904.0959757425918	0.005163679	0.8625265181703164
3597.9922146929102	300	7.75836104991458	0.0	147968	952.5685892295769	0.005692343	0.8635357038220152
3599.5592348743867	300	7.706876140033891	0.0	161857	1051.4849098806885	0.0063322727	0.8472871314690452
3600.5100875662556	300	7.814217439397253	0.0	145210	892.6587006366386	0.007848404	0.8764233879160795
3601.654323491177	300	7.691196391052555	0.0	172312	1123.0210483446976	0.009062488	0.8381975090283988
3603.1294454772483	300	7.949242931805337	0.0	167025	1241.95345924722	0.0105228275	0.8581657678389016
3607.5627415366985	300	7.515946872355009	0.0	160064	1933.2960594503286	0.01253709	0.7355316146795452
3611.4378437505065	300	7.6408446585465315	0.0	137507	2375.102213808477	0.013460126	0.7067723677718137
3615.4943853030195	300	7.5843031060334685	0.0	118421	2056.541552513062	0.016587675	0.7316471402768481

