4844.603181188894	750	4.0	11.415819972284071	450283	11415.81997228407	0.4681031	-48.91360727617034
4847.426270261269	300	5.176910927625635	0.0	155580	2823.0890723743646	0.006550207	-0.3802325581395349
4849.722672773194	300	6.880508415700065	0.0	139857	2296.4025119255693	0.004705182	0.06976744186046512
4852.805007126802	300	7.798174062092836	0.0	155432	2082.334353607229	0.018677808	0.06976744186046512
4856.610883550917	300	7.992297637977527	0.0	163442	3805.8764241153094	0.0063078427	0.06976744186046512
4860.767849408981	300	7.835331779912842	0.0	126289	2656.965858064684	0.43302944	0.06976744186046512
4864.802908534132	300	7.800272654762541	0.0	153295	4035.0591251503006	0.032882646	0.06976744186046512
4870.142995375094	300	6.460185813800578	0.0	173849	5340.0868409619625	0.28039217	0.06976744186046512
4875.346008382532	300	5.257172806362817	0.0	150710	5203.013007437761	0.013601595	0.06976744186046512
4880.159551028796	300	4.4436301600977	0.0	139105	4813.542646265117	0.005422348	0.06976744186046512
4884.731988831318	300	4.0	0.12880764242361784	141840	4572.437802521318	0.004705182	-0.4841054205610915
4888.915055832425	300	4.0	0.18306700110761084	156148	4183.067001107611	0.004705182	-0.7174206629022615
4894.42141308246	300	4.0	1.5063572500347573	160746	5506.357250034757	0.004705182	-6.407568733288991
4900.520939246927	300	4.0	2.0995261644660888	179801	6099.526164466089	0.004705182	-8.958195065343716
4905.153153021722	300	4.0	0.6322137747958132	140051	4632.213774795813	0.004705182	-2.6487517897615316
4908.089169529594	300	5.06398349212802	0.0	138313	2936.01650787198	0.004705182	0.06976744186046512
4910.0917829732425	300	7.061370048479296	0.0	143509	2002.613443648724	0.004705182	0.06976744186046512
4912.5571853096435	300	7.605879715695003	0.0	150616	1455.4903327842937	0.018288985	0.06976744186046512
4915.032779392279	300	7.883038628485756	0.0	165384	1222.8410872092472	0.24467492	0.06976744186046512
4918.410473430819	750	7.520568116478376	0.0	350713	2362.470512007379	0.69496864	-0.2755813953488372
4921.252001396169	750	7.512415949520353	0.0	386472	2508.152166958024	0.20680404	0.1744186046511628
4924.27844762383	750	7.5258807110358426	0.0	399894	2986.535238484509	0.14298251	0.1744186046511628
4927.275678631135	750	7.722220735371637	0.0	401853	2803.6599756642063	0.17068247	0.1744186046511628
4929.363126789501	750	7.775282134058077	0.0	343800	1946.9386013135595	0.17322506	0.1744186046511628
4931.509978211684	750	7.8021112534933925	0.0	359903	1473.1708805646854	0.10865862	0.1744186046511628
4934.484673060251	750	7.691604024019074	0.0	379700	2110.5072294743195	0.06250936	0.1744186046511628
4936.801314339745	750	7.920377198318951	0.0	425781	2271.2268257001238	0.05962301	0.1744186046511628
4938.5175530617835	750	7.599965131196068	0.0	277716	1320.4120671228832	0.04353652	0.1744186046511628
4941.9297475857975	750	7.551781196646872	0.0	400396	1548.183934549195	0.04210081	0.1744186046511628
4944.125233903888	750	7.746043308334189	0.0	400508	1805.7378883126835	0.039185714	0.1744186046511628
4945.945087423783	750	7.5909907872762705	0.0	358218	1655.0525210579187	0.0375618	0.1744186046511628
4948.350370816569	750	7.755749518801053	0.0	400322	1835.241268475218	0.03887453	0.1744186046511628
4951.035757426174	750	7.6380772951535745	0.0	369834	1617.672223647478	0.0364186	0.1744186046511628
4954.232033622544	750	7.803796370947783	0.0	412837	2334.280924205792	0.0369072	0.1744186046511628
4957.226485301961	750	7.892568219821989	0.0	401088	2411.228151125794	0.041127734	0.1744186046511628
4961.306971063378	750	7.812082458403865	0.0	365161	3080.4857614181237	0.046179872	0.1744186046511628
4962.952891504207	750	7.735976887343135	0.0	321064	1076.1055710607307	0.06812949	0.1744186046511628
4965.047853952936	750	7.608403050363599	0.0	361565	1627.5738369795354	0.041222494	0.1744186046511628
4966.7894490619565	750	7.586299773227686	0.0	378327	1522.1032771359128	0.042123303	0.1744186046511628
4969.2632917549445	750	7.889124371175894	0.0	390680	1697.1754020517913	0.043025516	0.1744186046511628
4971.7572095159785	750	7.670499202626869	0.0	345516	1718.6251685490258	0.029827513	0.1744186046511628
4973.983575817982	750	7.684962319368111	0.0	384505	1485.5368832587571	0.039788187	0.1744186046511628
4976.461191449682	750	7.906569208389556	0.0	372093	1778.3931109785547	0.031351697	0.1744186046511628
4979.034437510788	750	7.904557461698085	0.0	438281	2002.0117466914712	0.036744095	0.1744186046511628
4982.052315176757	750	7.81123574342091	0.0	398987	2093.321718277175	0.03449367	0.1744186046511628
4984.504431440805	750	7.727455613741898	0.0	393804	2083.7801296790103	0.040284503	0.1744186046511628
4986.479337579995	750	7.90417059233155	0.0	331053	1823.2850214103487	0.046993174	0.1744186046511628
4988.31279957267	750	7.6982501068846085	0.0	314107	1705.9204854469403	0.044437535	0.1744186046511628

