4933.825733802083	750	4.0	2.943433872988283	450283	2943.4338729882834	0.019326707	0.042865915026753076
4934.63954718245	300	7.18618661963313	0.0	155580	813.8133803668703	0.18763658	-0.04736095337938387
4936.068149501005	300	7.530509039347869	0.0	139857	655.6775802852611	0.015454604	0.43997277786094824
4937.521325822996	300	7.660383237972395	0.0	155432	870.1258013754738	0.019020582	0.42664509316595983
4939.096104091658	300	7.714519397299028	0.0	163442	945.8638406733687	0.020020746	0.4224547991940849
4940.396200494062	300	7.593928405341554	0.0	126289	620.590991957473	0.016093018	0.4474451470683323
4941.8018413767095	300	7.810860673991207	0.0	153295	783.0677313503462	0.019427601	0.44475573991964834
4943.053317103448	300	7.976409367220789	0.0	173849	834.4513067704183	0.0208751	0.44996417570449
4944.020303494238	300	7.846428443758654	0.0	150710	629.9809234621342	0.02676545	0.46228740631893495
4945.087795076773	300	7.646185309906701	0.0	139105	700.2431338519534	0.029770847	0.44274598941420606
4946.695596009901	300	7.5359091391835555	0.0	141840	610.2761707231458	0.026675582	0.44485042505689015
4948.349004817344	300	7.537967121414439	0.0	156148	997.9420177691176	0.028927078	0.4062124642417232
4950.203926817103	300	7.978239440121884	0.0	160746	1059.7276812925538	0.02180228	0.4275509178085949
4952.603844647556	300	7.805877760379219	0.0	179801	1172.3616797426648	0.018865358	0.40551491297966724
4953.532340016362	300	7.880408065530941	0.0	140051	925.4696948482784	0.019201819	0.4348622555410885
4955.623523588144	300	7.716329192917996	0.0	138313	664.0788726129445	0.017156208	0.45074640822631284
4956.393619008548	300	7.534833803701394	0.0	143509	681.4953892166011	0.021402335	0.43766129473990956
4957.598867401359	300	7.901509656239155	0.0	150616	633.3241474622387	0.02044513	0.4653956596989559
4959.139845883443	300	7.576982466371945	0.0	165384	824.5271898672112	0.021624576	0.4259924060917579
4960.164491967732	300	7.897885055985316	0.0	140881	679.097410386628	0.018599574	0.460591795890652
4961.686932661264	300	7.669439141570412	0.0	157671	728.4459144149047	0.0190069	0.44137907583689284
4962.700279502291	300	7.944763062915644	0.0	157812	724.6760786547671	0.021532033	0.4589638044969836
4963.922264645122	300	7.513105920386708	0.0	163927	931.6571425289366	0.021855652	0.41128712670150813
4964.958230455592	300	7.720287020052547	0.0	137654	792.8189003341615	0.020099785	0.4381197696501006
4965.867958918603	300	7.826996143464443	0.0	146754	893.2908765881031	0.017947324	0.4347418922379499
4966.873048180001	300	7.512670334627624	0.0	153938	814.3258088368184	0.017135467	0.42299303596077725
4969.332014385188	300	7.733568939214731	0.0	181901	1279.1013954128941	0.017550144	0.3903216400898638
4971.435096677427	300	7.761960288481761	0.0	111155	1471.60865073297	0.014934856	0.3728453738870456
4973.647236222443	300	7.626627270226913	0.0	153605	1135.3330182548484	0.009531649	0.3980146234939298
4975.4093262141705	300	7.898985508744347	0.0	149029	1227.6417614825668	0.010807136	0.40580613907849755
4977.266096009447	300	7.9228247502276865	0.0	157421	1476.1607585166607	0.010353425	0.38244419196779683
4979.7637328019455	300	7.6193109488585815	0.0	157488	2303.5138013691053	0.008889511	0.2807392750969833
4983.202003094845	300	7.717237288473938	0.0	143881	1402.073660384644	0.0069626276	0.3770036854213893
4985.455034256797	300	7.5188199522552495	0.0	163444	1698.4173362186887	0.007115432	0.3349682343243167
4988.696650034914	300	7.575319033063386	0.0	179328	1443.5009191918632	0.0070546432	0.36399106857750785
4992.735159722139	300	7.536809345838801	0.0	159914	3038.509687224585	0.007338218	0.20208333632269904
4995.992641607017	300	7.75638066697431	0.0	131610	1780.4286788644915	0.0058922675	0.34161464472967773
5000.055360339391	300	7.693661934599714	0.0	124011	2562.7187323745966	0.0054483986	0.2594657186052549
5004.148133798573	300	7.600888475417905	0.0	144254	3092.7734591818075	0.0052834065	0.20066190472567086
5007.945396941116	300	7.803625332874699	0.0	149991	3297.263142543207	0.0052343523	0.19288398998058048
5011.886386833085	300	7.862635440904791	0.0	147968	2940.9898919699085	0.005017653	0.2321994467897911
5015.630312810462	300	7.59607167325857	0.0	161857	2266.563767646221	0.0049375845	0.2829818237442711
5019.281127083944	300	7.945257399776116	0.0	145210	3150.814273482454	0.005413741	0.21638088106799436
5023.3806047451135	300	7.84577973860657	0.0	172312	3599.4776611695456	0.0049184607	0.16529718847618857
5026.573719737797	300	7.663049271455362	0.0	167025	2182.7304671512084	0.0049487483	0.2955512536810718
5028.085434502254	300	7.882384142493364	0.0	160064	1280.6651289619983	0.0052713444	0.39946621693986795
5031.195004132677	300	7.858124187529805	0.0	137507	1024.2599549635574	0.0077891233	0.4235904871544896
5033.436851809556	300	7.689855115319144	0.0	118421	2168.2690722106613	0.010513017	0.2986727584166129

