19318.818895040295	750	4.0	3.445995646227827	450283	3445.9956462278274	0.004705182	-14.737261557110298
19319.88878288273	300	6.930112157568032	0.0	155580	1069.8878424319682	0.031874605	0.12608837936635944
19322.334779203837	300	7.995055717503445	0.0	139857	935.0564400645883	0.3659233	0.6920735667866158
19326.274244700093	300	7.990792909897544	0.0	155432	1504.2628076059016	0.66798335	0.6347426298787554
19330.467851153888	300	7.797186456101263	0.0	163442	4193.60645379628	0.5469043	0.3471734205518313
19334.748398531214	300	7.51663907877672	0.0	126289	3280.547377324543	0.011382767	0.4114763192231333
19338.72498592332	300	7.540051686670496	0.0	153295	3976.587392106224	0.0055658966	0.34412580828596867
19342.44146766033	300	7.823569949658457	0.0	173849	3716.481737012039	0.004705182	0.3974253339464244
19346.633635540493	300	7.6314020694963345	0.0	150710	2692.1678801621215	0.004705182	0.4813603392967351
19350.51707388631	300	7.747963723678533	0.0	139105	2883.4383458178013	0.0048403665	0.4734524865234627
19353.298262677745	300	7.986385317835513	0.0	141840	2261.5784058430195	0.004705182	0.5585868342302498
19357.57757994054	300	7.707068055040161	0.0	156148	3279.317262795352	0.005107666	0.429928339502819
19361.330534086585	300	7.954113908992824	0.0	160746	2752.9541460473374	0.004705182	0.506343099849477
19365.77933061245	300	7.505317383127149	0.0	179801	4448.796525865674	0.004705182	0.2935616780911881
19369.303679362012	300	7.673482201896061	0.0	140051	2331.835181231089	0.004705182	0.5214438705172904
19372.674256117767	300	7.649450508034511	0.0	138313	1524.0316938615483	0.004705182	0.5999111409740717
19375.761332448285	300	7.599184888023925	0.0	143509	2050.2656200105866	0.0075900345	0.5424496243985456
19379.362520012004	300	7.997997324307296	0.0	150616	2601.1875637166277	0.0053658993	0.52574358747254
19382.38119795289	300	7.9076575577232	0.0	165384	2090.339766584097	0.004705182	0.5681330603495203
19385.559800329414	300	7.8925254327656	0.0	140881	1515.1321249576006	0.004705182	0.6241973400140761
19388.167022749578	300	7.850649377115853	0.0	157671	1541.8760556497466	0.00905791	0.6174923282402136
19391.40109753388	300	7.516285129072672	0.0	157812	1834.3642480431809	0.013312538	0.5560605640835993
19393.723308781206	300	7.895034768735099	0.0	163927	2121.2503603375735	0.009497998	0.5638270429603185
19395.635428206268	300	7.694455552150423	0.0	137654	1700.579216584675	0.0069530546	0.5865881761588758
19397.86614122176	300	7.859869062844703	0.0	146754	1334.586489305718	0.0071745142	0.6391086902706856
19400.80621360242	300	7.7628961689546045	0.0	153938	1596.972893890098	0.017402515	0.603536296814438
19402.928991534707	300	7.5830569464481865	0.0	181901	1679.8392225064185	0.013102816	0.5779399311516441
19404.58099572873	300	7.963524180325972	0.0	111155	1119.532766122215	0.016624799	0.6705909873225143
19407.282069596546	300	7.829222969870188	0.0	153605	1634.3012104557845	0.019235352	0.606187496324172
19410.181046788788	300	7.693120754925294	0.0	149029	1636.1022149448952	0.010482983	0.5929074005488335
19413.474445709515	300	7.9778586972138985	0.0	157421	1715.262057711397	0.008350166	0.6123977719640987
19417.28619427309	300	7.876052913934369	0.0	157488	1601.8057832795294	0.0072562513	0.613944475225889
19419.84384595889	300	7.967198408679465	0.0	143881	2408.8545052549043	0.0080531165	0.542012462130381
19423.934767418155	300	7.541136307321981	0.0	163444	3926.0621013574846	0.004705182	0.3492827333508062
19427.374144311092	300	7.5988775543056075	0.0	179328	2442.2587530163746	0.004705182	0.503220729872744
19431.117979190483	300	7.855042674915285	0.0	159914	3243.834879390322	0.004705182	0.447719305851671
19433.14281745987	300	7.528100030879683	0.0	131610	1826.942644035601	0.004705182	0.5579399224242785
19434.784621146842	300	7.501146014067019	0.0	124011	1026.9540168126643	0.004705182	0.6353444299083615
19437.36062328052	300	7.690569820308392	0.0	144254	1310.5761937586265	0.004705182	0.6252144722653801
19440.668826828096	300	7.809180964481164	0.0	149991	1381.3888558272283	0.004705182	0.6295496656286645
19442.971030691977	300	7.966486368412854	0.0	147968	1342.6945960683088	0.0048334617	0.648559918351287
19445.787379783742	300	7.628066451937986	0.0	161857	2338.419916474868	0.004705182	0.5164140786243034
19448.47232225609	300	7.864559798410262	0.0	145210	1263.5066535277238	0.004705182	0.6466681625623991
19450.15843989684	300	7.86221896394324	0.0	172312	1502.340834467023	0.005122204	0.6225594364483878
19454.191049935853	300	7.829608924933094	0.0	167025	2532.610039010146	0.0055369	0.5163937620891483
19456.601333067483	300	7.822660738764374	0.0	160064	1506.9481861687207	0.004705182	0.6182911764324636
19459.05883980082	300	7.645574830830062	0.0	137507	1177.085907934312	0.004705182	0.6342326811611707
19461.901084804413	300	7.969662722233657	0.0	118421	1175.9121085964055	0.004881693	0.6655438948210163

