2385.764827038583	750	4.0	3.5949223786930258	450283	3594.9223786930256	0.020454045	0.13652762724697654
2387.149148722511	300	6.615678316071856	0.0	155580	1384.3216839281442	0.004705182	0.2292711718238688
2390.157988411808	300	7.500880483658929	0.0	139857	1114.7978324129251	0.004705182	0.8155211615565122
2392.3662831932293	300	7.878754069065548	0.0	155432	1622.1264145933824	0.004705182	0.8114450776118537
2395.2491610885786	300	7.8953992285047425	0.0	163442	1483.3548405608065	0.004705182	0.8273774446849361
2397.1148280271	300	7.717327315288192	0.0	126289	1178.0719132165495	0.004705182	0.8359188577319803
2399.2133496200745	300	7.566864060053347	0.0	153295	1150.463255234846	0.004705182	0.8201017376453287
2401.337671041132	300	7.618732465944233	0.0	173849	1448.1315941091138	0.004705182	0.7967391950315759
2403.4585514531373	300	7.741387163865905	0.0	150710	1377.345302078327	0.004705182	0.8189622343641532
2404.8066876150037	300	7.9290867284961895	0.0	139105	1312.3004353697158	0.004705182	0.8486423452553329
2406.470715688347	300	7.764990493073121	0.0	141840	1164.0962354230694	0.004705182	0.843201489228261
2408.8586221953847	300	7.84100322051426	0.0	156148	1423.9872725588618	0.004705182	0.8265978223461804
2411.026534915218	300	7.889006415837015	0.0	160746	1451.9968046772458	0.004705182	0.8297239154669537
2414.068207493185	300	7.641128127331424	0.0	179801	1747.8782885055919	0.004705182	0.7695297607351069
2416.1796763088673	300	7.547290883320991	0.0	140051	1593.8372440104326	0.004705182	0.7733476012029254
2418.33058854944	300	7.765650477320629	0.0	138313	1281.6404060003613	0.004705182	0.8315285616877917
2420.934655407379	300	7.598252975187348	0.0	143509	1667.397502133282	0.004705182	0.7722839623383804
2423.382941706752	300	7.842444584453646	0.0	150616	1755.8083907337032	0.004705182	0.7935936784909008
2426.5528084617517	300	7.598750127923467	0.0	165384	1743.6944565301776	0.004705182	0.7647156512978242
2428.564601694424	300	7.785939641722238	0.0	140881	1312.8104862012299	0.004705182	0.8309166955993982
2431.3176863600634	300	7.758888643987675	0.0	157671	1527.0509977345625	0.004705182	0.8061526060207453
2433.1481442153176	300	7.636676578963273	0.0	157812	1622.2120650244012	0.004705182	0.7815467418926242
2435.462564443291	300	7.563589340991562	0.0	163927	1573.0872379717116	0.004705182	0.7774350035461834
2437.830292013189	300	7.7753921082929915	0.0	137654	1288.1972326985708	0.004705182	0.8320756968249974
2440.185181648581	300	7.762712421047314	0.0	146754	1512.679687245678	0.004705182	0.8080618661361609
2443.1147173755667	300	7.729049483927307	0.0	153938	2033.6629371200065	0.004705182	0.7518071139221536
2447.0075964840607	300	7.8361703754330225	0.0	181901	2392.8791084942836	0.004705182	0.7291119181276416
2448.8032158376723	300	7.552736719257238	0.0	111155	1283.4336561757852	0.004705182	0.8050603677646
2451.0949991161033	300	7.892937909759705	0.0	153605	1659.7988094975328	0.004705182	0.8094291440585415
2453.363964159778	300	7.974447679389046	0.0	149029	1418.4902303706576	0.004705182	0.8436241691147983
2457.05907950185	300	7.702127353004762	0.0	157421	1772.3203263842831	0.004705182	0.774617248002144
2458.8865170763684	300	7.859806050089703	0.0	157488	1342.3213029150588	0.004705182	0.8370860406386522
2460.145431807245	300	7.7479068774530555	0.0	143881	1111.899172636647	0.004705182	0.8463118488138789
2462.6206428913283	300	7.573809086031357	0.0	163444	1674.0977914216974	0.004705182	0.7685957996665107
2465.5872292418676	300	7.681072576092695	0.0	179328	1892.736509938663	0.00472175	0.7599759560741122
2468.411768944703	300	7.975727682975132	0.0	159914	2205.344893117563	0.0047442773	0.7650967473308885
2472.273891403938	300	7.6392637867167466	0.0	131610	2336.4638962583854	0.0047559584	0.710441006258582
2475.3417929743982	300	7.878142354474625	0.0	124011	1761.1214322421208	0.0047836704	0.7974700462765345
2479.4543463028417	300	7.765589026031011	0.0	144254	2612.5533284436137	0.0048238356	0.6984296819352116
2483.361580417796	300	7.858354911076694	0.0	149991	2907.2341149543163	0.0048612584	0.6804155845254869
2486.3125996612675	300	7.776128985149222	0.0	147968	2582.2259259274724	0.0048870007	0.7027638110968231
2490.378467086913	300	7.710261559503593	0.0	161857	3065.867425645629	0.0049077966	0.64626688410909
2493.4968086767108	300	7.5284211456994345	0.0	145210	1681.8404138041587	0.0049524056	0.7622174016310461
2495.4831820981594	300	7.768485089471824	0.0	172312	1759.9360562276104	0.00515684	0.7840489916485704
2497.64348528691	300	7.71155210620706	0.0	167025	1556.932983264764	0.0057030222	0.7973196746168242
2500.733097396236	300	7.55843114978686	0.0	160064	1653.1209564201997	0.0070918067	0.7687947399682493
2503.9113882195174	300	7.59253136709924	0.0	137507	1465.8997826876202	0.008106864	0.7917272763897325
2507.8225902628033	300	7.681329323813739	0.0	118421	2411.202043285501	0.010131968	0.7081611038715758

