11167.362568730094	750	4.0	1.8471370276969283	450283	1847.1370276969283	0.22289936	-7.702283635574343
11169.301779120231	750	6.060789609862291	0.0	398865	1939.2103901377081	0.51716965	0.429551626529962
11171.455418058911	750	7.822143787449835	0.0	350812	1738.6458224124558	0.27950636	0.6191404564818839
11175.398067859625	1850	7.879493986735043	0.0	933276	3942.649800714792	1.0419106	-0.636905071968237
11179.838964066139	1850	7.4385977802221515	0.0	996749	4440.896206512892	0.009104423	0.37083351853458474
11183.062930393715	1850	7.630884273571155	0.0	801058	2807.7135066509964	0.01219251	0.5526595855116385
11187.176203800753	1850	7.517610866532205	0.0	905515	3613.27340703895	0.004832491	0.46120089926455904
11192.106578949255	1850	6.587235718029114	0.0	1060487	4930.375148503091	0.004710069	0.239941042902103
11196.190091494853	1850	6.503723172431609	0.0	852833	4083.512545597504	0.006999192	0.31658912425877495
11199.834948166908	1850	6.858866500375423	0.0	913888	3644.856672056187	0.010154289	0.39463766696127855
11203.655317610639	1850	7.038497056645739	0.0	939819	3820.369443729683	0.005146198	0.39437603822894873
11206.825281290592	1850	7.868533376690856	0.0	917428	3169.9636799548844	0.004978114	0.5393085687363343
11211.138780768502	1850	7.555033898780734	0.0	946851	3813.4994779101207	0.004705182	0.44478030223844633
11214.793006825237	1850	7.900807842046242	0.0	1036454	3654.226056734493	0.004705182	0.49398878561159054
11218.404820901087	1850	7.773065344496658	0.0	821631	3127.742497549584	0.004705182	0.5343417786547362
11221.77464595313	1850	7.910188612375032	0.0	923170	3362.876732121626	0.004705182	0.5240266280476723
11226.075484363817	1850	7.60935020168766	0.0	966699	4300.838410687372	0.004705182	0.40127441582686696
11230.122566251535	1850	7.562268313968645	0.0	885714	4047.0818877190145	0.004705182	0.4221183820719496
11234.808134787098	1850	6.876699778406896	0.0	987708	4685.56853556175	0.004706016	0.29228295421081596
11239.14858127281	1850	6.536253292695491	0.0	923755	4340.446485711404	0.0071101384	0.29402679188071335
11243.255169955219	1850	6.4296646102860535	0.0	891604	4106.588682409438	0.011061663	0.3071532884661228
11247.447255226012	1850	6.237579339492463	0.0	955231	4192.08527079359	0.012183865	0.28011520054012506
11251.641109078515	1850	6.043725486989295	0.0	968026	4193.853852503168	0.013432476	0.26127968525010675
11255.70197665975	1850	5.982857905755899	0.0	874175	4060.867581233396	0.017733283	0.26871973740818084
11259.962011114481	1850	5.722823451022891	0.0	897976	4260.034454733008	0.03692466	0.2237744335651542
11265.227743805177	1850	4.457090760327846	0.0	905935	5265.732690695046	0.10906914	0.0013763771270016711
11266.550649247058	300	7.134185318447742	0.0	181901	1322.9054418801034	0.74352634	-0.979571103229361
11269.393124363682	300	7.699423614760669	0.0	111155	934.7617036870722	0.5759055	0.6636481092107916
11271.547684878591	300	7.536000063773907	0.0	153605	1663.4235509867635	0.28286165	0.575052219016282
11275.49317359639	300	7.590511345976452	0.0	149029	2445.4887177974547	0.054012485	0.5020924761836771
11279.725782072557	300	7.357902869808059	0.0	157421	4232.608476168394	0.0075509176	0.30099166595526095
11283.184108517626	300	7.899576424739682	0.0	157488	2958.326445068376	0.004705182	0.4805565741212873
11285.607467270334	300	7.526677292863522	0.0	143881	1372.8991318761591	0.004705182	0.6032073334635328
11287.23684438771	300	7.677218563592833	0.0	163444	1349.458729270689	0.0051108925	0.6200411448404932
11290.974350706501	300	7.939712244802738	0.0	179328	2237.5063187900937	0.028265838	0.5565017057693405
11294.407177159379	300	7.7970113528108	0.0	159914	2142.7008919919394	0.0071642324	0.5522471228383912
11296.08985521379	300	7.945735096048725	0.0	131610	1351.2762567620741	0.004705182	0.6457044183583034
11298.237466631219	300	7.537630367658081	0.0	124011	908.1047283906446	0.0060487487	0.6507410199070272
11300.670035784076	300	7.871099044748941	0.0	144254	1166.5313229091407	0.023615148	0.6569951056342982
11302.105596373307	300	7.661337746607536	0.0	149991	1209.7612981414052	0.1353935	0.6324823409832531
11304.032422525897	300	7.560824277356278	0.0	147968	1100.5134692512572	0.32884923	0.6337325864081449
11307.090616929274	300	7.939883383838987	0.0	161857	1620.94089351729	0.46528724	0.61817472062645
11308.817169614953	300	7.775233896428359	0.0	145210	1164.6494874106281	0.115425624	0.6479561579763631
11312.022172151426	300	7.578684188826093	0.0	172312	1696.5497076022652	0.25264066	0.575847999672328
11314.975697264183	300	7.826148037382809	0.0	167025	2252.5361514432843	0.09904832	0.5440680364233221
11317.79694731161	300	7.546017427826497	0.0	160064	2280.130609556312	0.026263785	0.5143456960150228
11319.89562274362	300	7.682239473756648	0.0	137507	1363.7779540698482	0.0058215335	0.6190924907607794
11322.486838296472	300	7.569080455299565	0.0	118421	1113.1590184570837	0.02192428	0.6332626981468448

