8870.02764484989	750	4.0	6.559212714537035	450283	6559.212714537035	0.004705182	-27.45461467250925
8872.07860719414	300	5.949037655749083	0.0	155580	2050.9623442509164	0.004705182	-0.15000000000000002
8876.32466919793	300	5.702975651959863	0.0	139857	1746.0620037892206	0.004705182	0.3
8879.688756909545	300	5.749050241590353	0.0	155432	2453.9254103695102	0.004705182	0.3
8882.408331607638	300	5.694344057467806	0.0	163442	2054.7061841225473	0.004705182	0.3
8885.536299976904	300	5.817794139368922	0.0	126289	2876.549918098884	0.004705182	0.3
8889.354462478103	300	5.819422071452934	0.0	153295	1998.3720679159876	0.004705182	0.3
8892.930206682073	300	5.541445200409724	0.0	173849	2277.9768710432104	0.004705182	0.3
8895.463400821976	300	5.698731882771284	0.0	150710	1842.7133176384393	0.004705182	0.3
8897.706338146854	300	5.547503621914728	0.0	139105	1651.2282608565565	0.004705182	0.3
8899.232712544164	300	5.93517096482126	0.0	141840	1112.3326570934667	0.004705182	0.3
8902.159585947895	300	5.778755028163303	0.0	156148	1656.415936657957	0.0047710957	0.3
8903.765399711328	300	5.936076918083986	0.0	160746	1342.6781100793185	0.004705182	0.3
8906.314087134648	300	5.553301014049835	0.0	179801	1382.77590403415	0.004750118	0.3
8907.922492228969	300	5.947054226533765	0.0	140051	1106.2467875160705	0.006908454	0.3
8909.533743219963	300	5.937507951188587	0.0	138313	1009.5462753451777	0.01218731	0.3
8910.886813983088	300	5.8318248988504235	0.0	143509	1105.6830523381623	0.02435347	0.3
8913.393062912377	300	5.737394246700153	0.0	150616	1094.4306521502713	0.027964836	0.3
8917.021087309367	300	5.664291263072377	0.0	165384	2073.1029836277758	0.056201894	0.3
8920.073804126168	300	5.660393556555336	0.0	140881	1503.8977065170411	0.004705182	0.3
8923.327638155564	300	5.632886015947941	0.0	157671	2027.5075406073947	0.004705182	0.3
8927.265768491465	300	5.694755680047909	0.0	157812	2938.1303359000312	0.004705182	0.3
8930.13339019918	300	5.548173262384871	0.0	163927	2646.582417663038	0.004705182	0.3
8933.909355093649	300	5.590710503077039	0.0	137654	2457.462759307832	0.004705182	0.3
8936.433117598934	300	5.9680803275640075	0.0	146754	1622.6301755130316	0.004705182	0.3
8938.781717313252	300	5.719346649391475	0.0	153938	1248.7336781725332	0.004705182	0.3
8940.341177969027	300	5.774549297076908	0.0	181901	1444.7973523145656	0.004705182	0.3
8943.005895049777	300	5.984522412932373	0.0	111155	1790.0268841445352	0.004705182	0.3
8947.101528959243	300	5.609050561501616	0.0	153605	2375.4718514307574	0.004705182	0.3
8949.255981157916	300	5.551905448182696	0.0	149029	2057.1451133189194	0.004705182	0.3
8953.0746816499	300	5.733204956199328	0.0	157421	1818.7004919833678	0.004705182	0.3
8956.770486330664	300	5.783306442486017	0.0	157488	1949.8985137133106	0.004705182	0.3
8960.252087722898	300	5.720458887395267	0.0	143881	1562.8475550907517	0.004705182	0.3
8963.829623539239	300	5.881067897795702	0.0	163444	1839.3909895995657	0.004705182	0.3
8967.704407973559	300	5.772748003006233	0.0	179328	2108.3198947894693	0.004705182	0.3
8971.005178867279	300	5.92559489291207	0.0	159914	2847.153110094163	0.004705182	0.3
8974.544956256063	300	5.952515013832291	0.0	131610	1973.0798790797787	0.004705182	0.3
8976.625864104133	300	5.960409940149091	0.0	124011	1992.1050736831992	0.004705182	0.3
8980.448521743057	300	5.5934824983807445	0.0	144254	1866.9274417683469	0.004705182	0.3
8983.235571471916	300	5.997822656029042	0.0	149991	2095.659842351703	0.004705182	0.3
8985.790067889006	300	5.526269419739097	0.0	147968	1971.553236289946	0.004705182	0.3
8989.406378214691	300	5.909959094052903	0.0	161857	2116.3103256861937	0.004705182	0.3
8993.20904193202	300	5.933254017131552	0.0	145210	1976.7050769213508	0.004705182	0.3
8996.681331827149	300	5.930088313269474	0.0	172312	3003.165703862078	0.004705182	0.3
9000.684377639165	300	5.927042501252807	0.0	167025	3003.045812016667	0.004705182	0.3
9004.733114031385	300	5.878306109032344	0.0	160064	3548.736392220463	0.004705182	0.3
9008.615102840131	300	5.996317300287651	0.0	137507	3881.9888087446934	0.004705182	0.3
9012.453560580303	300	5.868536027825663	0.0	118421	3627.7812724619885	0.004705182	0.3

