10609.968305241931	750	4.0	3.0006457348380566	450283	3000.645734838057	0.0725923	-12.72835805515248
10611.21104334626	300	6.757261895671289	0.0	155580	1242.7381043287116	0.101844065	-0.3802325581395349
10612.327812209685	300	7.865569464602235	0.0	139857	891.6924310690526	0.5158519	0.06976744186046512
10615.763535085127	750	7.690246152449774	0.0	382355	3175.3233121524613	0.5976651	-0.2755813953488372
10620.326271969054	750	7.127509268522917	0.0	411561	4562.736883926857	0.3803969	0.1744186046511628
10623.517875559122	750	7.935905678452652	0.0	318564	3191.6035900702645	0.5187992	0.1744186046511628
10626.486365363828	750	7.774030856743626	0.0	352642	2161.8748217090256	0.39570612	0.1744186046511628
10630.276896738362	750	7.983499482208441	0.0	437162	3290.531374535184	0.2515091	0.1744186046511628
10633.286672918339	750	7.592184551934755	0.0	374758	2891.3149302736865	0.17753135	0.1744186046511628
10636.959124433248	750	7.845189471782411	0.0	362795	3246.9950801523437	0.20239535	0.1744186046511628
10639.084266109248	750	7.565346746260235	0.0	353220	1779.8427255221766	0.18597859	0.1744186046511628
10640.980865510512	750	7.724696544667318	0.0	405134	1840.6502015929166	0.106907055	0.1744186046511628
10642.66166143095	750	7.557273246283625	0.0	386351	1667.423298383694	0.059075646	0.1744186046511628
10645.03785699502	750	7.825861784825498	0.0	434409	1731.4114614581279	0.05858611	0.1744186046511628
10647.341520079708	750	7.886422241338496	0.0	337059	1939.4395434870016	0.037024632	0.1744186046511628
10649.759728308361	750	7.764429950061451	0.0	366214	2121.992291277045	0.04015485	0.1744186046511628
10652.447328609158	750	7.9237377492515115	0.0	360831	2340.692200809938	0.03987771	0.1744186046511628
10655.644666760672	750	7.618522690137231	0.0	372963	2805.2150591142804	0.04718921	0.1744186046511628
10659.795488927472	750	7.467700523336825	0.0	405596	4150.822166800406	0.070513435	0.1744186046511628
10663.292538328707	750	7.9706511221015495	0.0	350713	3497.049401235276	0.14931999	0.1744186046511628
10666.38081138559	750	7.936511938178592	0.0	386472	2534.139183922959	0.14902335	0.1744186046511628
10669.39919194595	750	7.624388632629083	0.0	399894	1812.1233055495084	0.12641747	0.1744186046511628
10671.946576825705	750	7.583824777256428	0.0	401853	2040.563855372656	0.1112745	0.1744186046511628
10674.38729820259	750	7.526874648655416	0.0	343800	2056.9501286010127	0.07727007	0.1744186046511628
10677.288328713104	750	7.938244936489738	0.0	359903	2088.6297121656767	0.0803253	0.1744186046511628
10679.405218616484	750	7.991000388724873	0.0	379700	1947.2445477648653	0.048865598	0.1744186046511628
10682.205973563108	750	7.820445655469623	0.0	425781	2170.554733255251	0.04416482	0.1744186046511628
10683.871146123847	750	7.547959448284511	0.0	277716	1272.4862071851114	0.045641236	0.1744186046511628
10687.2385379234	750	7.645606725285077	0.0	400396	2902.352722999435	0.04435916	0.1744186046511628
10690.37930220265	750	7.677744090436146	0.0	400508	2967.8626348489315	0.057616632	0.1744186046511628
10694.35077739504	750	7.70626889804543	0.0	358218	2971.475192390716	0.07975929	0.1744186046511628
10698.977362890408	750	7.079683402678126	0.0	400322	4626.585495367304	0.100674644	0.1744186046511628
10700.798087420435	750	7.989802370743948	0.0	369834	1589.8810319341776	0.532024	0.1744186046511628
10703.564852139581	750	7.7418417027176005	0.0	412837	2247.9606680263473	0.0668693	0.1744186046511628
10705.777919496057	750	7.644710131039452	0.0	401088	2097.1315716781482	0.10811056	0.1744186046511628
10708.003594378019	750	7.519840491958437	0.0	365161	1624.8696390810142	0.099609435	0.1744186046511628
10710.203185699494	750	7.505447500161041	0.0	321064	2014.3929917973958	0.046153627	0.1744186046511628
10715.053502424236	750	6.655130775419596	0.0	361565	4850.316724741445	0.09175201	0.1744186046511628
10721.279045983605	750	4.429587216050616	0.0	378327	6225.54355936898	0.3601195	0.1744186046511628
10722.539418679711	300	7.169214519945946	0.0	149991	1260.372696104669	0.08374606	-0.3802325581395349
10725.140807914695	300	7.7942354859001695	0.0	147968	1874.979034045777	0.6230774	0.06976744186046512
10726.998911094393	300	7.693389111019282	0.0	161857	1100.846374880889	0.516692	0.06976744186046512
10729.08811814391	750	7.807413922170545	0.0	372093	1885.9751888487376	0.6890116	-0.2755813953488372
10731.733650347285	750	7.911263760316997	0.0	438281	1896.1501618535485	0.058540683	0.1744186046511628
10735.140373387489	750	7.917593260975937	0.0	398987	2993.6704993410603	0.059090197	0.1744186046511628
10739.336962182157	750	7.7210044663090915	0.0	393804	4196.588794666845	0.060576987	0.1744186046511628
10743.88525636064	750	7.172710287826161	0.0	331053	4548.294178482931	0.31300017	0.1744186046511628
10745.90002922507	300	7.509291603115866	0.0	118421	1663.4186847102942	0.6462736	-0.3802325581395349

