5780.170534830092	750	4.0	4.799754461958953	450283	4799.754461958953	0.012078985	-0.046575446195895265
5781.592525057872	300	6.578009772220171	0.0	155580	1421.9902277798294	0.5578166	0.047512427570428756
5783.898287201722	300	7.87600108330937	0.0	139857	1202.0086889108015	0.06530298	0.6457402364607561
5785.824253256533	300	7.734894845379334	0.0	155432	1641.1062379300347	0.056421053	0.5881078999201368
5789.595379654952	300	7.9317614544594015	0.0	163442	1803.1333909199325	0.065085374	0.5910504623541835
5793.563380322778	300	7.963760786632671	0.0	126289	2968.000667826731	0.057726063	0.47767566971735415
5797.802607029975	300	7.724534079437273	0.0	153295	3739.226707195398	0.03830281	0.37728826850573505
5801.777413317187	300	7.749727792224994	0.0	173849	3474.8062872122787	0.030865256	0.4061803990726528
5804.3153586242015	300	7.775768468834801	0.0	150710	2473.9593233901933	0.027075592	0.5087975512551652
5806.117853623374	300	7.916514032560804	0.0	139105	1359.2544362739975	0.025218736	0.6339555460391384
5810.053425736203	300	7.845348290995276	0.0	141840	2071.1657415655277	0.029694727	0.5558435471427379
5813.465442066394	300	7.956543263831525	0.0	156148	2388.8050271637508	0.02792729	0.5348933296912408
5817.7796280715365	300	7.642357258688697	0.0	160746	3314.1860051428284	0.025698481	0.41180064289319296
5821.79431410892	300	7.6276712213048246	0.0	179801	3514.686037383872	0.022009887	0.39032242253350696
5825.464882206178	300	7.957103124047181	0.0	140051	2670.5680972576447	0.021496002	0.5067714690878238
5829.842423186382	300	7.579562143843254	0.0	138313	2877.5409802039258	0.019498149	0.4493583204683638
5832.280251937673	300	7.845743994006009	0.0	143509	2233.818149837245	0.018933093	0.5396167884333598
5836.204471658085	300	7.71563941547626	0.0	150616	2630.104578529749	0.01988662	0.48733547530209137
5839.223085936809	300	7.648389885205343	0.0	165384	2567.249530270917	0.018209267	0.48708096330912787
5841.355356845433	300	7.517936805120383	0.0	140881	1630.4530800849589	0.018583767	0.5680740462894613
5843.868142290944	300	7.837453006133901	0.0	157671	1680.4837989864827	0.020675126	0.5941439249478736
5846.058774388331	300	7.663287737802849	0.0	157812	2174.165268331052	0.023994887	0.5278382056682218
5847.966626916347	300	7.807594883572836	0.0	163927	1855.6928542300143	0.024319239	0.5737193170044569
5850.027740668195	300	7.663117820692041	0.0	137654	1644.4770628807958	0.024759201	0.5807905017742214
5851.991830678339	300	7.919391212553324	0.0	146754	1743.7266081387174	0.025283877	0.5957881346069391
5854.034197307704	300	7.828389613173693	0.0	153938	1591.001599379631	0.026755918	0.6022107299431785
5855.876909740308	300	7.627715878264114	0.0	181901	1700.6737349095781	0.028211925	0.5717279956702274
5858.653530717214	300	7.825424686658477	0.0	111155	1802.2911916056391	0.0307305	0.5807934316169729
5862.513328947078	300	7.965626456795568	0.0	153605	3359.798229862908	0.02681339	0.4386773499370782
5864.982194741645	300	7.833257552593377	0.0	149029	2132.36890420219	0.024213057	0.548547406569487
5869.091637710302	300	7.571784594447267	0.0	157421	3261.4729581461106	0.022862028	0.41020875599538564
5872.817384323973	300	7.846037980775915	0.0	157488	2225.746613671352	0.021315958	0.5404525322633225
5874.734261193792	300	7.9594578674578385	0.0	143881	1886.5801133180755	0.02110212	0.5853992662784673
5876.281612192043	300	7.5459307370829425	0.0	163444	1413.5271303748957	0.021244135	0.5924890511438266
5878.738098084108	300	7.614599705988771	0.0	179328	2431.3310310941715	0.027314924	0.49738671829799086
5882.223383460529	300	7.964534452763717	0.0	159914	3150.0652532250524	0.025891818	0.4595444502087662
5884.591954836833	300	7.942858793209092	0.0	131610	1521.675659554624	0.022497587	0.6202754516841218
5888.833329795191	300	7.7014838348513805	0.0	124011	2241.3749583577114	0.023627987	0.5248318071035256
5893.0017882925085	300	7.533025337534073	0.0	144254	2668.4584973173087	0.024323126	0.46574086434345774
5895.740014734939	300	7.80727669303135	0.0	149991	2725.748644502723	0.025304351	0.48668279394702657
5898.965445371766	300	7.925800259081745	0.0	147968	1881.4764339496055	0.022843538	0.5826364318007391
5903.11001690812	300	7.781228722727314	0.0	161857	2644.571536354431	0.024360944	0.4922673396497882
5905.810848928097	300	7.73007557285493	0.0	145210	1551.1531498723837	0.024728509	0.5966345344729036
5907.184365132112	300	7.608156996399215	0.0	172312	1121.9185764557149	0.027091453	0.6277014102542522
5909.322176528939	300	7.790050073765524	0.0	167025	1318.1069226336924	0.03967498	0.6257716774103281
5912.462098345128	300	7.719941397768216	0.0	160064	1570.108675997308	0.04191871	0.5937534333332282
5913.750859187967	300	7.7454674989442065	0.0	137507	974.4738988240099	0.042027168	0.6557993243899232
5915.04432111428	300	7.800880045794998	0.0	118421	944.5874531492069	0.047897797	0.6641768391386429

