18652.886524232013	750	4.0	4.838144007766586	450283	4838.144007766587	0.020405646	-20.86271434788084
18654.47736355822	300	6.409160673793575	0.0	155580	1590.8393262064255	0.006453856	0.023851049206611713
18656.7930554378	300	7.705806415296815	0.0	139857	1203.3542584967608	0.028840706	0.637403205650744
18658.77055131448	300	7.923227225491215	0.0	155432	1282.5791898055993	0.10760843	0.6504077165261352
18660.76122049063	300	7.645350947504048	0.0	163442	1277.8762779871665	0.43182993	0.62413209512727
18662.058827321063	300	7.867944048119915	0.0	126289	1277.4068993841333	0.67835975	0.6456038759186268
18663.82717537614	300	7.723869967005268	0.0	153295	1144.0740811146466	0.22396602	0.6450698610963228
18666.065773615086	300	7.61670784406388	0.0	173849	1607.1621229413893	0.66574156	0.5884465788555904
18667.37713167825	300	7.871746860931073	0.0	150710	1244.9609831328073	0.3700797	0.6492144926674036
18669.940477342272	750	7.583272568938671	0.0	362795	1788.4742919924017	0.67177486	0.14116597895137262
18672.03903762012	750	7.641428106528358	0.0	353220	1441.8444624103129	0.30962664	0.6314264995465644
18675.855551075936	1850	7.824914650711994	0.0	917428	3816.5134558163636	0.38641232	-0.629544761585654
18680.239473787326	1850	7.440991939320601	0.0	946851	4383.922711391393	0.039822828	0.3767613086241573
18684.691867455756	1850	6.988598270889793	0.0	1036454	4452.393668430808	0.24044208	0.3263708000187546
18688.131722097605	1850	7.548743629041565	0.0	821631	2939.854641848228	0.13211274	0.5315393401197555
18692.098229670533	1850	7.58223605611317	0.0	923170	3466.507572928394	0.008974403	0.48209773178635035
18697.57455739612	1850	6.10590833052463	0.0	966699	5476.32772558854	0.0131502515	0.1390174684255816
18702.60919777255	750	5.071267954100057	0.0	372963	5034.640376424573	0.22943822	-1.0752339739265673
18703.790523758835	300	7.8899419678132405	0.0	165384	1181.3259862868165	0.049206104	0.2073292923967282
18705.123081491136	300	7.657764112091056	0.0	140881	732.1778557221863	0.5643473	0.6798967187769933
18708.96448161483	750	7.81636398839621	0.0	386472	3841.400123694845	0.14463095	-0.04169128597838312
18710.370194719373	300	7.634397431509436	0.0	157812	1181.9665568867736	0.6019629	0.1826687786763519
18712.23966840959	300	7.936533822079324	0.0	163927	1197.8636094301119	0.2573125	0.6601600498485347
18713.232150070544	300	7.6110980319956365	0.0	137654	825.4357900836876	0.36450234	0.6660792612529355
18715.259674797464	750	7.735858632571517	0.0	359903	1875.239399424119	0.60196424	0.1471760530024127
18719.867280355535	750	7.128253074501362	0.0	379700	4607.605558070154	0.050721005	0.26545670065734045
18722.133596323965	300	7.925040528418678	0.0	181901	2203.212546082684	0.04990559	0.10851891339875952
18722.873343979907	300	7.606718473622274	0.0	111155	318.32205479640345	0.018371286	0.7163690972317709
18723.880496167167	750	7.7188551135638335	0.0	400396	887.8633600584391	0.6172366	0.2442770486029323
18725.97932154794	1850	7.819086832279214	0.0	975811	1899.7682812846194	0.0083557125	-0.4384311783851924
18728.70836406094	1850	7.674094092021863	0.0	873429	2644.9927402573494	0.004705182	0.5730906570651509
18730.96749250284	1850	7.586554838443268	0.0	954453	2087.5392535785954	0.004705182	0.6204102515068894
18732.8478749162	1850	7.847158197426872	0.0	885062	1739.3966410163962	0.004705182	0.6803078869471277
18735.783376663927	1850	7.944900176232875	0.0	1035329	2402.2580211939962	0.004705182	0.6234295272382869
18739.848170955105	1850	7.880105885053461	0.0	1026056	3564.794291179415	0.004705182	0.5009393749049209
18743.944352478688	1850	7.783924361471816	0.0	943942	4096.181523581645	0.004705182	0.43854306897276035
18747.691975577873	1850	7.562222654026678	0.0	728962	3221.7017074451373	0.016461933	0.5046520052772059
18751.748244041173	1850	7.505954190723556	0.0	938587	4056.2684633031226	0.022122266	0.4157794251332443
18755.691698925868	1850	7.562499306030464	0.0	908665	3943.454884693092	0.6786397	0.43250331562718575
18757.978818327858	750	7.501761912902894	0.0	390680	2060.7373931275715	0.48244593	-0.543905825914416
18760.5931663035	750	7.522778925014383	0.0	345516	1978.9829878885098	0.012709952	0.5662925262905928
18763.909466281748	750	7.852311467766263	0.0	384505	2170.4674572481194	0.019565282	0.5788619670591282
18766.29584141672	750	7.667040184782276	0.0	372093	1685.2712829839875	0.03582549	0.6095490095917814
18769.32163321517	750	7.96969620654987	0.0	438281	2197.3439782324053	0.017414197	0.5874727315961803
18772.408360694993	750	7.725556329246796	0.0	398987	2744.1398773030733	0.030024827	0.5092943966249002
18774.080052769365	300	7.661004078821745	0.0	160064	1064.5522504250512	0.39047253	0.1969711298452671
18775.76847538	750	7.500362761976186	0.0	331053	1660.641316845558	0.50377405	0.14596911182168798
18778.55077767324	750	7.653102195250554	0.0	314107	1847.2605667256325	0.035528786	0.5920085336329631

