298.4643020656758	750	4.0	2.566216384271528	450283	2566.216384271528	0.004705182	-10.866232804502582
299.37414336931585	300	7.0901586963599605	0.0	155580	909.8413036400393	0.36195576	0.15749769738738162
301.4438061081121	750	7.658356185222619	0.0	350812	1431.802511137342	0.278302	0.18406004179264265
303.3440305495092	750	7.84217409742852	0.0	382355	1316.182087794099	0.98257667	0.6633147704053345
306.9115876688139	1850	7.795416609647668	0.0	996749	3546.7574877808534	0.08132284	-0.6054083852917609
309.4425158883416	1850	7.775352411045782	0.0	801058	2520.0641986018854	0.004705182	0.5953297413454115
313.7338775134123	1850	7.4839907859750205	0.0	905515	4291.361625070762	0.0057236017	0.3901561058913961
318.0956700888286	1850	7.122198210558738	0.0	1060487	4361.7925754162825	0.0050580734	0.34829005776230115
321.52380559791	1850	7.694062701477349	0.0	852833	3428.1355090813886	0.004705182	0.4966983818977671
325.327510448063	1850	7.8903578513243655	0.0	913888	3803.7048501529835	0.004705182	0.4780350825976344
329.3269107545061	1850	7.890957544881178	0.0	939819	3499.400306443187	0.004705182	0.5085232581658385
333.76352493994415	1850	7.454343359443155	0.0	917428	4436.614185438022	0.004705182	0.37277725082128704
338.97195623874205	1850	6.24591206064526	0.0	946851	5208.431298797896	0.00478729	0.17928263177126602
344.87099013626926	1850	4.346878163118069	0.0	1036454	5899.033897527192	0.033726197	-0.07256183328455479
348.09621067059027	750	5.1216576287970055	0.0	337059	3225.2205343210626	0.9008732	-0.8894419253488032
350.53266531553294	300	6.685202983854374	0.0	138313	2436.4546449426316	0.17520672	-0.03414109161663664
353.3767427445789	300	7.753670988589954	0.0	143509	1931.531995264419	0.0050374446	0.5691924524158971
356.17154906650956	300	7.897540544515413	0.0	150616	1356.1304440745398	0.007561825	0.6405802183985421
358.50133572347227	300	7.806985135912106	0.0	165384	1590.5554086033092	0.052241266	0.608421659316072
360.6510494902242	300	7.631743809965867	0.0	140881	1675.2413259462394	0.046070274	0.5830858876330752
362.9161532839044	300	7.751428200278544	0.0	157671	1880.3156096873217	0.019732455	0.5740982200092031
364.16343877756896	300	7.535179540692745	0.0	157812	1216.2486595857984	0.012013582	0.6196907318624748
366.39486752610605	300	7.734983616813557	0.0	163927	1300.195923879188	0.06609598	0.6305273784452764
368.2051327985659	300	7.975467302312635	0.0	137654	759.5163145009233	0.14221863	0.7077421717648938
370.5458866605294	750	7.735464902760304	0.0	359903	1740.0023995523295	0.30130097	0.16066185604067834
372.3287445544443	750	7.6994117156084645	0.0	379700	1536.0531871518392	0.3277436	0.6275866163918459
378.65369039792637	1850	5.374465872126452	0.0	1076599	6324.9458434820135	0.8415344	-1.1162465244777637
380.44572227260267	750	7.582433997450179	0.0	277716	1792.031874676272	0.8162378	-0.5092704927909618
383.02341887752766	750	7.6004769123983555	0.0	400396	2481.957085051824	0.1269139	0.5234736375668475
386.7360208832839	750	7.887874906642072	0.0	400508	2712.6020057562846	0.07926883	0.528071534260182
392.4587108780768	750	6.165184911849189	0.0	358218	5722.689994792882	0.051107015	0.0612518344111761
395.08054768038136	300	7.543348109544641	0.0	157488	1621.8368023045482	0.013819627	0.1299181517736861
396.5815497523598	300	7.584281234918857	0.0	143881	1459.0668746257827	0.043542214	0.6001350051185224
398.7155369595294	300	7.958255149010398	0.0	163444	1126.0260859084585	0.018573215	0.6694345049963607
402.51411610302614	300	7.802946228392579	0.0	179328	1155.3089206178188	0.20113674	0.6515575586027111
404.49730902527864	300	7.992984854705759	0.0	159914	1309.9613736868187	0.67009246	0.6543837504891832
407.25980055835606	300	7.928354843449935	0.0	131610	1064.6300112558233	0.6528938	0.672696173529775
409.89362920601627	300	7.855371223030653	0.0	124011	1072.9836204192811	0.4028877	0.6648360548842074
411.80482884805826	300	7.710193968130108	0.0	144254	1145.1772549005454	0.13225073	0.6436432130362568
414.14473404877145	300	7.988252580844206	0.0	149991	1721.941387285902	0.4466494	0.6127302623064128
416.099191769038	300	7.900005631924609	0.0	147968	1588.2469489195973	0.117976174	0.6176058354232592
418.2702167767874	300	7.627598470723377	0.0	161857	1772.4071612012326	0.13022223	0.5729703104194491
419.4852179802701	300	7.589406758756079	0.0	145210	1038.191711967298	0.03966842	0.6427158589714211
423.0783311614293	300	7.996293577596898	0.0	172312	1593.1131811591802	0.39193347	0.6263870381403336
426.74073636306474	300	7.820052337116508	0.0	167025	2176.2412404803904	0.21556714	0.5511108093311368
429.87853059169197	300	7.61423728938041	0.0	160064	2205.8150477360978	0.022619583	0.5283434926354353
431.37694707578294	300	7.656018527780485	0.0	137507	1458.2187615999244	0.005853886	0.6071246136839477
434.7006103244356	300	7.949285788699654	0.0	118421	1206.7327390808323	0.00871447	0.6605005283935621

