5584.588863273849	750	4.0	1.6438931885945212	450283	1643.8931885945212	0.02024158	0.331630546256827
5585.281041284733	300	7.307821989116605	0.0	155580	692.1780108833948	0.004705182	0.38394584216395367
5586.637187582712	300	7.662784454170623	0.0	139857	645.0375349459815	0.004705182	0.882487784183629
5587.9734802398525	300	7.950192492812153	0.0	155432	712.5919613584703	0.004705182	0.9112191617413237
5589.615050526597	300	7.606257740231386	0.0	163442	1343.9347525807684	0.004705182	0.8056186009427322
5590.519885679241	300	7.972657849940795	0.0	126289	633.5998902905894	0.004705182	0.9218922094577807
5591.932645587079	300	7.696895565349423	0.0	153295	775.7622845913718	0.004705182	0.8736270733538365
5593.164347310852	300	7.999543500785435	0.0	173849	697.3520645639869	0.004705182	0.9188366147590359
5594.613634717262	300	7.822074679634679	0.0	150710	677.468821150756	0.004705182	0.8989125243437547
5595.857507378533	300	7.58104760822904	0.0	139105	741.027071405638	0.004705182	0.8627966258475382
5597.589662601121	300	7.556392787118586	0.0	141840	1024.6548211104546	0.004705182	0.8313896729622035
5599.967056124518	300	7.566446216607668	0.0	156148	989.9465705109178	0.004705182	0.8361018141883579
5601.410590583131	300	7.57840250669515	0.0	160746	988.0437099125162	0.004705182	0.8377683662517044
5603.211905027975	300	7.945490582322774	0.0	179801	1132.9119243723758	0.004705182	0.8686066115594058
5604.523625510033	300	7.913831644430211	0.0	140051	1031.6589378925644	0.004705182	0.8748229205980733
5605.995719158959	300	7.737815630198401	0.0	138313	1176.0160142318089	0.004705182	0.8386541790563202
5607.481101032741	300	7.553163439105614	0.0	143509	1184.652191092787	0.004705182	0.8149912021886805
5609.140157074138	300	7.509000331301304	0.0	150616	1544.163107804309	0.004705182	0.7735872071349865
5613.147781691477	300	7.501375713962683	0.0	165384	1007.6246173386199	0.004705182	0.8262996300966752
5614.340445210766	300	7.761302729784085	0.0	140881	740.0729841785966	0.004705182	0.8851484791665637
5615.145410807197	300	7.735115137123724	0.0	157671	526.1875926603601	0.004705182	0.9033035861688417
5618.327108885942	300	7.533655061486596	0.0	157812	1201.4600756371294	0.004705182	0.8109016770398538
5619.8311739529445	300	7.8567415295392635	0.0	163927	1176.9135319473314	0.004705182	0.8532484355221667
5620.680548550438	300	7.6656300126200145	0.0	137654	691.1115169192489	0.004705182	0.8782317325301792
5621.869572634782	300	7.650249591835014	0.0	146754	515.3804207850001	0.004705182	0.8939057921742253
5622.4976776650155	300	7.578018841698228	0.0	153938	572.230750136788	0.004705182	0.8793022903783478
5623.300960627383	300	7.784314505362914	0.0	181901	793.7043363353135	0.004705182	0.8826266518916309
5623.960158258523	300	7.829504969408831	0.0	111155	454.80953595408516	0.004705182	0.9220958849522655
5624.729245351741	300	7.672155551392432	0.0	153605	657.3494180163982	0.0047234185	0.8824136631727875
5625.671537798469	300	7.716878165629613	0.0	149029	455.2773857628206	0.004725326	0.9081428531100098
5627.394901196844	300	7.663704015924647	0.0	157421	553.1741497049659	0.004977878	0.8917876627561617
5628.173471078903	300	7.514513632730148	0.0	157488	649.1903831944986	0.0054646665	0.8637652174675758
5629.262486121601	300	7.99969585581394	0.0	143881	514.8177769162082	0.0057911095	0.9371088550905622
5630.788323641147	300	7.658875800430786	0.0	163444	840.820055383154	0.0062457733	0.8624269231873538
5632.668598043654	300	7.606247250259395	0.0	179328	1052.6285501713903	0.0060392823	0.8347479259667663
5634.343922854375	300	7.742407795066023	0.0	159914	1363.8394551933727	0.006365143	0.8204388383388843
5638.110221178707	300	7.7350013011642496	0.0	131610	1507.4064939017733	0.0061558047	0.8051676405010728
5642.267546248298	300	7.5776762315751	0.0	124011	2657.3250695891497	0.006005466	0.6707505557059672
5645.9796019952355	300	7.86562048463664	0.0	144254	3712.0557469384607	0.005585079	0.6008305155899284
5650.655602922339	300	7.189619557532707	0.0	149991	4676.0009271039335	0.005272284	0.42096887025208546
5656.643652731809	300	5.201569748063081	0.0	147968	5988.049809469626	0.0049296357	0.04429566989504097
5663.476132855318	300	4.0	1.6309103754456802	161857	6832.480123508761	0.0048850942	-0.18850747630436443
5669.711212188322	300	4.0	2.2350793330049465	145210	6235.079333004946	0.005067715	-0.12876739725398295
5676.949312566187	300	4.0	3.238100377864217	172312	7238.100377864217	0.0055779284	-0.2290695017399101
5683.571192243923	300	4.0	2.6218796777368514	167025	6621.879677736852	0.0053544817	-0.16744743172717352
5689.786632531517	300	4.0	2.215440287593793	160064	6215.440287593793	0.0054716268	-0.12680349271286767
5694.407374442956	300	4.0	0.6207419114394533	137507	4620.741911439453	0.0054591433	0.03266634490256631
5699.288729965145	300	4.0	0.8813555221883853	118421	4881.355522188385	0.0057664537	0.0066049838276731054

