7539.247777021091	750	4.0	2.3226168467032533	450283	2322.6168467032535	0.02986207	0.2637581804459538
7540.263624310338	300	6.984152710752376	0.0	155580	1015.8472892476235	0.004705182	0.3116148495104045
7541.4082320914185	300	7.846080878652669	0.0	139857	1138.0718320997075	0.004705182	0.8558163145534664
7543.087067904724	300	7.864930927415087	0.0	155432	981.1499512375821	0.004705182	0.873835954211093
7545.874489149346	300	7.910063231348077	0.0	163442	1454.8676960670107	0.004705182	0.8320367516102877
7549.235346157834	300	7.660911568182022	0.0	126289	1249.1516631660538	0.004705182	0.8218451225467147
7552.123013464115	300	7.712930487552389	0.0	153295	2447.981080629634	0.004705182	0.7083850562611992
7557.255291196556	300	6.580652755111442	0.0	173849	5132.277732440946	0.004705182	0.30015089397442096
7560.101833614173	300	7.6283635110485335	0.0	150710	1452.2892440629075	0.004705182	0.7975125935945983
7562.343865036475	300	7.954474467724631	0.0	139105	1173.8890433239021	0.004705182	0.8656181571765011
7564.791229562195	300	7.774863346654145	0.0	141840	1179.6111210704862	0.004705182	0.8428690207770009
7567.319581485865	300	7.634564058543839	0.0	156148	2140.299288110306	0.004705182	0.7294771826476509
7569.6729358638	300	7.84691320165548	0.0	160746	1787.650856888361	0.004705182	0.7909611805875758
7571.810321176554	300	7.746072329652281	0.0	179801	1600.8408720031985	0.004705182	0.7971911637516895
7573.695214598872	300	7.6868978102689685	0.0	140051	1059.1745193833115	0.004705182	0.8440514079341522
7575.362972266024	300	7.505878518760212	0.0	138313	1181.019291508757	0.004705182	0.8095161325996265
7577.485105250075	300	7.528181209756127	0.0	143509	977.6973090040839	0.004705182	0.8326020867612559
7579.731435785362	300	7.512233708136708	0.0	150616	1015.9475016194185	0.004705182	0.826807998975176
7581.436477312227	300	7.864904456787299	0.0	165384	1647.3292513494084	0.004705182	0.8072147558208722
7583.334982107539	300	7.894508206389284	0.0	140881	1470.396250398015	0.004705182	0.8285632874965398
7585.8746837191065	300	7.8437117493623685	0.0	157671	1550.7964570269155	0.004705182	0.8142513311363124
7588.230494622963	300	7.6202588747046445	0.0	157812	2223.452874657723	0.004705182	0.7193955355856197
7590.684541756121	300	7.614414255975482	0.0	163927	2005.8446187291631	0.004705182	0.7404347149261526
7593.242197410853	300	7.7646876905731075	0.0	137654	1349.7265654023736	0.004705182	0.8246010686265441
7596.158699647009	300	7.65040108855994	0.0	146754	1614.2866020131682	0.004705182	0.7840338796417725
7598.349696434885	300	7.741010559392935	0.0	153938	1909.3905291670055	0.004705182	0.7657112115807516
7600.441848958243	300	7.610737364869232	0.0	181901	1630.2731945237024	0.004705182	0.7775378645697558
7601.366128224825	300	7.9095374484952625	0.0	111155	701.1999163739704	0.004705182	0.907338610165195
7603.390554827351	300	7.898863769836698	0.0	153605	1010.6736786585641	0.004705182	0.8750733344193522
7605.491555418078	300	7.850240022405898	0.0	149029	1048.6237474307993	0.004705182	0.8652746604539309
7608.375899349433	300	7.554256444877082	0.0	157421	1795.9835775288159	0.004705182	0.7539930190580543
7610.232927371937	300	7.77992258703834	0.0	157488	1274.333857838743	0.004705182	0.8340214211862089
7612.620062010376	300	7.967702345151214	0.0	143881	1312.2202418871261	0.004705182	0.8534183086443548
7615.319433311771	300	7.6354738737302466	0.0	163444	1332.2284714209677	0.0047136447	0.810396600937672
7617.1577742764875	300	7.8148748493581115	0.0	179328	1320.5990243721349	0.0047436818	0.8337105272076937
7619.265928813654	300	7.829668574447356	0.0	159914	985.2062749107554	0.0047780685	0.8690764116835998
7621.036338222587	300	7.780937939109179	0.0	131610	1048.7306353381773	0.0048063155	0.8567071108983128
7622.935966302284	300	7.871963315057827	0.0	124011	908.9746240513515	0.0048396867	0.8819217892814064
7624.145150316172	300	7.842698040436892	0.0	144254	1029.2652746209346	0.004952207	0.8662792847971637
7625.476227512135	300	7.662118874088028	0.0	149991	680.5791663488632	0.0054769563	0.8788514405976209
7626.725992940417	300	7.6274851222542965	0.0	147968	1034.6337518337307	0.006742318	0.8391696864731729
7628.857945678521	300	7.7790745679272275	0.0	161857	848.4105543270687	0.007572569	0.8765090449958908
7630.251758385154	300	7.853939382498371	0.0	145210	925.1351854288574	0.009829858	0.8780802837197689
7633.504966416915	300	7.651674027220746	0.0	172312	1702.2653552776244	0.011265174	0.7753931764862718
7637.119719305461	300	7.549768949688525	0.0	167025	2101.9050775322203	0.011844557	0.7228467894444482
7640.023382659013	300	7.60936125492055	0.0	160064	1940.4076947679741	0.012834249	0.7463545036181547
7641.181589211083	300	7.611885793776532	0.0	137507	997.4754611440196	0.013377498	0.8409594366212787
7644.907169198574	300	7.509461254994936	0.0	118421	602.4245387815952	0.0174351	0.8678179751672271

