1639.6094088112175	750	4.0	3.478694088168143	450283	3478.694088168143	0.64180255	-14.881134701647689
1640.8145359789355	300	6.794872832282032	0.0	155580	1205.1271677179675	0.06677279	0.0995475056372574
1642.082743548429	300	7.987679694553293	0.0	139857	807.1931377287391	0.50610995	0.704149946295198
1645.1782007527281	750	7.530458284461179	0.0	382355	2457.2214100921146	0.23502915	0.06920783128325692
1648.7224437998207	750	7.986215237368532	0.0	411561	3544.2430470926483	0.1493462	0.4543728004986411
1652.1912334681354	750	7.693059771411084	0.0	318564	2793.1554659574463	0.18891233	0.5012650065485955
1654.3737832895888	300	7.5146019713628815	0.0	153295	2178.4578000482024	0.63686305	0.07148920301022557
1657.9769533687142	300	7.911431892237389	0.0	173849	3103.1700791254916	0.014678443	0.467213313150062
1660.7650665761164	300	7.561006391251614	0.0	150710	2350.425500985775	0.006069315	0.5087589119073803
1664.3245090157434	300	7.715129019896438	0.0	139105	1845.8773713551757	0.0059433086	0.5740482058211095
1668.1244390540971	300	7.91519898154272	0.0	141840	3299.9300383537175	0.0112066725	0.44789990392220275
1672.0394111309072	300	7.614460515500307	0.0	156148	2300.7384660424145	0.004705182	0.5188726365765715
1674.985666446437	300	7.873449577319319	0.0	160746	2241.010938180986	0.004705182	0.5497733855808402
1676.4837490155287	300	7.737030552947966	0.0	179801	1136.4190243713524	0.004705182	0.6471020883623045
1680.4231463746494	300	7.797633193827303	0.0	140051	1439.397359120663	0.1053511	0.6226373290413092
1683.9567648684992	300	7.566354313022796	0.0	138313	2231.278880804508	0.026068918	0.5211883175704723
1686.3622752676886	300	7.884769005750833	0.0	143509	1681.585307271961	0.0060909716	0.6068054567272193
1688.0207005844547	300	7.602518917176407	0.0	150616	1282.2500885744264	0.008655867	0.61957208169742
1691.8166850793434	300	7.806534422287638	0.0	165384	2795.9844948887694	0.028873485	0.4878353689807956
1693.4033467445113	300	7.834283389244003	0.0	140881	1472.251033043634	0.005626347	0.6228795852726674
1696.0256290484872	300	7.895347572418197	0.0	157671	1438.9358168258057	0.024730444	0.6320886050271436
1697.8171925799863	300	7.981238997793565	0.0	157812	1414.1085746246315	0.08891628	0.6428384781063232
1701.4715928212713	750	7.602766427088245	0.0	401853	3378.472570705321	0.102072746	-0.01595754256622156
1703.756206649844	300	7.608423300441846	0.0	137654	1494.3431266463992	0.6132406	0.14893108159647753
1705.207220480072	300	7.673051798240928	0.0	146754	1435.371502200918	0.03926079	0.6110488115715746
1707.4989618748657	300	7.605002279207707	0.0	153938	1568.0495190332203	0.026464382	0.5912311651142401
1709.5172727615397	300	7.937692754850832	0.0	181901	1667.3095243568755	0.016878778	0.613327006973172
1710.6629825133816	300	7.905338531088557	0.0	111155	1032.3542237622755	0.06721125	0.6737084056406659
1714.9775308867402	300	7.590790157729955	0.0	153605	1314.5483733586025	0.11936277	0.6152133465807413
1717.9043214421804	300	7.52634681672903	0.0	149029	1564.4433410009237	0.13767622	0.5840211038415574
1721.0967356417486	300	7.601313295664364	0.0	157421	1925.0335210646674	0.038439993	0.555177695985901
1723.6322679423786	300	7.907237503601348	0.0	157488	1694.0757920630158	0.014242091	0.6077190271074231
1727.0109508558696	300	7.878624272139214	0.0	143881	1528.613231462134	0.023296881	0.6215112266036287
1730.640215642084	300	7.909026758546448	0.0	163444	1969.597513592766	0.025634643	0.5803390728087137
1734.4007456344434	300	7.908595432177699	0.0	179328	2000.4313263687482	0.013254099	0.5772141758701317
1735.931488979862	300	7.978273096963585	0.0	159914	1430.3223352141142	0.0143182445	0.6409316306681831
1737.4815603124127	300	7.838447935790613	0.0	131610	1139.8251611729731	0.050826117	0.6565230148730578
1739.7677621139603	300	7.945470039705608	0.0	124011	1392.9778960850063	0.06886839	0.6415087424469621
1742.245399150997	300	7.618263468918461	0.0	144254	1327.206570787146	0.02509886	0.6165918647593281
1745.6784944994147	300	7.796931042334433	0.0	149991	1821.3324265840283	0.039195176	0.5843762394031089
1748.3811323523812	300	7.921493614768007	0.0	147968	1875.4374275664247	0.013605287	0.5909550307163887
1750.743706751256	300	7.9388066760306355	0.0	161857	1482.6869387373729	0.00896842	0.6318964817347654
1753.0535797709142	300	7.7888137957701895	0.0	145210	1149.9928802604468	0.032110944	0.6507288996818219
1756.6958889486323	300	7.727599305610205	0.0	172312	2061.2144901599845	0.20851047	0.5537147733382541
1760.0347874338552	300	7.703697387277689	0.0	167025	2023.9019183325158	0.019519143	0.5551454432853312
1763.0241547042626	300	7.726512131019197	0.0	160064	2477.185256258491	0.009117983	0.5120130549188122
1764.7238810931742	300	7.777739886637952	0.0	137507	948.772244381245	0.004705182	0.6697850867302872
1767.0921721857576	300	7.964071379111414	0.0	118421	1313.668507526538	0.08442202	0.6512300816969538

