5684.391793238576	750	4.0	4.549356298858494	450283	4549.356298858494	0.24764118	-19.38781348044036
5685.878602314567	300	6.513190924009408	0.0	155580	1486.8090759905917	0.040202342	-0.3802325581395349
5686.946653683158	300	7.592247960518019	0.0	139857	920.942963491389	0.21292129	0.06976744186046512
5688.263281097053	300	7.807488370290575	0.0	155432	1284.7595902274438	0.69398785	0.06976744186046512
5690.045507148479	300	7.897309251661218	0.0	163442	1410.1791186293574	0.64973456	0.06976744186046512
5692.588897293131	300	7.726637688634162	0.0	126289	1170.6715630270558	0.5335297	0.06976744186046512
5696.484357648797	750	7.6852667920632864	0.0	352642	3041.3708965708756	0.61909705	-0.2755813953488372
5700.315576636742	750	7.854047804119209	0.0	437162	3831.218987944078	0.11112371	0.1744186046511628
5704.230455484624	750	7.9391689562372925	0.0	374758	3414.8788478819174	0.12202447	0.1744186046511628
5708.245460047154	750	7.924164393707213	0.0	362795	3515.0045625300786	0.18637373	0.1744186046511628
5712.3918993053185	750	7.777725135542258	0.0	353220	4146.439258164955	0.32576	0.1744186046511628
5716.884028121018	750	7.285596319842518	0.0	405134	4492.12881569974	0.5042977	0.1744186046511628
5720.216839315305	750	7.9527851255544855	0.0	386351	3332.8111942880323	0.69355315	0.1744186046511628
5724.256002145539	750	7.9136222953205415	0.0	434409	4039.1628302339445	0.4934342	0.1744186046511628
5726.2932072617705	300	7.79288668652394	0.0	140051	1620.7356087966014	0.535347	-0.3802325581395349
5728.631746440638	300	7.591851922307087	0.0	138313	1701.0347642168538	0.61387277	0.06976744186046512
5732.703614034395	750	7.519984328549814	0.0	360831	3571.867593757273	0.67143095	-0.2755813953488372
5736.115464871065	750	7.668744838168925	0.0	372963	2851.2394903808895	0.44700164	0.1744186046511628
5739.5188978923625	750	7.872334081715493	0.0	405596	2796.4107564534306	0.16402552	0.1744186046511628
5742.991626700572	750	7.519480814782557	0.0	350713	2852.853266932935	0.18036085	0.1744186046511628
5746.052956352223	750	7.993753773894609	0.0	386472	3025.7270408879494	0.26810342	0.1744186046511628
5749.7387706232685	750	7.503647943753973	0.0	399894	2990.105830140636	0.16306666	0.1744186046511628
5753.146358223692	750	7.6627083115445425	0.0	401853	2840.9396322094303	0.32999074	0.1744186046511628
5756.705952074174	750	7.80123532276036	0.0	343800	2861.472988784183	0.19483516	0.1744186046511628
5760.331897304237	750	7.862323195777812	0.0	359903	3438.9121269825478	0.1907403	0.1744186046511628
5763.848302101698	750	7.727637401037869	0.0	379700	3134.685794739942	0.22853677	0.1744186046511628
5767.6825326867665	750	7.893406815969676	0.0	425781	3834.230585068193	0.2492761	0.1744186046511628
5772.021953489405	750	7.553986013331246	0.0	277716	3839.420802638429	0.29849	0.1744186046511628
5778.422142717127	750	5.153796785609977	0.0	400396	6400.18922772127	0.5835569	0.1744186046511628
5780.544558552245	300	7.0313809504919496	0.0	149029	2122.4158351180263	0.060976915	-0.3802325581395349
5783.948455012314	300	7.62748449042243	0.0	157421	2403.896460069521	0.10940715	0.06976744186046512
5786.371288485832	300	7.997003633881172	0.0	157488	2130.4808565412586	0.24150422	0.06976744186046512
5788.664712340708	300	7.881468086432096	0.0	143881	1615.5355474490755	0.2940911	0.06976744186046512
5793.200620478508	750	7.34555994863169	0.0	412837	4535.908137800406	0.68984234	-0.2755813953488372
5794.961482491441	300	7.682027102778389	0.0	179328	1663.5328458533006	0.6956487	-0.3802325581395349
5796.355789452033	300	7.50353819652228	0.0	159914	1178.4889062561092	0.69682336	0.06976744186046512
5798.91161118293	300	7.8835363917423	0.0	131610	1120.0018047799804	0.6968018	0.06976744186046512
5800.426382926437	300	7.554060483046924	0.0	124011	1329.4759086953752	0.688023	0.06976744186046512
5804.052322394221	750	7.928121015262545	0.0	378327	3625.9394677843784	0.5631598	-0.2755813953488372
5809.0566664334565	750	6.923776976026944	0.0	390680	5004.3440392356015	0.22855455	0.1744186046511628
5811.322007528775	300	7.663896137283282	0.0	147968	2259.880838743661	0.60211533	-0.3802325581395349
5818.234386990184	750	4.751516675874528	0.0	384505	6912.379461408754	0.5376492	-0.2755813953488372
5820.6953096454845	300	6.290594020574528	0.0	145210	2460.9226553	0.013582483	-0.3802325581395349
5824.235533647161	300	6.750370018898022	0.0	172312	3540.2240016765068	0.015637795	0.06976744186046512
5826.95477112519	300	7.74524441486349	0.0	167025	2005.1256040345331	0.03854184	0.06976744186046512
5829.419812799242	300	7.99477947683449	0.0	160064	1750.4649380289993	0.05388039	0.06976744186046512
5833.9808003938615	750	7.433791882215359	0.0	331053	4560.987594619131	0.6835327	-0.2755813953488372
5837.251102694087	300	7.731422897423854	0.0	118421	2202.368984791505	0.47391868	-0.3802325581395349

