1576.230959696711	750	4.0	6.240793125191714	450283	6240.793125191714	0.0734752	-0.2740793125191714
1578.8391732291043	300	5.39178646760646	0.0	155580	2608.2135323935404	0.33460507	-0.37383469901395033
1581.3673525201086	300	6.863607176602174	0.0	139857	2528.179291004286	0.013205782	0.1761575194372073
1584.6528094765188	300	7.578150220191981	0.0	155432	2285.456956410193	0.008654589	0.2450886931209795
1588.4755501589013	300	7.755409537809281	0.0	163442	3322.740682382701	0.008578857	0.15243902787480995
1592.7085908309214	300	7.522368865789316	0.0	126289	2233.0406720199644	0.007616901	0.2468439869098358
1595.715191205338	300	7.893280884582324	0.0	153295	2629.0879812069916	0.0066237818	0.23042125716569611
1600.055244850701	300	7.553227239219327	0.0	173849	3840.053645362998	0.0065274844	0.08807133791490812
1604.0355538471956	300	7.572918242724774	0.0	150710	2980.3089964945516	0.0066410797	0.1752764905208432
1608.0985574895587	300	7.509914600361618	0.0	139105	2563.0036423631545	0.0063415067	0.21306929828628574
1611.6419237421778	300	7.966548347742626	0.0	141840	3043.366252618993	0.0062589366	0.1935726464720149
1615.697591684831	300	7.910880405089553	0.0	156148	3555.6679426530727	0.0062112203	0.1388632310527898
1618.9016976426583	300	7.833783900676961	0.0	160746	3077.0965044125915	0.006011298	0.18190184335105092
1623.1304941355645	300	7.604987407770885	0.0	179801	2728.7964929060768	0.005898196	0.2024320636950726
1625.8565511213822	300	7.919861811722495	0.0	140051	2185.1255960483895	0.0061079874	0.27647880362781696
1629.8578758898902	300	7.918537043214364	0.0	138313	2501.3247685081296	0.0061100656	0.2447760883500848
1633.6975701865679	300	7.594817945414099	0.0	143509	1823.7190978002661	0.006098222	0.29230421180835453
1636.6994447646869	300	7.511868303443511	0.0	150616	2082.949641970589	0.006439777	0.26119680476816054
1639.7883318640002	300	7.696887164660952	0.0	165384	2314.9811387825594	0.0066499887	0.24955733391305357
1643.6170071007316	300	7.579502574260539	0.0	140881	2617.3845904004124	0.0068095853	0.21198045185124248
1646.402680538882	300	7.672311135401022	0.0	157671	2407.1914388595183	0.0066517117	0.23880030207661204
1648.907865199947	300	7.988959880813811	0.0	157812	1683.3512545872109	0.0066637737	0.3309748670921421
1650.635730794887	300	7.560943724582774	0.0	163927	1428.0161562310366	0.006990268	0.3297573671633197
1654.1650847528542	300	7.956191536503684	0.0	137654	1604.752188079091	0.0077123754	0.33678675222357113
1657.7947798759835	300	7.848644826483142	0.0	146754	2607.546710020542	0.007456099	0.22978563065314217
1660.625369768394	300	7.839424029632122	0.0	153938	2009.2207968510193	0.0070764446	0.28904192216690566
1664.9377482395626	300	7.527045558463498	0.0	181901	4312.378471168624	0.00707745	0.0392025002871062
1667.7680883034293	300	7.828749328894158	0.0	111155	2198.29622956934	0.006890096	0.2694672100989509
1671.7289248276572	300	7.867912804666359	0.0	153605	2460.836524227799	0.0062724715	0.24566089786886752
1675.8937768374337	300	7.7030607948898195	0.0	149029	3664.85200977654	0.0062831463	0.11495609870295975
1680.709883271253	300	6.886954361070595	0.0	157421	4816.106433819225	0.0062113567	-0.051175995815010256
1686.0504439376537	300	5.546393694669956	0.0	157488	5340.560666400639	0.0059256703	-0.18740646072319173
1690.5269161961655	300	5.069921436158021	0.0	143881	4476.472258511935	0.005664834	-0.13077713609131725
1694.715743594699	300	4.881094037624639	0.0	163444	4188.827398533382	0.0056011584	-0.11381436250179833
1700.8206784449912	300	4.0	1.223840812667744	179328	6104.934850292383	0.0054763006	-0.3604934850292383
1706.6000472421722	300	4.0	1.7793687971808312	159914	5779.368797180831	0.0055270283	-0.32793687971808316
1709.9629827387687	300	4.637064503403679	0.0	131610	3362.9354965963207	0.0051995823	-0.04647701819690214
1713.037307725603	300	5.562739516569342	0.0	124011	3074.324986834337	0.0049855663	0.040238721102150155
1716.5529691424629	300	6.047078099709451	0.0	144254	3515.66141685989	0.0051474646	0.02637623954585172
1719.8597865425368	300	6.740260699635539	0.0	149991	3306.8174000739127	0.005345431	0.09058455371982993
1723.0391030657554	300	7.560944176416844	0.0	147968	2679.316523218695	0.005343884	0.2046273587041833
1726.7954880409482	300	7.804559201224158	0.0	161857	2756.3849751926873	0.0055909255	0.21214645255724113
1729.2769230268996	300	7.843563565656448	0.0	145210	1960.99563556771	0.0066739554	0.29412315929675703
1733.2576990783075	300	7.862787514248438	0.0	172312	3980.7760514080105	0.008457531	0.09334661449972631
1737.5414556001567	300	7.579030992399271	0.0	167025	4283.756521849166	0.008094948	0.04531378484003784
1740.597632998808	300	7.568428259894016	0.0	160064	3010.6027325052564	0.008116651	0.17196649299285033
1743.6272477643945	300	7.886408114673917	0.0	137507	1682.020145220098	0.008809075	0.32469849264511
1747.7035103827047	300	7.810145496363546	0.0	118421	1576.2626183103712	0.014106804	0.3305078316916845

