13288.78496244638	750	4.0	1.6132241480558394	450283	1613.2241480558394	0.6724049	-6.673066965153551
13290.346414248617	750	6.438548197762211	0.0	398865	1561.4518022377888	0.3690307	0.5036871855497438
13294.31132211969	1850	6.473640326688384	0.0	877771	3964.907871073827	0.20930338	-0.7744459169240508
13298.440266244459	1850	6.344696201919689	0.0	933276	4128.9441247686955	0.066490345	0.29673943682392856
13301.945409248892	1850	6.839553197487453	0.0	996749	3505.143004432236	0.082453616	0.4067501060223669
13304.825606319067	1850	7.959356127312378	0.0	801058	2380.1970701750747	0.012340716	0.6270270243218237
13308.42654008647	1850	7.995823215832466	0.0	905515	2963.532911479911	0.004705182	0.5722034395647888
13313.277559671335	1850	7.144803630967883	0.0	1060487	4851.0195848645835	0.0047173398	0.30154315463113357
13317.297250139978	1850	7.1251131623248805	0.0	852833	4019.690468643003	0.025623938	0.3827808359126028
13324.039628968645	1850	4.382734333657265	0.0	913888	6742.378828667615	0.041434485	-0.15344512858614978
13326.650077680477	750	5.772285621826697	0.0	353220	2610.448711830568	0.49600047	-0.7653410475825076
13328.642581943892	300	7.671502676933311	0.0	156148	1100.782944893386	0.5386725	0.19435856258791834
13332.07889643343	750	7.809206139125437	0.0	386351	3362.2965378078734	0.51184994	0.005530121353845785
13334.499894105873	300	7.775716226320117	0.0	179801	1533.4899128053194	0.4066265	0.16111854024585384
13337.20171177176	300	7.863561358993971	0.0	140051	1412.1548673261457	0.4446159	0.6317072402359822
13338.595938476032	300	7.676279377539719	0.0	138313	1187.2819814542524	0.06539627	0.6361684218801793
13341.163455368202	300	7.695993302412464	0.0	143509	980.2860751272547	0.2428273	0.6587655005427621
13342.305685004107	300	7.853493797632778	0.0	150616	842.499504779686	0.57564235	0.6877037620860238
13345.722534968452	750	7.929933952521129	0.0	405596	1923.5598451116487	0.41652632	0.16102398205013763
13352.71016321985	750	4.942305701122336	0.0	350713	6987.628251398793	0.19398259	-0.18294552716757162
13354.30273472349	300	7.349734197483177	0.0	157671	1592.5715036391593	0.0051390408	0.11420911906570383
13355.926495822996	300	7.7845986277664485	0.0	157812	1565.1355697167294	0.03402016	0.6088089159491751
13357.518770329201	300	7.652774091908017	0.0	163927	1131.824535858431	0.03372114	0.6394517555594806
13359.08759345784	300	7.933587512762078	0.0	137654	1219.1865791459393	0.49032497	0.6577441672034805
13360.427291676797	300	7.693556635081139	0.0	146754	740.0308776809402	0.17437395	0.6825564882434783
13360.983118652384	300	7.675476817924475	0.0	153938	518.0798171566635	0.5623405	0.7030113910203688
13362.838737199396	750	7.63654120948465	0.0	425781	1538.9356084398241	0.5298445	0.17124701546094728
13364.858942895275	1850	7.764779811830951	0.0	758197	1871.7613976536984	0.4111241	-0.44085760344088265
13368.244716943214	1850	7.791114879473669	0.0	972798	2973.664932357282	0.004705182	0.5514868237547493
13371.709246378885	1850	7.834904733928968	0.0	975811	3456.2101455447	0.004705182	0.5074471264852827
13375.888179260599	1850	7.564597957136222	0.0	873429	3770.3067767927455	0.0052299807	0.45002012400916525
13383.71091885991	1850	4.0	0.2581416421746362	954453	7822.7395993108585	0.030185694	-1.4083288885051342
13384.641517549859	300	7.069401310050216	0.0	143881	930.5986899497839	0.13376737	-0.9465759636415245
13387.74475366157	750	7.858765446785284	0.0	412837	2710.635863264932	0.6249976	0.07546632938952458
13390.074023242352	750	7.630430751616371	0.0	401088	2228.334695168913	0.41158968	0.551718968163335
13392.998484421629	750	7.963667571785569	0.0	365161	2166.763179830802	0.02989861	0.5899505483798646
13395.23224439602	750	7.77563661731305	0.0	321064	1688.0309544725187	0.08974758	0.6197255744549592
13397.32626224644	750	7.511492273561196	0.0	361565	1764.1443437518535	0.075622395	0.5866900374707888
13399.518282392177	750	7.525418849527163	0.0	378327	1486.073424034034	0.021650892	0.615837578458343
13401.24791991711	750	7.938573480912964	0.0	390680	1586.8453686141975	0.15179639	0.6455269942824386
13402.907778618384	750	7.500040222935273	0.0	345516	1438.533257977692	0.31705517	0.6181488729533965
13404.593820334609	750	7.892682048471274	0.0	384505	1607.3581744640007	0.36829096	0.6390586103405981
13406.244379226573	750	7.591744468367866	0.0	372093	1300.937580103408	0.4083156	0.6407350802416363
13410.16486009809	1850	7.581314626540128	0.0	973972	3510.4298418277376	0.46413854	-0.6223831837638338
13413.576251558106	1850	7.800644401876622	0.0	958994	2780.6702246635064	0.023712365	0.5717035220578031
13416.78597199949	1850	7.591144803861567	0.0	982064	3209.499598015055	0.004832884	0.5086560065341387
13419.528245432959	1850	7.78511852781093	0.0	830730	2306.026276050638	0.007813132	0.6176735336147358
13422.440878400841	1850	7.961925665580351	0.0	846370	2823.192862230578	0.004705182	0.5829747661412482

