697.6363817041006	750	4.0	2.322935537655054	450283	2322.935537655054	0.24321797	-9.795797079390097
701.1126458022804	750	4.523735901820231	0.0	398865	3476.264098179768	0.5810962	0.12790306170814597
703.768378346542	750	5.868003357558568	0.0	350812	2655.732544261663	0.5830926	0.3393435117503095
706.5366416040182	750	7.099740100082421	0.0	382355	2768.2632574761474	0.16947275	0.44664652400901855
709.6476375766739	750	7.98874412742667	0.0	411561	2610.995972655752	0.26369265	0.5479409165301783
712.0724683594043	750	7.818424450725726	0.0	318564	2170.319676700943	0.8900777	0.5756150805991476
716.4408336998414	1200	7.450059110288534	0.0	561791	4368.365340437192	0.7645826	-0.10557627425625615
722.3224396181521	1200	5.568453191977807	0.0	709534	5881.605918310728	0.7288825	0.011992925894706796
723.7313472590563	300	7.881240544364333	0.0	150710	1187.2126476134742	0.21031612	-0.24409689578919808
726.0728486542417	750	7.646337352966953	0.0	362795	2234.903191397379	0.17397083	0.1025931472855851
730.1805714432802	1200	7.5386145639284825	0.0	607410	4107.722789038471	0.7138972	-0.07098845446107938
734.8607440604865	1200	6.858441946722247	0.0	594078	4680.172617206235	0.6481252	0.25629916301690625
737.7726015473409	750	7.9465844598677755	0.0	386351	2911.857486854471	0.6093054	0.06379684843195638
746.4398846516794	1200	4.0	0.7206986444707636	687371	8667.28310433854	0.6984555	-3.9665443945313275
747.3614863841493	300	7.078398267530125	0.0	140051	921.6017324698755	0.23864579	-0.2948103003485778
749.5143531048211	750	7.61458296464205	0.0	366214	1963.8153028880747	0.24322136	0.1266455395979418
752.6735434235325	1200	7.9645135141782015	0.0	617242	2650.0694504638486	0.72963566	0.11577014508320965
761.6219842412997	1850	4.0	0.9839273035891074	885714	8948.440817767309	0.5343772	-5.291777354433005
763.7267719098759	750	5.895212331423869	0.0	405596	2104.787668576131	0.6734804	-0.7029431055322477
766.4400105833812	1200	7.181973657918623	0.0	586839	2713.2386735052464	0.69981176	0.0341328581259725
770.0280192649371	1850	7.593964976362628	0.0	891604	3588.008681555995	0.77115214	-0.17892345696067385
774.1784284454949	1850	7.443555795804969	0.0	955231	4150.409180557658	0.050638396	0.4003594358542738
778.2091076229456	1850	7.412876618354212	0.0	968026	4030.6791774507574	0.039232153	0.40937952991442067
781.8337656403353	1850	7.7882186009645284	0.0	874175	3624.658017389683	0.04107771	0.4861087451010812
785.6626947377932	1850	7.95928950350662	0.0	897976	3828.929097457909	0.03564587	0.4821474089753149
789.5492965776855	1850	7.690124641414588	0.0	905935	3769.1648620920314	0.03715931	0.462216403768941
793.881254636367	1850	7.358166582733183	0.0	1076599	4331.9580586814045	0.03462238	0.3739857376968903
797.3655348765373	1850	7.685723933138867	0.0	758197	3172.442649594316	0.034645416	0.5214650517662989
801.1919691716988	1850	7.859289637977344	0.0	972798	3826.434295161523	0.035580277	0.47277178669205694
805.3197043553338	1850	7.731554454342284	0.0	975811	4127.735183635061	0.029481106	0.43034703894207516
809.1261231207776	1850	7.925135688898395	0.0	873429	3806.418765443889	0.034452833	0.48111109808809527
813.8930615783652	1850	7.158197231310896	0.0	954453	4766.938457587499	0.039581135	0.3112404168555533
820.8305717176061	1850	4.2206870920700315	0.0	885062	6937.510139240865	0.11272013	-0.1885554937392807
824.1663471579106	750	4.8849116517653535	0.0	412837	3335.7754403046774	0.69536793	-0.9232844895735626
826.336975974441	750	6.714282835235114	0.0	401088	2170.6288165302403	0.42818534	0.46930926132905976
829.3580090695327	1200	7.693249740143336	0.0	598727	3021.033095091778	0.71628374	0.052564329179640545
833.127058183085	1850	7.520881151653009	0.0	728962	3672.3685884903257	0.62699986	-0.1943938501619653
838.5296914215535	1850	6.118247913184469	0.0	938587	5402.633238468541	0.19879758	0.14757461621536228
841.2941297078628	1200	7.353809626875234	0.0	605884	2764.4382863092337	0.8615768	-0.1544476927476584
846.7180969484714	1850	5.929842386266624	0.0	930577	5423.96724060861	0.7080636	-0.5226930334897069
848.674891422961	750	7.973047911776983	0.0	345516	1956.7944744896415	0.91811574	-0.4881497125316937
853.1014325481897	1200	7.546506786548307	0.0	641452	3926.541125228676	0.37725222	-0.0521106525409083
857.0635310251912	1200	7.58440830954681	0.0	599477	3962.098477001496	0.4558013	0.39798167762994446
860.6605923272692	1200	7.662454327591802	0.0	634861	3421.9539819550077	0.37052912	0.45950814648012434
863.9530226111693	1200	7.918792864703293	0.0	630203	2743.661462888509	0.4576566	0.5520102785416151
866.7232762183982	1200	7.663050452594715	0.0	638661	2755.7424121085783	0.6328279	0.5261866811845589
871.1447586652382	1850	7.2415680057546705	0.0	830730	4421.482446840044	0.46549964	-0.29618944877304415
876.723246382488	1850	5.663080288504726	0.0	846370	5578.487717249945	0.2081687	0.08617875894410565

