2062.214395623331	750	4.0	1.7282306058808998	450283	1728.2306058809	0.004705182	-7.179095379583818
2062.8921694457235	300	7.32222617760719	0.0	155580	677.7738223928094	0.4048311	0.2030412085176544
2064.610829384874	750	7.625898465083829	0.0	350812	1696.3277125233612	0.3747502	0.1544834286163426
2068.250579175046	1850	7.986148674912047	0.0	933276	3639.749790171782	0.9697108	-0.596349434037813
2070.5249580790633	1850	7.985000221787763	0.0	996749	2001.1484531242832	0.0056269597	0.6674001597277682
2073.693086514546	2850	7.707551267642862	0.0	1224260	2777.4489541448997	0.644994	-0.38344844846477155
2076.807792788137	2850	7.725537828566423	0.0	1388403	2982.01343907644	0.48325294	0.5978263302975055
2080.136383182259	2850	7.987589024912642	0.0	1638769	3237.9488036537814	0.4069932	0.5974555240415548
2082.8224195351527	2850	7.9548917105	0.0	1348011	2532.6973144126423	0.24787396	0.6648335187024867
2086.375301511046	2850	7.845120236993804	0.0	1429765	3109.7714735061954	0.19165058	0.5965604717305624
2088.745279166432	1850	7.526686603294547	0.0	939819	2318.4336336992565	0.16316539	-0.40844157325962627
2092.8842516863483	2850	7.387714083378083	0.0	1519951	4138.972519916464	0.514086	-0.5503855032981815
2096.2934545353883	2850	7.53337096780947	0.0	1422919	3354.3431155686144	0.29861718	0.5420970804325317
2099.419241510384	1850	7.837907342247534	0.0	1036454	2695.463625561935	0.20933339	-0.4161892169990916
2102.646545254617	1850	7.984417063797722	0.0	821631	2853.490278449811	0.6634764	0.582109847565384
2105.1887146527533	1850	7.6852391453211455	0.0	923170	2299.1779184765765	0.11968888	0.6087448634909012
2108.6469932921473	2850	7.997595603603953	0.0	1491626	3187.643541717192	0.6965804	-0.39655080501256623
2114.6836509559816	2850	5.960937939769774	0.0	1358801	6036.657663834179	0.25329542	0.12251713119109486
2117.931334386382	1850	6.713254509369786	0.0	987708	3247.683430399987	0.004705182	-0.579660331124969
2120.067104849199	1850	7.667857383416776	0.0	923755	2045.3971259530092	0.004705182	0.6324499280916999
2123.4825109488443	2850	7.815340906676065	0.0	1415116	3352.5164767407114	0.69417024	-0.4305803235179533
2125.921349743135	1850	7.81236634483288	0.0	955231	2002.9745618431841	0.45293447	-0.34939866111695483
2128.0474692771813	1850	7.782238713084038	0.0	968026	2030.1276317488423	0.66273654	0.6449862125525371
2131.014044878101	2850	7.991946925772702	0.0	1323990	2790.291787311336	0.44472784	-0.357359321334968
2135.4296872628265	2850	7.576304541047225	0.0	1383735	4415.642384725476	0.249228	0.4400995595103051
2138.946706949818	1850	7.8537577299684305	0.0	905935	2722.5468110787947	0.18276712	-0.41737191743244
2141.63318287036	1850	7.722756226703664	0.0	1076599	2631.001503264766	0.074558824	0.5791735674108182
2145.127552043393	2850	7.528308786775866	0.0	1141971	3194.447439927798	0.69675434	-0.4424005927724557
2148.8879163994907	2850	7.767944430678193	0.0	1498470	3760.3643560976734	0.647511	0.5240729230095469
2154.0076821810376	2850	6.6481786491311	0.0	1561263	5119.765781547093	0.6424	0.2803540311554954
2158.5074164558723	1850	6.148444374296097	0.0	873429	4499.734274835003	0.042319488	-0.7592290431757063
2162.0014026802987	1850	6.654458149869665	0.0	954453	3493.9862244264314	0.004705182	0.3900501719866581
2166.9897429172324	1850	5.666117912936403	0.0	885062	4988.3402369332625	0.004705182	0.14548588183443817
2170.397147251249	1850	6.258713578919647	0.0	1035329	3407.4043340167564	0.028995644	0.3606174891633925
2172.808500582297	1850	7.847360247871562	0.0	1026056	2411.3533310480843	0.004705182	0.6131316655325395
2175.3559348488357	1850	7.804078312606964	0.0	943942	2543.281935264598	0.021213807	0.5957728688701405
2179.1901488952176	1850	7.824047479053068	0.0	728962	3480.030833553896	0.05282528	0.5040200343672208
2185.4903968976164	1850	5.523799476654329	0.0	938587	6300.248002398739	0.004705182	0.0005967914807678554
2193.0516981799774	1850	4.0	2.037501805706612	908665	7561.301282360941	0.60068965	-9.033433759997639
2193.7079977904323	300	7.343700389545444	0.0	149991	656.2996104545563	0.25146204	-0.8927444525962275
2195.974971719195	750	7.6812294123050995	0.0	345516	1662.4709772403428	0.22178933	0.16319476969751212
2197.920138497016	750	7.5208975706805505	0.0	384505	1660.33184162455	0.6291081	0.5979765583902237
2199.2007898739776	1200	7.787989297853148	0.0	599477	1232.908272827402	0.84849435	0.24049560321801772
2201.6126611287823	1850	7.525925260668191	0.0	973972	2262.0640371849563	0.0101691205	-0.05287789371499774
2203.9094393178875	1850	7.532439779675226	0.0	958994	1993.4854809929652	0.33531868	0.6246069918800223
2206.9837445643516	2850	7.566933548649548	0.0	1483527	2965.506231025678	0.39368254	-0.4157887939573512
2208.750919350124	1850	7.9427456682823685	0.0	830730	1624.1878803671782	0.46696293	-0.29897083255677326
2212.0020861931675	2850	7.978655694663148	0.0	1364537	2964.089973619221	0.502351	-0.3760184363055561

