6035.433812675027	750	4.0	4.264022486880352	450283	4264.022486880352	0.69265246	-18.336579655981406
6036.687393670623	300	6.746419004404097	0.0	155580	1253.5809955959026	0.027905593	0.09003838597342939
6038.205182091924	300	7.586326453931424	0.0	139857	1160.0925504726724	0.2900079	0.6302292922251183
6042.368015570045	300	7.423492975811083	0.0	155432	4162.833478120341	0.45667624	0.3142822891904776
6046.81696694477	300	6.974541601085669	0.0	163442	4448.951374725414	0.006974058	0.24245841137198304
6050.116642149982	300	7.674866395873967	0.0	126289	3299.6752052117013	0.004705182	0.42479309838773566
6054.679885077393	300	7.111623468463155	0.0	153295	4563.242927410812	0.004705182	0.24422354410757385
6058.759659107696	300	7.031849438159363	0.0	173849	4079.7740303037917	0.004705182	0.28489209129774395
6061.809197445316	300	7.982311100539589	0.0	150710	2049.5383376197747	0.004705182	0.5793986929339191
6064.433547227409	300	7.670991893113851	0.0	139105	1311.3192074257386	0.004705182	0.6232557728023304
6067.811252341626	300	7.988654609039076	0.0	141840	1682.337284074775	0.0057783583	0.616729368305447
6071.822304421213	300	7.977602529452252	0.0	156148	3011.052079586824	0.004705182	0.48279411333373684
6074.453570885601	300	7.530179280721695	0.0	160746	1947.4232487305571	0.004705182	0.5460919921526923
6076.404282547444	300	7.591745071929825	0.0	179801	1438.4342087918708	0.004705182	0.6029166746316564
6078.4626046457	300	7.7787227493273825	0.0	140051	1813.0223226024418	0.012113243	0.583454680576798
6080.726134054701	300	7.72460793745306	0.0	138313	2054.1148118743226	0.008652033	0.5541368185279854
6083.4576715141	300	7.658546401416988	0.0	143509	1066.0615360360707	0.0066308677	0.6465836469964247
6087.504701146127	300	7.611516769389353	0.0	150616	3047.0296320276357	0.14059646	0.44396018101614265
6090.72484017255	300	7.632700052923768	0.0	165384	2978.816716465584	0.0047284025	0.4528203880698773
6092.449401512533	300	7.966080547460622	0.0	140881	1166.6195054631457	0.004705182	0.666128366676607
6096.4998241460935	300	7.915657913899107	0.0	157671	2050.422633561516	0.02701738	0.5728948171705894
6100.138269077164	300	7.860617763454578	0.0	157812	2055.040150444529	0.012006624	0.5671353874549236
6103.713943295099	300	7.544482954200196	0.0	163927	1816.1348092543835	0.006014711	0.5605975811870443
6106.780483062609	300	7.980982770035091	0.0	137654	1563.5001841651047	0.006257386	0.6278746549346927
6109.704727431725	300	7.940380415300015	0.0	146754	2040.6023547350758	0.0159769	0.5762564143566472
6112.951860816213	300	7.698634749295976	0.0	153938	1741.745666004039	0.0047253435	0.5828737837673268
6115.425797667932	300	7.584360149228891	0.0	181901	1614.274600067086	0.0067346175	0.584621828167844
6117.803280807958	300	7.965449772041573	0.0	111155	1118.9103771873179	0.026771266	0.6708385666418392
6121.6818385258675	300	7.510457275506686	0.0	153605	1454.9924965348876	0.03162201	0.5934368016001039
6124.9894433522895	300	7.638437486982323	0.0	149029	2372.0197885243624	0.023633555	0.514052315516339
6127.545602788048	300	7.548150278552112	0.0	157421	1590.2872084302107	0.0056043286	0.5835353254724744
6129.7230999859985	300	7.907337788741141	0.0	157488	1640.8124898109702	0.010367977	0.6130550098931178
6131.0836608557665	300	7.575399712696637	0.0	143881	1331.9380760445033	0.012555956	0.611993028208524
6132.7704881616055	300	7.796297370808977	0.0	163444	1279.1023418876591	0.03541539	0.6385382562568098
6137.566604068371	300	7.0001814640445295	0.0	179328	4796.1159067644485	0.16857061	0.210209824580594
6141.901287513415	300	6.665498019000185	0.0	159914	4334.683445044344	0.004705182	0.22413940275543998
6145.335081641815	300	7.231703890600731	0.0	131610	3433.794128399454	0.004705182	0.36872630327933426
6149.140970306035	300	7.425815226380164	0.0	124011	3805.8886642205675	0.004705182	0.35020028987890334
6152.818876641095	300	7.747908891320345	0.0	144254	3677.9063350598194	0.004705182	0.3940004099214782
6155.655119012071	300	7.542844451412342	0.0	149991	2205.0644399080034	0.004705182	0.5215469103366039
6158.516609312461	300	7.712688314401658	0.0	147968	1330.1561370106851	0.004705182	0.6253854085337484
6162.677170610907	300	7.5521270159557465	0.0	161857	2160.561298445911	0.004705182	0.5268906820373807
6165.640414983401	300	7.871452527270725	0.0	145210	2680.67448868502	0.004705182	0.5056148121575483
6168.255794827071	300	7.865047594990723	0.0	172312	2006.4049322800022	0.004705182	0.5724252856712304
6170.484334735999	300	7.500265110521452	0.0	167025	1364.7824844692716	0.004705182	0.6014767951593852
6173.31485790242	300	7.7268822395404495	0.0	160064	2273.3828709810027	0.005489845	0.5324289168190435
6175.867220065657	300	7.684271310441938	0.0	137507	2042.6109290985119	0.004705182	0.5514047598847467
6178.5981559063	300	7.768678902289679	0.0	118421	915.5924081522594	0.004705182	0.6722309401482273

