14845.367789413383	750	4.0	3.791441730238546	450283	3791.441730238546	0.036201715	-16.25722432675746
14846.754835667954	300	6.6129537454278156	0.0	155580	1387.046254572185	0.018053569	0.06384567480587283
14849.173748538797	750	7.922741373937822	0.0	350812	2190.212371489992	0.08119586	0.13366643541940665
14852.705519971702	750	7.8812058833348075	0.0	382355	2541.535490603015	0.6258612	0.5445362845824068
14854.474323195644	300	7.641922180515456	0.0	163442	1239.2837028193524	0.43125442	0.17766132986268698
14855.427243550894	300	7.54522185405299	0.0	126289	596.7003264624659	0.6922423	0.6826121494301707
14859.411928446263	1850	7.560536958683046	0.0	905515	3984.684895369945	0.59312904	-1.1218085636383337
14865.829453973774	1850	5.143011431172324	0.0	1060487	6417.525527510722	0.1469513	-0.04778225005018233
14867.8872841657	750	7.0851812392473255	0.0	374758	2057.830191924998	0.5407274	-0.5837114766003024
14870.123205183954	750	7.505351013764346	0.0	362795	1579.8302254829796	0.26155812	0.6045303459517851
14876.120630687483	1850	5.507925510235828	0.0	939819	5997.425503528518	0.68859357	-1.070648846227415
14878.814131622663	750	6.814424575055092	0.0	405134	2693.5009351807357	0.18778521	-0.673339192458811
14882.048676794024	750	7.579879403693025	0.0	386351	3234.5451713620673	0.26449022	0.4462322949419044
14883.685660751316	300	7.512168631220225	0.0	179801	1567.7107724727998	0.696327	0.13232969396960145
14887.140791083175	300	7.869240091100213	0.0	140051	1642.9285401200123	0.44043615	0.6091764574782502
14890.450660484914	300	7.670406200249723	0.0	138313	1698.8338908504907	0.08528738	0.5844479308454661
14892.699873476911	300	7.551317469245727	0.0	143509	1619.088731003996	0.027287299	0.5809600189760635
14893.977494984341	300	7.8325688269771305	0.0	150616	1218.7486422685972	0.043768268	0.648064795752422
14896.208524420303	300	7.981490636927947	0.0	165384	1351.0781900491843	0.080416426	0.6491657371210843
14898.77199736992	300	7.619729765973902	0.0	140881	861.7608709540443	0.20735693	0.6632775675271503
14902.536366194843	750	7.855360941052942	0.0	386472	2764.368824920959	0.69665563	0.06976534561648279
14905.563598468114	750	7.864785261009936	0.0	399894	2490.575680043007	0.38102296	0.5480517617810681
14908.374430078715	750	7.842697723723864	0.0	401853	2522.087537286071	0.21824625	0.5427746250916214
14911.493439108035	750	7.7725652361712125	0.0	343800	2070.1324875526525	0.2465752	0.5812197971659545
14915.293034423637	750	7.887205820652267	0.0	359903	2885.359415518945	0.10930518	0.5107313929848984
14916.857688139762	300	7.9819969507837305	0.0	153938	1405.208869868537	0.5108241	0.1938014024323372
14919.548430809082	300	7.821348020350597	0.0	181901	2160.648930433133	0.12825833	0.552794751343086
14922.615416666225	300	7.612901984723443	0.0	111155	1208.446035627154	0.018777784	0.6279518692314092
14925.750228182993	300	7.889766180095863	0.0	153605	1723.1358046275805	0.017296357	0.6031313907918971
14928.081722956329	300	7.564856601998905	0.0	149029	1324.9095780969585	0.010270186	0.6116810914259827
14929.94119211926	300	7.643414575152552	0.0	157421	1421.442026846353	0.015949583	0.6095891421668644
14932.342545014206	300	7.6567517817233925	0.0	157488	1986.6627934291587	0.02211247	0.5543507870396138
14936.226545388881	300	7.772751407049103	0.0	143881	1884.0003746742896	0.005391392	0.5757821267810641
14940.030463903495	300	7.505137325836853	0.0	163444	1767.61408121225	0.0050138743	0.5616625918344528
14943.185963304959	300	7.980539889305157	0.0	179328	2024.597436531697	0.0048923884	0.5817223019164457
14945.874800636286	300	7.5915721536078165	0.0	159914	2388.967735697341	0.0047718314	0.5078466783529717
14949.736947235393	300	7.720433699369882	0.0	131610	1871.1384542379342	0.004705182	0.5720326790567158
14953.49631422945	300	7.961066705312977	0.0	124011	2259.3669940569052	0.004705182	0.5563710297217457
14956.185343763973	300	7.891739527012842	0.0	144254	2569.327178300134	0.004705182	0.5187021903437454
14960.27053376947	300	7.80654952151754	0.0	149991	4085.1900054953016	0.004705182	0.3589162712384534
14964.20157831726	300	7.875504973729335	0.0	147968	3931.044547788205	0.004705182	0.38096785889765794
14968.2657887149	300	7.8112945760879775	0.0	161857	3564.2103976413578	0.004705182	0.41147094900469594
14971.627903281349	300	7.750310893938733	0.0	145210	2060.9836821492445	0.004705182	0.5559238707378084
14973.671635072005	300	7.944010459760868	0.0	172312	1806.3004341778656	0.004705182	0.6000360023828243
14976.174021990299	300	7.716532611853563	0.0	167025	1727.4778479073052	0.004705182	0.586023255512299
14977.86611055335	300	7.597942980021209	0.0	160064	1618.5896318323548	0.004705182	0.5854976881372518
14979.880924671606	300	7.54728530550192	0.0	137507	1050.6576745192883	0.004705182	0.6374150242088236
14982.58679739061	300	7.846427205868648	0.0	118421	1200.8580996332732	0.004705182	0.6511877349845734

