3775.8949472896024	750	4.0	3.5333118074124745	450283	3533.3118074124745	0.2683846	-15.018822167222478
3777.3898561273177	300	6.5050911622846534	0.0	155580	1494.9088377153469	0.070585765	-0.3802325581395349
3781.3941018844735	750	6.50084540512849	0.0	350812	4004.245757156163	0.2998465	-0.2755813953488372
3782.9081513236715	300	7.5600539248214735	0.0	155432	1440.7914803070155	0.6308255	-0.3802325581395349
3785.6675901608633	300	7.551963485670891	0.0	163442	1508.0904391505826	0.3815566	0.06976744186046512
3787.6110899375376	300	7.845887743904692	0.0	126289	1706.0757417661994	0.69646883	0.06976744186046512
3792.9281958798174	750	6.528781801624789	0.0	352642	5317.105942279903	0.59568286	-0.2755813953488372
3795.507349560766	300	7.949628120676189	0.0	173849	1579.153680948601	0.6505674	-0.3802325581395349
3799.78353564743	750	7.673442034012184	0.0	374758	3776.1860866640045	0.67727363	-0.2755813953488372
3806.4366796046806	750	5.020298076761285	0.0	362795	6653.1439572509	0.34374845	0.1744186046511628
3808.6285037330726	300	6.82847394836937	0.0	141840	2191.8241283919137	0.030593798	-0.3802325581395349
3811.022139339682	300	7.579075122286129	0.0	156148	1749.3988260832407	0.2471533	0.06976744186046512
3814.139601524733	300	7.807462415223674	0.0	160746	1771.612707062455	0.17376597	0.06976744186046512
3816.5914499116284	300	7.844462956020392	0.0	179801	1462.9994592032817	0.5073601	0.06976744186046512
3820.4353088794683	750	7.541957897796368	0.0	337059	2802.5050582240237	0.54855984	-0.2755813953488372
3824.0398116423894	750	7.937455134875376	0.0	366214	3104.502762920993	0.25280437	0.1744186046511628
3828.3593115973054	750	7.580633436485929	0.0	360831	2856.8216983894476	0.1086853	0.1744186046511628
3832.216261803185	750	7.608497566709639	0.0	372963	2972.1358697762894	0.22274064	0.1744186046511628
3836.298956921739	750	7.525802448155315	0.0	405596	4082.695118554324	0.30591598	0.1744186046511628
3839.5256670835647	750	7.811202099321105	0.0	350713	2714.600348834211	0.4104997	0.1744186046511628
3843.3714171729666	750	7.96545200991946	0.0	386472	3345.750089401644	0.27964586	0.1744186046511628
3847.6236745282836	750	7.7131946546026535	0.0	399894	3752.2573553168063	0.26659054	0.1744186046511628
3851.579047079843	750	7.757822103043096	0.0	401853	3955.3725515595584	0.41898656	0.1744186046511628
3855.126287955225	750	7.696946484136724	0.0	343800	3060.8756189063715	0.37355116	0.1744186046511628
3859.097573582452	750	7.554486284461362	0.0	359903	3142.460199675363	0.48787192	0.1744186046511628
3860.8874342789827	300	7.7639686690715495	0.0	153938	1290.517615389811	0.44130558	-0.3802325581395349
3864.656586090066	750	7.94406432317053	0.0	425781	3319.904345901019	0.6946106	-0.2755813953488372
3868.921227865982	750	7.679422547254821	0.0	277716	2764.6417759157102	0.18095261	0.1744186046511628
3872.7004501334545	750	7.900200279782073	0.0	400396	3779.2222674727477	0.278618	0.1744186046511628
3876.9414683533446	750	7.659182059891927	0.0	400508	3241.018219890146	0.21394838	0.1744186046511628
3882.4158990979017	750	6.184751315334568	0.0	358218	5474.4307445573595	0.4273286	0.1744186046511628
3887.2613733366225	750	5.33927707661373	0.0	400322	4845.474238720838	0.45967928	0.1744186046511628
3888.749578495008	300	7.542191819920442	0.0	143881	1297.0852566932883	0.060501933	-0.3802325581395349
3890.666456027615	300	7.989313028313025	0.0	163444	1552.8787916074166	0.46838894	0.06976744186046512
3893.838445695663	300	7.9803176267386045	0.0	179328	2508.995401574421	0.503942	0.06976744186046512
3898.0834915194	300	7.7352718030017735	0.0	159914	3745.0458237368307	0.67620647	0.06976744186046512
3900.190647677555	300	7.9407137595295385	0.0	131610	1794.5580434722335	0.5769481	0.06976744186046512
3902.852913517425	300	7.980879892135963	0.0	124011	1459.833867393575	0.6588503	0.06976744186046512
3905.09464980953	300	7.80122772757168	0.0	144254	1179.6521645642829	0.69009304	0.06976744186046512
3907.0680248711233	300	7.970582222395173	0.0	149991	1330.6455051765076	0.6917094	0.06976744186046512
3908.680654613313	300	7.645632177209307	0.0	147968	1324.9500451858669	0.515733	0.06976744186046512
3912.804377528454	750	7.521909262067901	0.0	384505	3123.7229151414076	0.61901885	-0.2755813953488372
3916.716909235013	750	7.56634471486075	0.0	372093	2955.5645472071506	0.18619016	0.1744186046511628
3921.049191736661	750	7.234062213212575	0.0	438281	4332.282501648175	0.26180115	0.1744186046511628
3922.9813556144445	300	7.827605109570657	0.0	167025	1406.4571036419193	0.56648326	-0.3802325581395349
3925.8659042857994	300	7.938184084664152	0.0	160064	1389.4210249065059	0.67745686	0.06976744186046512
3929.7388895526124	750	7.784255322181645	0.0	331053	3153.9287624825056	0.6366701	-0.2755813953488372
3933.838175683473	750	7.68496919132103	0.0	314107	3099.2861308606157	0.39546508	0.1744186046511628

