2248.9066941137503	750	4.0	4.146410706663652	450283	4146.4107066636525	0.07232342	0.08137879444991386
2250.026996615906	300	6.879697497844862	0.0	155580	1120.3025021551377	0.004705182	0.2882720433113677
2251.181596319629	300	7.850754336222511	0.0	139857	1028.9431616223508	0.004705182	0.8673062223453382
2252.8387501016196	300	7.7600056304478	0.0	155432	1090.7487057747112	0.004705182	0.8499207516711987
2254.3293693038895	300	7.912898658020582	0.0	163442	1347.1069724272195	0.004705182	0.8431629195282746
2256.4981587724596	300	7.945259957606973	0.0	126289	967.6387004136096	0.004705182	0.8851054582805526
2259.8437719052968	300	7.663028818166699	0.0	153295	1782.231139440276	0.004705182	0.7687985958241411
2263.1529587646464	300	7.745126389940395	0.0	173849	2917.902428226304	0.004705182	0.6653682111440427
2267.3306959604843	300	7.567389194102114	0.0	150710	4177.73719583828	0.004705182	0.5174391828903054
2271.055086985139	300	7.8097044714554436	0.0	139105	3257.684722646672	0.004705182	0.6393635609322498
2273.192946670904	300	7.814127774777213	0.0	141840	1995.5766966782303	0.004705182	0.7661205172498005
2277.4644805696616	300	7.5425938760194	0.0	156148	2771.5338987578134	0.004705182	0.6549979872536337
2279.301853412044	300	7.510815889200632	0.0	160746	1531.7779868187693	0.004705182	0.775049889639625
2282.3224625537578	300	7.753308731825262	0.0	179801	1757.5071573753698	0.004705182	0.7824180276303895
2283.8618607019935	300	7.91016068802631	0.0	140051	1343.148043798953	0.004705182	0.8432207499995408
2285.0890847662236	300	7.694673741529988	0.0	138313	1215.4869464963215	0.004705182	0.8293802743271179
2288.3988550869876	300	7.995657149564755	0.0	143509	2199.0165919652345	0.004705182	0.7681903068010472
2292.6666046896275	300	7.612159107744512	0.0	150616	3383.498041820243	0.004705182	0.6023909251519959
2294.957515659388	300	7.893829498623962	0.0	165384	2218.3296091205507	0.004705182	0.7536861502784733
2296.6061674743737	300	7.760794204700887	0.0	140881	1633.0352939230743	0.004705182	0.7957894596275393
2300.1397074085157	300	7.8868325696612915	0.0	157671	2373.961635039595	0.004705182	0.7372590234859213
2304.5033136057373	300	7.523226372439518	0.0	157812	2863.6061972217735	0.004705182	0.6433994146998789
2307.8806949589934	300	7.721127867673749	0.0	163927	2302.0985047657696	0.004705182	0.7239854600486595
2311.871498127952	300	7.730324698715158	0.0	137654	1990.8031689585916	0.004705182	0.7562505439469994
2316.9466763513165	300	6.655146475350674	0.0	146754	5075.178223364484	0.004705182	0.315058726989245
2321.333597589134	300	6.268225237532838	0.0	153938	4386.921237817835	0.004705182	0.3361105203236744
2325.4497320159653	300	6.1520908107014085	0.0	181901	4116.13442683143	0.004705182	0.34884986163434717
2327.1064571695733	300	7.5408882153785015	0.0	111155	1611.2025953229067	0.004705182	0.7708205164157165
2330.80148054196	300	7.561137798827647	0.0	153605	1979.750416550854	0.004705182	0.7364659890887162
2333.8642227116097	300	7.642403148920841	0.0	149029	1918.7346499068065	0.004705182	0.7526015539491095
2336.574635049081	300	7.984200821056418	0.0	157421	2158.202327864423	0.004705182	0.7708571984199757
2339.3624538402973	300	7.556396449252021	0.0	157488	1927.804371804398	0.004705182	0.7410751700634282
2341.783900769042	300	7.545680137585592	0.0	143881	1510.7163116664285	0.004705182	0.7814608125808249
2345.7002614716653	300	7.629319434961901	0.0	163444	1916.3607026236916	0.004705182	0.7512234774923078
2348.5624341994153	300	7.806778706937928	0.0	179328	2822.540728023973	0.004711142	0.6825167106540175
2352.821901464555	300	7.547311441798287	0.0	159914	1759.4672651396413	0.004726637	0.7567871374845145
2356.6030217614084	300	7.766191144944505	0.0	131610	1781.1202968537823	0.004750952	0.7816473298679962
2359.617180034121	300	7.66422180394793	0.0	124011	2101.969340996574	0.004770738	0.7369720759045053
2362.2317536538762	300	7.663029445428128	0.0	144254	1501.1923585198022	0.0048057195	0.7969025513653569
2365.006055164088	300	7.827569406939914	0.0	149991	1835.4600384882137	0.0048419517	0.7837918470990524
2367.461842783076	300	7.744096247307618	0.0	147968	1083.4731596322972	0.004879016	0.8486839443224264
2369.645694218431	300	7.788327768808427	0.0	161857	1455.7684784991918	0.005241284	0.8169157629882269
2371.1878951280205	300	7.971268787940944	0.0	145210	1317.0589808674831	0.005638864	0.8533747902583886
2373.9533057458457	300	7.931134423889702	0.0	172312	1540.134364051242	0.0067736004	0.8261117852536347
2376.140810387161	300	7.865020273119265	0.0	167025	1566.114150770435	0.007609158	0.8153505659427763
2378.0644412988518	300	7.953900034045797	0.0	160064	1411.1202390734677	0.0089625865	0.8418241111766146
2380.490176168339	300	7.582287935611111	0.0	137507	1371.6120984346855	0.011332026	0.7998912687386239
2382.1699046598897	300	7.964485089862092	0.0	118421	1117.8028457490195	0.013627295	0.8724628075946166

