9730.612707948769	750	4.0	5.127185897414645	450283	5127.185897414644	0.004705182	-21.973759822399792
9733.005989450023	300	5.606718498746048	0.0	155580	1893.2815012539522	0.04098337	-0.37077247894692233
9736.654051646863	300	5.507921018600868	0.0	139857	1598.7974801451799	0.053491194	0.09382051314365292
9739.920137864288	300	5.859510268245368	0.0	155432	1648.4107503554999	0.09235716	0.09099673729235912
9743.396358417036	300	5.790237820756635	0.0	163442	2069.2724474887327	0.16286317	0.07248924624789736
9746.164278043212	300	5.879752003097016	0.0	126289	1410.4858176596206	0.42649317	0.10634633693013006
9749.657093238218	300	5.967061362302443	0.0	153295	1412.6906407945708	0.032084618	0.1061803594279015
9751.980116829276	300	5.630611772329254	0.0	173849	1836.4495899731905	0.21088809	0.08167934519900967
9754.40821127158	300	5.559851608969416	0.0	150710	1570.7601633598374	0.09471039	0.09549516437897927
9756.904623903038	300	5.880312380263064	0.0	139105	2179.539228706353	0.0953868	0.0688218858483365
9760.646557399321	300	5.657782304847924	0.0	141840	2222.53007541514	0.02549881	0.06749065025452218
9763.045138037935	300	5.768193729374936	0.0	156148	1389.588575472988	0.015431435	0.10794561976658669
9764.403591509352	300	5.983463091986679	0.0	160746	1284.7306373882568	0.040941626	0.11675599198360885
9765.99337948334	300	5.5604305220067145	0.0	179801	1423.032569979965	0.070590265	0.1054086906824008
9768.278377803834	300	5.98630903991335	0.0	140051	1074.1214820933642	0.08262166	0.1396490085159304
9770.43788550079	300	5.871993586786012	0.0	138313	1114.315453127339	0.097570464	0.13461179200111
9772.223348707694	300	5.971858095748761	0.0	143509	1400.1354910372504	0.07340683	0.10713248893425077
9775.109460251828	300	5.7064661577644475	0.0	150616	1265.3919379843146	0.05189193	0.11854034745862223
9778.143743660237	300	5.819684270934657	0.0	165384	2386.7818868297913	0.04464203	0.0628461280134966
9782.10613711272	300	5.8572908184522525	0.0	140881	2462.3934524824044	0.011048233	0.06091634131368446
9785.983240541344	300	5.980187389830187	0.0	157671	3377.1034286220656	0.0059031686	0.04441676222549198
9789.253445638984	300	5.548584085251406	0.0	157812	2931.603304578781	0.004705182	0.05116654076822728
9792.980374002691	300	5.821655721545416	0.0	163927	3226.9283637059893	0.004705182	0.04648383325985316
9796.913758037841	300	5.888271686396511	0.0	137654	3433.3840351489052	0.004705182	0.043688675215003886
9800.841884560292	300	5.960145163944244	0.0	146754	2428.126522452267	0.004705182	0.06177602304204012
9805.300013651175	300	5.502016073060479	0.0	153938	2958.129090883766	0.004705182	0.0507077261983811
9808.802673212918	300	5.999356511319023	0.0	181901	3502.6595617414555	0.004705182	0.04282460152234231
9812.112817397647	300	5.613199040502455	0.0	111155	1886.1574708165679	0.004705182	0.07952676397430433
9815.89652597352	300	5.829490464630626	0.0	153605	2783.708575871829	0.004705182	0.05388495092487242
9819.830017367718	300	5.895999070431644	0.0	149029	3933.491394198981	0.004705182	0.038134060804408114
9824.933491797607	300	4.79252464054246	0.0	157421	5103.474429889184	0.004705182	0.0293917412658139
9830.156468480798	300	4.0	0.43045204264726633	157488	5222.976683189727	0.004705182	-1.8222245282345906
9834.153853517335	300	4.002614963461769	0.0	143881	3997.385036538231	0.004705182	0.037524531319580175
9837.852462382521	300	4.3040060982757495	0.0	163444	3698.608865186019	0.004705182	0.04055578880262481
9841.0810522208	300	5.0754162599975565	0.0	179328	3228.5898382781934	0.004705182	0.04645991207108394
9844.086433507333	300	5.943836389762789	0.0	159914	2131.579870234767	0.004705182	0.07037033990355678
9848.184392311598	300	5.8458775854983305	0.0	131610	2097.9588042644596	0.004705182	0.07149806740489822
9852.129049071977	300	5.901220825119081	0.0	124011	1944.656760379249	0.004705182	0.07713443475276678
9855.664650974904	300	5.9866283501264075	0.0	144254	2914.592474992673	0.004705182	0.05146517095854956
9859.703991608476	300	5.947287716555853	0.0	149991	3539.3406335705545	0.004705182	0.04238077527131858
9863.58957852766	300	5.779669383216156	0.0	147968	2667.6183333396975	0.004705182	0.05622993294254693
9866.263985187983	300	5.746450240977611	0.0	161857	2533.2191422385445	0.004705182	0.059213195376160245
9868.607537965994	300	5.665267673013727	0.0	145210	1581.1825679638841	0.004705182	0.09486570560486103
9871.54339182374	300	5.538525849165758	0.0	172312	1626.7418238479684	0.004705182	0.09220885441131847
9874.766818768216	300	5.561368374875589	0.0	167025	1977.1574742901687	0.004705182	0.0758664911371576
9878.339822873735	300	5.988364269356532	0.0	160064	2573.0041055190563	0.004705182	0.05829761393627479
9881.388427009691	300	5.7886989937320905	0.0	137507	2699.665275624442	0.004705182	0.055562443742328195
9885.254100476186	300	5.9230255272358265	0.0	118421	2865.6734664962646	0.004705182	0.05234371667034295

