1768.9505333999723	750	4.0	5.558065529459364	450283	5558.065529459364	0.020492863	-0.05978668782965729
1771.7582525318205	300	5.192280868151962	0.0	155580	2807.719131848038	0.004705182	-0.08881817811040904
1773.143784866437	300	7.8067485335352504	0.0	139857	1385.5323346167118	0.004705182	0.8262138244270083
1774.9741912183072	300	7.742203846012171	0.0	155432	1564.5446875230796	0.004705182	0.8003431331261821
1779.0089267904207	300	7.607766973228976	0.0	163442	2134.436872783195	0.004705182	0.7267547368071102
1782.666842977254	300	7.949850786395711	0.0	126289	2157.9161868332644	0.004705182	0.7666445480490927
1786.2968032205	300	7.91897802675451	0.0	153295	2530.872759641201	0.004705182	0.725536972091247
1787.6314577354665	300	7.606194539673761	0.0	173849	1312.7834870807494	0.004705182	0.8087259239990132
1789.7599604109314	300	7.982878744534231	0.0	150710	1123.3157951395297	0.004705182	0.8741826123757991
1791.3175089989184	300	7.911697895453322	0.0	139105	1071.180849080909	0.004705182	0.8706072714122676
1793.2560308930854	300	7.825620765372893	0.0	141840	1086.0771300804308	0.004705182	0.8584895354387735
1795.5956213139168	300	7.922047932250443	0.0	156148	1403.572833122448	0.004705182	0.8386460118458996
1797.7403119845842	300	7.742711424121218	0.0	160746	1179.3365081292238	0.004705182	0.8389266227054347
1800.4560023753477	300	7.652543357708508	0.0	179801	1590.1680664127107	0.004705182	0.7867102432706817
1802.0262373453386	300	7.940186987188541	0.0	140051	1212.3563705199663	0.004705182	0.8600073219102973
1804.3735128615313	300	7.73048857652767	0.0	138313	1209.6984106608716	0.004705182	0.8343812540836987
1807.5746965818269	300	7.888685168995795	0.0	143509	1341.8034075318762	0.004705182	0.8407035902196206
1810.3779607386978	300	7.796743323242044	0.0	150616	2591.94184575375	0.004705182	0.7043375108634375
1812.7906456683243	300	7.831061966287485	0.0	165384	1465.6813569545589	0.004705182	0.8212009482345821
1814.0123857366455	300	7.618693751862902	0.0	140881	1212.3682144245843	0.004705182	0.8203107528983663
1816.2764614398313	300	7.926341851068229	0.0	157671	1192.351900794672	0.004705182	0.8602982834472288
1818.0831065601747	300	7.923881163492196	0.0	157812	1502.4606875760323	0.004705182	0.8289835789680151
1820.7235206994476	300	7.770766257789257	0.0	163927	1653.1149057029402	0.004705182	0.7950127669159252
1823.1734810954524	300	7.719435705171942	0.0	137654	1551.3305526173162	0.004705182	0.798853320723146
1825.5255907620092	300	7.682695812637241	0.0	146754	1536.7398925347006	0.004705182	0.7957760419351034
1828.2577261173442	300	7.804313026780836	0.0	153938	1378.3827858564055	0.004705182	0.8266280626261646
1832.113530941277	300	7.948508202847886	0.0	181901	1855.8048239329487	0.004705182	0.7966899129807834
1835.1933852489126	300	7.783359769335882	0.0	111155	1165.1484335120035	0.004705182	0.8453643590907716
1836.9875823973407	300	7.9836140801834645	0.0	153605	1299.7456891524175	0.004705182	0.8566304162734507
1839.0378036519223	300	7.680729168030617	0.0	149029	1802.8849121528472	0.004705182	0.7689187146025012
1841.2769702727803	300	7.584814085815924	0.0	157421	2095.9150822146926	0.004705182	0.7277728789576736
1844.9050002704519	300	7.60242480880187	0.0	157488	2482.3892770140533	0.004705182	0.6912998891253201
1848.8412748808807	300	7.666150198372939	0.0	143881	2936.2746104289304	0.004705182	0.6537796515089799
1851.6269157269758	300	7.864287435868651	0.0	163444	2301.862762504288	0.004711142	0.7416852199525064
1854.411118358613	300	7.624075209845434	0.0	179328	1740.2122260232175	0.0047360533	0.7681908106476445
1857.2447107019811	300	7.754274178968377	0.0	159914	1869.8010308770567	0.0047490457	0.7713078458853988
1859.8251646061697	300	7.840942945119676	0.0	131610	1413.3312338487015	0.004758223	0.8276559838989505
1862.8695546642525	300	7.892309222748063	0.0	124011	1448.6337223716132	0.004771811	0.8304680275834422
1865.2265393210873	300	7.60169505718644	0.0	144254	1790.6141655616232	0.0047877226	0.7603872964429559
1869.0342383751315	300	7.793996003142289	0.0	149991	1807.6990540441502	0.0048199026	0.782422573167431
1872.542486581038	300	7.711906730347613	0.0	147968	2082.0892727946757	0.004858994	0.7448478317846858
1875.115414229856	300	7.618522352994434	0.0	161857	1593.3843773531787	0.0050483486	0.7821879736594167
1877.1848326622062	300	7.563584744051925	0.0	145210	1054.9376089425105	0.005506847	0.8292493988561749
1879.7124162258333	300	7.582033431442011	0.0	172312	2481.5513126099136	0.006247186	0.688865923204603
1881.7201033253452	300	7.856205964194671	0.0	167025	1725.8274672473397	0.007495397	0.7982909147148003
1884.2689706257327	300	7.947702115633448	0.0	160064	1408.5038485612217	0.007991465	0.8413204813879476
1885.3640650543766	300	7.890336665224331	0.0	137507	1057.3654504091182	0.0091443565	0.8693512993297203
1887.1008857200823	300	7.515790807488938	0.0	118421	874.5458577353928	0.012920361	0.841387365223551

