16197.398323020607	750	4.0	7.571061952176263	450283	7571.061952176264	0.016190188	-32.88755330328341
16199.378117443768	300	6.020205576839139	0.0	155580	1979.794423160861	0.030206952	-0.05248183764214459
16200.78499762913	300	7.927193595526365	0.0	139857	1093.0119813127735	0.13069461	0.6697462050707076
16204.747286347825	750	7.964904876832408	0.0	382355	3462.288718693957	0.33155042	0.010517086532848496
16208.591307636229	750	7.960972708301699	0.0	411561	3003.932168530709	0.1313865	0.5059742657881736
16211.150325344988	750	7.656508442459001	0.0	318564	2304.4642658426983	0.30674687	0.5466160189477814
16217.783849789586	1200	5.0229839978629505	0.0	561791	6633.52444459605	0.45774537	-0.565700966443524
16226.463264937971	750	4.0	3.6564311505219202	437162	8679.415148384871	0.6854077	-16.6154761757906
16230.667161854844	300	4.0	0.20389691687293726	150710	4203.896916872937	0.032668523	-1.3460959487834518
16234.31915857128	300	4.348003283565703	0.0	139105	3651.996716434297	0.007997339	0.06934653164742177
16236.688727216988	300	5.978434637855571	0.0	141840	2369.568645710132	0.0074428157	0.35452023899876356
16239.01904752111	300	7.648114333735381	0.0	156148	1830.3203041201896	0.015947003	0.5691536716292248
16241.357336437159	300	7.905607666178476	0.0	160746	1242.5066675569062	0.40599054	0.6527190658243398
16245.412797814035	750	7.850146289300439	0.0	434409	3055.4613768780373	0.16214351	0.04015417416897549
16248.952337924033	750	7.705998042237122	0.0	337059	2644.148247063317	0.348796	0.5174110519430064
16252.584755181946	750	7.627485387648385	0.0	366214	3078.512654588738	0.32818824	0.46641767753883856
16256.415805961036	750	7.7964346085574805	0.0	360831	3831.050779090904	0.19024946	0.4074254226628966
16266.110448849295	1200	4.0	1.8982082796991662	581493	9694.642888256647	0.093994126	-9.132571804405268
16268.88700259557	300	5.223446253724156	0.0	165384	2776.5537462758443	0.06635728	-0.6588467747087805
16270.363673646578	300	7.746775202714848	0.0	140881	1476.671051009308	0.029398605	0.6140148194893404
16274.453095526636	750	7.657353322658597	0.0	386472	4089.4218800562517	0.68196714	-0.08179842177889896
16278.143708651642	750	7.513169253211679	0.0	399894	3644.1840694469183	0.14259559	0.39884747612881255
16281.7156674221	750	7.941210482751572	0.0	401853	3071.958770460106	0.16520883	0.4972694685693869
16284.643304688132	750	7.506585715095704	0.0	343800	2434.6247676558683	0.22989093	0.5191697331631746
16288.612706067293	750	7.537184335933224	0.0	359903	3969.4013791624793	0.34779233	0.3686372245960252
16292.187992038458	750	7.615748322519876	0.0	379700	3421.436013413348	0.17662309	0.4309956355866291
16298.037657097291	750	5.7660832636881825	0.0	425781	5849.665058831693	0.090307854	0.01014033358556199
16299.943960197104	300	7.859780163874501	0.0	111155	1906.3030998136808	0.60415655	0.1319284725913684
16303.081127800813	300	7.651105276868201	0.0	153605	2208.6748870063016	0.2764222	0.5316060950703665
16304.55307288764	300	7.839379091804825	0.0	149029	1311.7261850633756	0.13266955	0.6394225373254595
16306.05198136242	300	7.730034329147922	0.0	157421	1109.344762656902	0.6398637	0.649136119915445
16309.414351945885	750	7.878630965026455	0.0	400322	2851.4033641214673	0.18573031	0.06330165837048857
16313.78869121171	750	7.504291699200637	0.0	369834	3874.339265825818	0.42926744	0.3749774816677036
16319.0263015102	750	6.266681400710048	0.0	412837	5237.610298490589	0.087471664	0.11952895827790622
16327.88940642753	750	4.0	2.5964235166214977	401088	8863.104917331546	0.69672316	-11.625812326913454
16332.160623280311	300	4.0	0.27121685278091445	159914	4271.216852780914	0.0067316927	-1.6423036667785513
16334.880562902514	300	5.280060377796778	0.0	131610	2719.9396222032233	0.004705182	0.25226381250479457
16336.77501392004	300	7.385609360271317	0.0	124011	1894.4510175254595	0.004705182	0.5374741935154097
16339.552106809277	300	7.542877498103058	0.0	144254	1342.7318621682577	0.017721858	0.6077833488927142
16341.94859250352	300	7.676815135866175	0.0	149991	1366.0623622368837	0.15026587	0.6183419511594018
16345.566727422458	750	7.69795936149995	0.0	345516	2978.8557743662236	0.68492866	0.033166566910634965
16349.006895996728	750	7.747514656200663	0.0	384505	2950.4447052992873	0.11213479	0.4907774281467634
16353.073370664635	750	7.681039988293722	0.0	372093	4066.4746679069412	0.18180668	0.372776168351056
16358.259187974567	750	6.495222678362254	0.0	438281	5185.817309931467	0.11228126	0.14670561897213852
16366.435797598355	750	4.0	1.6813869454258765	398987	8176.609623788131	0.6881647	-7.62250554141794
16368.04347705177	300	6.392320546583787	0.0	160064	1607.6794534162123	0.005139425	0.020546154798777444
16370.075078613403	300	7.864672180075553	0.0	137507	1527.6483665082337	0.0606282	0.6202648081293836
16372.404048455139	300	7.627163890168679	0.0	118421	1237.508289906874	0.26353467	0.6264183686687466

