6646.4064367808105	750	4.0	6.8100179178166504	450283	6810.017917816651	0.614033	-29.53895955210112
6647.570752081128	300	6.835684699681131	0.0	155580	1164.3153003188686	0.04302002	0.10755688173402264
6650.081352297208	300	7.877551148259397	0.0	139857	958.1335514217336	0.5599143	0.678455905195252
6653.35191796176	750	7.653501719811884	0.0	382355	2724.0494284475135	0.17625055	0.054368102161077514
6656.915677595968	750	7.664879963559937	0.0	411561	2988.621756251947	0.42051327	0.4790060384782333
6659.530768533538	750	7.854903433753325	0.0	318564	2309.9765298066127	0.4640423	0.5651605395221102
6663.386803785898	750	7.998868181392561	0.0	352642	3356.0352523607644	0.72500134	0.4744114404427075
6667.776807845331	750	7.608864121960811	0.0	437162	3390.0040594317516	0.19782738	0.43347621873276587
6671.43832650967	750	7.947345457620844	0.0	374758	3161.518664339966	0.30341604	0.4889039775957562
6675.301123145719	750	7.697283345844695	0.0	362795	2750.0621117761493	0.3995181	0.5059808658823244
6678.9642101935815	750	7.927107160349289	0.0	353220	2770.1761854954057	0.49091452	0.5260902660015252
6683.2218272500395	750	7.669490103891841	0.0	405134	4257.617056457449	0.4857213	0.3525502397873061
6689.073543988455	750	5.817773365476255	0.0	386351	5851.7167384155855	0.11673181	0.01491039760352586
6690.901986580979	300	7.98933077295213	0.0	179801	1828.4425925241258	0.6917212	0.15218391901781417
6695.09535049512	750	7.502992340613762	0.0	337059	2986.3384323383666	0.37212494	0.013652500252276323
6698.8490004886335	750	7.749342347101046	0.0	366214	3753.649993512716	0.09092848	0.41063281668475865
6702.7703830160335	750	7.5889889164588045	0.0	360831	3660.3534306422416	0.08645421	0.40452827013505954
6706.8352511195835	750	7.524120812907934	0.0	372963	3564.8681035508707	0.09586123	0.4078331729833992
6710.886799585638	750	7.472572346854255	0.0	405596	4051.5484660536795	0.08237302	0.3542035373597274
6714.604648429674	750	7.507370686467339	0.0	350713	2965.2016603869165	0.10725985	0.46618759829088496
6718.292010478999	750	7.820008637142142	0.0	386472	3687.3620493251965	0.115168676	0.4240633231083383
6724.40378809258	750	5.708231023561612	0.0	399894	6111.777613580531	0.08336869	-0.021639266795304923
6726.420160052301	300	7.691859063839874	0.0	163927	2016.371959721738	0.5747845	0.10475898684748122
6729.6124432772585	300	7.769796926050065	0.0	137654	1422.0621377898076	0.5421267	0.6216915782622334
6733.01105928546	300	7.660599470282819	0.0	146754	1609.1974557672452	0.69137424	0.5924676652720318
6735.803109735726	300	7.96928342601688	0.0	153938	1691.3160442659396	0.65631425	0.6139669935552783
6739.27862529511	300	7.526892935224903	0.0	181901	2442.3904907919764	0.65873075	0.49627895339820566
6743.229698363152	300	7.575819867182339	0.0	111155	2951.073068042564	0.69147366	0.4501199693630597
6747.020069576295	300	7.785448654039838	0.0	153605	3790.371213142501	0.08205589	0.38636716761681683
6750.694941006632	300	7.970297608760113	0.0	149029	3315.151045279725	0.0149106905	0.45168110971386943
6755.161715880043	300	7.503522735349097	0.0	157421	2966.774873411015	0.022669474	0.4415911064159905
6757.108352438706	300	7.548452028251035	0.0	157488	1455.0707070980636	0.017563904	0.5970860193625982
6760.605325197139	300	7.5007485793170785	0.0	143881	1047.7034489339558	0.30092523	0.6332312331426889
6762.425964852277	300	7.890063415998162	0.0	163444	1610.6851633189162	0.48597938	0.614405064221536
6764.754306491604	300	7.570869813743823	0.0	179328	1319.1936022543405	0.5864818	0.6128314675832981
6766.99809843384	750	7.983547913662436	0.0	365161	2087.3219000813865	0.24517569	0.14980818221347403
6769.194527531534	750	7.598568338392939	0.0	321064	1884.9795752694977	0.7495674	0.5829876860934983
6772.881289725538	750	7.911806144388267	0.0	361565	3186.7621940046724	0.7193512	0.48295892469843077
6776.528031262776	750	7.842541271983424	0.0	378327	3069.264872404844	0.37150833	0.48804183291909403
6780.3844136362695	750	7.9861588984894825	0.0	390680	3356.3823734939415	0.40041846	0.4731534451763567
6784.786450994862	750	7.584121539897647	0.0	345516	3402.037358591835	0.2571658	0.42989138672641736
6788.411728486339	750	7.769431040118677	0.0	384505	2814.69049977897	0.085688636	0.5064623259546533
6792.313404822143	750	7.538886268065264	0.0	372093	3730.544772053414	0.24366981	0.392686698239621
6795.749798378787	750	7.661255348118941	0.0	438281	3377.630919946322	0.0806739	0.43975624868776914
6799.415773497031	750	7.995280229875138	0.0	398987	3665.975118243804	0.15677238	0.4430721093783513
6802.688249159814	750	7.966411204454051	0.0	393804	3028.869025421087	0.10751182	0.5040040416328622
6805.729341498942	750	7.697668429571937	0.0	331053	2768.7427748821137	0.22352484	0.5041498643250768
6808.132178552962	750	7.952424699184579	0.0	314107	2245.243730387357	0.13532475	0.5810203538558086

