11156.715718407313	750	4.0	4.751626329382562	450283	4751.626329382562	0.060653534	-0.12516263293825625
11158.360173324014	300	6.35554508329921	0.0	155580	1644.4549167007901	0.4623944	-0.21722392396387835
11160.265974511265	300	7.920685050724276	0.0	139857	1434.860032574934	0.019776694	0.35155681241277387
11162.454121690065	300	7.542082138803949	0.0	155432	1378.6029119203265	0.013458693	0.3335198424832142
11165.43245751279	300	7.6876863417799175	0.0	163442	1354.3957970240328	0.016252978	0.34504081665884156
11168.616792039058	300	7.9974890867472	0.0	126289	1190.197255032717	0.016134467	0.3808233424184283
11172.070456212909	300	7.802725563939959	0.0	153295	2194.763522807242	0.013109538	0.26819399546552325
11174.979919205141	300	7.787444417144388	0.0	173849	2515.2811467955703	0.009883263	0.23518716139196721
11177.722462062477	300	7.888263968446053	0.0	150710	1899.1804486983342	0.008680096	0.30309845315804496
11179.12058412974	300	7.955884129583512	0.0	139105	932.3798388625414	0.008542018	0.40400477421271536
11181.87480937115	300	7.596642551578067	0.0	141840	1859.2415780054457	0.012135021	0.2888660016730846
11184.201162909254	300	7.890957685727393	0.0	156148	1705.6848658506742	0.009070322	0.3226163687728947
11186.027390207699	300	7.843178401232859	0.0	160746	1547.7792844945343	0.008531023	0.3354207216276003
11188.454880835	300	7.993657080257855	0.0	179801	1849.5213209750036	0.009258411	0.3146514354186156
11191.501851300023	300	7.50915646275821	0.0	140051	1484.5006174996447	0.008758103	0.32087221717242365
11194.734806189008	300	7.538913913428259	0.0	138313	1470.2425493299506	0.008616689	0.32415786465627117
11196.73266607853	300	7.83634018139484	0.0	143509	1202.5737320334188	0.008562126	0.3695138881338357
11198.542950673742	300	7.768840981631289	0.0	150616	1567.4991997635518	0.010881446	0.3288026413756004
11200.838322794312	300	7.867547580921757	0.0	165384	1401.293400709533	0.00908076	0.3515923837366565
11202.417555048449	300	7.604970818534146	0.0	140881	1262.5767623876104	0.009975538	0.3490529999196231
11204.951961637742	300	7.561095288861417	0.0	157671	1543.8755296727281	0.010541606	0.31818090258656573
11208.214119667526	300	7.650281789480123	0.0	157812	1410.813499381295	0.010039471	0.33706126190437813
11211.97141476809	300	7.592306447149124	0.0	163927	3057.9753423310003	0.010484527	0.1687216187137202
11215.740725625017	300	7.822995590222034	0.0	137654	3769.31085692709	0.008285801	0.11200613869616816
11220.72209802898	300	6.841623186258602	0.0	146754	4981.372403963432	0.0071871337	-0.07053579125518061
11225.046921265835	300	6.516799949404376	0.0	153938	4324.823236854226	0.0065756855	-0.02518232684764904
11228.804137235698	300	6.75958397953988	0.0	181901	3757.215969864495	0.006073848	0.04675240173479306
11230.736397547615	300	7.599474946003986	0.0	111155	1660.1090335358956	0.005794286	0.3089562807716596
11234.410227375045	300	7.618635661977755	0.0	153605	1980.839284026232	0.005572185	0.2780808004709865
11238.11688656707	300	7.911976469954218	0.0	149029	2706.659192023536	0.0058561936	0.223832610169785
11242.38519053726	300	7.6436724997645396	0.0	157421	3268.3039701896782	0.005801241	0.1508991342163159
11244.940886131444	300	7.629801626980207	0.0	157488	2513.8708727843327	0.0058224984	0.22547551440782965
11248.664889122867	300	7.905798635559597	0.0	143881	1724.0029914206089	0.0060254773	0.3217121155804139
11253.023119762529	300	7.5475679958962845	0.0	163444	2858.2306396633116	0.0063578906	0.1858999357771866
11256.860571089834	300	7.710116668591347	0.0	179328	3837.4513273049374	0.0064104567	0.09813715905646542
11260.923003235666	300	7.647684522759558	0.0	159914	3062.432145831789	0.0062004854	0.17173706808929345
11262.225866926481	300	7.993223533163022	0.0	131610	1154.4609895965377	0.0060075857	0.3841303718630351
11264.326210342973	300	7.787253237526376	0.0	124011	1205.9702956366464	0.006708588	0.36610629778173387
11266.234270180248	300	7.610409883818071	0.0	144254	1176.8433537083056	0.008407861	0.35796628236779887
11268.399534778286	300	7.958385845581961	0.0	149991	1652.0240382361087	0.011169113	0.33219671152526165
11271.342395518903	300	7.693575645673812	0.0	147968	1764.8101999081487	0.012588571	0.3043674578637984
11273.38733886231	300	7.885129325323661	0.0	161857	1308.44632035015	0.01431136	0.36197595079771383
11275.3587290083	300	7.797682697357785	0.0	145210	1587.4466279658766	0.022520145	0.3286105057882739
11277.897630301224	300	7.7352038764088755	0.0	172312	2062.4788209489097	0.022954442	0.27720236018066374
11280.738543164754	300	7.552958642631103	0.0	167025	1682.2452337777713	0.028751422	0.30383539178666685
11282.911935898539	300	7.705596138114642	0.0	160064	1847.3625045164604	0.034212157	0.2968635081805191
11286.338161069923	300	7.900498633555839	0.0	137507	1805.097504558803	0.03886909	0.3132714141413596
11288.199090315451	300	7.590597868205062	0.0	118421	1309.9007653507754	0.03641797	0.34342229022773885

