1321.6614922108838	750	4.0	2.4304790559882594	450283	2430.4790559882595	0.050803445	0.10695209440117404
1322.731380053316	300	6.930112157568032	0.0	155580	1069.8878424319682	0.87808394	-0.12385677439519485
1323.9420252304594	300	7.79997304681631	0.0	139857	1130.1391107517218	0.045997605	0.37448440435084723
1326.0548824551606	300	7.718797491501577	0.0	155432	1081.1755553147332	0.025679354	0.3743072876873752
1328.4196864826818	300	7.742236331534448	0.0	163442	976.5611599671278	0.028379649	0.38623365472419025
1330.0161153338747	300	7.763143301564924	0.0	126289	1479.0930299695244	0.03599114	0.3372871533508553
1331.6248777143555	300	7.702430045736285	0.0	153295	1060.7132558286403	0.017903779	0.37533055227565376
1335.8125067119422	300	7.514801048149709	0.0	173849	2687.6289975865743	0.018543798	0.20091216575069942
1338.9884986486347	300	7.714644140922723	0.0	150710	1800.1569072269874	0.012038856	0.30214956808497145
1343.3899988462838	300	7.313143943273414	0.0	139105	4401.500197649309	0.011052394	0.01692147668965749
1346.7905828196917	300	7.91255996986577	0.0	141840	3400.5839734076444	0.00831136	0.15447660077584618
1350.963001090457	300	7.740141699100344	0.0	156148	3172.4182707654254	0.007028049	0.16651702911722893
1354.7776899619134	300	7.9254528276437455	0.0	160746	3814.6888714565985	0.0065599494	0.11387191458207424
1358.8732202781914	300	7.829922511365924	0.0	179801	4095.530316277822	0.006066714	0.07981712533258806
1362.1302566257987	300	7.976682657573398	0.0	140051	2353.2398537925274	0.005928482	0.2632186807190846
1366.2200641634454	300	7.886875119926603	0.0	138313	1589.8075376467946	0.0055713854	0.3339489412307332
1368.100835470118	300	7.508291463221067	0.0	143509	1378.5836567055364	0.006066257	0.331409850780763
1372.095204468328	300	7.513922465011412	0.0	150616	1994.368998209655	0.0067928853	0.2701832542422477
1374.4040564735508	300	7.532774781738393	0.0	165384	1981.1476832730177	0.0067815725	0.27268365553134777
1375.704946505489	300	7.8511819553442805	0.0	140881	681.5928263941141	0.007083748	0.42253958956960613
1377.7100501120747	300	7.603278769123401	0.0	157671	1247.9031862208785	0.013329718	0.3504146044481247
1378.9568699577721	300	7.503468999257193	0.0	157812	1099.8097698662073	0.011584195	0.35898583546695384
1379.7808858285605	300	7.79996605407859	0.0	163927	703.502945178603	0.012110459	0.4171475838620516
1380.99009192541	300	7.670619511358571	0.0	137654	629.3465427200185	0.025335502	0.41647906518790884
1381.8231250704964	300	7.584032758830165	0.0	146754	586.5867525284066	0.034223348	0.41534337217404466
1382.8126467397983	300	7.66749512520827	0.0	153938	916.537633621894	0.03994093	0.3875646819633275
1384.3445476189668	300	7.828036651014037	0.0	181901	839.4584741942333	0.025205452	0.40530644326895404
1386.614500579272	300	7.724281397348385	0.0	111155	603.7552536656533	0.04358539	0.42239206196770873
1388.9688036307143	300	7.51022868194717	0.0	153605	1714.0527154012148	0.03442827	0.2979840210815767
1392.947039747071	300	7.531992565590377	0.0	149029	1978.2361163567928	0.017659951	0.27292592371371927
1394.4842874036297	300	7.6126119680100235	0.0	157421	1419.3805975803523	0.0140254665	0.3338501882425913
1397.1511381691303	300	7.633120153248834	0.0	157488	979.4918147611887	0.014732821	0.37912082810193326
1400.215855918579	300	7.72944080139422	0.0	143881	2403.6793518546156	0.020889021	0.24272211490167717
1402.6883136564115	300	7.888731031274989	0.0	163444	2340.70977011923	0.010137474	0.2589747124427638
1403.7701515771128	300	7.968686083280974	0.0	179328	920.0449479940147	0.008948777	0.4060383854056594
1405.0971768238426	300	7.586069955769682	0.0	159914	882.6161275112906	0.019900413	0.38586775948447605
1406.1904343830836	300	7.6266457072585	0.0	131610	959.4242485111834	0.02264867	0.3807229318525379
1408.0222714225679	300	7.862643842881403	0.0	124011	1764.001864377097	0.01643566	0.31501505374237804
1409.682364222198	300	7.691515111619796	0.0	144254	671.1287312616082	0.0118009485	0.4136068213500764
1411.2190228271004	300	7.917667805352823	0.0	149991	1273.8473062669739	0.04268928	0.3674695072078541
1413.6768330973453	300	7.820168281048187	0.0	147968	1597.4995243046349	0.028417293	0.3290105651350482
1416.0357194882029	300	7.630880482589451	0.0	161857	1189.2877984587353	0.021298546	0.3580012503159672
1418.0393175647578	300	7.9488807165114155	0.0	145210	1181.9997660780355	0.038844448	0.37860506817415995
1420.3594298403334	300	7.939623705462101	0.0	172312	1509.2570110493145	0.04900781	0.34530078048644985
1421.804449325113	300	7.782541643335386	0.0	167025	1157.082062126717	0.048614852	0.37070064649578993
1424.3523346150682	300	7.917567776184145	0.0	160064	1364.9738671512403	0.053526647	0.358350599296385
1425.9972631137964	300	7.736559152222118	0.0	137507	1181.0086239620261	0.07665469	0.3654340846176798
1426.6938736622394	300	7.570213824883743	0.0	118421	666.3453273383756	0.07520092	0.4065038313213964

