9393.320279241918	750	4.0	4.955564253110452	450283	4955.564253110451	0.09893591	-0.14555642531104518
9396.422149438773	300	4.898129803144833	0.0	155580	3101.870196855167	0.44041193	-0.4540539069889646
9400.954218689243	300	4.366060552675044	0.0	139857	4532.06925046979	0.0150450375	-0.18032814050478874
9405.41477676091	300	4.0	0.09449751899309194	155432	4460.558071668135	0.010864158	-0.19605580716681353
9409.617351169032	300	4.0	0.20257440812354435	163442	4202.574408123544	0.009998296	-0.1702574408123544
9412.178987649602	300	5.4383635194307365	0.0	126289	2561.6364805692638	0.008380143	0.08373407190749466
9415.72373604521	300	5.893615123821788	0.0	153295	3544.7483956089477	0.006370949	0.013876105677966988
9419.898079247578	300	5.719271921455934	0.0	173849	4174.343202365854	0.006058543	-0.05997982514558958
9423.61176725037	300	6.005583918662889	0.0	150710	3713.6880027930442	0.0060456586	0.003980194637126178
9428.281895538641	300	5.335455630391578	0.0	139105	4670.128288271311	0.0057741995	-0.13354685192765747
9433.817589899782	300	4.0	0.20023873074991025	141840	5535.694361141488	0.0058336183	-0.30356943611414877
9437.235933451657	300	4.5816564481259725	0.0	156148	3418.343551874027	0.0061968146	-0.0554808271795294
9439.886005719589	300	5.931584180193429	0.0	160746	2650.0722679325436	0.00571544	0.10571678446883498
9442.062545456036	300	7.755044443746576	0.0	179801	2176.5397364468536	0.0055955285	0.26703630408947565
9444.541159860806	300	7.639652474976108	0.0	140051	2115.3919687704674	0.0057799863	0.26593908280896
9448.310951003225	300	7.7713681217676145	0.0	138313	2868.284353208494	0.005876662	0.1988820722896265
9450.56400476838	300	7.535594652845081	0.0	143509	1235.7734689225347	0.005880414	0.3473973189105641
9452.88895860323	300	7.521757831085044	0.0	150616	1513.8368217600364	0.0069249384	0.3187261822668116
9455.234662037954	300	7.864464596468611	0.0	165384	1657.293234616432	0.007547574	0.325799713817645
9457.682310994043	300	7.569845218477387	0.0	140881	1294.619377991225	0.0078007244	0.3436533883557142
9460.419036927555	300	7.827997074121727	0.0	157671	2241.8481443556598	0.008208325	0.265065002697042
9465.257382831258	300	6.989651170418343	0.0	157812	4838.3459037033845	0.0078925025	-0.04698139221919201
9468.936992273027	300	7.310041728650156	0.0	163927	3679.6094417681866	0.007513845	0.08891666386381608
9472.262888347554	300	7.984145654123551	0.0	137654	3325.8960745266045	0.0064297086	0.16641949593006145
9476.278441243861	300	7.968592757815424	0.0	146754	3515.552896308127	0.006052335	0.14648175773265132
9480.40255580796	300	7.844478193717418	0.0	153938	3124.1145640980067	0.005869681	0.17786843069753794
9484.444434680317	300	7.747737044668087	0.0	181901	2096.7411490493314	0.0056400886	0.2745594503868223
9487.340341809142	300	7.6723523989101485	0.0	111155	1575.3846457579373	0.0058578257	0.32198356035609055
9491.001648000267	300	7.536960473381165	0.0	153605	1635.3919255289827	0.0060277963	0.3075208370334246
9492.792036672286	300	7.804723327668787	0.0	149029	1732.2371457123782	0.0065361303	0.3145714934080614
9494.722693939082	300	7.5284705049256155	0.0	157421	1276.2528227431733	0.006778598	0.3429041242835337
9496.635750493142	300	7.794144392921284	0.0	157488	1234.3261120043321	0.008519871	0.36370141335714706
9498.049016919289	300	7.676876362376417	0.0	143881	1117.2680305448657	0.010205265	0.3680779695940395
9502.246421719212	300	7.479471562452897	0.0	163444	4197.40479992352	0.011460762	0.04772649266095408
9504.814530010919	300	7.7971190763613745	0.0	179328	1682.3524860915243	0.007907815	0.3190846936634335
9505.95760312467	300	7.743460431792935	0.0	159914	1053.6586445684388	0.009047508	0.3786004125302146
9508.326388862431	300	7.958774778504481	0.0	131610	784.6856532884551	0.012912786	0.4189548583276846
9509.558761136868	300	7.54963872652172	0.0	124011	909.1360519827613	0.018420737	0.38093881520933137
9510.653637914078	300	7.643818430144936	0.0	144254	905.8202963767828	0.017221183	0.38715662224638026
9512.410075588657	300	7.920127857272227	0.0	149991	1223.6905728727083	0.025009107	0.3726389337922434
9514.619828199098	300	7.746625026403608	0.0	147968	1173.5028308686194	0.030823343	0.36681378106336354
9516.089853228861	300	7.674737463308793	0.0	161857	1071.887563094815	0.027758367	0.37248233514731804
9519.92907912718	300	7.835511564990247	0.0	145210	1339.2258983185463	0.045956247	0.3557968829800358
9524.066206564963	300	7.698384127207101	0.0	172312	3637.1274377831473	0.044928238	0.11743626417212905
9527.908472719822	300	7.856117972347587	0.0	167025	2342.266154859513	0.030039925	0.2567807577857729
9530.097172514214	300	7.680146463467076	0.0	160064	2175.9715088805115	0.027940055	0.2624120030786411
9533.184472075214	300	7.782860892221759	0.0	137507	2897.2855712453165	0.030425884	0.19670024863932828
9536.401784453592	300	7.804211626411812	0.0	118421	1478.649265809947	0.02475065	0.33989830006974353

