12705.171264494682	750	4.0	1.5823407749373364	450283	1582.3407749373364	0.14285927	-6.537180123432138
12706.75981649778	750	6.411447996900855	0.0	398865	1588.5520030991447	0.28212875	0.49836873984193303
12709.212009018416	1200	7.959255476265907	0.0	571051	2452.1925206349474	1.0149399	0.13505174584632876
12713.37275106758	1850	7.500427010418955	0.0	933276	3458.8284658469533	0.04596428	-0.17500857260691027
12717.368102542732	1850	7.505075535267491	0.0	996749	3995.3514751514626	0.0049295165	0.42178655234630474
12721.1640364449	1850	7.630741108669075	0.0	801058	3374.3344265984156	0.0053150845	0.4959837137297791
12725.113924745348	1850	7.680852808218559	0.0	905515	3449.888300450516	0.0057780547	0.49325163528310006
12729.559234725997	1850	7.235542827570322	0.0	1060487	4445.309980648237	0.004705182	0.3508478674894719
12733.010115010322	1850	7.78466254324691	0.0	852833	3450.880284323412	0.004705182	0.5031442437467105
12737.167054017615	1850	7.627723535953508	0.0	913888	4156.939007293402	0.004705182	0.41743281080244266
12741.14931303378	1850	7.645464519787541	0.0	939819	3982.2590161659673	0.004721418	0.4366084000922171
12745.530800914028	1850	7.263976639539472	0.0	917428	4381.487880248069	0.004705182	0.3599668647600211
12749.396995601302	1850	7.397781952265759	0.0	946851	3866.1946872737126	0.006727483	0.424375099893435
12753.480251451123	1850	7.314526102443497	0.0	1036454	4083.2558498222625	0.004904364	0.39465551196943083
12757.639922265487	1850	7.154855288079846	0.0	821631	4159.670814363651	0.004705182	0.37164551528348033
12763.975186629501	1850	4.819590924065998	0.0	923170	6335.2643640138485	0.007931152	-0.0706857309174036
12764.907037612915	300	7.520040271943842	0.0	143509	799.5506521221549	0.89482975	-0.8900966394874156
12767.086212432494	750	7.726603008750426	0.0	372963	1793.4372631934175	0.23539576	0.15446540214654292
12771.100219919934	1200	7.712595521311096	0.0	639204	3514.007487439331	0.6400267	0.005128943718119949
12778.980712122517	1850	4.0	0.16789668127327603	923755	7880.492202584372	0.94981426	-1.6760508169566366
12780.062154605137	300	6.918557517379791	0.0	157671	1081.4424826202085	0.44387954	-0.9761792321110918
12782.140583565659	300	7.810182987485023	0.0	157812	1108.3745298947688	0.6792069	0.6569475440929262
12784.797249940772	300	7.576876991390956	0.0	163927	1733.3059960940673	0.4350131	0.5719984259835007
12786.852410872516	300	7.595976715028948	0.0	137654	1480.900276362009	0.057384446	0.5990773684086133
12789.279517578714	300	7.884553684820814	0.0	146754	1211.423030208135	0.04683878	0.6538009595454869
12790.752809928825	300	7.540749395459805	0.0	153938	1343.8042893610093	0.4598191	0.6074712738370069
12793.416318866208	300	7.583738861793801	0.0	181901	1457.0105336660044	0.17751586	0.6002884351750121
12796.96936927981	300	7.975462875700785	0.0	111155	1608.2759860930169	0.14503676	0.6228657785391831
12800.986659619566	300	7.958172535944046	0.0	153605	3517.2903397567384	0.07629897	0.43030012800851464
12805.43176526627	300	7.513066889240181	0.0	149029	2945.105646703866	0.004705182	0.44467666491800706
12808.93690006023	300	7.809084732745593	0.0	157421	1703.9821564945887	0.004705182	0.5972810731462745
12811.258391849227	300	7.708915085479413	0.0	157488	1600.169647266178	0.005262061	0.5980208798680191
12815.36686014279	300	7.600446791915214	0.0	143881	2608.468293564199	0.008877138	0.4867508167496629
12817.72753573713	300	7.580004259892961	0.0	163444	1520.4425320222526	0.004705182	0.5935857755946148
12819.200039477168	300	7.838868931033419	0.0	179328	1241.1353288595408	0.007327224	0.6464325193825847
12820.424445927347	300	7.892349944533544	0.0	159914	946.5189864998757	0.061597552	0.6810417629149017
12822.302046431721	300	7.857493371683584	0.0	131610	1034.8565728499607	0.5471627	0.6688530188991291
12824.895452217159	300	7.877162506728113	0.0	124011	980.330864955471	0.41037697	0.6761987666457827
12826.630506256703	300	7.801172923697501	0.0	144254	1075.9895830306118	0.607604	0.6593188097371464
12828.043999093325	300	7.933958685643644	0.0	149991	867.2142380538571	0.5677009	0.6929771271310802
12831.69874486781	750	7.62472518368332	0.0	345516	2309.2335019603233	0.34080866	0.09307991998322529
12834.466356941195	750	7.678675230754721	0.0	384505	2446.0499529285994	0.032870233	0.5345910292055104
12837.47950402197	750	7.992882798094659	0.0	372093	2185.792432660062	0.04196818	0.590859622359879
12841.81922758762	750	7.653159232444405	0.0	438281	3839.723565650254	0.07306987	0.3927677236362619
12844.328486947807	750	7.827068611734579	0.0	398987	2326.0906207098255	0.25936425	0.5608699966755518
12847.562216297796	750	7.726788339977889	0.0	393804	3100.2802717566906	0.033821117	0.4737989396348347
12851.56824453455	750	7.720760103223683	0.0	331053	3006.0282367542054	0.20712262	0.48264391838753834
12854.880190936823	750	7.7095255310813116	0.0	314107	2511.2345721423726	0.46074206	0.5310419443090466

