7609.769599511004	750	4.0	2.54228302815134	450283	2542.28302815134	0.004705182	-10.784311807883096
7611.210724306744	300	5.660579173426026	0.0	155580	839.4208265739742	0.6980045	-0.27130536287476636
7612.122074743742	300	5.615755915669275	0.0	139857	544.8232577567504	0.7790415	0.2753186429992149
7612.8525775872495	300	5.9337680454063015	0.0	155432	681.987870262973	0.7390642	0.21994526081843702
7614.536482429827	750	5.856073082090355	0.0	411561	1577.6949633159463	0.7340753	-0.21231146785698196
7616.409851615358	300	5.61249349575497	0.0	126289	1243.5795863353853	0.47272468	-0.329380458116055
7620.148524052761	300	5.873821058352249	0.0	153295	3238.6724374027217	0.6442412	0.0463152735879315
7624.137387473936	300	5.884957637177337	0.0	173849	3988.8634211749118	0.20043229	0.03760469691785481
7627.960369956087	300	5.6921290915887965	0.0	150710	3692.82854558854	0.036709234	0.04061927006581183
7631.603291456652	300	5.5457452857368805	0.0	139105	2646.3838058519163	0.01557389	0.05668112073097894
7633.090187927624	300	5.655565878557962	0.0	141840	1390.1794071789193	0.008653056	0.10789974245438859
7635.236973228792	300	5.730531864771077	0.0	156148	1425.034013786884	0.02640229	0.10526064539427388
7637.719414561698	300	5.985186794308463	0.0	160746	1745.3450704626139	0.027363937	0.08594289034216118
7640.212357023733	300	5.527263732661994	0.0	179801	1457.9230616464702	0.016038373	0.10288608771343608
7641.778597814317	300	5.8166529469640915	0.0	140051	1210.6107856979017	0.017258875	0.12390439749264823
7643.454901251288	300	5.731316240472601	0.0	138313	1085.3367064914905	0.027794061	0.13820595866963434
7646.483047324408	300	5.5727265930021055	0.0	143509	1158.589647470494	0.057570025	0.12946775446120157
7648.642528344147	300	5.797764262557175	0.0	150616	1274.9623304449308	0.058895808	0.11765053477905787
7650.61245801167	300	5.575058787742936	0.0	165384	1722.705474814239	0.050521094	0.08707234184425787
7652.25953900996	300	5.500130466002273	0.0	140881	1074.9283217406646	0.021854507	0.13954418817163583
7653.684199019724	300	5.933876775595047	0.0	157671	1066.2536904072253	0.031348836	0.14067946619974817
7656.085209555754	300	5.61257467675799	0.0	157812	1321.3020988370574	0.06940399	0.11352437881694302
7658.2058482006205	300	5.99710950617111	0.0	163927	1615.465170586879	0.03185624	0.09285251253390181
7662.477375732099	300	5.72558197469259	0.0	137654	1271.5275314785206	0.02183098	0.1179683461714599
7665.089479666738	300	5.857880505502377	0.0	146754	1367.7014691902139	0.0122220805	0.10967305613030577
7667.073676096005	300	5.692983528343262	0.0	153938	1164.8969771591142	0.013441067	0.12876675185973238
7668.691402062347	300	5.983770290076487	0.0	181901	1209.2132382667753	0.015496566	0.12404759992125323
7669.639513221912	300	5.838971036331776	0.0	111155	644.7992537447108	0.029370386	0.2326305421863718
7671.481429239645	300	5.724669032875369	0.0	153605	1614.3020034564065	0.04626181	0.09291941636622685
7672.7337771479915	300	5.697302061840135	0.0	149029	1027.3669710352328	0.010695698	0.14600430442965434
7674.384148968748	300	5.96960659661693	0.0	157421	727.6954652232043	0.01536029	0.20613018380427978
7675.015267502764	300	5.8653855883762205	0.0	157488	604.2210082407089	0.08028541	0.24825353298580305
7676.107314531764	300	5.71781078876367	0.0	143881	647.5747996125504	0.14396599	0.23163347321382227
7677.610670594212	300	5.938368834233497	0.0	163444	779.4419545301741	0.1417028	0.19244537598751124
7680.256021095885	300	5.742650704355192	0.0	179328	1195.7181298783055	0.08735118	0.12544762536574258
7681.613619720275	300	5.5136675635592	0.0	159914	728.9831407959922	0.0382595	0.2057660755174829
7682.823053969567	300	5.603258137708803	0.0	131610	910.4094258503969	0.054918386	0.1647610357942941
7685.201520040267	300	5.773537514080486	0.0	124011	829.7206236283172	0.022157453	0.18078374301949882
7689.13588428406	300	5.839173270286328	0.0	144254	2434.3642437941576	0.016359443	0.061617730535761
7691.3763062812	300	5.775517098148863	0.0	149991	1063.656172137465	0.004705182	0.14102301470085793
7692.986202574792	300	5.643951863854371	0.0	147968	1131.5652342944927	0.005514849	0.13255974596420142
7696.8247267604365	300	5.805427678208617	0.0	161857	2338.5241856457533	0.0056720544	0.06414301845613772
7698.127557277566	300	5.547440099615338	0.0	145210	757.9875785932786	0.004705182	0.19789242493706757
7699.211297408921	300	5.5979915172051475	0.0	172312	949.44858241019	0.0073312507	0.15798643842220783
7700.77950026112	300	5.76603581807895	0.0	167025	831.9556991261976	0.0061166207	0.18029806173278803
7702.258624566547	300	5.674597294401961	0.0	160064	1091.438523676988	0.014423772	0.13743330178108373
7702.992942985534	300	5.641280923282959	0.0	137507	533.3163711190025	0.0076428973	0.2812589452022081
7704.438127129404	300	5.659189941781882	0.0	118421	482.09098150107747	0.01575337	0.31114458837821

