7446.888483819737	750	4.0	3.8635903273045304	450283	3863.5903273045305	0.004705182	-16.51637842738266
7448.912748873704	300	5.759662593753583	0.0	155580	1240.3374062464177	0.14940567	-0.32906516465230307
7450.466155953332	300	5.914922920714977	0.0	139857	1344.7396730386074	0.36712348	0.11154575343274899
7454.576620663878	750	5.80445821016883	0.0	382355	3110.4647105461463	0.3882085	-0.32943923661035324
7456.937702153629	300	5.923483552461341	0.0	163442	1380.9746577074884	0.7798134	-0.3413810625250646
7458.487252663932	300	5.883761679981904	0.0	126289	1039.7218724794366	0.7657531	0.14426935122783682
7460.28879995684	300	5.562902361939152	0.0	153295	1320.8593180427529	0.24397464	0.11356243465978628
7463.1532114069505	300	5.811040643416326	0.0	173849	1751.8617185228259	0.43590748	0.0856231964052964
7465.379504208463	300	5.874169075054437	0.0	150710	1436.8715683618902	0.367316	0.10439346376030528
7467.706128340075	300	5.930567635373325	0.0	139105	1443.6014396811124	0.124314584	0.10390679579339751
7470.529577822594	300	5.8953542639299155	0.0	141840	1535.2133714434085	0.15362959	0.09770628812265354
7474.794957971837	300	5.629974114686315	0.0	156148	3765.3801492436005	0.09305604	0.03983661517685867
7478.810781698535	300	5.614150387988333	0.0	160746	3515.823726697982	0.009197926	0.04266425499690172
7483.364165475091	300	5.060766611432941	0.0	179801	4553.383776555393	0.004706016	0.03294253402762244
7486.648014686018	300	5.776917400507059	0.0	140051	3283.8492109258814	0.004705182	0.045678102240786965
7490.825806490075	300	5.5991255964493485	0.0	138313	3677.79180405771	0.004705182	0.04078534294260618
7494.748253949476	300	5.6766781370491355	0.0	143509	3422.447459400213	0.004705182	0.043828284226250076
7498.841857641851	300	5.583074444674383	0.0	150616	3593.6036923747515	0.004705182	0.041740829774380574
7502.789867849299	300	5.635064237225502	0.0	165384	3448.010207448881	0.004705182	0.04350335149123071
7506.573791768298	300	5.851140318226713	0.0	140881	3283.9239189987893	0.004705182	0.04567706308060034
7511.342859681014	300	5.082072405511543	0.0	157671	4769.067912715171	0.004705182	0.03145268692862891
7515.722692812025	300	4.702239274500384	0.0	157812	4379.833131011159	0.004705182	0.034247880116238576
7518.796200035973	300	5.6287320505521725	0.0	163927	3073.507223948211	0.004705182	0.0488041800686939
7521.652123779968	300	5.508199293080999	0.0	137654	1620.532757471174	0.004705182	0.09256215235912514
7524.132947228986	300	5.880483028484168	0.0	146754	1627.716264596831	0.004705182	0.09215365310437167
7528.429932998096	300	5.5834972593745835	0.0	153938	2796.985769109585	0.004705182	0.05362916095484898
7533.712184782345	300	4.301245475125739	0.0	181901	5282.251784248844	0.004705182	0.028396980327080445
7536.906531627427	300	5.106898630043356	0.0	111155	3194.346845082383	0.004705182	0.046957956438237525
7540.673497609921	300	5.339932647549485	0.0	153605	3766.9659824938703	0.004705182	0.03981984459033911
7544.881987644816	300	5.131442612654183	0.0	149029	4208.490034895302	0.004705182	0.03564223718156711
7548.653909585234	300	5.3595206722365605	0.0	157421	3771.921940417623	0.004705182	0.03976752498313689
7552.639652934701	300	5.373777322769503	0.0	157488	3985.7433494670568	0.004705182	0.03763413417475986
7556.9777573322945	300	5.035672925176619	0.0	143881	4338.104397592884	0.004705182	0.03457731447939141
7560.807260186626	300	5.20617007084484	0.0	163444	3829.5028543317785	0.004705182	0.0391695751918101
7564.263278717398	300	5.750151540073084	0.0	179328	2956.0185307717566	0.004705182	0.05074393087814576
7568.3901114274995	300	5.6233188299710015	0.0	159914	3626.8327101020827	0.004705182	0.04135840056316742
7571.529928912531	300	5.68854584112204	0.0	131610	2434.772988848962	0.004705182	0.06160738626844733
7574.419546415906	300	5.9412593275263195	0.0	124011	2747.28651359572	0.004705182	0.054599328922441404
7578.454199526489	300	5.906606216942617	0.0	144254	4034.6531105837034	0.004705182	0.03717791737944458
7582.46675114331	300	5.894054600121391	0.0	149991	4012.5516168212257	0.004705182	0.03738269667888563
7586.446260452052	300	5.914545291378572	0.0	147968	2979.509308742819	0.004705182	0.05034386016511267
7589.4843707095615	300	5.52001260408706	0.0	161857	2894.5326872915125	0.004705182	0.05182183661582996
7591.996817940457	300	5.810577878748174	0.0	145210	2209.4347253388855	0.004705182	0.06789066826900389
7596.261399784023	300	5.545996035181744	0.0	172312	2764.5818435664296	0.004705182	0.05425775342808934
7600.025260134262	300	5.782135684942271	0.0	167025	3263.8603502394735	0.004705182	0.04595784865274469
7604.115907099879	300	5.691488719324647	0.0	160064	3090.6469656176237	0.004705182	0.048533527662233185
7606.060926451125	300	5.6000298001915025	0.0	137507	1591.458919133144	0.004705182	0.09425313980564694
7607.227316482853	300	5.503615023884055	0.0	118421	1096.4147763074484	0.004705182	0.13680953890933165

