4173.693703268884	750	4.0	11.415819972284071	450283	11415.81997228407	0.014646541	-48.91360727617034
4176.516792341258	300	5.176910927625635	0.0	155580	2823.0890723743646	0.016912015	-0.3802325581395349
4178.813194853184	300	6.880508415700065	0.0	139857	2296.4025119255693	0.010911047	0.06976744186046512
4181.895529206791	300	7.798174062092836	0.0	155432	2082.334353607229	0.06968187	0.06976744186046512
4185.701405630906	300	7.992297637977527	0.0	163442	3805.8764241153094	0.099898025	0.06976744186046512
4189.858371488971	300	7.835331779912842	0.0	126289	2656.965858064684	0.026696278	0.06976744186046512
4193.893430614121	300	7.800272654762541	0.0	153295	4035.0591251503006	0.007039456	0.06976744186046512
4199.233517455083	300	6.460185813800578	0.0	173849	5340.0868409619625	0.005378075	0.06976744186046512
4204.43653046252	300	5.257172806362817	0.0	150710	5203.013007437761	0.007057924	0.06976744186046512
4209.250073108785	300	4.4436301600977	0.0	139105	4813.542646265117	0.004705182	0.06976744186046512
4213.822510911306	300	4.0	0.12880764242361784	141840	4572.437802521318	0.004705182	-0.4841054205610915
4218.005577912413	300	4.0	0.18306700110761084	156148	4183.067001107611	0.004705182	-0.7174206629022615
4223.511935162448	300	4.0	1.5063572500347573	160746	5506.357250034757	0.004705182	-6.407568733288991
4229.611461326915	300	4.0	2.0995261644660888	179801	6099.526164466089	0.004705182	-8.958195065343716
4234.24367510171	300	4.0	0.6322137747958132	140051	4632.213774795813	0.004705182	-2.6487517897615316
4237.179691609583	300	5.06398349212802	0.0	138313	2936.01650787198	0.004705182	0.06976744186046512
4239.182305053231	300	7.061370048479296	0.0	143509	2002.613443648724	0.004705182	0.06976744186046512
4241.647707389632	300	7.605879715695003	0.0	150616	1455.4903327842937	0.0047278292	0.06976744186046512
4244.1233014722675	300	7.883038628485756	0.0	165384	1222.8410872092472	0.0078814095	0.06976744186046512
4245.805173515581	300	7.868479114091337	0.0	140881	1014.5595143944203	0.03161363	0.06976744186046512
4246.843036029739	300	7.838204173922757	0.0	157671	1030.2749401685787	0.14380178	0.06976744186046512
4249.494014656077	300	7.671508580998734	0.0	157812	1166.695592924023	0.5292783	0.06976744186046512
4250.750447471288	300	7.915433766399446	0.0	163927	1256.0748145992877	0.62060237	0.06976744186046512
4253.815706669353	750	7.942983191723362	0.0	343800	1972.4505746760838	0.6882181	-0.2755813953488372
4255.8011729833515	750	7.966654336418305	0.0	359903	1476.3288553050565	0.34968907	0.1744186046511628
4258.587010551899	750	7.868304205491226	0.0	379700	2098.3501309270796	0.07842852	0.1744186046511628
4261.237156001877	750	7.591975203812537	0.0	425781	2276.329001678688	0.15083838	0.1744186046511628
4262.975348262806	750	7.674787364498325	0.0	277716	1417.1878393142124	0.21313171	0.1744186046511628
4266.338713419678	750	7.613606996868693	0.0	400396	1561.1803676296308	0.23578507	0.1744186046511628
4268.472373937547	750	7.80786910855601	0.0	400508	1805.7378883126835	0.10361473	0.1744186046511628
4270.186987262439	750	7.674523784888206	0.0	358218	1633.3453236678026	0.12156658	0.1744186046511628
4272.510492063209	750	7.838405313615142	0.0	400322	1836.1184712730644	0.145252	0.1744186046511628
4275.039331981252	750	7.75767853834233	0.0	369834	1580.7267752728123	0.15778628	0.1744186046511628
4278.114895068192	750	7.923953547257443	0.0	412837	2333.7249910848886	0.14100495	0.1744186046511628
4281.4971709886795	750	7.508734687440561	0.0	401088	2415.218859816882	0.3138317	0.1744186046511628
4285.044836383956	750	7.583430491638395	0.0	365161	3425.3041958021668	0.64539266	0.1744186046511628
4286.186688358658	300	7.623685137023804	0.0	131610	459.7453546145899	0.41469598	-0.3802325581395349
4287.893511476102	750	7.996326840846137	0.0	361565	1627.3582961776665	0.5781899	-0.2755813953488372
4290.410398154369	750	7.9376159598449725	0.0	378327	1558.7108810011655	0.26958084	0.1744186046511628
4292.09383673296	750	7.7549845981830945	0.0	390680	1682.6313616618766	0.16229844	0.1744186046511628
4293.953897217439	750	7.530357968908447	0.0	345516	1724.6266292746482	0.22911552	0.1744186046511628
4295.621738162683	750	7.509154390388049	0.0	384505	1521.203578520399	0.51176083	0.1744186046511628
4297.44269852762	750	7.7219929247813885	0.0	372093	1787.1614656066606	0.20146541	0.1744186046511628
4298.700613611413	300	7.969934808550486	0.0	172312	752.0581162309027	0.329162	-0.3802325581395349
4301.659656869288	750	7.873341620893905	0.0	398987	2096.59318765658	0.4462753	-0.2755813953488372
4304.050565375455	750	7.789112431419186	0.0	393804	2084.2291894747195	0.44349524	0.1744186046511628
4305.964019603784	750	7.965724956601334	0.0	331053	1823.387474817852	0.6050305	0.1744186046511628
4307.7245882731095	750	7.765473950693946	0.0	314107	1700.2510059073882	0.6432757	0.1744186046511628

