5851.865340807	750	4.0	7.229722006325715	450283	7229.722006325715	0.012335838	-0.2269523355162924
5854.347908773745	300	5.517432033254713	0.0	155580	2482.567966745287	0.020795677	-0.016156025393294
5856.598586749748	300	7.266754057251941	0.0	139857	2250.6779760027725	0.006286909	0.6730251095622661
5859.882401353827	300	7.982939453173061	0.0	155432	3283.8146040788806	0.005683492	0.6581402272936057
5864.2833438536545	300	7.581996953345817	0.0	163442	3900.9424998272434	0.0056169303	0.5469223004625686
5867.574639218554	300	7.765211802135669	0.0	126289	2816.785151210147	0.005899463	0.6779599231027597
5871.545740928218	300	7.7941100924714775	0.0	153295	2971.101709664192	0.0048361155	0.6660963944330976
5874.664183905768	300	7.587694484323161	0.0	173849	2206.415608148317	0.0053743264	0.717078474676762
5877.322515887018	300	7.719542254699418	0.0	150710	1868.1522296237438	0.0055657867	0.7671843088964365
5879.289993131666	300	7.580893517738388	0.0	139105	1138.6487369610293	0.0060488437	0.8230154334444203
5881.483223345216	300	7.963692564656845	0.0	141840	1117.2009530815433	0.007293533	0.8724251422585679
5884.497805479329	300	7.639416189834945	0.0	156148	2324.2763748219004	0.0083017135	0.7116785759067055
5886.024452311587	300	7.841245619951076	0.0	160746	1298.1705698838687	0.00705662	0.8392094221357324
5889.15060257727	300	7.667408675547169	0.0	179801	1673.8369444039063	0.00861273	0.780178804695022
5891.265016713416	300	7.766358296712975	0.0	140051	1401.050378834194	0.00910319	0.8196749602184858
5895.200524639396	300	7.83085037073335	0.0	138313	1935.5079259796253	0.009560032	0.7741921652243298
5897.693525089136	300	7.973785968409747	0.0	143509	2357.064402323602	0.00854714	0.7496850491993676
5901.891425139557	300	7.617803881106698	0.0	150616	2355.982087303049	0.007894831	0.7058394915663735
5905.737666856327	300	7.771562164337055	0.0	165384	3846.241716769643	0.007744681	0.5757983579128829
5908.694692710949	300	7.737129143720491	0.0	140881	2534.433020616564	0.006254802	0.7027277166195116
5911.591440824748	300	7.850051489523594	0.0	157671	1387.077654196897	0.006492977	0.8314059912617737
5915.259825180564	300	7.775694498466717	0.0	157812	2074.3569910568763	0.0073123714	0.753497057682238
5918.309050271515	300	7.6880957021710925	0.0	163927	2587.598796295625	0.006885845	0.6913568862470443
5922.308366779937	300	7.539250561887227	0.0	137654	2648.845140283866	0.0062712524	0.6668540577110407
5926.664556753557	300	7.1830605882670895	0.0	146754	4356.189973620138	0.005377711	0.4521401171212105
5929.948016668849	300	7.6096612586508545	0.0	153938	2573.399329616235	0.005077186	0.6830923821676664
5933.645994257274	300	7.911683670225055	0.0	181901	2697.9775884258	0.005307527	0.7079258410616385
5936.353142516394	300	7.607128699215387	0.0	111155	1804.5549710096682	0.005610489	0.759664118071306
5937.935165196152	300	7.552413931891589	0.0	153605	1554.714767323798	0.0058640083	0.7778924014764311
5939.406219072367	300	7.795540945001103	0.0	149029	1256.8729868904873	0.006345361	0.8376959368088065
5941.563250728471	300	7.864115604611222	0.0	157421	1931.42534038988	0.0070330836	0.7787077458299652
5944.593096944118	300	7.661995664145272	0.0	157488	1702.1199404659508	0.006978254	0.776682150218641
5946.40299013405	300	7.855912230769209	0.0	143881	1306.083433376064	0.007002875	0.8402290502741209
5950.439852205546	300	7.819050159272969	0.0	163444	2536.8620714962403	0.008357594	0.7125997559957506
5954.6706430699005	300	7.588259294918688	0.0	179328	3230.7908643542814	0.007744385	0.6147106873005954
5958.6354691290335	300	7.623433235786157	0.0	159914	1964.8260591325309	0.007293883	0.7456501615718389
5962.507050657022	300	7.751851707798156	0.0	131610	2871.5815279880017	0.00781505	0.670830689025941
5966.446909899328	300	7.8119924654916835	0.0	124011	2939.859242306474	0.006953843	0.6714286119657127
5970.601514591978	300	7.657387772841624	0.0	144254	3154.604692650058	0.00625105	0.6308647298483768
5973.194941805124	300	7.716841240110656	0.0	149991	2440.546532730968	0.0058075627	0.7096113791487493
5976.89497709458	300	7.823263892689764	0.0	147968	1893.577347420893	0.006033716	0.7774485061270223
5979.258461398257	300	7.544750792919645	0.0	161857	1778.5130997701185	0.0062194094	0.7545663858071798
5980.914308563695	300	7.9443127168034735	0.0	145210	1100.4380761161724	0.0066022044	0.8717085630766902
5982.313551755594	300	7.657395737064977	0.0	172312	1286.916979738496	0.008667505	0.8176344844974219
5984.798098304909	300	7.526285597087794	0.0	167025	2131.1101399771837	0.009361466	0.7170267487424277
5986.467383413341	300	7.803361152140989	0.0	160064	1222.9244449468044	0.008514818	0.8420563669348826
5988.623557679203	300	7.918454460651821	0.0	137507	1384.9066914891678	0.010520149	0.8400689331984312
5991.727891484173	300	7.711921345354021	0.0	118421	1206.5331152978	0.010575144	0.8324052520771658

