9881.992343472053	750	4.0	7.571061952176263	450283	7571.061952176264	0.011054101	-0.26108633010134724
9883.972137895213	300	6.020205576839139	0.0	155580	1979.794423160861	0.004705182	0.09619973994591974
9885.379018080575	300	7.927193595526365	0.0	139857	1093.0119813127735	0.004705182	0.8703374419126261
9887.502248220386	300	7.992512618095603	0.0	155432	1434.6809774307612	0.004705182	0.8442356069400818
9889.623397060343	300	7.836212803157912	0.0	163442	1156.29981493769	0.004705182	0.8527750861156361
9890.750755955743	300	7.809957896567258	0.0	126289	1026.2549065906553	0.004705182	0.8625378334210826
9892.12444710957	300	7.6436643045569985	0.0	153295	1166.2935920102582	0.004705182	0.828001377037121
9894.483039700352	300	7.9130667805260675	0.0	173849	1730.5975240309297	0.004705182	0.8048346227751901
9898.507062195802	300	7.889044285076465	0.0	150710	3024.0224954496025	0.004705182	0.6725260221771379
9902.565996607504	300	7.830109873375052	0.0	139105	3058.934411701413	0.004705182	0.6617580860271208
9906.514702313409	300	7.88140416746884	0.0	141840	3948.705705906211	0.004705182	0.5791143611987386
9910.450267645947	300	7.94583883492882	0.0	156148	3935.5653325400203	0.004705182	0.5883842701579429
9913.450180950282	300	7.83849376523472	0.0	160746	2607.3450696940995	0.004705182	0.7079521953899587
9915.924997064074	300	7.962369749359252	0.0	179801	1376.1240158754692	0.004705182	0.8463695054444972
9918.592073095455	300	7.8331778350772945	0.0	140051	1129.1919142819572	0.004705182	0.8551111428679191
9920.6417943747	300	7.722259196804396	0.0	138313	1110.9186382728974	0.004705182	0.8432431340693747
9922.411103197097	300	7.597006148991743	0.0	143509	1125.2530478126541	0.004705182	0.8263444597555167
9925.114604722114	300	7.762283288075992	0.0	150616	1834.7228609157494	0.004705182	0.775804562900468
9927.305936762139	300	7.656006628713076	0.0	165384	2106.276659362916	0.004705182	0.735527000670101
9930.50085076893	300	7.8960772345986205	0.0	140881	2759.9293941144556	0.004705182	0.699803704038669
9934.804986589683	300	7.591941413846504	0.0	157671	3804.1358207521175	0.004705182	0.5578308299268817
9936.882928916868	300	7.967530466968987	0.0	157812	1624.4109468775164	0.004705182	0.822178016017439
9939.672126416182	300	7.724697440865464	0.0	163927	1742.8330261035228	0.004705182	0.7803527499436739
9941.64210692686	300	7.5228893744320375	0.0	137654	1201.8080664334273	0.004705182	0.8095376179902213
9943.44278734013	300	7.941635413770037	0.0	146754	1081.2539606620003	0.004705182	0.873296402896227
9945.311885875783	300	7.836799362646929	0.0	153938	1104.8360511231067	0.004705182	0.8579938861189983
9949.205943330055	300	7.94274190837405	0.0	181901	2394.057454272878	0.004705182	0.7421526745400675
9951.141156435486	300	7.989295310559097	0.0	111155	953.4465978149536	0.004705182	0.8919617977870296
9955.323399354205	300	7.807052391840929	0.0	153605	2682.2429187181674	0.004705182	0.6965802839829939
9958.146858574271	300	7.8223274472896795	0.0	149029	2484.7249445512493	0.004705182	0.7182181217094865
9961.19527049782	300	7.95748859465816	0.0	157421	1364.8388526315202	0.004705182	0.8468953362627399
9963.884522383883	300	7.904649196634614	0.0	157488	1552.8393980235458	0.004705182	0.8215711001942215
9966.158018732513	300	7.726107333090527	0.0	143881	1178.5418635440883	0.0047081616	0.8369559482890648
9967.413108488636	300	7.736039692821734	0.0	163444	990.0676402687943	0.004713287	0.8570297380682442
9971.482697577205	300	7.6664506042540905	0.0	179328	3069.589088567643	0.0047238953	0.6404852953837805
9975.392346624874	300	7.756801556584673	0.0	159914	1909.649047669419	0.004741775	0.7676351043540564
9977.883995348026	300	7.783107301954538	0.0	131610	2473.694254630134	0.0047358153	0.71447860434854
9981.916250092541	300	7.750852557437247	0.0	124011	3532.2547445172904	0.004766209	0.6046400003670757
9985.812173226766	300	7.85492942321273	0.0	144254	3895.923134224516	0.004819068	0.5811237310606577
9990.100228653517	300	7.566873996461938	0.0	149991	3288.055426750793	0.0048237164	0.6063437473611062
9992.341046130068	300	7.758559164293208	0.0	147968	1808.3148321687297	0.004958936	0.7779855410893228
9993.865072140996	300	7.827797452371702	0.0	161857	1430.7617119215056	0.00491641	0.8242898369613229
9995.92801860982	300	7.932956362711717	0.0	145210	894.8410896599842	0.00496047	0.8908660709635726
9998.612926771568	300	7.51455496667013	0.0	172312	1418.4013960415878	0.0059124483	0.7868492197634877
10002.13393868919	300	7.817302419311909	0.0	167025	1697.25254735822	0.006701501	0.7963449116140081
10005.902892810327	300	7.789705058175196	0.0	160064	1527.5973611367133	0.0073564234	0.8099029312766556
10009.11168965376	300	7.860985045059884	0.0	137507	1928.7200131153118	0.008981648	0.7785917423824231
10012.999534749571	300	7.9731399492481065	0.0	118421	2387.8450958117764	0.011264407	0.7465272146291506

