2999.1313670716017	750	4.0	4.146410706663652	450283	4146.4107066636525	0.035924785	-17.655147434002544
3000.2516695737568	300	6.879697497844862	0.0	155580	1120.3025021551377	0.049131338	-0.3802325581395349
3001.40626927748	300	7.850754336222511	0.0	139857	1028.9431616223508	0.49098608	0.06976744186046512
3004.881315841245	750	7.601059239560553	0.0	382355	2749.6950966619597	0.680956	-0.2755813953488372
3008.183965889452	750	7.927410039608534	0.0	411561	3173.6491999520176	0.469554	0.1744186046511628
3011.786514032654	750	7.98563631108524	0.0	318564	2441.773728523295	0.16656311	0.1744186046511628
3015.8216591907694	750	7.950491152969881	0.0	352642	4035.1451581153588	0.22484875	0.1744186046511628
3025.0460114070665	750	4.0	1.2738610633274938	437162	9224.352216297375	0.2602851	-5.30318396765706
3028.0788712218714	300	4.967140185194881	0.0	150710	3032.8598148051187	0.014725553	-0.3802325581395349
3030.037511213351	300	7.008500193715572	0.0	139105	1958.6399914793094	0.008135971	0.06976744186046512
3033.1440558849067	300	7.901955522159951	0.0	141840	2106.5446715556213	0.05741251	0.06976744186046512
3036.3574241660963	300	7.564429515030464	0.0	156148	2337.5260071294874	0.10665745	0.06976744186046512
3039.290933221002	300	7.610596134107888	0.0	160746	1453.8333809225762	0.66172796	0.06976744186046512
3041.6662865421376	300	7.9177572676317505	0.0	179801	1692.838866476138	0.5910463	0.06976744186046512
3045.213608250463	750	7.535353674198761	0.0	337059	2882.4035934329895	0.5502291	-0.2755813953488372
3051.4864038292167	750	5.2625580954451525	0.0	366214	6272.795578753608	0.26735622	0.1744186046511628
3054.714022279338	300	6.034939645323112	0.0	143509	3227.6184501220405	0.2074125	-0.3802325581395349
3056.8492610245758	300	7.559986339788329	0.0	150616	1974.9533055347827	0.040457413	0.06976744186046512
3060.7541585006143	300	7.6550888637497705	0.0	165384	2404.8974760385586	0.2918573	0.06976744186046512
3063.6728624807856	300	7.893328336334634	0.0	140881	1761.7605274151354	0.19777347	0.06976744186046512
3066.7567703724753	300	7.714846164517938	0.0	157671	2178.4821718166963	0.69681215	0.06976744186046512
3070.5892061239106	300	7.882410413083038	0.0	157812	3332.4357514348994	0.60404897	0.06976744186046512
3072.972830384539	300	7.769528980272746	0.0	163927	2112.881432810292	0.6180644	0.06976744186046512
3082.132785504998	750	4.0	1.390426140186264	343800	9159.95512045901	0.6301106	-6.2544137981497725
3086.13113145458	300	4.001654050418232	0.0	146754	3998.3459495817683	0.0054455884	-0.3802325581395349
3089.433618162994	300	4.699167342003995	0.0	153938	3302.4867084142365	0.004705182	0.06976744186046512
3091.58889793305	300	6.543887571948855	0.0	181901	2155.27977005514	0.004705182	0.06976744186046512
3093.3278906884643	300	7.662796387355651	0.0	111155	1381.0911845932035	0.0051450646	0.06976744186046512
3096.971898483812	300	7.954743298592679	0.0	153605	2208.053088762971	0.42728466	0.06976744186046512
3100.41927917204	300	7.929030288771059	0.0	149029	1525.71300982162	0.19578338	0.06976744186046512
3103.9664364189166	300	7.796285533035931	0.0	157421	2132.7447557351284	0.6820525	0.06976744186046512
3108.0757022416606	750	7.687019710292099	0.0	400322	4109.265822743831	0.6602764	-0.2755813953488372
3112.5033989045874	750	7.25932304736572	0.0	369834	4427.696662926379	0.47056526	0.1744186046511628
3118.007241056533	750	5.755480895419868	0.0	412837	5503.842151945852	0.6773411	0.1744186046511628
3120.290003905661	300	7.472718046291925	0.0	179328	2282.762849127944	0.085051164	-0.3802325581395349
3123.3019756206722	300	7.83072211122909	0.0	159914	2141.995935062834	0.11274007	0.06976744186046512
3127.380553328887	300	7.516421190095611	0.0	131610	1814.3009211334802	0.25869167	0.06976744186046512
3130.3673827614116	300	7.645144838874389	0.0	124011	1371.2763512212234	0.21807648	0.06976744186046512
3133.0281398852976	300	7.842542807582711	0.0	144254	1802.6020312916764	0.6879003	0.06976744186046512
3134.431686295876	300	7.649847153590912	0.0	149991	1192.6956539917994	0.68943846	0.06976744186046512
3138.392846413172	750	7.688687036294917	0.0	345516	2961.160117295995	0.5684483	-0.2755813953488372
3141.872523147293	750	7.889854168175502	0.0	384505	3298.8328681194153	0.22152776	0.1744186046511628
3144.928574412463	750	7.867250392091304	0.0	372093	3022.603776084198	0.25450316	0.1744186046511628
3149.2250730002947	750	7.5707518042601425	0.0	438281	3796.4985878311613	0.26089698	0.1744186046511628
3153.2808442074133	750	7.514980597141457	0.0	398987	3555.771207118685	0.6067726	0.1744186046511628
3157.2087888636943	750	7.587035940860562	0.0	393804	3927.9446562808953	0.57079184	0.1744186046511628
3160.983285069605	750	7.812539734950005	0.0	331053	2774.4962059105565	0.66501844	0.1744186046511628
3164.286399816729	750	7.56506149650163	0.0	314107	2247.478238448375	0.5223053	0.1744186046511628

