13251.784724060364	750	4.0	6.308048004947866	450283	6308.0480049478665	0.092204586	-26.950187816624663
13254.814381770322	300	4.9703422900424306	0.0	155580	3029.6577099575693	0.054571632	-0.3802325581395349
13256.42196028935	300	7.362763771014124	0.0	139857	1607.5785190283066	0.029767755	0.06976744186046512
13259.882900160825	300	7.9018238995385035	0.0	155432	1960.9398714756198	0.37155396	0.06976744186046512
13262.416428166847	300	7.89817193968149	0.0	163442	2003.6519598570137	0.3563061	0.06976744186046512
13266.146825514259	300	7.9929113033595565	0.0	126289	1405.260636321932	0.24938998	0.06976744186046512
13268.789417004587	300	7.894183937589549	0.0	153295	2598.727365770008	0.14317414	0.06976744186046512
13272.773312240537	300	7.910288701638719	0.0	173849	3983.89523595083	0.045643322	0.06976744186046512
13276.453062369066	300	7.949293370079075	0.0	150710	2960.995331559645	0.064615235	0.06976744186046512
13280.702259787884	300	7.700095951261202	0.0	139105	2249.197418817871	0.049398076	0.06976744186046512
13282.006323726044	300	7.932040109174382	0.0	141840	1268.05584208682	0.046032205	0.06976744186046512
13286.01722504752	300	7.8545934249222915	0.0	156148	2077.4466842520897	0.18240392	0.06976744186046512
13288.268049003089	300	7.725908818201462	0.0	160746	2128.68460672083	0.095368385	0.06976744186046512
13290.391810340067	300	7.860097776485392	0.0	179801	1365.8110417160694	0.062308736	0.06976744186046512
13291.71055415597	300	7.9197010113648245	0.0	140051	940.396765120567	0.22624604	0.06976744186046512
13294.353668459746	300	7.882317375318143	0.0	138313	1537.3836360466805	0.6120999	0.06976744186046512
13296.806285470886	300	7.538874208412821	0.0	143509	1343.443166905324	0.49295825	0.06976744186046512
13298.295139573424	300	7.689034074461863	0.0	150616	1349.840133950959	0.44827622	0.06976744186046512
13299.798845645457	300	7.9816880084382245	0.0	165384	1207.3460660236371	0.44406056	0.06976744186046512
13301.06735149897	300	7.870615165785988	0.0	140881	1111.0728426522353	0.6845718	0.06976744186046512
13302.64855305899	300	7.638730872106322	0.0	157671	1231.8842936796668	0.6995558	0.06976744186046512
13306.592348263635	750	7.694935667460722	0.0	399894	3443.7952046456003	0.6778729	-0.2755813953488372
13308.536565390647	300	7.894383358549469	0.0	163927	1800.552308911253	0.711838	-0.3802325581395349
13311.411650539345	300	7.598673207549411	0.0	137654	1295.7101510000566	0.30178666	0.06976744186046512
13313.53320706272	300	7.687582420861214	0.0	146754	1411.0907866881962	0.30027866	0.06976744186046512
13314.911147178438	300	7.828845217045813	0.0	153938	1358.7372038154006	0.26432425	0.06976744186046512
13316.813825896483	300	7.847107313974542	0.0	181901	1481.7379030712698	0.30849043	0.06976744186046512
13318.2595469852	300	7.9097171866024185	0.0	111155	937.3901273721251	0.2932894	0.06976744186046512
13320.022805744911	300	7.79725323492034	0.0	153605	1112.46395168208	0.30801123	0.06976744186046512
13321.659651097636	300	7.989227986571219	0.0	149029	1308.0252483491215	0.5343039	0.06976744186046512
13323.287386600527	300	7.604770234815394	0.0	157421	1384.4577517558248	0.45489687	0.06976744186046512
13327.152773655565	750	7.739383179776716	0.0	400322	2865.3870550386787	0.34047174	-0.2755813953488372
13331.253041322067	750	7.503581783111338	0.0	369834	3235.801396665378	0.6724087	0.1744186046511628
13335.158742748643	750	7.597880356536527	0.0	412837	3905.7014265748107	0.39569905	0.1744186046511628
13337.67671614049	300	7.70397757081817	0.0	179328	1893.9027857183582	0.23885763	-0.3802325581395349
13340.918132565123	300	7.750304642567275	0.0	159914	1453.672928250895	0.05873145	0.06976744186046512
13343.380165266668	300	7.628160034984961	0.0	131610	1622.1446075823133	0.06775739	0.06976744186046512
13347.011639499919	300	7.996685801734029	0.0	124011	1631.4742332509322	0.024785679	0.06976744186046512
13351.298453245097	300	7.709872056555571	0.0	144254	3286.813745178458	0.018604167	0.06976744186046512
13355.194457192736	300	7.813868108917561	0.0	149991	2896.0039476380093	0.0074801766	0.06976744186046512
13359.361127734435	300	7.647197567217081	0.0	147968	1666.6705417004787	0.0071443142	0.06976744186046512
13362.463166211966	300	7.531603633317183	0.0	161857	2615.5939338998974	0.014627969	0.06976744186046512
13366.140252420719	300	7.854517424566628	0.0	145210	2177.086208750555	0.009535771	0.06976744186046512
13369.558935430914	300	7.621941200158926	0.0	172312	2732.576224407701	0.009901205	0.06976744186046512
13371.191736208988	300	7.673594261016832	0.0	167025	1448.3469391420958	0.0061060637	0.06976744186046512
13372.48549159123	300	7.608943460862156	0.0	160064	1064.6508001546752	0.011597737	0.06976744186046512
13375.015473421881	300	7.883504870079538	0.0	137507	1225.438590782618	0.048729688	0.06976744186046512
13376.800960911385	300	7.578032769261157	0.0	118421	805.4721008183813	0.055312473	0.06976744186046512

