11134.718927580647	750	4.0	2.7039540741785544	450283	2703.9540741785545	0.01595597	-11.452583914316621
11135.579154457262	300	7.139773123385195	0.0	155580	860.2268766148045	0.12945867	-0.3802325581395349
11136.727928787306	300	7.882476524359732	0.0	139857	757.2965990254636	0.69328564	0.06976744186046512
11139.114412345087	750	7.519973563278654	0.0	382355	1862.5029610810789	0.42958194	-0.2755813953488372
11142.866630278895	750	7.767755629472019	0.0	411561	3752.2179338066353	0.15985781	0.1744186046511628
11146.09445527691	750	7.756942352817454	0.0	318564	2010.8132766545646	0.15026222	0.1744186046511628
11150.578919692822	750	7.272477936905638	0.0	352642	4484.464415911816	0.14207785	0.1744186046511628
11151.973410314058	300	7.575970713973069	0.0	173849	1196.5072229325683	0.350042	-0.3802325581395349
11154.926692401608	750	7.8633214123012225	0.0	374758	2212.6493016718473	0.54084307	-0.2755813953488372
11157.923184515055	750	7.755391691266064	0.0	362795	2107.9297210351588	0.06583915	0.1744186046511628
11160.299310040467	750	7.621610100966713	0.0	353220	1633.7815902993516	0.10800562	0.1744186046511628
11162.34056304432	750	7.677155571346166	0.0	405134	1944.4545296205465	0.0376677	0.1744186046511628
11166.423233551126	750	7.594485064539263	0.0	386351	2582.670506806902	0.06185417	0.1744186046511628
11170.608721726781	750	7.408996888883702	0.0	434409	4185.4881756555615	0.049834363	0.1744186046511628
11173.716042066178	750	7.807815402432452	0.0	337059	2601.1814864512494	0.16596207	0.1744186046511628
11176.823088827125	750	7.502361415032677	0.0	366214	2805.453987399775	0.11433826	0.1744186046511628
11179.50491832179	750	7.957242997272186	0.0	360831	2045.118417760492	0.15948257	0.1744186046511628
11187.094347796456	750	4.367813522607115	0.0	372963	7589.429474665071	0.09240888	0.1744186046511628
11189.188578985737	300	6.273582333324128	0.0	165384	2094.231189282986	0.12456004	-0.3802325581395349
11191.341736982684	300	7.922189267278296	0.0	140881	1351.3930660458327	0.17955077	0.06976744186046512
11194.27860799959	300	7.659636252876059	0.0	157671	1262.5530144022366	0.6968044	0.06976744186046512
11197.298778578326	300	7.861709926608655	0.0	157812	1797.9263262674021	0.5420649	0.06976744186046512
11200.527361018316	750	7.513540766098868	0.0	401853	2848.1691605097876	0.33756682	-0.2755813953488372
11203.041082106154	750	7.736886904818717	0.0	343800	2276.6538612801505	0.23327866	0.1744186046511628
11206.373457282585	750	7.834232991883182	0.0	359903	2402.653912935534	0.06126328	0.1744186046511628
11210.124461039419	750	7.823591683214583	0.0	379700	3010.641308668599	0.124472566	0.1744186046511628
11212.821251299407	750	7.805377777202568	0.0	425781	2518.213906012015	0.17954002	0.1744186046511628
11215.017718329425	750	7.7914324056812205	0.0	277716	2013.9453715213476	0.11813955	0.1744186046511628
11219.144263310332	750	7.664887424775077	0.0	400396	4126.544980906144	0.13511026	0.1744186046511628
11221.767804921668	750	7.772649967808719	0.0	400508	2392.2374569663584	0.27176344	0.1744186046511628
11225.267289758363	750	7.673559674146276	0.0	358218	3099.0902936624416	0.11507926	0.1744186046511628
11227.640496065955	750	7.817153748866293	0.0	400322	2356.405925279984	0.20668787	0.1744186046511628
11231.747296030073	750	7.7103537847488495	0.0	369834	2106.7999641174433	0.15152103	0.1744186046511628
11239.212204286352	750	4.2454455284694665	0.0	412837	7464.908256279383	0.08235	0.1744186046511628
11241.209261343873	300	6.248388470948303	0.0	179328	1997.0570575211643	0.03924528	-0.3802325581395349
11244.076883957114	300	7.380765857706693	0.0	159914	2867.622613241611	0.25888237	0.06976744186046512
11247.18661020622	300	7.827496893889598	0.0	131610	1553.2689638170948	0.29718173	0.06976744186046512
11249.806110900017	300	7.540975156135901	0.0	124011	1786.5217377536972	0.32246032	0.06976744186046512
11253.5316077229	750	7.815478333252248	0.0	378327	3725.496822883653	0.683095	-0.2755813953488372
11257.206567944038	750	7.707236083646434	0.0	390680	3108.242249605813	0.5816312	0.1744186046511628
11259.627869140368	750	7.569944514248589	0.0	345516	2137.2915693978443	0.18416105	0.1744186046511628
11261.966077867897	750	7.93284491144857	0.0	384505	2137.0996028000195	0.36754492	0.1744186046511628
11264.056046233782	750	7.558415304870776	0.0	372093	1874.4296065777942	0.18684998	0.1744186046511628
11267.431298574906	750	7.588558609463056	0.0	438281	1969.856695407719	0.13507266	0.1744186046511628
11269.881167827794	750	7.771321691376686	0.0	398987	1817.2369180863695	0.090701655	0.1744186046511628
11272.980443188591	750	7.723000202379202	0.0	393804	2048.3214889974843	0.053217657	0.1744186046511628
11275.543961214811	750	7.731718192168992	0.0	331053	1991.2820102102107	0.04918084	0.1744186046511628
11278.466300363609	750	7.971666549275114	0.0	314107	2260.0516428938777	0.05906787	0.1744186046511628

