16109.49290582558	750	4.0	5.4395307625425735	450283	5439.530762542574	0.018600848	-23.3210425088738
16111.886532693505	300	5.606373132073677	0.0	155580	2393.6268679263235	0.03181562	-0.38733359112485655
16115.558158725815	300	5.9347470997634195	0.0	139857	2171.626032310258	0.024319459	0.06907266618112158
16118.32633747998	300	5.883049563620058	0.0	155432	2551.6975361433615	0.0409431	0.058784396612582134
16120.289055805084	300	5.6499310768305655	0.0	163442	1233.118486789491	0.029563718	0.12164281178732089
16121.888502519872	300	5.680007633842193	0.0	126289	969.9234429883727	0.66058946	0.1546513810799789
16123.80024467781	300	5.568898123973224	0.0	153295	1111.1095098689705	0.09583487	0.13500019455120046
16125.705353825764	300	5.6516599455806045	0.0	173849	1417.2381783926196	0.44666705	0.10583965510308549
16129.046802367628	300	5.539871059280124	0.0	150710	2111.788886300481	0.3685673	0.07102982735304389
16130.59589339452	300	5.850155364065016	0.0	139105	1189.715695215106	0.05521033	0.12608054227012555
16133.33866081355	300	5.5534593823894935	0.0	141840	1796.6959816755227	0.18304425	0.08348657843611157
16137.261309241847	300	5.630810954092731	0.0	156148	1922.648428296762	0.051812194	0.07801738362165472
16140.993875130076	300	5.638887923752685	0.0	160746	2991.923030340046	0.037552044	0.05013497956962877
16142.767023537066	300	5.5926351396527	0.0	179801	1546.2527840999853	0.010297067	0.09700871781279234
16144.559856419117	300	5.694666581622423	0.0	140051	1397.9685580302773	0.015781851	0.10729855055635042
16146.027190669854	300	5.813431551463877	0.0	138313	1381.235030158546	0.027791675	0.10859846204652235
16147.340443090772	300	5.714855018095052	0.0	143509	1098.5765333688253	0.017724974	0.13654032781859948
16148.702584262659	300	5.61612236157559	0.0	150616	1098.7326565194612	0.055067025	0.13652092627806875
16151.228162189404	300	5.915037565287421	0.0	165384	1201.0847962881696	0.031534832	0.12488710244568887
16152.564085107408	300	5.8143227239620465	0.0	140881	1100.714841325375	0.07575291	0.1362750772210761
16154.973128565363	300	5.547405047674718	0.0	157671	1266.9176762873285	0.049277972	0.11839759031507979
16156.79244418925	300	5.503810164714462	0.0	157812	1543.5948829602557	0.036409467	0.09717575618826547
16159.068492095143	300	5.763646534531868	0.0	163927	1240.1636301825945	0.019267727	0.12095178115964816
16160.317361482732	300	5.622153973792727	0.0	137654	1141.492560739142	0.029323194	0.13140690106895803
16162.69631723081	300	5.901364556108889	0.0	146754	1220.789417683838	0.021510951	0.12287131410803827
16166.903239864068	300	5.6944419228501655	0.0	153938	2206.922633258723	0.02160174	0.06796794674152726
16170.784320188704	300	5.81336159821279	0.0	181901	2881.080324637375	0.00628704	0.052063803538306294
16172.76158143047	300	5.852815597644484	0.0	111155	1960.5460005683065	0.004705182	0.07650929891801532
16174.385729474412	300	5.689099263022417	0.0	153605	1163.7163346220664	0.004705182	0.12889739151828153
16176.071727703777	300	5.541315998250517	0.0	149029	1147.7832647719013	0.00524283	0.13068669373726186
16177.418578193818	300	5.916998168726095	0.0	157421	1124.3178295244209	0.007213279	0.13341423222243928
16178.738596265739	300	5.503255534573969	0.0	157488	913.7426341521254	0.009624118	0.16416001004395192
16181.462633464998	300	5.909374553678777	0.0	143881	2093.880980895192	0.01277337	0.07163730955513568
16183.141213116414	300	5.605162827601551	0.0	163444	1304.2117260772277	0.004705182	0.11501200073638802
16185.898077789727	300	5.808914515615699	0.0	179328	2296.248311985851	0.005613773	0.06532394568001941
16190.190609684349	300	5.516382620995118	0.0	159914	1792.5318946205819	0.004705182	0.08368051940953046
16193.173129652216	300	5.591696745985969	0.0	131610	2424.6858750091487	0.004705182	0.061863683682091
16194.328317677819	300	5.513019770062955	0.0	124011	1078.6769759230147	0.004705182	0.13905923955746463
16196.049871767402	300	5.575498321661303	0.0	144254	1437.5214484016508	0.004705182	0.10434626917517076
16197.628750916578	300	5.583075000863665	0.0	149991	1492.4233207976383	0.004705182	0.10050767628036744
16199.935656608806	300	5.952850049888337	0.0	147968	1130.2249509753278	0.004705182	0.13271694264983044
16202.463747704247	300	5.777144953845523	0.0	161857	1175.7050960428135	0.004705182	0.127583014231094
16204.86375814141	300	5.69333263481336	0.0	145210	1083.812319032165	0.004705182	0.13840034604326024
16207.485153952188	300	5.865733798038656	0.0	172312	1327.598836774703	0.0048506907	0.11298593810492726
16209.467948905361	300	5.6712348657038785	0.0	167025	1194.4989323347781	0.004705182	0.12557566686711782
16212.662033607672	300	5.593340486817857	0.0	160064	1577.8943788860217	0.004705182	0.0950633971494965
16214.686954660836	300	5.568975150548484	0.0	137507	1024.3653362693728	0.004705182	0.1464321318664332
16215.971419004982	300	5.547020803522364	0.0	118421	1021.9543470261193	0.004705182	0.1467775937706993

