8634.233889506888	750	4.0	2.7931852023610926	450283	2793.1852023610927	0.04334481	-11.836277765501535
8634.87325215997	300	7.360637346917347	0.0	155580	639.3626530826534	0.12009186	-0.3802325581395349
8636.718868201042	750	7.559103349468288	0.0	350812	1301.5339974490587	0.5364524	-0.2755813953488372
8638.538325457126	750	7.981415647872033	0.0	382355	1577.687701596256	0.083731465	0.1744186046511628
8640.920495449624	750	7.576215471767892	0.0	411561	1905.2001761041415	0.07598788	0.1744186046511628
8643.317870447674	750	7.65101292863864	0.0	318564	1425.202543129251	0.062212966	0.1744186046511628
8646.222503072848	750	7.814782800613848	0.0	352642	2336.230128024793	0.06348999	0.1744186046511628
8650.960835195167	750	7.076450678295235	0.0	437162	4738.332122318612	0.047405813	0.1744186046511628
8656.69199078073	750	5.345295092732882	0.0	374758	5731.155585562354	0.16788529	0.1744186046511628
8659.106378420682	300	6.930907452780117	0.0	139105	2414.387639952765	0.6585604	-0.3802325581395349
8662.183566561702	300	7.853719311759318	0.0	141840	2077.1881410207993	0.5089877	0.06976744186046512
8666.362316816021	750	7.674969057440737	0.0	405134	3178.7502543185797	0.63671464	-0.2755813953488372
8669.193154039049	750	7.943658618536554	0.0	386351	2231.3104389041837	0.3463493	0.1744186046511628
8673.275551369226	750	7.817223316911074	0.0	434409	2626.435301625481	0.09103583	0.1744186046511628
8675.781068407163	750	7.922445769267488	0.0	337059	1894.7775476435845	0.12382712	0.1744186046511628
8677.942438705799	750	7.507130341246673	0.0	366214	1415.3154280208144	0.074241005	0.1744186046511628
8679.529861161402	750	7.961446629851801	0.0	360831	1545.6837113948723	0.055591412	0.1744186046511628
8681.352810899896	750	7.830841085009422	0.0	372963	1130.6055448423788	0.044635914	0.1744186046511628
8683.053485045397	750	7.786676109085151	0.0	405596	1544.1649759242725	0.03804215	0.1744186046511628
8684.569350089381	750	7.531998205281612	0.0	350713	1254.677903803538	0.038359724	0.1744186046511628
8686.1834126149	750	7.820560507811919	0.0	386472	1211.437697469693	0.04078267	0.1744186046511628
8687.792499370682	750	7.772329572546125	0.0	399894	1548.230935265793	0.041580874	0.1744186046511628
8690.557452803729	750	7.665280732929565	0.0	401853	2107.04883961656	0.040577464	0.1744186046511628
8692.379030022721	750	7.963444377198711	0.0	343800	1701.8363557308533	0.039048307	0.1744186046511628
8694.41908742185	750	7.643286176066016	0.0	359903	1320.158201132696	0.037288636	0.1744186046511628
8696.342128943495	750	7.921714971290465	0.0	379700	1721.571204775551	0.04070495	0.1744186046511628
8698.716163455783	750	7.6004329401819835	0.0	425781	1821.2820311084813	0.03737962	0.1744186046511628
8700.50075743979	750	7.8795121317673145	0.0	277716	1720.9208084146687	0.041275807	0.1744186046511628
8702.240724999298	750	7.936364882310256	0.0	400396	1443.1472494570585	0.03728038	0.1744186046511628
8704.28002253147	750	7.645126276249199	0.0	400508	1791.2386060610572	0.03395097	0.1744186046511628
8705.955985811059	750	7.706174156511556	0.0	358218	1438.9521197376441	0.038350902	0.1744186046511628
8707.994077388274	750	7.610633976828398	0.0	400322	1595.540179683157	0.03740964	0.1744186046511628
8710.888218963686	750	7.949838906887793	0.0	369834	2660.7950699406047	0.036789984	0.1744186046511628
8713.309782453196	750	7.915730319370092	0.0	412837	2034.108587517701	0.041632246	0.1744186046511628
8715.147394618407	750	7.855651730760164	0.0	401088	1560.0785886099272	0.037468288	0.1744186046511628
8716.508262774989	750	7.573984393269933	0.0	365161	1281.6673374902305	0.037539627	0.1744186046511628
8717.762112962413	750	7.871659780603139	0.0	321064	1202.3246126667939	0.04021336	0.1744186046511628
8718.875451503372	750	7.830753268502536	0.0	361565	1040.9065121006029	0.032404635	0.1744186046511628
8720.951110765945	750	7.674139642145012	0.0	378327	1656.6136263575245	0.03365156	0.1744186046511628
8724.252558570515	750	7.927938572468083	0.0	390680	2746.2010696769275	0.031480372	0.1744186046511628
8726.056716867002	750	7.798482758171731	0.0	345516	1629.4558142963522	0.037989326	0.1744186046511628
8729.075368864136	750	7.926508034198607	0.0	384505	2371.974723973125	0.037610244	0.1744186046511628
8731.34898924289	750	7.93803649090348	0.0	372093	1988.4715432951275	0.047570124	0.1744186046511628
8732.84345476555	750	7.5233781663013435	0.0	438281	1414.6583246021364	0.050087553	0.1744186046511628
8734.356624318327	750	7.796696960443114	0.0	398987	1226.68120585823	0.038202055	0.1744186046511628
8736.024263414478	750	7.866121538325999	0.0	393804	1430.5754221171146	0.03339358	0.1744186046511628
8738.191601690009	750	7.6959842755774845	0.0	331053	1670.1372627485155	0.028917203	0.1744186046511628
8742.181119581013	750	7.706466384571977	0.0	314107	3989.517891005507	0.037112243	0.1744186046511628

