17194.026347337935	750	4.0	1.3915974527875299	450283	1391.5974527875298	0.004705182	-5.69790950597299
17197.476685047575	1850	4.549662290361272	0.0	957685	3450.337709638728	0.72840613	-0.9081740081223942
17200.587932485934	1850	5.438414852001426	0.0	877771	3111.2474383598455	0.076870576	0.3112784791802633
17203.63760072655	1850	6.3887466113866616	0.0	933276	3049.6682406147647	0.018816488	0.4089069280092964
17207.049830370604	1850	6.976516967331573	0.0	996749	3412.229644055088	0.0072866473	0.4292243630402752
17209.315140038336	1850	7.801402385743192	0.0	801058	2175.1145815883824	0.0058854045	0.6323320431876096
17212.73770008168	1850	7.53521996434392	0.0	905515	2766.1824213992704	0.004705182	0.5476048938236397
17216.709705834324	1850	7.563214211697271	0.0	1060487	3972.005752646649	0.004705182	0.4297170393276607
17220.240283329713	1850	7.832117103597346	0.0	852833	3231.097108099926	0.00476609	0.5296901175918589
17224.496691547767	1850	7.5757088855440164	0.0	913888	3756.40821805333	0.004791894	0.4524794195705749
17228.972471193996	1850	7.099929239316034	0.0	939819	4475.779646227982	0.007671208	0.33474793648818885
17232.156923288687	1850	7.915477144624474	0.0	917428	3184.4520946915595	0.13149133	0.5423781191256081
17236.3224329986	1850	7.749967434712443	0.0	946851	4165.509709912031	0.007100433	0.42834185693387056
17240.445055705244	1850	7.627344728066862	0.0	1036454	4122.622706645581	0.0734152	0.42082798017077916
17244.060823519038	1850	7.956587202580102	0.0	821631	3170.7575254867593	0.039671633	0.5477044665882878
17247.743404979636	1850	7.717801573534991	0.0	923170	3238.785629045111	0.013532269	0.5179182637448616
17251.815037751163	1850	7.646168802005478	0.0	966699	4071.632771529513	0.006215061	0.42773881253247403
17255.74656728876	1850	7.7146392644084685	0.0	885714	3931.5295375970095	0.0482546	0.4483394969851727
17259.604267175742	1850	7.856939377426656	0.0	987708	3857.6998869818126	0.16000374	0.4694190122185108
17263.77561716054	1850	7.528593503758027	0.0	923755	3828.345873668628	0.034960028	0.4407507441146749
17267.747309318747	1850	7.556901345551192	0.0	891604	3471.6921582068353	0.0920086	0.4791407781165081
17271.50323775832	1850	7.651285241382834	0.0	955231	3405.616104168358	0.035162136	0.4948329424658891
17275.01989584024	1850	7.913112358575876	0.0	968026	3238.172882806959	0.013044458	0.5367784269266065
17278.773700948437	1850	7.685452356334515	0.0	874175	3227.6600022413604	0.0060924226	0.5159171769206242
17282.216917041067	1850	7.696916853496019	0.0	897976	2988.5355028384956	0.008821063	0.5409330979491391
17285.757151166472	1850	7.784140161990017	0.0	905935	3412.776691506003	0.0053521823	0.5069043232293557
17290.11447566103	1850	7.426815667431259	0.0	1076599	4357.324494558758	0.009487545	0.3780566477707352
17292.840217926976	1850	7.706335517636668	0.0	758197	2720.480149794591	0.081559844	0.5686451905514667
17296.460577826536	1850	7.71878652093157	0.0	972798	3487.5489967050976	0.0083551435	0.49313672930296304
17299.571581629323	1850	7.6996900614657156	0.0	975811	3019.096459465855	0.011801542	0.5381439267553176
17302.843441137702	1850	7.994714050438648	0.0	873429	3204.9760110270677	0.004948781	0.5479523711603217
17306.970086045287	1850	7.86806914285136	0.0	954453	4126.644907587288	0.0092649665	0.4435957629300573
17310.99255439198	1850	7.845600796158158	0.0	885062	4022.4683466932024	0.16830496	0.4518508147092225
17315.10504118239	1850	7.733114005752259	0.0	1035329	4112.486790405899	0.59292597	0.4320219868887949
17316.421751805112	750	7.96400045590781	0.0	401088	1269.1135498444496	0.4049084	-0.4202524481404004
17320.668806252856	1850	7.716946008162555	0.0	943942	3247.054447745254	0.30268595	-0.5829909672800502
17324.596249773138	1850	7.620549960834909	0.0	728962	3096.396047327646	0.012166654	0.5227966419115403
17332.039444460726	1850	4.1773552732439265	0.0	938587	7443.1946875909825	0.063350916	-0.2432946861654287
17332.83545236185	300	7.381347372120717	0.0	144254	796.007901123209	0.18187073	-0.9030917161245756
17333.744579217884	300	7.606908960437686	0.0	149991	774.4384116830317	0.6960586	0.6707757961190197
17334.99519310771	300	7.94394629970148	0.0	147968	662.9626607362056	0.21586797	0.7143636042471976
17336.80332788258	750	7.888704555808239	0.0	384505	1555.2417438932396	0.04279631	0.19388741513660876
17338.51002967362	750	7.7968001277770345	0.0	372093	1591.9044280312046	0.08395225	0.631375239415762
17340.362664768414	750	7.987881285885589	0.0	438281	1308.9188418914443	0.11265123	0.6780655801120788
17344.740879061894	1850	7.609666992407506	0.0	958994	4378.214293478083	0.31086114	-0.7064326809796657
17349.07253050285	1850	7.278015551451645	0.0	982064	4331.65144095586	0.67105085	0.366301770169535
17351.387086418286	750	7.862528601402358	0.0	331053	1415.4869500492869	0.69207585	-0.44465657131223507
17353.25037800999	750	7.885417245743703	0.0	314107	1477.1113556586547	0.082406744	0.6513840465709636

