20238.04725430554	750	4.0	1.384287999087403	450283	1384.287999087403	0.14245778	-5.77801979142467
20239.321475315857	750	6.725778989683334	0.0	398865	1274.2210103166653	0.6007767	0.1744186046511628
20241.438746632604	750	7.73639785031737	0.0	350812	1489.3811393659653	0.11569305	0.1744186046511628
20243.1117809766	750	7.928825762241178	0.0	382355	1307.5720880761914	0.06437116	0.1744186046511628
20244.874452941418	750	7.555220917304737	0.0	411561	1373.6048449364403	0.052455064	0.1744186046511628
20246.0302871741	750	7.911837332303889	0.0	318564	1143.3835850008486	0.054178227	0.1744186046511628
20247.50801922024	750	7.804196714176338	0.0	352642	1107.6406181275515	0.04822515	0.1744186046511628
20249.994113214256	750	7.726195412074026	0.0	437162	1578.0013021023115	0.050251488	0.1744186046511628
20252.532427335205	750	7.671084649855404	0.0	374758	2055.110762218623	0.056451324	0.1744186046511628
20254.647856828	750	7.944971578074659	0.0	362795	1226.113071780745	0.04459832	0.1744186046511628
20257.50668051632	750	7.690217925372626	0.0	353220	2254.753652702033	0.048533347	0.1744186046511628
20261.235915859896	750	7.960982581794386	0.0	405134	3729.2353435782406	0.04419602	0.1744186046511628
20265.706703100634	750	7.490195341059501	0.0	386351	4470.787240734885	0.05370505	0.1744186046511628
20269.92585815108	750	7.271040290611228	0.0	434409	4219.155050448273	0.13594493	0.1744186046511628
20274.190460664726	750	7.006437776964551	0.0	337059	4264.602513646676	0.3105337	0.1744186046511628
20277.720384817167	750	7.476513624522092	0.0	366214	3529.9241524424597	0.6221391	0.1744186046511628
20281.947148027368	750	7.249750414323892	0.0	360831	4226.7632101982	0.5710358	0.1744186046511628
20285.358588793104	750	7.838309648589447	0.0	372963	3411.4407657344454	0.6723757	0.1744186046511628
20290.078170935223	750	7.1187275064675655	0.0	405596	4719.582142121882	0.58056885	0.1744186046511628
20291.92616306665	300	7.962511749065594	0.0	140881	1656.2157574019704	0.6724488	-0.3802325581395349
20293.481477987956	300	7.7857424324742714	0.0	157671	1176.769316591323	0.5118487	0.06976744186046512
20295.16623942561	300	7.947634535103416	0.0	157812	1338.1078973708557	0.6875751	0.06976744186046512
20297.838134661662	750	7.810013625220474	0.0	401853	2637.6209098829427	0.6553151	-0.2755813953488372
20300.142116855957	750	7.625159700708267	0.0	343800	1684.853924512207	0.07189436	0.1744186046511628
20303.394555556595	750	7.633504494827593	0.0	359903	2491.655205880673	0.07066194	0.1744186046511628
20307.37352044224	750	7.654539609182131	0.0	379700	2978.9648856454633	0.0751143	0.1744186046511628
20311.04483162978	750	7.838758224664271	0.0	425781	2815.7813845178603	0.147789	0.1744186046511628
20313.95502515414	750	7.8714263876956	0.0	277716	2467.3318369686717	0.10993876	0.1744186046511628
20317.830333196103	750	7.996118345730263	0.0	400396	3875.3080419653356	0.17465648	0.1744186046511628
20321.5732240519	750	7.673757811509924	0.0	400508	3322.360534220339	0.18415284	0.1744186046511628
20325.25500701983	750	7.991974843580003	0.0	358218	2681.782967929921	0.25073084	0.1744186046511628
20328.787939229613	750	7.561665273441615	0.0	400322	2430.309570138388	0.1610839	0.1744186046511628
20331.53101500348	750	7.521438758831384	0.0	369834	2040.2265146102297	0.22998348	0.1744186046511628
20333.57096295886	750	7.517889453769088	0.0	412837	2003.5493050622956	0.12393316	0.1744186046511628
20336.397208184757	750	7.637966113480899	0.0	401088	2379.9233402881882	0.09286964	0.1744186046511628
20338.569632779952	750	7.8199147966859	0.0	365161	1818.0513167949996	0.08086635	0.1744186046511628
20341.108472397897	750	7.872681569914094	0.0	321064	1947.233226771806	0.050643988	0.1744186046511628
20344.379598726362	750	7.647921691768528	0.0	361565	2724.7598781455654	0.054331876	0.1744186046511628
20346.961241438115	750	7.930283475049877	0.0	378327	1717.6382167186514	0.090509675	0.1744186046511628
20350.588427466308	750	7.948692765973933	0.0	390680	2481.5907090759442	0.040153764	0.1744186046511628
20352.75153817602	750	7.8249350226758	0.0	345516	2123.7577432981334	0.058367647	0.1744186046511628
20357.035999988664	750	7.540473210030909	0.0	384505	2784.4618126448913	0.06305937	0.1744186046511628
20360.035663196115	750	7.507548986333073	0.0	372093	2532.9242236978357	0.09560526	0.1744186046511628
20362.7522018467	750	7.767649224418102	0.0	438281	2239.899761914971	0.14081866	0.1744186046511628
20364.98902274125	750	7.957558235977409	0.0	398987	1810.0909884406933	0.06601315	0.1744186046511628
20367.489381294305	750	7.535743884004023	0.0	393804	1921.8143519733858	0.05906532	0.1744186046511628
20368.96465317143	750	7.6123799839842725	0.0	331053	1423.3639000197516	0.054752216	0.1744186046511628
20370.75311853485	750	7.7841013338286995	0.0	314107	1328.2786501555724	0.04704418	0.1744186046511628

