12159.366930532276	750	4.0	5.127185897414645	450283	5127.185897414644	0.004705182	-22.134498662332295
12161.26021203353	300	6.106718498746048	0.0	155580	1893.2815012539522	0.005531501	-0.03550357683367655
12163.403173935834	300	7.963756596441497	0.0	139857	1642.961902304551	0.01343974	0.6182704440237381
12166.46345833148	300	7.565328968055332	0.0	155432	1898.4276283861648	0.024556033	0.5543747521753675
12170.528560828934	300	7.500226470601892	0.0	163442	2065.10249745344	0.038562343	0.5314410747240987
12173.050891590667	300	7.882540736391875	0.0	126289	1617.6857342100168	0.043345444	0.6129809405349465
12174.487543486008	300	7.9965373787828575	0.0	153295	1386.003357609018	0.020982511	0.6471214866409811
12176.704284646206	300	7.863490957850121	0.0	173849	2133.0464209327356	0.11022523	0.5596113086839454
12179.24743648701	300	7.508762488179433	0.0	150710	1854.728469670689	0.03218623	0.5533000790495445
12183.019111860876	300	7.737087114312555	0.0	139105	1771.6753738668788	0.035799704	0.5835818975093969
12187.00960875608	300	7.6818880010619655	0.0	141840	1555.1991132505896	0.028866746	0.5999165451900462
12189.553670371251	300	7.942506103502507	0.0	156148	2239.3818975594577	0.04960429	0.5565830600179305
12191.108183056904	300	7.587589562281781	0.0	160746	1354.9165412207246	0.016721578	0.6108684687873673
12192.687527414957	300	7.972715464970937	0.0	179801	1114.874097310844	0.09379738	0.671941525962606
12194.60731153044	300	7.795058571000204	0.0	140051	1177.6568939707345	0.69333136	0.6485635651366408
12196.193657649394	300	7.707949122281257	0.0	138313	1087.1094487189448	0.4466859	0.6492339246496589
12198.581758216855	300	7.9835171641177185	0.0	143509	1224.4319581635382	0.582473	0.6620254158914088
12200.809411014548	300	7.796525060368784	0.0	150616	1186.9921037489348	0.38536146	0.6477711954536945
12204.148397108145	300	7.5473624177928595	0.0	165384	1749.1626425759246	0.5633194	0.5675719495501936
12208.01273102104	300	7.68302850489843	0.0	140881	2364.333912894429	0.087628156	0.5191128400367004
12211.382391209918	300	7.8902770971678615	0.0	157671	2292.7514077305673	0.012871039	0.546219006839662
12215.608913572949	300	7.6637547341368375	0.0	157812	3726.5223630310247	0.010162557	0.38103887233454004
12219.277250483523	300	7.995417823563105	0.0	163927	2668.3369105737333	0.004705182	0.5187803728620163
12223.347024275912	300	7.925644031173693	0.0	137654	3069.7737923894106	0.004705182	0.47192087660503634
12226.370799326189	300	7.519527434405424	0.0	146754	2906.116596768269	0.004705182	0.44919740484279924
12229.921455323609	300	7.553028624299479	0.0	153938	2966.498810105945	0.004705182	0.44638371171542107
12233.89913810713	300	7.575345840777444	0.0	181901	3477.682783522035	0.004705182	0.3974133722263502
12237.516673560602	300	7.957810387304289	0.0	111155	2117.5354534731546	0.004705182	0.5702407594121746
12240.935724968327	300	7.602972385997535	0.0	153605	2354.8380013067544	0.004705182	0.5123569373217771
12244.548549366293	300	7.990147988030989	0.0	149029	3112.8243979665467	0.004705182	0.47382439636843493
12249.277523912817	300	7.261173441506927	0.0	157421	4728.974546524061	0.004705182	0.242044739765918
12254.800344583287	300	5.738352771036687	0.0	157488	5522.820670470241	0.004705182	0.01608687965285338
12259.015114461065	300	5.523582893259287	0.0	143881	4214.769877777399	0.004705182	0.12622011022165563
12263.191605280017	300	5.347092074306815	0.0	163444	4176.490818952473	0.004705182	0.11306057101098177
12266.71830180934	300	5.820395544984455	0.0	179328	3526.6965293223593	0.004705182	0.22359600548330377
12269.235799284499	300	7.302898069825443	0.0	159914	2517.4974751590125	0.004705182	0.46720849055160807
12272.332875274968	300	7.811503988386492	0.0	131610	1491.3940814389512	0.004705182	0.6187727368004473
12274.6566152287	300	7.82247493253471	0.0	124011	1989.0290558517825	0.004705182	0.5700652054000279
12278.122958524362	300	7.656658671644587	0.0	144254	2165.8162608901225	0.004705182	0.5364264783409314
12282.01785277402	300	7.761764421985796	0.0	149991	3394.894249658792	0.004705182	0.4236352292851526
12286.23459442029	300	7.545022775717211	0.0	147968	3216.7416462685846	0.004705182	0.4205888559298925
12289.939635651273	300	7.839981544732512	0.0	161857	2705.0412309846974	0.004705182	0.5001490195231844
12293.327607012805	300	7.914597949807434	0.0	145210	1925.3835949250786	0.004705182	0.585296698266619
12295.51902811009	300	7.7251813179692785	0.0	172312	1689.4166318381554	0.004705182	0.5906618250682895
12298.308299571141	300	7.511547848665821	0.0	167025	1713.6334693034573	0.004705182	0.5676776732489445
12300.855133044064	300	7.575950141578578	0.0	160064	1935.5977070872443	0.004705182	0.551680044519639
12304.170993811598	300	7.9486376262296545	0.0	137507	2627.3125153489236	0.004705182	0.518380164380674
12308.547628712604	300	7.572002725224053	0.0	118421	2376.6349010056015	0.004705182	0.5071963817461569

