2583.924072444618	750	4.0	7.947206251782381	450283	7947.2062517823815	0.06713272	-0.4575113228526568
2586.682464968786	300	5.241607475832228	0.0	155580	2758.392524167771	0.058921747	-0.3633550642470303
2589.84951361077	300	6.07455883384848	0.0	139857	3167.048641983749	0.0056604217	0.0978387838473877
2594.375392603254	300	5.548679841364558	0.0	155432	4525.878992483921	0.0052488875	-0.07091168823287469
2597.0898326225665	300	6.834239822051922	0.0	163442	2714.4400193126367	0.006125993	0.190579707877214
2600.131061031031	300	7.793011413587552	0.0	126289	2541.2284084643697	0.0047809286	0.2678240934330175
2604.3904161480336	300	7.5336562965852645	0.0	153295	3259.355117002287	0.0047497605	0.17980172776658288
2607.9475090796036	300	7.606884841798623	0.0	173849	2926.7714547866426	0.004760965	0.2176368780639822
2611.6173979696573	300	7.93699595174524	0.0	150710	3669.8888900533816	0.0049407952	0.16395707890897188
2616.016353996808	300	7.538039924594078	0.0	139105	4398.956027151163	0.0047482112	0.06611561350224615
2620.0349915992892	300	7.519402322113207	0.0	141840	4018.637602480872	0.004757031	0.1029826058142207
2624.709748432501	300	6.844645488901763	0.0	156148	4674.756833211443	0.004740583	-0.004801619334551532
2629.6206159827047	300	5.933777938697566	0.0	160746	4910.867550204197	0.0047466615	-0.08534191292158921
2633.8584238997246	300	5.695970021677562	0.0	179801	4237.807917020004	0.0047471384	-0.032898944416920206
2636.3513376414558	300	7.203056279946319	0.0	140051	2492.913741731243	0.004754886	0.23578336425375315
2638.3882713985995	300	7.786664392042304	0.0	138313	1416.3918879040136	0.0047285445	0.37991105664247515
2642.315552415792	300	7.533294875316311	0.0	143509	2753.369516725993	0.004750118	0.23037769896490268
2645.9873306938925	300	7.861516597215592	0.0	150616	3171.77827810072	0.0047422517	0.20905068044613506
2649.496356410447	300	7.534848666371637	0.0	165384	3326.6679308439548	0.004724372	0.17314496949406433
2652.6061247703674	300	7.696143341116755	0.0	140881	2338.705325254883	0.0047459463	0.28202214722454144
2655.0982197840435	300	7.97062730391156	0.0	157671	1725.516037205194	0.004860998	0.3604963237041857
2656.6794129279724	300	7.953320286932578	0.0	157812	1517.3070169789828	0.0050982703	0.3802355371656204
2659.1243183785223	300	7.927810548832862	0.0	163927	1525.5097380997156	0.0051832125	0.37782090642231486
2661.7682695357926	300	7.960532888422295	0.0	137654	1467.2776604105682	0.0055100075	0.3856892604155691
2664.7462039613342	300	7.574902371631539	0.0	146754	2385.630516790756	0.005362873	0.26975206747812813
2666.829892253095	300	7.784210184826516	0.0	153938	1790.6921868050224	0.00524708	0.34232763880138756
2671.070240945249	300	7.54386149267178	0.0	181901	3740.348692154735	0.0054994253	0.13234019500674526
2674.576338081687	300	7.627485299008163	0.0	111155	2416.3761936636165	0.005322096	0.26996393275188113
2677.244687852627	300	7.823170980425448	0.0	153605	1804.3143185827162	0.0050026625	0.34340047534855145
2678.9924089651627	300	7.621328121836246	0.0	149029	1701.8428585892018	0.005112142	0.3410324426860777
2680.8021099284115	300	7.789416800684812	0.0	157421	1331.9113211514334	0.0055076354	0.3885311388578899
2684.601441242852	300	7.99008548624417	0.0	157488	1799.3313144406432	0.00566258	0.3543309323764289
2688.5937743990658	300	7.9977523300303925	0.0	143881	2992.3331562137773	0.0052143224	0.23550992593575432
2690.4494019209637	300	7.774665563457576	0.0	163444	1723.086766572817	0.0049702786	0.34849164198904936
2692.6731118650923	300	7.564080969055581	0.0	179328	2210.5845944019943	0.005338504	0.2865803220560069
2694.7340041546863	300	7.84519752762208	0.0	159914	1718.8834414335024	0.005497187	0.35332022226326226
2696.8665054685757	300	7.819951261257585	0.0	131610	1525.2462663644944	0.006031773	0.3711060481223822
2698.2160196337513	300	7.868821740932308	0.0	124011	951.1295203252763	0.0054096347	0.43157212770597414
2702.122965588205	300	7.884541028630556	0.0	144254	984.2807123017527	0.006809684	0.429239463989467
2704.9288088060807	300	7.722952093218746	0.0	149991	2661.5889354118094	0.008430895	0.2514093332152232
2707.857758767371	300	7.595604201355674	0.0	147968	2627.3478918630717	0.00647341	0.24687419432865504
2711.848052662716	300	7.60531030601045	0.0	161857	3990.293895345224	0.0062118378	0.11118622552136326
2715.641738404525	300	7.8116245642011926	0.0	145210	3793.6857418092573	0.0061129043	0.1437416820118813
2719.5882469982184	300	7.865115970507986	0.0	172312	2946.508593693207	0.0060052723	0.23180260971766098
2723.595449611766	300	7.857913356959947	0.0	167025	3507.2026135480396	0.0057377736	0.1752830443854253
2727.7368478156277	300	7.716515153098484	0.0	160064	3141.398203861463	0.0056600757	0.20302609761274149
2731.757614403991	300	7.695748564734986	0.0	137507	3020.7665883634972	0.005443913	0.21379134738981942
2735.7263243641332	300	7.72703860459287	0.0	118421	3468.7099601421155	0.0049771303	0.17095263770307534

