10129.587053855761	750	4.0	1.5985734190571195	450283	1598.5734190571195	0.019409657	0.33616252321056717
10130.377660488004	300	7.209393367758037	0.0	155580	790.6066322419633	0.004705182	0.361949809904216
10131.066107139712	300	7.544760086628437	0.0	139857	664.6332811295985	0.004705182	0.8659555151832307
10131.912639630873	300	7.743400502492803	0.0	155432	801.3595841356348	0.004705182	0.8768093969291957
10132.981584096928	300	7.5415147467978425	0.0	163442	701.8857556949617	0.004705182	0.8618295594110984
10134.019517468345	300	7.991077463968473	0.0	126289	550.4372828293693	0.004705182	0.932482775175412
10135.065413589115	300	7.9268774431278874	0.0	153295	564.2000208405859	0.004705182	0.9231796020185633
10136.049826075301	300	7.670519216599214	0.0	173849	756.3582265286732	0.004705182	0.872310740935151
10137.011822512803	300	7.5135481276782485	0.0	150710	656.9710889209665	0.004705182	0.8628679341396426
10137.703343233838	300	7.975300493900064	0.0	139105	538.2476337781841	0.004705182	0.9317537274127288
10138.983728839876	300	7.831744153458483	0.0	141840	643.5563404415799	0.004705182	0.903497680840566
10139.855941803504	300	7.579052395044356	0.0	156148	752.6917584141268	0.004705182	0.8613838043589312
10140.96794469959	300	7.882811463757504	0.0	160746	696.2409312868527	0.004705182	0.9045346002248899
10142.713108882986	300	7.708110325859914	0.0	179801	674.7011378975897	0.004705182	0.8851178959516744
10143.759855627422	300	7.974968552690036	0.0	140051	733.1417731698789	0.004705182	0.9122233280575196
10144.433438517368	300	7.8649796076515175	0.0	138313	609.9889450385176	0.004705182	0.9109580654728925
10145.18962039251	300	7.698685551931936	0.0	143509	666.2940557195807	0.004705182	0.8847949093077079
10146.573204218541	300	7.506837553429377	0.0	150616	691.847998502558	0.004705182	0.858551675745002
10147.867836451935	300	7.775389364796043	0.0	165384	731.4481886333342	0.004705182	0.8877502624867059
10148.675167291158	300	7.788316039065687	0.0	140881	487.07332573035626	0.004705182	0.9137838299713411
10149.568982838156	300	7.981537003262194	0.0	157671	806.7790358034936	0.004705182	0.9056706209484643
10150.564392241598	300	7.9173505046880965	0.0	157812	564.1864985740976	0.004705182	0.9220046449357815
10152.026095324278	300	7.732110420533716	0.0	163927	1185.2400841543808	0.004705182	0.8370273389155508
10152.64999467291	300	7.653392235928251	0.0	137654	578.7181846054639	0.004705182	0.8879600440686778
10153.82091937616	300	7.930520461568683	0.0	146754	722.8717743595681	0.004705182	0.9077622371208229
10156.444605424116	300	7.707703992634262	0.0	153938	722.8164689344216	0.004705182	0.8802561921075078
10158.1539342815	300	7.553474315303949	0.0	181901	1154.2296773303135	0.004705182	0.8180718380436869
10159.33372563123	300	7.886128173315359	0.0	111155	667.3461419885898	0.004705182	0.9078335996270316
10160.153223139168	300	7.582602128216061	0.0	153605	803.5260450992973	0.004705182	0.8567386680339892
10161.821251558693	300	7.776573592374449	0.0	149029	806.0285358416129	0.004715313	0.8804384466098191
10162.78135265793	300	7.5625229845966135	0.0	157421	714.0506077778356	0.004722465	0.8632070015020801
10164.310255276141	300	7.826096973721864	0.0	157488	736.4260108747499	0.0047634672	0.8935134457149375
10165.68863182135	300	7.6231470002852655	0.0	143881	702.9499734365978	0.0047877226	0.8718024280967117
10166.407535494058	300	7.971408416317197	0.0	163444	651.7385839680674	0.004856765	0.9199240701309854
10167.34749106262	300	7.705013214406563	0.0	179328	766.3952019106347	0.005218329	0.8755660832759992
10168.167630577871	300	7.931723554106269	0.0	159914	773.2896603002924	0.0057022152	0.9028689966632807
10168.811474541233	300	7.928226538400142	0.0	131610	503.49701570612723	0.0061065387	0.9294164779054193
10169.474235569725	300	7.822019550482775	0.0	124011	606.2069879173667	0.0075066243	0.9060319007652735
10171.860390359314	300	7.652219142475754	0.0	144254	669.8004080070209	0.008356736	0.878706977636401
10173.075217999543	300	7.87798249865174	0.0	149991	774.2366438240153	0.010042835	0.8961387874141691
10174.027773556752	300	7.722000204250636	0.0	147968	655.9822944011026	0.011431973	0.8887047901506181
10175.409032230124	300	7.959657551467406	0.0	161857	762.3426527832305	0.013777073	0.9074127614929364
10176.197867949788	300	7.794697620430626	0.0	145210	664.9599310367795	0.0150557915	0.8967831154966023
10177.532270626412	300	7.89943417643107	0.0	172312	895.2634439995575	0.016783282	0.8866847870783626
10179.15271349415	300	7.988782387875479	0.0	167025	910.6517885555904	0.018369373	0.8961779471682548
10180.077732003183	300	7.781168729949688	0.0	160064	707.6136579257911	0.019526228	0.8908473048260167
10181.187702272564	300	7.504885939811862	0.0	137507	776.2827901378269	0.021774026	0.8498672271156595
10183.101588345233	300	7.914786652600436	0.0	118421	1090.0992872114261	0.02355855	0.8690968023514181

