18055.09772971197	750	4.0	6.3928079957343495	450283	6392.80799573435	0.58354574	-27.703235894938995
18056.16681732171	300	6.93091239026107	0.0	155580	1069.0876097389298	0.004705182	0.1262454259562837
18058.58026238876	300	7.9451376737770625	0.0	139857	1485.7747164840077	0.11777001	0.6321970698027035
18061.674917673477	300	7.771645254399002	0.0	155432	2173.4924193780603	0.054666817	0.5467264538409967
18063.685892208225	300	7.991739367240846	0.0	163442	1279.9058871581562	0.042950258	0.6572694195355633
18065.827198617077	300	7.521620462762221	0.0	126289	970.1189044786244	0.47663146	0.6429986304676294
18069.68283048505	750	7.665988594792238	0.0	352642	3355.6318679699825	0.37278408	-0.007588265657481552
18072.180690333855	300	7.8354683708607915	0.0	173849	1330.520223931447	0.6336024	0.18716672203263274
18074.00613744873	300	7.731414611558058	0.0	150710	1104.0537593027339	0.31515175	0.6497980740264544
18078.083483797865	750	7.654068262421622	0.0	362795	3577.3463491364373	0.69704926	-0.030907059527520986
18080.113999337646	300	7.868180430737613	0.0	141840	1285.8878316840085	0.66626877	0.1947785347885104
18081.972135000633	300	7.916426434195575	0.0	156148	951.753996542038	0.34050757	0.682835651838374
18084.20596319661	300	7.737703145575491	0.0	160746	1178.7232886200838	0.6459998	0.6429363997543782
18088.30103284179	300	7.64263350039635	0.0	179801	2595.069645179142	0.6378387	0.4921512009865046
18090.214311179683	300	7.981081560068843	0.0	140051	1661.5519403275057	0.050277427	0.6180789879732602
18092.285453637545	300	7.556373625271095	0.0	138313	924.7079347977497	0.045182828	0.6508847594517583
18095.75469513749	750	7.799970070080677	0.0	360831	2256.4035551904185	0.6476469	0.11523043730645033
18099.722323120244	750	7.80257500813088	0.0	372963	2497.3950619497964	0.15943182	0.5413820149253982
18103.91188597794	750	7.613012150432685	0.0	405596	3189.562857698194	0.19790885	0.4539195914356815
18105.54363535237	300	7.5420353572688725	0.0	140881	1070.976793163813	0.6891121	0.18487779876556742
18108.863634760968	750	7.8374219769525535	0.0	386472	3204.613380316319	0.5365624	0.02401424407069913
18110.2886135865	300	7.912625559278282	0.0	157812	924.796417674272	0.665748	0.23516557112602823
18114.3784548324	750	7.822784313377191	0.0	401853	2589.8412459010906	0.6284272	0.08408256549305315
18116.220109730246	750	7.806968748533427	0.0	343800	1515.8155648437644	0.19838642	0.6399628672225772
18120.78031932897	750	7.246759149812792	0.0	359903	4560.209598720635	0.13863188	0.28160264316322475
18122.708317032088	300	7.60078468781357	0.0	153938	1145.9744619992225	0.10693866	0.18303272277649785
18125.640523458493	300	7.530693171571844	0.0	181901	2070.0915162417255	0.21500266	0.5338746279892194
18126.97886054734	300	7.897582063227474	0.0	111155	1133.1111083443695	0.027010228	0.6628861481955307
18129.306432409772	300	7.566409103266174	0.0	153605	831.1729599612979	0.03720889	0.6612041832789771
18132.492859388774	750	7.6063951364983655	0.0	400508	2960.0139667678086	0.63665676	0.02623758529781145
18134.404793484035	300	7.7586345614860805	0.0	157421	1347.7605750122864	0.6398008	0.1780473440630982
18136.796229291183	300	7.825003399036363	0.0	157488	1433.6311624497166	0.15898515	0.6258483625602813
18140.87933781129	300	7.741894878928071	0.0	143881	3083.1085201082915	0.018898457	0.452901335780345
18145.147794883695	300	7.473437806523346	0.0	163444	4268.457072404724	0.004705182	0.30852717738232804
18149.874261790595	300	6.746970899621566	0.0	179328	4726.466906901781	0.004705182	0.1928029153947184
18153.35317248021	300	7.268060210011778	0.0	159914	3478.9106896097887	0.004705182	0.3677139848771148
18155.744853092878	300	7.5395937870372345	0.0	131610	2228.466422974543	0.004705182	0.5188938318307634
18157.662574215246	300	7.842340349201968	0.0	124011	1197.2534378352677	0.004705182	0.6511548364916905
18160.37563154124	300	7.90104555697103	0.0	144254	1441.2947922309377	0.004705182	0.6324011450784977
18161.674805860363	300	7.652339611791517	0.0	149991	1248.705945179514	0.004705182	0.6277217954145266
18164.09574774418	300	7.892102890355061	0.0	147968	1260.2367214364554	0.004705182	0.6496462101713263
18165.214573072943	300	7.823042855162492	0.0	161857	1069.060035192569	0.004705182	0.6621167706745732
18166.56866160646	300	7.575881168190892	0.0	145210	747.161686971601	0.022681473	0.6705170077630048
18168.22703347867	300	7.65015864085764	0.0	172312	925.7225273332526	0.6415305	0.6598102162287083
18171.76187544106	750	7.819062346599783	0.0	398987	2831.0962942578576	0.6873754	0.05959881705782227
18174.932620566793	750	7.640562646301704	0.0	393804	2678.4997002980795	0.6180556	0.5076776742117477
18177.305361415085	300	7.8153149063713006	0.0	137507	1325.247739930403	0.69716716	0.18575417620726803
18178.799403979294	300	7.902040202448086	0.0	118421	913.2747039232137	0.015879288	0.6852988896848131

