3907.4500646053916	750	4.0	1.9680897620528024	450283	1968.0897620528024	0.019220363	0.2992108889109989
3908.2574761242063	300	7.192588481185374	0.0	155580	807.4115188146266	0.11613518	0.3581943897624774
3909.399528482755	300	7.784313042479486	0.0	139857	908.2754387058885	0.016516734	0.8711693610295587
3910.2947011734036	300	7.653615047406744	0.0	155432	630.6979950727406	0.014888151	0.8827895739813264
3910.9589846117424	300	7.533710680810611	0.0	163442	619.9043665961319	0.019730039	0.8690641153682617
3912.0708944762537	300	7.969945274876048	0.0	126289	563.7654059345615	0.024172671	0.9285407310623395
3916.103045771992	300	7.937793979137321	0.0	153295	2532.1512957387267	0.020436473	0.727732360107709
3918.926528015501	300	7.996200844190773	0.0	173849	2441.593134946548	0.014949548	0.7439997835182062
3921.154227647091	300	7.568295549326734	0.0	150710	1927.9052948640378	0.014953981	0.742534282400718
3921.9023644943604	300	7.9941242320548955	0.0	139105	574.1713172718389	0.013880256	0.9304855620137396
3923.086097829468	300	7.839240315200059	0.0	141840	654.8839168548375	0.018229935	0.9032904886258821
3924.191031003969	300	7.681198513376087	0.0	156148	658.0418018239735	0.019509805	0.8834609766028166
3925.177118198875	300	7.941600535511288	0.0	160746	739.597977864798	0.018058565	0.9074576946906349
3926.774519289079	300	7.506144689530346	0.0	179801	935.4558459809444	0.017699378	0.8341053417664477
3929.688752904598	300	7.695000403731818	0.0	140051	1811.1442857985285	0.01582793	0.7698548740036986
3931.8093134758096	300	7.886264792536705	0.0	138313	1308.7356111951124	0.013642912	0.8437115213429233
3934.0687520587658	300	7.917458057366657	0.0	143509	968.8067351700472	0.013503961	0.8815559010111029
3935.516515726103	300	7.978892095091238	0.0	150616	938.5659622754193	0.017255675	0.8921653564310168
3937.0291885457073	300	7.6321545903199315	0.0	165384	846.7375047713069	0.016021755	0.858535859331837
3938.1040327717346	300	7.972700053622637	0.0	140881	659.4545366972952	0.016994074	0.9193119557864218
3940.0176354509613	300	7.938593553924449	0.0	157671	1034.1064996981872	0.016418178	0.8776355647399167
3941.491420623253	300	7.886449143392692	0.0	157812	1052.1444105317569	0.014789146	0.8693934035620184
3943.1855009393207	300	7.92022928513884	0.0	163927	966.2198582538534	0.01368732	0.8821567574957266
3944.1261292294266	300	7.698845440542771	0.0	137654	721.3838445960686	0.015341619	0.8793056721726258
3945.302969924708	300	7.845047277507217	0.0	146754	853.7981630355536	0.016815027	0.8841160607496906
3946.434554359865	300	7.5457763069510655	0.0	153938	799.2709705561523	0.01661036	0.8526172209073316
3949.2852564989344	300	7.776582060317484	0.0	181901	1269.1942466335831	0.016702272	0.8341229210837435
3951.434441537482	300	7.6127434539110945	0.0	111155	1663.838606406388	0.016415622	0.7744290190321313
3952.6103104618614	300	7.727482207792187	0.0	153605	885.2612461189069	0.012310286	0.8664537684404447
3954.2369499480137	300	7.754466318346231	0.0	149029	973.0158894459561	0.014734053	0.861010083844959
3955.7255869974356	300	7.521959615488875	0.0	157421	732.5067028573545	0.014836059	0.8563529552329523
3957.7304944220386	300	7.747571062469367	0.0	157488	1774.3885530195068	0.017027266	0.7800214470573108
3958.577026024215	300	7.944564654172809	0.0	143881	803.0064082965579	0.013236124	0.9014828370474737
3959.6812100515663	300	7.704235280437053	0.0	163444	740.3293737357574	0.014581518	0.8780766130984727
3960.8014287525198	300	7.751053170768382	0.0	179328	953.1821096686708	0.016945155	0.8625720339636058
3962.8212526136244	300	7.779659540858189	0.0	159914	971.3936299101935	0.015909547	0.8642829651641248
3964.447881264463	300	7.9905604120362	0.0	131610	789.0991288219897	0.018377634	0.9085527491852105
3965.434065143574	300	7.781233204488864	0.0	124011	709.3272075473362	0.016360074	0.8906839106585217
3966.171156118439	300	7.731116081838369	0.0	144254	550.1171226504957	0.019080196	0.9004168621655522
3967.5115376626045	300	7.6144122358629724	0.0	149991	1116.7038459753956	0.022183057	0.8293485427743744
3968.9529281117048	300	7.8555558459076895	0.0	147968	758.8563899552825	0.01920496	0.8949077510957612
3969.90901821911	300	7.608777769277691	0.0	161857	746.7780766299978	0.021295268	0.8656454213437121
3970.980298967995	300	7.967793453222639	0.0	145210	640.9843160550528	0.023838181	0.920553150515385
3972.0801444449094	300	7.713018936180696	0.0	172312	754.7745170419448	0.02521284	0.8777166335412632
3973.1284769981735	300	7.966388119984458	0.0	167025	746.6308161962359	0.028298974	0.9098149813186487
3974.119986233676	300	7.831484370767284	0.0	160064	634.9037492171725	0.027495887	0.9043308640972901
3974.7276930712383	300	7.750933733628992	0.0	137507	580.5506371382926	0.035958074	0.8998204340846196
3975.5962125880424	300	7.750251994438782	0.0	118421	500.68173919021064	0.03198568	0.9077231482377864

