22136.485584953796	750	4.0	2.100206826790785	450283	2100.2068267907853	0.10954517	-8.815790751587313
22139.003711059533	750	5.481873894263046	0.0	398865	2518.126105736954	0.4514866	0.31593874895149776
22140.879222587584	750	7.60636236620974	0.0	350812	1875.511528053306	0.24284613	0.5846846749911463
22143.989660921434	1200	7.773065420042652	0.0	617681	2833.2969461670878	0.9341072	0.07902029541429761
22148.17183570255	1850	7.590890638924445	0.0	996749	4182.174781118208	0.49145555	-0.23863597544482296
22152.394740754095	1850	7.367985587379281	0.0	801058	4222.905051545164	0.037735723	0.3858361289443175
22156.46382936674	1850	7.298896974732698	0.0	905515	4069.088612646583	0.0924056	0.39456791410009073
22160.409545988314	1850	7.353180353160399	0.0	1060487	3945.716621572299	0.08398764	0.41212995105452616
22163.897238598383	1850	7.865487743089747	0.0	852833	2987.6926100706523	0.029247956	0.5572425299742884
22167.805148134394	1850	7.6088924167844345	0.0	913888	3256.595326305313	0.014681841	0.5056546619395978
22171.991902894162	1850	7.422137657017952	0.0	939819	4186.7547597664825	0.01572206	0.3946633573466449
22175.859422881345	1850	7.554617669833222	0.0	917428	3867.5199871847303	0.043492444	0.4393381887942266
22180.02139518812	1850	7.392645363060432	0.0	946851	4161.97230677279	0.03982985	0.39430293530202154
22184.48177451225	1850	6.932266038928216	0.0	1036454	4460.379324132216	0.055548392	0.32015019208344964
22187.447748673083	1850	7.966291878097614	0.0	821631	2965.9741608306012	0.06416684	0.5691168892770806
22191.932970558388	1850	7.4810699927928805	0.0	923170	4485.221885304733	0.01939774	0.37048895015199107
22197.190741496215	1850	6.223299054964395	0.0	966699	5257.770937828486	0.06474371	0.17217213996338376
22200.15903810072	1850	7.255002450462062	0.0	885714	2968.2966045023327	0.3225086	0.500422216274667
22203.618548354334	1850	7.79549219684705	0.0	987708	3459.5102536150116	0.022293504	0.5033236134800337
22207.556071796902	1850	7.8579687542797725	0.0	923755	3937.5234425672775	0.015768547	0.4615357353705526
22211.415789509112	1850	7.998251042069243	0.0	891604	3859.7177122105295	0.032437384	0.4828186405700844
22216.11360965682	1850	7.300430894364223	0.0	955231	4697.820147705021	0.03627295	0.33184240212978133
22226.95383330722	1850	4.0	3.5397927560337883	968026	10840.223650398011	0.07909929	-15.821177083208202
22229.16862382032	300	5.78520948689926	0.0	137654	2214.79051310074	0.18848616	-1.1986000916096
22231.561802219163	300	7.3920310880565445	0.0	146754	2393.178398842715	0.43253732	0.4882195540972732
22234.214470015253	300	7.649681437395429	0.0	153938	2242.3496506611164	0.6968569	0.5281015725117247
22237.90865507921	750	7.527747921133179	0.0	425781	3121.93351626225	0.6628288	0.002475745066650048
22240.325641142197	750	7.560380667984439	0.0	277716	1467.367253148742	0.16013063	0.6210733109388529
22244.74985152542	1200	7.136170284764425	0.0	622896	4424.210383220013	0.44246292	-0.1413729403942735
22248.014840239844	1200	7.87118157033896	0.0	641447	2764.988714425465	0.6963034	0.5452949113353237
22252.181582102694	1850	7.704439707490827	0.0	873429	4166.741862848134	0.595583	-0.2261634546692488
22255.82178024143	1850	7.502120523289536	0.0	954453	3202.3191842012916	0.12007635	0.5008053581267091
22259.009607005228	1850	7.65714667115776	0.0	885062	2844.9738521317754	0.01810343	0.5514613370527481
22262.78665698109	1850	7.865048053058821	0.0	1035329	3292.098618098938	0.009815724	0.5267596084983353
22266.55949191654	1850	7.501106316717574	0.0	1026056	3363.941736341247	0.0074169924	0.4845454843592014
22270.54064273933	1850	7.519955493924157	0.0	943942	3981.150822793418	0.007939763	0.42463883078259734
22273.971152370108	1850	7.729722632487493	0.0	728962	3290.2328614366643	0.020628553	0.5139209561934455
22278.30638785421	1850	7.394487148385946	0.0	938587	4335.235484101548	0.0335194	0.3771538915331756
22281.90091889129	1850	7.799956111303718	0.0	908665	3594.531037082228	0.055684756	0.4902511920536171
22285.744247186783	1850	7.956627815808092	0.0	930577	3843.3282954956258	0.024552181	0.4804512986574856
22289.750791080103	1850	7.9500839224906	0.0	858450	4006.5438933174923	0.027989548	0.463499881588182
22293.561598730066	1850	7.644637870676804	0.0	1025005	3805.4460518137957	0.05103989	0.45421013059611093
22297.10670761148	1850	7.61976419554157	0.0	886255	3024.8736751352344	0.023654182	0.5298732483140854
22301.520459433566	1850	7.20601237345891	0.0	973972	4413.751822082659	0.01298808	0.3511613430431669
22305.081054856593	1850	7.645416950432616	0.0	958994	3560.5954230262946	0.04710047	0.4787701808008512
22308.83394384651	1850	7.892527960519528	0.0	982064	3752.8889899130886	0.020464886	0.4833255441371765
22313.068674483617	1850	7.657797323411852	0.0	830730	4234.730637107676	0.017944917	0.41254828458583054
22317.00800994681	1200	7.574230659519832	0.0	550906	3583.5666638920216	0.06669201	-0.215144751624898

