10222.037405725177	750	4.0	6.865112348267744	450283	6865.112348267744	0.34550285	-29.781375046085934
10224.097981642743	300	5.939424082436076	0.0	155580	2060.575917563924	0.04190629	-0.06833529918571399
10226.381535847027	300	7.655869878150015	0.0	139857	1783.5542042860604	0.12845416	0.5745767617167767
10229.151548840637	300	7.835484621153693	0.0	155432	1820.3852569963224	0.6211067	0.5881817828355989
10230.95621466209	300	7.777965664583729	0.0	163442	1557.5189565699638	0.6948173	0.6089321468993703
10234.404358376605	750	7.90746722071787	0.0	318564	3370.49844386586	0.6522996	0.014167673299494754
10238.529367036019	750	7.782458561305239	0.0	352642	4125.0086594126315	0.09838784	0.37668442394653023
10244.717348445838	750	5.594477151485475	0.0	437162	6187.981409819763	0.13670701	-0.04020858794206639
10250.465597374088	750	4.0	0.15377177676435894	374758	5748.2489282498345	0.45351034	-0.8109242466195856
10253.993089578878	300	4.472507795211339	0.0	139105	3527.4922047886607	0.084730014	-0.3562193141943687
10258.75071379881	300	4.0	0.2851164247200404	141840	4757.624219931379	0.007686147	-1.3007125628318392
10264.695035819781	300	4.0	1.944322020969501	156148	5944.322020969501	0.004781029	-8.553966406808332
10270.547844813096	300	4.0	1.8528089933158116	160746	5852.808993315812	0.004705182	-8.151309085132098
10276.61132365135	300	4.0	2.0634788382552642	179801	6063.478838255264	0.004705182	-9.078256402865689
10280.393973150787	300	4.217350500562752	0.0	140051	3782.6494994372474	0.004705182	0.043705772136799825
10284.785871910866	300	4.0	0.17454825951573275	138313	4391.898760078485	0.004705182	-0.7886969064680269
10289.586852729182	300	4.0	0.8009808183171845	143509	4800.9808183171845	0.004705182	-3.52326511513814
10292.864255310118	300	4.722597419064923	0.0	150616	3277.4025809350774	0.004705182	0.14286106323002057
10295.567214237635	300	6.019638491547378	0.0	165384	2702.958927517545	0.004705182	0.32514712930812195
10298.240441943797	300	7.346410785386654	0.0	140881	2673.2277061607238	0.008449071	0.455823616562183
10301.26964014373	300	7.9486760947886665	0.0	157671	2897.734690597987	0.014929024	0.49134164949898673
10305.886549639745	300	7.331766598774256	0.0	157812	4616.909496014411	0.027977103	0.26004591770779956
10310.124061866572	300	7.094254371947691	0.0	163927	4237.512226826565	0.01106686	0.2751248185727455
10313.60209624237	300	7.61621999614907	0.0	137654	3478.034375798621	0.0073524583	0.40131239764481774
10317.5440309007	300	7.67428533781937	0.0	146754	3941.9346583296997	0.009059573	0.36051122556731535
10320.455628168485	300	7.846413837078982	0.0	153938	2827.871500740388	0.0083549	0.4884851081124215
10321.825522849162	300	7.508329408765534	0.0	181901	838.0844283134484	0.014172178	0.6549227987916653
10322.62672475561	750	7.82363347222127	0.0	277716	684.6959365442644	0.13411227	0.274678828947882
10325.084876263913	1850	7.6778107600217576	0.0	972798	2145.8227121995137	0.08557156	-0.4766346065429648
10328.535738463568	2850	7.813544063246019	0.0	1561263	3364.266696775738	0.63756907	-0.4319282937761588
10331.954070299136	2850	7.792675839401985	0.0	1341201	3020.868223844034	0.15935314	0.6004029628784362
10335.371053605071	2850	7.592916016296578	0.0	1497683	3199.7598231054076	0.16173935	0.5632866893439836
10338.387943758375	2850	7.813082647558664	0.0	1358081	2779.833368737915	0.18832374	0.626470627234984
10341.86022152613	2850	7.875472184963961	0.0	1587293	3437.610462594702	0.08752512	0.5666979828569416
10345.687362789617	2850	7.719235176802509	0.0	1492672	3656.2370081614513	0.20981385	0.529797335879947
10348.224108916882	1850	7.811314298330243	0.0	943942	2407.9208784722678	0.46945333	-0.3899945534703915
10350.016433495082	1850	7.654564667127688	0.0	728962	1656.7496312025532	0.014753897	0.6700352382767009
10352.296702263471	1850	7.582217717931548	0.0	938587	2072.3469491961414	0.06228529	0.621512029088422
10354.281903308613	1850	7.663578095457335	0.0	908665	1918.6396224742125	0.13468933	0.6447137920327946
10356.92043616741	1850	7.707592382393046	0.0	930577	2455.985713064289	0.5562202	0.5952156089084222
10359.075123121178	1850	7.66152249737537	0.0	858450	2046.069885017676	0.0119211	0.6317729120897508
10361.841911652036	1850	7.572436737821757	0.0	1025005	2589.085759553612	0.039347783	0.568896717424393
10363.75350372066	1850	7.7154921606616735	0.0	886255	1856.9445771600842	0.013456821	0.6558800852779549
10368.655111298644	2850	6.813884582678765	0.0	1587250	4901.607577982909	0.60792834	-0.6818807610669144
10372.344442468459	1850	7.124553412863608	0.0	958994	3689.3311698151565	0.004705182	-0.5842371107365235
10377.104863180975	1850	6.364132700347432	0.0	982064	4760.420712516176	0.0067994962	0.2354625634634271
10381.825426785741	1850	5.643569095581581	0.0	830730	4720.563604765852	0.030972108	0.17009319534684686
10385.653943983412	1850	5.815051897910523	0.0	846370	3828.5171976710576	0.36088866	0.2758032537674294

