7742.475059412824	750	4.0	2.009934342455404	450283	2009.9343424554038	0.014644567	0.2950264308707387
7743.305677679761	300	7.169381733062442	0.0	155580	830.6182669375579	0.11155115	0.35300833337654014
7746.500955002112	300	7.552019443338433	0.0	139857	1117.362289724009	0.016159322	0.8215789409802925
7750.318361753594	300	7.734612691856608	0.0	155432	3317.406751481826	0.0132336095	0.6241196324086377
7752.2570914173275	300	7.587908794939216	0.0	163442	1146.7038969173914	0.008872391	0.8230761071414879
7753.733046816704	300	7.905943907159505	0.0	126289	681.9648877797115	0.013430474	0.9088184116032471
7755.044750942436	300	7.642087066691381	0.0	153295	763.8568404681232	0.013975031	0.8680503076155993
7756.143335554752	300	7.876718474715203	0.0	173849	765.36859197618	0.0160778	0.8968695211460627
7757.500528464609	300	7.694730034707408	0.0	150710	681.988440007794	0.018716289	0.8827370756022475
7758.592322473672	300	7.991435222199996	0.0	139105	703.2948125074122	0.017392246	0.9172411953006665
7759.796888036848	300	7.833402000739385	0.0	141840	658.033221460612	0.018474244	0.9022546903130688
7760.679155342539	300	7.6105345330522685	0.0	156148	722.8674676871159	0.018403798	0.8682533932210581
7762.2027417512145	300	7.888441247716286	0.0	160746	722.0932853359826	0.021847047	0.9026444850123295
7763.423698554909	300	7.568709474289026	0.0	179801	819.7317734272607	0.02309583	0.8534027426511213
7764.534185827165	300	7.999078281794045	0.0	140051	569.63119249498	0.024198242	0.9315512604873383
7766.009087396553	300	7.892055632331161	0.0	138313	607.0226494628837	0.025122166	0.9145978235805485
7767.339037209804	300	7.741020190417244	0.0	143509	651.0354419139169	0.024401497	0.8915479094670513
7769.0320574400785	300	7.938967265749125	0.0	150616	802.0529246681202	0.02393328	0.9008870651566399
7770.421779766153	300	7.969589688764918	0.0	165384	969.3775769842063	0.022120588	0.8879356090601753
7772.743185623449	300	7.969059144162353	0.0	140881	1000.530544602565	0.020804642	0.8847548049415942
7774.719890287452	300	7.89614442560787	0.0	157671	1572.9147185544825	0.019216988	0.8185134677970812
7776.626254058866	300	7.8648575030744	0.0	157812	1531.2869225334703	0.016256705	0.8188131912377354
7777.885728484701	300	7.992658728897524	0.0	163927	872.1987741768746	0.015137183	0.9005018678456206
7779.293065888236	300	7.667627876808445	0.0	137654	825.0308520890802	0.016484767	0.8650864791254568
7780.862141371568	300	7.8192434728657085	0.0	146754	848.3844039427372	0.015250134	0.8814713915501089
7782.649475804127	300	7.695921724781578	0.0	153938	1123.3217480841304	0.014778469	0.8387508850471788
7784.240831098615	300	7.612250496024475	0.0	181901	1083.6712287571027	0.012950117	0.8323848903440171
7785.770437839724	300	7.931289163185527	0.0	111155	680.9613328389468	0.014265889	0.9120481943316586
7787.072920737547	300	7.769370318409136	0.0	153605	1161.9188447763927	0.01408195	0.8439600137035824
7788.27936940906	300	7.826428004175839	0.0	149029	942.9423142332951	0.013387066	0.8729026883423311
7789.105061503013	300	7.610335154839009	0.0	157421	716.0928493368308	0.015483845	0.8689062374467846
7791.1420150948525	300	7.8066580292276155	0.0	157488	803.6771256113927	0.017031115	0.884388170587587
7791.951839071243	300	7.583384293146039	0.0	143881	723.273736081577	0.01735831	0.8648604743355561
7793.440062308585	300	7.757547756129523	0.0	163444	825.8365370165162	0.017394068	0.8761084901042558
7796.03228835735	300	7.7726280629097415	0.0	179328	1484.9196932197808	0.018034995	0.8120621688031697
7797.825329891857	300	7.764760473429127	0.0	159914	1007.8675894806152	0.016494464	0.8587959528571499
7798.737386666393	300	7.516319077674075	0.0	131610	748.4413957550515	0.017680997	0.8540630379516606
7799.888547487914	300	7.767546323304272	0.0	124011	748.7727543698026	0.018083302	0.8850494105802531
7802.388264212178	300	7.9438819802480065	0.0	144254	1323.6643430562642	0.01874648	0.8493327525163938
7805.221451543805	300	7.670314533538016	0.0	149991	1773.5674467099911	0.016267449	0.7705645463079969
7808.261620602472	300	7.810040023162706	0.0	147968	2360.2745103753086	0.014090837	0.7291460133704245
7809.84196652365	300	7.719814312720329	0.0	161857	1090.225710442376	0.011992748	0.8450105523387262
7811.744671343336	300	7.84352201324449	0.0	145210	876.2922994758396	0.01362355	0.8816783198100753
7814.198453544144	300	7.5098371299463	0.0	172312	1333.6848832981893	0.01506176	0.7947383507146735
7815.603031631279	300	7.6675967786338735	0.0	167025	1342.240351312427	0.014178735	0.8133616894520325
7817.045440258355	300	7.652561247006677	0.0	160064	1015.0355316271958	0.013597336	0.8442257055750915
7819.046919485397	300	7.685508195709896	0.0	137507	1467.053051296782	0.014087507	0.8030919763755586
7821.274492534108	300	7.978934825727432	0.0	118421	1706.573369982462	0.012858003	0.8153698916936858

