5717.723443507992	750	4.0	4.799754461958953	450283	4799.754461958953	0.004749522	-0.1427661438703139
5719.145433735771	300	6.578009772220171	0.0	155580	1421.9902277798294	0.0964519	-0.1461896910839897
5721.451195879621	300	7.87600108330937	0.0	139857	1202.0086889108015	0.007190454	0.406932919745988
5723.377161934432	300	7.734894845379334	0.0	155432	1641.1062379300347	0.007860665	0.3542040249734375
5727.148288332852	300	7.9317614544594015	0.0	163442	1803.1333909199325	0.009346992	0.35030547274195184
5731.116289000678	300	7.963760786632671	0.0	126289	2968.000667826731	0.0067983493	0.23581870331210136
5735.355515707874	300	7.724534079437273	0.0	153295	3739.226707195398	0.005553859	0.1437444301755223
5739.330321995086	300	7.749727792224994	0.0	173849	3474.8062872122787	0.00531622	0.17176107922306683
5741.8682673021	300	7.775768468834801	0.0	150710	2473.9593233901933	0.005596468	0.2734733178933883
5743.670762301273	300	7.916514032560804	0.0	139105	1359.2544362739975	0.0053968485	0.39374040433788304
5747.606334414102	300	7.845348290995276	0.0	141840	2071.1657415655277	0.005936807	0.31810141496088457
5751.0183507442935	300	7.956543263831525	0.0	156148	2388.8050271637508	0.0051524974	0.2932871722033278
5755.332536749435	300	7.642357258688697	0.0	160746	3314.1860051428284	0.004969223	0.18111244908399327
5759.34722278682	300	7.6276712213048246	0.0	179801	3514.686037383872	0.004837416	0.1601445685233968
5763.017790884078	300	7.957103124047181	0.0	140051	2670.5680972576447	0.0050498834	0.26514585645741684
5767.395331864282	300	7.579562143843254	0.0	138313	2877.5409802039258	0.0049248403	0.22085225690004334
5769.833160615572	300	7.845743994006009	0.0	143509	2233.818149837245	0.004828516	0.30186090557188355
5773.757380335984	300	7.71563941547626	0.0	150616	2630.104578529749	0.004858507	0.2541007265445239
5776.775994614708	300	7.648389885205343	0.0	165384	2567.249530270917	0.004750833	0.25618313572847473
5778.908265523332	300	7.517936805120383	0.0	140881	1630.4530800849589	0.0047643017	0.3417094632417606
5781.421050968844	300	7.837453006133901	0.0	157671	1680.4837989864827	0.0049372194	0.3566761539149531
5783.61168306623	300	7.663287737802849	0.0	157812	2174.165268331052	0.005148652	0.2964226777098054
5785.519535594246	300	7.807594883572836	0.0	163927	1855.6928542300143	0.0050940076	0.33728911573053333
5787.580649346095	300	7.663117820692041	0.0	137654	1644.4770628807958	0.005181891	0.34938087843540555
5789.544739356238	300	7.919391212553324	0.0	146754	1743.7266081387174	0.005345811	0.3554730109009436
5791.587105985604	300	7.828389613173693	0.0	153938	1591.001599379631	0.0055643898	0.3650579118156252
5793.429818418208	300	7.627715878264114	0.0	181901	1700.6737349095781	0.0056913644	0.34154858983078185
5796.206439395114	300	7.825424686658477	0.0	111155	1802.2911916056391	0.006276151	0.3437436446858234
5800.066237624977	300	7.965626456795568	0.0	153605	3359.798229862908	0.0054261163	0.19675555149366475
5802.535103419545	300	7.833257552593377	0.0	149029	2132.36890420219	0.0050492203	0.3112254275470996
5806.644546388201	300	7.571784594447267	0.0	157421	3261.4729581461106	0.005153084	0.18197296226857562
5810.370293001873	300	7.846037980775915	0.0	157488	2225.746613671352	0.004977975	0.30268643336159196
5812.287169871692	300	7.9594578674578385	0.0	143881	1886.5801133180755	0.005076766	0.3436918263145399
5813.834520869942	300	7.5459307370829425	0.0	163444	1413.5271303748957	0.00484794	0.36515167896042683
5816.291006762007	300	7.614599705988771	0.0	179328	2431.3310310941715	0.0055150236	0.2676630994451136
5819.776292138427	300	7.964534452763717	0.0	159914	3150.0652532250524	0.005061961	0.21766059890545952
5822.144863514733	300	7.942858793209092	0.0	131610	1521.675659554624	0.004827462	0.3791448295503384
5826.38623847309	300	7.7014838348513805	0.0	124011	2241.3749583577114	0.0050295023	0.29208896477267265
5830.554696970408	300	7.533025337534073	0.0	144254	2668.4584973173087	0.0051305345	0.23885195479438126
5833.292923412838	300	7.80727669303135	0.0	149991	2725.748644502723	0.0051884577	0.2502636497944197
5836.518354049665	300	7.925800259081745	0.0	147968	1881.4764339496055	0.004959802	0.34209859372788104
5840.66292558602	300	7.781228722727314	0.0	161857	2644.571536354431	0.0054591065	0.2567533624652466
5843.363757605996	300	7.73007557285493	0.0	145210	1551.1531498723837	0.0056194216	0.36289812924642734
5844.737273810011	300	7.608156996399215	0.0	172312	1121.9185764557149	0.0059981383	0.39820167555961195
5846.875085206839	300	7.790050073765524	0.0	167025	1318.1069226336924	0.009191123	0.38995115827720855
5850.0150070230275	300	7.719941397768216	0.0	160064	1570.108675997308	0.010118646	0.36036919069101525
5851.303767865867	300	7.7454674989442065	0.0	137507	974.4738988240099	0.01006131	0.42152804973184443
5852.59722979218	300	7.800880045794998	0.0	118421	944.5874531492069	0.01331229	0.42797997847749925

