14735.841251149062	750	4.0	6.212365695121308	450283	6212.365695121308	0.023925336	-0.2712365695121308
14737.348340403076	300	6.492910745984942	0.0	155580	1507.089254015058	0.33647853	-0.19490200377744696
14739.917887903674	300	7.923363245387267	0.0	139857	1569.547500597674	0.017692622	0.3382554527769368
14743.995224358969	300	7.846026790092508	0.0	155432	3077.3364552947583	0.01111266	0.18264302885130596
14745.876661834507	300	7.513477504837918	0.0	163442	1832.5492852545906	0.00941533	0.28633741552691083
14748.554922717654	300	7.94379112500476	0.0	126289	2069.686379833158	0.0088241715	0.28951830732948175
14751.387850936995	300	7.521614286092734	0.0	153295	1922.1768389120264	0.0074707135	0.27788320898959323
14753.9053769577	300	7.9432269516549825	0.0	173849	2078.3873344377507	0.00793857	0.28861295103466134
14755.9165229394	300	7.967223327787924	0.0	150710	976.0036238670581	0.007913102	0.40035109560003945
14757.20912104673	300	7.843495410089765	0.0	139105	1123.7279176981592	0.011731777	0.3778456713607944
14761.244005776942	300	7.808610679877748	0.0	141840	3034.8847302120175	0.012047873	0.1845496944711575
14765.298301635818	300	7.7543148210024375	0.0	156148	2554.295858875309	0.008171993	0.22921509042512145
14768.366629772709	300	7.659176208665966	0.0	160746	2595.138612336472	0.007842519	0.2191846518079757
14772.557938025686	300	7.4678679556890915	0.0	179801	4191.308252976874	0.007492928	0.0476109219328808
14776.222675850999	300	7.803130130375607	0.0	140051	3664.7378253134852	0.0071781133	0.12122185061712687
14780.171372759753	300	7.854433221621497	0.0	138313	3448.6969087541083	0.006183347	0.14603238547593272
14784.176788036155	300	7.849017945219777	0.0	143509	4005.4152764017194	0.00592809	0.09002209393606414
14787.425163112115	300	7.7665043250901	0.0	150616	3082.5136201296764	0.005758643	0.1771551583051636
14790.080501219234	300	7.8117659231463	0.0	165384	1454.7384019437984	0.00550598	0.34276153000226395
14791.720874303994	300	7.966879314453774	0.0	140881	1344.8866086925268	0.00601265	0.36344129628410815
14794.196086385187	300	7.97201650234015	0.0	157671	1494.8628121136253	0.006525767	0.34876475018489683
14796.712618262489	300	7.608925131479824	0.0	157812	1363.0913708603246	0.0069917785	0.33924868363145655
14798.355233510429	300	7.639337817930007	0.0	163927	1469.5873135498168	0.007658082	0.33049988226564375
14800.136072927202	300	7.810432062439769	0.0	137654	1328.905755490238	0.008833868	0.35526142835346175
14803.972436247146	300	7.768217171107828	0.0	146754	2542.214891331942	0.009017821	0.23129208406104507
14807.914471999931	300	7.826181418322403	0.0	153938	3442.035752785425	0.007847849	0.1449327633666077
14813.213012460947	300	6.527640957307338	0.0	181901	5298.540461015065	0.0073339497	-0.12187648626979791
14816.645454865076	300	7.095198553178272	0.0	111155	3432.4424041290654	0.0070938035	0.10020566916073548
14821.756346085529	300	5.984307332723549	0.0	153605	5110.891220454722	0.0060254866	-0.13706991375025046
14826.102769008992	300	5.6378844092614	0.0	149029	4346.422923462149	0.00591927	-0.08227451676737735
14830.224940653818	300	5.515712764436429	0.0	157421	4122.171644824972	0.005630361	-0.06748511670522034
14833.10081073547	300	6.6398426827839225	0.0	157488	2875.870081652507	0.0053992644	0.12740315950874448
14835.807134528213	300	7.9335188900390134	0.0	143881	2206.323792744908	0.005195963	0.27521255135294753
14839.066448861398	300	7.888285073488687	0.0	163444	2545.233816550326	0.005324822	0.2384944354380103
14843.032696799022	300	7.922037135863898	0.0	179328	2966.2479376247875	0.00554776	0.1985025272290149
14847.201587335378	300	7.75314659950901	0.0	159914	3168.890536354889	0.005724998	0.16768260883382424
14849.4345431024	300	7.666278235304486	0.0	131610	2086.8683642045235	0.005819463	0.27045555328607807
14851.671336986068	300	7.965924985378157	0.0	124011	1700.3532499263295	0.0060157906	0.32783498659350185
14855.901041572914	300	7.736220398532787	0.0	144254	3729.70458684537	0.006333564	0.11054331622376218
14859.826585206985	300	7.810676764461255	0.0	149991	2425.5436340715314	0.006371837	0.2456129343716753
14863.697887551994	300	7.939374419451064	0.0	147968	2371.3023450101923	0.0068169646	0.2590806667146722
14866.376682726572	300	7.566472460498166	0.0	161857	1372.901958952898	0.007417737	0.3356143328858456
14868.617290017328	300	7.88911546593175	0.0	145210	1677.3569945664149	0.013799983	0.32533401716409294
14870.534501130198	300	7.932135048091262	0.0	172312	1456.9804178404872	0.014445297	0.3500603987216552
14874.949194664716	300	7.517441513572463	0.0	167025	2414.6935345188003	0.022647213	0.22837074114639885
14877.750926030696	300	7.829037964356867	0.0	160064	2688.4035492155967	0.023788113	0.2204745178507445
14879.831815170393	300	7.970257264889902	0.0	137507	1358.780699466964	0.020234648	0.3622630091089225
14881.492158556002	300	7.506139749201737	0.0	118421	964.1175156881651	0.032835506	0.3727219827562921

