6559.57884651159	750	4.0	4.717391294739914	450283	4717.391294739914	0.03197732	-0.13452982714841005
6561.033776648119	300	6.545069863471299	0.0	155580	1454.9301365287008	0.09837693	-0.15154242625568137
6562.717861911604	300	7.794187947363007	0.0	139857	1250.881916108293	0.0071356874	0.39693227602959114
6564.821253985843	300	7.98909351718201	0.0	155432	1805.094430180997	0.007646215	0.35369262273600843
6567.272887886496	300	7.507425379334589	0.0	163442	1981.6681378474207	0.008706864	0.30593099335390234
6570.608339727129	300	7.82968241672096	0.0	126289	1677.7429626136288	0.006447971	0.35646457571392964
6572.560647187498	300	7.692383077845772	0.0	153295	1637.299338875187	0.0060425773	0.35192772940807454
6575.011781042866	300	7.589320206159406	0.0	173849	1603.0628716863678	0.006677244	0.34890994664655867
6576.855719136169	300	7.596386608447614	0.0	150710	1492.9335977117914	0.008504392	0.3603645241870293
6579.393317283318	300	7.523089844619444	0.0	139105	1573.29676382817	0.007653343	0.3477471598361308
6580.970474426302	300	7.596661921887298	0.0	141840	1426.4279227321451	0.0071808747	0.3670322987749741
6584.526798971812	300	7.918864316508491	0.0	156148	1677.7976053788082	0.007213344	0.36203298017413243
6586.281498990923	300	7.785777805618789	0.0	160746	1633.0865108897024	0.007180914	0.35818618269243657
6588.907392678472	300	7.963637625354732	0.0	179801	1822.1401802640567	0.0070859524	0.35039705448849756
6593.117593733086	300	7.745413827840392	0.0	140051	2218.2237975143403	0.0073234495	0.297149705418823
6597.356731664107	300	7.506275896819631	0.0	138313	3239.1379310207617	0.0062526613	0.18011217137938323
6600.330917903137	300	7.8647404333652355	0.0	143509	2141.5354634543946	0.005416675	0.3122764516701203
6604.453379083736	300	7.742279252765822	0.0	150616	2622.461180599414	0.0053137466	0.256530056168155
6607.332934018112	300	7.760057706414986	0.0	165384	2482.2215463508364	0.005176828	0.2716651729460855
6609.681242342658	300	7.659570319254431	0.0	140881	2100.487387160554	0.0051822737	0.3035581271675791
6612.056124464104	300	7.831039703374229	0.0	157671	1328.5306158802034	0.0049340813	0.39147064080310146
6613.560740212241	300	7.95190756778811	0.0	157812	1379.1321355861187	0.0055384533	0.39396473035837754
6616.462870135669	300	7.528584407550203	0.0	163927	1423.3231602379083	0.0058678556	0.3630879303783294
6619.042474269388	300	7.623185784285975	0.0	137654	1905.3986232642274	0.006045038	0.3207929701216833
6620.631505573062	300	7.70577281137574	0.0	146754	1417.4129729102358	0.005549602	0.37475322435019276
6623.0724913277145	300	7.766089113731892	0.0	153938	1439.683697643848	0.0061076586	0.37629592077409096
6626.05869284634	300	7.783639454422862	0.0	181901	2482.4496593090303	0.006695437	0.2731162209007584
6628.202197014164	300	7.8887632141697	0.0	111155	1394.876240253163	0.006237299	0.38844379779052246
6629.594884021856	300	7.601733722109055	0.0	153605	1287.0294920606443	0.0057956693	0.381289129355984
6631.799883995856	300	7.502062502424295	0.0	149029	1599.6712196847607	0.0066396734	0.34379550536327486
6635.488825148368	300	7.813121349911886	0.0	157421	2188.9411525124087	0.0068034385	0.30430969004848457
6637.022283191538	300	7.978527291240788	0.0	157488	1334.594058671098	0.0055499263	0.40008227076567193
6639.576420492717	300	7.760890632900798	0.0	143881	1217.636658339988	0.006348652	0.3981757196525336
6641.404179147631	300	7.720261631363718	0.0	163444	1540.6290015370819	0.0069969757	0.3633371727367567
6643.908062109585	300	7.8768849250743	0.0	179328	1843.3767062894178	0.006819493	0.3428513581184345
6647.879021596623	300	7.905925438037262	0.0	159914	1970.9594870370383	0.006280971	0.3319081121038576
6651.134238787898	300	7.749049727750844	0.0	131610	2156.8757102864183	0.0062602386	0.3035117578860184
6652.939312521937	300	7.5706836347261435	0.0	124011	1678.3660930247001	0.0056938715	0.3402148387981465
6654.794516596034	300	7.841435370684793	0.0	144254	1229.248264041351	0.0057785646	0.402048605193897
6656.524622796211	300	7.629360170623778	0.0	149991	1212.075200061014	0.007288575	0.39051121158811725
6658.062388900619	300	7.784492661477769	0.0	147968	1344.8675091460093	0.008314775	0.3869277613579921
6660.609192129348	300	7.682540354243731	0.0	161857	1601.952307234037	0.007884602	0.354847262347062
6663.394264527565	300	7.692429525383595	0.0	145210	1490.1108288601354	0.008192141	0.36664948338069364
6665.830541884993	300	7.641771693347793	0.0	172312	1550.6578320358026	0.008810221	0.35742866856088934
6667.541110683483	300	7.594297027798933	0.0	167025	1547.4746655488602	0.010591403	0.35477981861277985
6669.603114709197	300	7.93484212441196	0.0	160064	1659.454903386973	0.011472564	0.36486586336728266
6671.667336924443	300	7.954005563953284	0.0	137507	1480.8365604586756	0.01199737	0.3839254126314452
6673.90190892234	300	7.513412344398261	0.0	118421	1440.5932195550238	0.012034827	0.3604126704996215

