8743.072365259475	750	4.0	1.26305294249572	450283	1263.05294249572	0.019728754	0.307094705750428
8744.06474940746	750	7.00761585201587	0.0	398865	992.3841479841305	0.8789919	0.6266522268101302
8745.49041028082	750	7.522503989186353	0.0	350812	985.1118628295166	0.86771	0.6774523266654212
8746.50625690635	300	7.7848550958556775	0.0	155432	737.6488933306753	0.83595896	0.2333122687388971
8747.772590620341	300	7.645787085881039	0.0	163442	639.0680099746388	0.19364849	0.679645993104467
8748.878339914678	300	7.591545314569666	0.0	126289	554.2417713113731	0.20056361	0.6828536047107627
8749.665713787343	300	7.50861218745035	0.0	153295	582.9331271193171	0.14562175	0.6719192225176148
8750.475360412744	300	7.816009223672598	0.0	173849	692.6029637777524	0.12968841	0.690846600624385
8751.915222014228	300	7.579600287092257	0.0	150710	736.408936580342	0.14229153	0.6634752342616879
8753.000516085893	300	7.738679569411764	0.0	139105	840.9207176804932	0.12921447	0.6684945163572448
8754.310394958196	300	7.570926781651597	0.0	141840	667.7527877601669	0.10864076	0.6694973507396011
8755.63628288622	300	7.824045850362221	0.0	156148	746.8809312893762	0.10655124	0.6862003658187884
8757.720144280342	300	7.681618627817781	0.0	160746	642.4272225444392	0.10452538	0.6827946893008353
8758.896290217781	300	7.979262787836761	0.0	179801	702.3558399810196	0.10789496	0.705747722119023
8759.865481045294	300	7.921562441860329	0.0	140051	557.7003459764314	0.11741279	0.7146019128732739
8760.566298109048	300	7.891899122149505	0.0	138313	529.6633197108233	0.11307287	0.714520857657957
8761.625465164469	300	7.742892504612877	0.0	143509	649.0066175366281	0.11543895	0.6880956343199395
8762.718184498946	300	7.941612980014284	0.0	150616	801.2795245985927	0.10093625	0.6921939098465298
8763.392029060178	300	7.820410618639562	0.0	165384	621.2023613747225	0.088382296	0.6984146965252251
8764.227121412849	300	7.799185628081299	0.0	140881	521.2249905582628	0.10388551	0.7063483032750801
8765.740276185921	300	7.664541917802817	0.0	157671	634.6437102784822	0.10719161	0.6819123304784758
8767.232109466247	300	7.662880718435581	0.0	157812	1001.6611993672357	0.099382006	0.6450490299311367
8768.556972932058	300	7.915535064160967	0.0	163927	747.3456542746135	0.07965025	0.6950512195621927
8769.681714971832	300	7.826922973891076	0.0	137654	588.6120902698917	0.08731925	0.7023070501839179
8771.585109035022	300	7.968290926597432	0.0	146754	858.632047293644	0.08417224	0.689053087882236
8772.519300557882	300	7.633576149266744	0.0	153938	834.714777330688	0.06745617	0.658893802783122
8774.690351903382	300	7.757788896980793	0.0	181901	875.7872522859503	0.07034718	0.6668662450027871
8775.221381239642	300	7.844906280109546	0.0	111155	412.8826168712487	0.077346995	0.7216288740535285
8776.83511488565	300	7.917112711799151	0.0	153605	927.7935683103952	0.0847306	0.6771598543914279
8778.347725704301	300	7.668777384321928	0.0	149029	748.3353274772239	0.06374396	0.6709550678775851
8779.626657064819	300	7.8114495071510825	0.0	157421	857.3278771708457	0.0704695	0.6739306768533582
8780.778282118603	300	7.516438616930267	0.0	157488	795.0108902208162	0.07284478	0.6514725664743868
8781.822444082798	300	7.957664764115356	0.0	143881	558.7738528149115	0.06849984	0.7180055130287273
8783.092502869951	300	7.770329431229069	0.0	163444	687.3353328862871	0.0844098	0.6869310038983982
8783.931593374751	300	7.997145886961204	0.0	179328	773.183544267867	0.08813758	0.7004040830801904
8784.81422173537	300	7.768785215418138	0.0	159914	728.3606715430642	0.096498325	0.6826782950451075
8786.415821902641	300	7.715119014321732	0.0	131610	1053.6662010964067	0.09116016	0.6449287040331477
8787.763825037136	300	7.60508435416163	0.0	124011	610.0346601601022	0.07092324	0.6785909874262084
8788.524481113196	300	7.9937406102989295	0.0	144254	611.3437438627011	0.07969406	0.7162568999653008
8789.476814148118	300	7.777230282935332	0.0	149991	716.5103273635981	0.09477952	0.6846846122791013
8790.298412752081	300	7.964342315734935	0.0	147968	312.8879672003965	0.09411086	0.7432434934851828
8791.29771544594	300	7.844046248684753	0.0	161857	620.2960670501807	0.21952248	0.7008038909795742
8792.001343326418	300	7.801735588352432	0.0	145210	542.3106603323213	0.150661	0.7044877199340419
8792.783098095359	300	7.756516880952795	0.0	172312	545.2187073996374	0.14348134	0.6997993959326956
8794.040411415763	300	7.9561282515221174	0.0	167025	800.3886294306776	0.18619712	0.6936946095174582
8795.318331610613	300	7.6956304375842555	0.0	160064	760.4978139378622	0.141502	0.6723502786612826
8796.214746227375	300	7.726134310158832	0.0	137507	469.4961274254241	0.121430755	0.7044169489204041
8797.413335665258	300	7.625298883385647	0.0	118421	600.835426773185	0.15662564	0.6814767737319357

