9751.866537461121	750	4.0	2.1451274043719923	450283	2145.1274043719923	0.058419064	-9.049629234148405
9752.433116651457	300	7.433420809663336	0.0	155580	566.5791903366634	0.22977594	-0.3802325581395349
9756.213818892547	750	7.652718568571982	0.0	350812	2780.702241091355	0.365766	-0.2755813953488372
9761.98466643106	750	5.881871030060517	0.0	382355	5770.847538511464	0.17752396	0.1744186046511628
9763.538217369807	300	7.856723800292488	0.0	163442	1525.1472297680295	0.43077803	-0.3802325581395349
9765.473487241668	300	7.783290675952048	0.0	126289	1073.4331243404401	0.6953862	0.06976744186046512
9767.047166433114	300	7.542369425389264	0.0	153295	1240.9212505627845	0.69561875	0.06976744186046512
9769.857833224394	300	7.553415081241513	0.0	173849	1488.954344147751	0.662387	0.06976744186046512
9773.567112100509	750	7.844136205127259	0.0	374758	3209.2788761142538	0.22476125	-0.2755813953488372
9777.295094923455	750	7.825640421875993	0.0	362795	3018.4957832512664	0.092209496	0.1744186046511628
9781.330799224896	750	7.789936120434486	0.0	353220	3535.7043014415062	0.07929162	0.1744186046511628
9785.604981200504	750	7.515754144827147	0.0	405134	4274.181975607339	0.2182416	0.1744186046511628
9790.504448330392	750	6.616287014938371	0.0	386351	4899.467129888775	0.5194037	0.1744186046511628
9794.42950530463	750	6.691230040699662	0.0	434409	3925.0569742387097	0.6411495	0.1744186046511628
9796.692151748837	300	7.921855514730835	0.0	140051	1269.3745259688276	0.6100582	-0.3802325581395349
9800.363008242195	750	7.72806328917222	0.0	366214	2693.7922255586154	0.6458502	-0.2755813953488372
9803.80567724533	750	7.915260840454541	0.0	360831	2812.802448717679	0.34834695	0.1744186046511628
9806.91981239862	750	7.953126593467716	0.0	372963	2962.1342469868246	0.1781148	0.1744186046511628
9810.498830963867	750	7.5546177830464565	0.0	405596	3398.5088104212596	0.13058619	0.1744186046511628
9814.374345634764	750	7.67910311214926	0.0	350713	2875.5146708971974	0.28745484	0.1744186046511628
9818.280299109592	750	7.594138544695817	0.0	386472	3084.9645674534418	0.19446185	0.1744186046511628
9822.071385053296	750	7.549090045582012	0.0	399894	3045.0484991138055	0.293255	0.1744186046511628
9826.386556706002	750	7.233918392875347	0.0	401853	4315.171652706665	0.282004	0.1744186046511628
9829.936085112351	750	7.684389986525277	0.0	343800	3549.528406350071	0.50015056	0.1744186046511628
9833.745492225757	750	7.874982873121262	0.0	359903	3309.407113404014	0.46359318	0.1744186046511628
9837.320251209429	750	7.592675732760751	0.0	379700	2282.3071403605118	0.38126248	0.1744186046511628
9841.063516969049	750	7.849409973139367	0.0	425781	3243.2657596213826	0.33670223	0.1744186046511628
9843.989301420252	750	7.789376463154451	0.0	277716	2060.0335099849153	0.2169031	0.1744186046511628
9847.660958089617	750	7.991423580080492	0.0	400396	3297.9528830739578	0.19824581	0.1744186046511628
9851.091937913445	750	7.517785589812014	0.0	400508	2973.6379902684776	0.14284238	0.1744186046511628
9853.741154359928	300	7.601848311849761	0.0	157421	1415.9372779622536	0.27884105	-0.3802325581395349
9857.499293395742	750	7.843709276034084	0.0	400322	3258.1390358156773	0.5720259	-0.2755813953488372
9861.689309916403	750	7.653692755374127	0.0	369834	3690.0165206599568	0.22212091	0.1744186046511628
9866.998119601703	750	6.344883070073728	0.0	412837	5308.809685300399	0.23003128	0.1744186046511628
9869.644546988178	300	7.698455683600035	0.0	179328	2146.427386473692	0.6084275	-0.3802325581395349
9873.156013657357	300	7.67605825689606	0.0	159914	2022.397426703975	0.47453034	0.06976744186046512
9876.026448757424	300	7.750375275600413	0.0	131610	1425.682981295648	0.5474235	0.06976744186046512
9880.233653701147	750	7.543170331878773	0.0	361565	3707.2049437216397	0.55117786	-0.2755813953488372
9884.688212261042	750	7.088611771984038	0.0	378327	4454.5585598947355	0.34471783	0.1744186046511628
9886.729449555078	300	7.566250993660286	0.0	149991	2022.3607783237517	0.6966167	-0.3802325581395349
9891.343744471757	750	6.9519560769818876	0.0	345516	4614.294916678398	0.57971245	-0.2755813953488372
9894.029702121572	300	7.710562977768841	0.0	161857	2241.3930992130454	0.4055798	-0.3802325581395349
9897.995845937152	300	7.74441916218961	0.0	145210	2966.1438155792307	0.27229983	0.06976744186046512
9903.514280409643	300	6.225984689696818	0.0	172312	5518.434472492791	0.2960924	0.06976744186046512
9909.899350545957	300	4.0	0.1590854466164001	167025	6385.070136313218	0.009053754	-0.6142999785900553
9915.895677816121	300	4.0	1.9963272701642354	160064	5996.327270164235	0.004705182	-8.514439819845746
9920.673850135088	300	4.0	0.7781723189672294	137507	4778.172318967229	0.004705182	-3.276373529698621
9923.892000640837	300	4.781849494249979	0.0	118421	3218.150505750021	0.004705182	0.06976744186046512

