17994.01949393461	750	4.0	1.4342768133466879	450283	1434.276813346688	0.040134437	-5.992971692739594
17994.566029595197	300	7.453464339417617	0.0	155580	546.5356605823825	0.5709462	-0.3802325581395349
17995.953165641648	750	7.665302519776851	0.0	350812	1288.161819640765	0.26962498	-0.2755813953488372
17997.25647611306	750	7.993134426086119	0.0	382355	1172.1680936907335	0.05821502	0.1744186046511628
17999.54957329724	750	7.567156956075445	0.0	411561	1925.9774700106739	0.04892236	0.1744186046511628
18001.24286792609	750	7.979069508287845	0.0	318564	1588.0874477876005	0.05526506	0.1744186046511628
18004.12843918966	750	7.5588874574805285	0.0	352642	2420.182050807316	0.047748037	0.1744186046511628
18008.394188376045	750	7.293138271091712	0.0	437162	4265.749186388817	0.05693859	0.1744186046511628
18010.358473695742	750	7.936564844222406	0.0	374758	1856.5734268693052	0.11738702	0.1744186046511628
18012.09941403615	750	7.874950577530461	0.0	362795	1561.614266691947	0.04918129	0.1744186046511628
18014.465845772294	750	7.886397727216138	0.0	353220	1488.5528503143228	0.0485707	0.1744186046511628
18017.82843516188	750	7.884042565940923	0.0	405134	3002.3551612752153	0.045525618	0.1744186046511628
18021.178612013224	750	7.914071192418822	0.0	386351	2469.9713735221003	0.04329418	0.1744186046511628
18023.956795750553	750	7.800082062667267	0.0	434409	2113.989129751555	0.05457388	0.1744186046511628
18025.829252278087	750	7.995951136091298	0.0	337059	1804.1309265759685	0.041746654	0.1744186046511628
18028.914075136312	750	7.862702469306681	0.0	366214	1633.2486667846158	0.048001554	0.1744186046511628
18031.745651275203	750	7.802701571880796	0.0	360831	2060.0008974258863	0.03997449	0.1744186046511628
18037.1527649602	750	6.395587886883226	0.0	372963	5407.11368499757	0.04377494	0.1744186046511628
18043.094897257146	750	4.453455589937972	0.0	405596	5942.132296945254	0.36801976	0.1744186046511628
18044.66956764035	300	6.87878520673447	0.0	140881	1574.670383203502	0.16489151	-0.3802325581395349
18047.614565318716	300	7.933787528369193	0.0	157671	1944.9976783652767	0.4754372	0.06976744186046512
18051.74861770882	750	7.7997351382640465	0.0	399894	3634.052390105148	0.5800332	-0.2755813953488372
18055.817100379714	750	7.731252467373611	0.0	401853	3568.4826708904343	0.3555491	0.1744186046511628
18059.46931191394	750	7.751658796947271	0.0	343800	2479.593670426341	0.22331688	0.1744186046511628
18061.74491672491	750	7.800165309063259	0.0	359903	1951.4934878840118	0.28466064	0.1744186046511628
18063.48529105563	750	7.717033886295653	0.0	379700	1083.131422767607	0.15532522	0.1744186046511628
18065.63075297176	750	7.522924296406909	0.0	425781	1694.1095898887424	0.0461052	0.1744186046511628
18066.810984334	750	7.618484778256532	0.0	277716	904.4395181503769	0.051900413	0.1744186046511628
18068.77997632057	750	7.746884693016402	0.0	400396	1371.6000852401305	0.03531785	0.1744186046511628
18071.525547674748	750	7.757794966590507	0.0	400508	2489.089726425894	0.031684536	0.1744186046511628
18073.551392203113	750	7.938113535286053	0.0	358218	1819.6814313044542	0.038521573	0.1744186046511628
18075.640074511288	750	7.651853982227989	0.0	400322	1786.2595530580627	0.03306566	0.1744186046511628
18079.299865473287	750	7.99206302022887	0.0	369834	1659.7909619991194	0.043608747	0.1744186046511628
18082.705997206147	750	7.600103978858313	0.0	412837	2891.959041370557	0.036243126	0.1744186046511628
18085.38212794311	750	7.6891249941221815	0.0	401088	2410.9789847361317	0.05442195	0.1744186046511628
18087.816882869553	750	7.804323416512843	0.0	365161	1884.8015776093382	0.05868797	0.1744186046511628
18089.28391883407	750	7.990782051672415	0.0	321064	1313.5413648404287	0.04227423	0.1744186046511628
18091.335232248617	750	7.806872710737032	0.0	361565	1683.9093409353816	0.039262667	0.1744186046511628
18093.439742392122	750	7.79831965228966	0.0	378327	1508.5530584473731	0.03728617	0.1744186046511628
18095.90093650087	750	7.560701154443952	0.0	390680	1737.6184978457072	0.03448679	0.1744186046511628
18098.761423438384	750	7.8222454961378975	0.0	345516	2238.4556583060553	0.034558613	0.1744186046511628
18100.920683434546	750	7.788631113661988	0.0	384505	2033.6143824759083	0.04269091	0.1744186046511628
18105.35561282707	750	7.353701721138589	0.0	372093	4434.929392523399	0.041829005	0.1744186046511628
18109.057415400577	750	7.651899147631432	0.0	438281	3701.8025735071583	0.19357501	0.1744186046511628
18110.20467355531	300	7.7944589031229174	0.0	167025	857.440244508514	0.19089983	-0.3802325581395349
18112.356463362245	750	7.838472940266914	0.0	393804	1455.985962856003	0.32494795	-0.2755813953488372
18114.057490868327	750	7.985861047266475	0.0	331053	1352.61189300044	0.064119115	0.1744186046511628
18115.46559589173	750	7.66101634710433	0.0	314107	1324.8447001621446	0.033803005	0.1744186046511628

