10168.602711045198	750	4.0	3.0006457348380566	450283	3000.645734838057	0.023189005	-12.777721946995307
10169.845449149527	300	6.757261895671289	0.0	155580	1242.7381043287116	0.08139266	0.092166315903369
10170.962218012954	300	7.865569464602235	0.0	139857	891.6924310690526	0.22894387	0.6839467663449624
10174.397940888393	750	7.690246152449774	0.0	382355	3175.3233121524613	0.69999003	0.012777407855579959
10178.96067777232	750	7.127509268522917	0.0	411561	4562.736883926857	0.62664354	0.2698719758874772
10182.15228136239	750	7.935905678452652	0.0	318564	3191.6035900702645	0.27702335	0.4847943930698927
10184.165580107527	300	7.501626386527303	0.0	153295	934.2792919253488	0.28377846	0.19465813880101357
10185.970623828265	300	7.918614186013425	0.0	173849	1083.0122005138787	0.6973336	0.6699204050795456
10189.088070333728	750	7.505906741094017	0.0	374758	2912.7074449194083	0.34157473	0.0212961134052429
10192.81730545133	750	7.773658765015414	0.0	362795	3232.2479760786036	0.3053309	0.46511350172715693
10194.430896508724	300	7.975356759379541	0.0	141840	798.302005635874	0.6960931	0.2538529627664602
10196.277942777137	750	7.704478117652483	0.0	405134	1770.8786417270587	0.5082462	0.15459171798051874
10197.99476050903	750	7.529153127049184	0.0	386351	1675.3249906032993	0.5243116	0.5972718503243533
10200.399893985601	750	7.797332768957298	0.0	434409	1731.8203580918848	0.6675737	0.6174349137382598
10205.104730974255	1850	7.092495780302537	0.0	821631	4704.836988654761	0.33173165	-0.7888732767669022
10210.744478107157	1850	5.452748647398675	0.0	923170	5639.747132903863	0.6941531	0.05980815408205342
10212.686874587118	300	7.510352167437324	0.0	143509	1442.3964799613516	0.27297893	-0.955313713515572
10213.999602210046	300	7.85413516352401	0.0	150616	1156.2170039133143	0.26623994	0.6563937443801865
10217.33574180052	300	7.504320649193493	0.0	165384	1849.8145143305176	0.69690275	0.5533639424528015
10219.269621577725	300	7.775543384463888	0.0	140881	1728.7772647296044	0.21712872	0.5915731688252073
10221.227378447793	300	7.654216162767327	0.0	157671	1121.3272216965627	0.03439862	0.6406402879608313
10222.798524037398	300	7.956858230299455	0.0	157812	697.3579324678713	0.1924668	0.7121668653016665
10225.086872310454	750	7.879577879440929	0.0	401853	2077.2803508585257	0.17194872	0.140805101302444
10227.353055910371	750	7.76202008823114	0.0	343800	2117.557791209789	0.060376868	0.5754622841360179
10230.35148796003	750	7.757116886705806	0.0	359903	2004.9032015253347	0.06794537	0.5862558042966164
10232.634455478368	750	7.81739755635216	0.0	379700	1939.7193303536465	0.061736748	0.5985762754648117
10235.670191337484	750	7.61615378303765	0.0	425781	2201.243773314511	0.08898081	0.5530538856394766
10236.994787070545	750	7.866101925906125	0.0	277716	1250.0518571315235	0.04461046	0.6722308745886414
10240.048248247738	750	7.711643275276023	0.0	400396	2654.4586506301016	0.251831	0.5169233717840744
10243.123561673707	750	7.743487792073045	0.0	400508	2968.1554832029774	0.045969866	0.4886187600348606
10247.074524059282	750	7.792525406497481	0.0	358218	2950.962385575563	0.23382129	0.495057996802753
10251.660254721817	750	7.206794743964047	0.0	400322	4585.730662533434	0.69106066	0.27520391657775506
10253.001403888376	300	7.793145723121559	0.0	143881	913.6490208424885	0.016405448	0.2247802386326509
10254.283804877456	300	7.885695243940487	0.0	163444	907.4504791810724	0.27968714	0.6843080910314586
10257.249656462103	750	7.765244740065329	0.0	401088	2120.4505038751586	0.6899446	0.12548338933157108
10259.432993858582	750	7.601276539212411	0.0	365161	1663.9682008529178	0.039582126	0.605349490990807
10261.547396896545	750	7.588759665543843	0.0	321064	2012.5168736685682	0.030196209	0.5692898601671782
10266.368355118027	750	6.76780144406165	0.0	361565	4820.958221482193	0.15282214	0.20942754872378816
10269.234542795382	300	7.901613766706909	0.0	144254	1866.1876773547406	0.0126844235	0.13996654740922712
10273.2087330833	300	7.927423478789453	0.0	149991	3474.190287917455	0.004718301	0.43165050093972535
10275.40804382458	300	7.624379212174146	0.0	147968	1303.0442666153072	0.004705182	0.6195967425258556
10277.299316841854	300	7.591876055369121	0.0	161857	1032.5031568050263	0.0054680477	0.6435223871376012
10278.298472826958	300	7.801682926551677	0.0	145210	790.1931288174438	0.036000174	0.6879475435220058
10279.181312853561	300	7.509744379393036	0.0	172312	791.938547158641	0.40418595	0.6596735794637094
10282.85969845528	750	7.581002289756256	0.0	398987	2928.7420896367794	0.39517772	0.02692068219445698
10285.767283256817	300	7.647031587528194	0.0	160064	1933.9707022280622	0.54230154	0.10868441624590186
10289.41918300744	300	7.995131836906363	0.0	137507	1651.8997506218302	0.005764857	0.6203965623113068
10291.162552462723	300	7.806204082230027	0.0	118421	1688.9277546763356	0.004705182	0.598509247390097

