6590.44846939033	750	4.0	4.746018619318359	450283	4746.018619318359	0.004705182	-20.328866466604403
6592.716798115341	300	5.698844909008274	0.0	155580	1301.1550909917264	0.057864033	-0.33471781647053955
6594.253363239525	300	5.954149206821101	0.0	139857	1244.6957021871729	0.2129417	0.12051138261056159
6595.7289045303105	300	5.607313239076936	0.0	155432	1346.835967744167	0.39505044	0.11137213706227117
6598.050633471486	300	5.915801363259652	0.0	163442	1191.5118758172825	0.38869184	0.1258904783446761
6601.092207677708	750	5.960122873877862	0.0	318564	2455.6784893817903	0.7098433	-0.29729271294207366
6603.847717050966	300	5.76031599796905	0.0	153295	1699.8068759088126	0.7794739	-0.36175468100174524
6607.026121843724	300	5.89896485981486	0.0	173849	1861.3511381541903	0.25545454	0.08058662168855876
6609.559754489189	300	5.8756753643836435	0.0	150710	1523.2894954312162	0.14968944	0.09847110509846828
6610.8218977945135	300	5.989775258138812	0.0	139105	885.9001062448325	0.15232742	0.16931931596195693
6612.682379304664	300	5.8576561979532125	0.0	141840	1132.1190601856	0.57319427	0.13249489852719992
6615.042224483518	300	5.661914800159111	0.0	156148	1195.7413977941017	0.24223946	0.12544518428208584
6616.782573598766	300	5.7787920662641445	0.0	160746	1383.1227338949666	0.27073777	0.10845024546562829
6618.420562002395	300	5.923411102826797	0.0	179801	1355.3809634373488	0.14318082	0.11066999171922014
6620.994292500863	300	5.652849535538751	0.0	140051	1270.561567288045	0.1597721	0.11805803344120355
6622.723369036331	300	5.954895800144328	0.0	138313	1197.9537353944238	0.09850336	0.12521351665606084
6625.668875660412	300	5.562703907240939	0.0	143509	1392.1918929033895	0.08342492	0.10774376776981359
6628.528752394411	300	5.554422848580453	0.0	150616	2008.2810586604865	0.047460116	0.07469074079703229
6630.923320607337	300	5.982936589336259	0.0	165384	2071.486259244193	0.013518144	0.07241177648686374
6632.953543564528	300	5.714366087581755	0.0	140881	1768.5705017545042	0.010266715	0.08481426092496343
6635.647371379463	300	5.633278360132621	0.0	157671	1581.0877274491338	0.007166569	0.09487139606225661
6638.629908518941	300	5.978379886586383	0.0	157812	1654.898473546237	0.008623742	0.09064000142472128
6642.039597681932	300	5.502354657156745	0.0	163927	1976.025229429638	0.00902855	0.07590996196101006
6645.852344832497	300	5.689607506592003	0.0	137654	1812.7471505647436	0.0053964546	0.0827473373510856
6649.163903385254	300	5.662033691226263	0.0	146754	2027.5738153657392	0.0047232592	0.07398004396350058
6651.412716936288	300	5.554619365255314	0.0	153938	2107.414325970949	0.004705182	0.07117727072055018
6657.355555844377	300	4.0	0.3882195428331743	181901	5942.838908088488	0.004705182	-1.6441035721206805
6661.0559866302365	300	4.299569214140477	0.0	111155	3700.430785859523	0.004705182	0.04053582101121735
6666.788098234957	300	4.0	1.4325423905794523	153605	5732.111604719929	0.004705182	-6.133763912519081
6672.35302651862	300	4.0	1.564928283662157	149029	5564.928283662157	0.004705182	-6.702237094485848
6677.569591791072	300	4.0	1.2165652724526834	157421	5216.5652724526835	0.004705182	-5.202476119045851
6682.158841620337	300	4.0	0.5892498292644887	157488	4589.249829264489	0.004705182	-2.5010891853599895
6686.51441757938	300	4.0	0.3555759590433154	143881	4355.575959043315	0.004705182	-1.4945380097028527
6692.2770359258075	300	4.0	1.7626183464271035	163444	5762.6183464271035	0.004705182	-7.5532290554565655
6695.601036684586	300	4.675999241221367	0.0	179328	3324.0007587786326	0.004705182	0.04512634348949904
6698.278956929722	300	5.99807899608504	0.0	159914	2677.9202451363267	0.004705182	0.05601361738551846
6702.531329819358	300	5.5707121510147735	0.0	131610	2427.3668450702658	0.004705182	0.06179535668645829
6706.3833967527935	300	5.718645217579289	0.0	124011	2852.066933435484	0.004705182	0.05259343609419296
6710.746939613408	300	5.3551023569640455	0.0	144254	4363.542860615244	0.004705182	0.03437573659557237
6714.400155385371	300	5.701886585000984	0.0	149991	3653.2157719630623	0.004705182	0.04105971542967395
6719.303551231	300	4.798490739372972	0.0	147968	4903.395845628012	0.004705182	0.03059104439502752
6722.473515308615	300	5.6285266617577765	0.0	161857	2669.9640776151955	0.004705182	0.05618053113807418
6723.707814922056	300	5.574972578948678	0.0	145210	1053.5540828090975	0.004705182	0.14237522538952543
6724.3835884218015	300	5.617458637392101	0.0	172312	457.51394155657596	0.004705182	0.327858861501931
6725.259520939536	300	5.688622095619154	0.0	167025	428.83654177294846	0.012345028	0.3497836247346172
6725.98878689478	300	5.697537163477937	0.0	160064	491.08493214121603	0.101743706	0.3054461462419012
6726.679438423036	300	5.816301901401135	0.0	137507	381.23526207680135	0.061980944	0.3934578327903517
6727.11923858361	300	5.9961099207035256	0.0	118421	320.1919806976083	0.13458486	0.46846894688990076

