2025.5192371277603	750	4.0	5.693969597015465	450283	5693.969597015464	0.0075527015	-0.23218765737596508
2027.3225737229352	300	6.1966634048252285	0.0	155580	1803.336595174772	0.080096334	-0.20815847578566787
2029.5678241758487	300	7.707691269693634	0.0	139857	1488.9721351315945	0.006130452	0.36771721177292527
2032.2156790650758	300	7.631902950590819	0.0	155432	1575.7883191028166	0.00651969	0.354298823431877
2035.2203359445448	300	7.970607824518663	0.0	163442	1661.2951260721543	0.008875032	0.3669171973554336
2036.699288679195	300	7.557812267142044	0.0	126289	1412.795557376619	0.006533825	0.36596743188894837
2038.808106386025	300	7.541482078663683	0.0	153295	1516.3301884783612	0.0062516266	0.35459333199887666
2041.4132111892245	300	7.6751733837896845	0.0	173849	1866.308694873998	0.006802774	0.327951187929688
2044.129396868031	300	7.6514785937993945	0.0	150710	1523.6947899902898	0.008127132	0.3607316540436657
2047.524169637333	300	7.520337644006393	0.0	139105	1631.1409497930022	0.00761054	0.34179072870133187
2050.0809492609314	300	7.51376380871177	0.0	141840	1506.573835294624	0.00727362	0.35383657544525576
2054.078651829804	300	7.516061239838845	0.0	156148	2497.702568872924	0.0073462627	0.25486729153286797
2057.1028913472082	300	7.74289561682498	0.0	160746	2273.1656230138647	0.0063403198	0.29149813468040736
2060.7404402265333	300	7.634658124357709	0.0	179801	2108.2374924672717	0.0058632987	0.3012261044558622
2063.1474369656453	300	7.875815476830559	0.0	140051	1758.8426475271497	0.006243981	0.35123792347942756
2065.842436301692	300	7.5123927830496	0.0	138313	1863.4226937809588	0.0059836674	0.31806600049273664
2069.447532444415	300	7.907296640326184	0.0	143509	2605.0961427234156	0.005620043	0.26858014667827745
2071.7626796222835	300	7.738059467736777	0.0	150616	2169.237172589406	0.0051444084	0.3015887204048405
2074.1068653181146	300	7.673921670160569	0.0	165384	2064.137797576208	0.005135517	0.3080900455576473
2075.879933111544	300	7.572411665323238	0.0	140881	1601.5100048373308	0.0052784607	0.34800844952920185
2079.735235125354	300	7.500539614714471	0.0	157671	2571.8720506087675	0.0055030934	0.24648024178901023
2083.4431380500178	300	7.792636690050591	0.0	157812	3207.90292466388	0.005150673	0.20113322159200642
2087.3846226198048	300	7.851152120263595	0.0	163927	3941.484569786995	0.004875606	0.13143227146800773
2091.271970261526	300	7.963804478542417	0.0	137654	3387.347641721178	0.004782366	0.19388673666701584
2095.270438559719	300	7.965336180349205	0.0	146754	2498.468298193213	0.0047510713	0.28287040238273653
2096.971447932203	300	7.884148135690361	0.0	153938	1581.188044658844	0.004753694	0.36952417494499573
2099.8397599702057	300	7.874902751851694	0.0	181901	2009.2453838386668	0.0048836414	0.3261406045370967
2101.842091238658	300	7.688270516207438	0.0	111155	1186.6322356442556	0.004993058	0.3967374046287719
2104.401462011785	300	7.861434565048068	0.0	153605	1826.835951159369	0.0049109356	0.34353978612979985
2106.6572436785927	300	7.8798111951281316	0.0	149029	1981.6233699199372	0.00503326	0.3292095836337471
2110.3415626070023	300	7.81973094136676	0.0	157421	2560.08025376137	0.005268326	0.26760887938951805
2115.1477065243853	300	7.013587023984179	0.0	157488	4806.143917382581	0.005108985	-0.007381481809014323
2119.787871314626	300	6.37342223374293	0.0	143881	4640.164790241251	0.005010371	-0.030793868484959408
2124.904871015212	300	5.256422533156981	0.0	163444	5116.999700585948	0.004820493	-0.1482898408060508
2129.694633938215	300	4.466659610154344	0.0	179328	4789.762923002638	0.0048209457	-0.16492634573538467
2132.555829682646	300	5.6054638657227605	0.0	159914	2861.1957444315826	0.004943724	0.09910563809474682
2134.4430965753527	300	7.7181969730160285	0.0	131610	1887.2668927067327	0.0047575077	0.3285443424730611
2137.341025183249	300	7.842118881067806	0.0	124011	1876.0780919482224	0.004714717	0.3374083418021482
2139.5236925187232	300	7.691710499804449	0.0	144254	2150.4083812633576	0.0047223456	0.30057478904167484
2141.662807969723	300	7.968282255910108	0.0	149991	1223.4282438943408	0.0047341464	0.4105585375351802
2142.9387219298037	300	7.9931688844224515	0.0	147968	975.1133714876547	0.0055009015	0.4369454390578703
2145.1250119723477	300	7.800424119446918	0.0	161857	1692.7447649755336	0.008337107	0.3531357518981115
2146.986204011831	300	7.741600819489462	0.0	145210	1058.8232999574561	0.008063598	0.41285144215257835
2148.9333349027693	300	7.579219672283261	0.0	172312	1662.381147206201	0.009442037	0.3423468357273163
2151.4405565296793	300	7.587983816194598	0.0	167025	1491.2358560886646	0.010318602	0.3600091238335284
2153.7239902751176	300	7.819259800386113	0.0	160064	2268.7240158084846	0.012428862	0.2967150568735162
2157.934176033717	300	7.609074041786742	0.0	137507	2710.1857585993703	0.010783785	0.23943227268196693
2161.568748994129	300	7.97450108137506	0.0	118421	2134.5729604116814	0.009864823	0.3198327424750056

