1288.3746423843309	750	4.0	2.4304790559882594	450283	2430.4790559882595	0.04131157	0.19035209440117407
1289.4445302267627	300	6.930112157568032	0.0	155580	1069.8878424319682	0.71257865	0.11696462308029423
1290.6551754039062	300	7.79997304681631	0.0	139857	1130.1391107517218	0.112529255	0.645533467727714
1292.7680326286074	300	7.718797491501577	0.0	155432	1081.1755553147332	0.075300545	0.6425355005170551
1295.1328366561286	300	7.742236331534448	0.0	163442	976.5611599671278	0.093237005	0.6552763672450124
1296.7292655073215	300	7.763143301564924	0.0	126289	1479.0930299695244	0.098319516	0.6070563830802365
1298.3380278878024	300	7.702430045736285	0.0	153295	1060.7132558286403	0.064465806	0.6429899963649897
1302.525656885389	300	7.514801048149709	0.0	173849	2687.6289975865743	0.062238935	0.4620515021739019
1305.7016488220816	300	7.714644140922723	0.0	150710	1800.1569072269874	0.05614838	0.5702334519820361
1310.1031490197308	300	7.313143943273414	0.0	139105	4401.500197649309	0.0462112	0.2710532287184087
1313.5037329931386	300	7.91255996986577	0.0	141840	3400.5839734076444	0.037956387	0.4294380597286817
1317.6761512639039	300	7.740141699100344	0.0	156148	3172.4182707654254	0.028136635	0.435486953160966
1321.4908401353603	300	7.9254528276437455	0.0	160746	3814.6888714565985	0.023875061	0.38928140034269443
1325.5863704516382	300	7.829922511365924	0.0	179801	4095.530316277822	0.020278556	0.35190693260255396
1328.8434067992457	300	7.976682657573398	0.0	140051	2353.2398537925274	0.018071815	0.5404084030697602
1332.9332143368924	300	7.886875119926603	0.0	138313	1589.8075376467946	0.014489142	0.6080178516481827
1334.813985643565	300	7.508291463221067	0.0	143509	1378.5836567055364	0.01961826	0.5923229791276952
1338.8083546417747	300	7.513922465011412	0.0	150616	1994.368998209655	0.02575779	0.5312920599013944
1341.1172066469976	300	7.532774781738393	0.0	165384	1981.1476832730177	0.024413455	0.5344475791967569
1342.4180966789359	300	7.8511819553442805	0.0	140881	681.5928263941141	0.024566904	0.6953681625178199
1344.4232002855215	300	7.603278769123401	0.0	157671	1247.9031862208785	0.044092022	0.6146285416751629
1345.670020131219	300	7.503468999257193	0.0	157812	1099.8097698662073	0.041634835	0.6197313831911414
1346.4940360020073	300	7.79996605407859	0.0	163927	703.502945178603	0.04273904	0.6881964042412826
1347.703242098857	300	7.670619511358571	0.0	137654	629.3465427200185	0.06256617	0.6830330932076192
1348.5362752439432	300	7.584032758830165	0.0	146754	586.5867525284066	0.06436373	0.6788885105433929
1349.5257969132451	300	7.66749512520827	0.0	153938	916.537633621894	0.07204622	0.6540101375643148
1351.0576977924136	300	7.828036651014037	0.0	181901	839.4584741942333	0.06255485	0.6773307168916918
1353.3276507527191	300	7.724281397348385	0.0	111155	603.7552536656533	0.07652956	0.6908108405255651
1355.6819538041611	300	7.51022868194717	0.0	153605	1714.0527154012148	0.06295271	0.5589644677792409
1359.660189920518	300	7.531992565590377	0.0	149029	1978.2361163567928	0.052913267	0.5346626653679849
1361.1974375770765	300	7.6126119680100235	0.0	157421	1419.3805975803523	0.046466496	0.5983884541309397
1363.864288342577	300	7.633120153248834	0.0	157488	979.4918147611887	0.04340968	0.6443717534273302
1366.929006092026	300	7.72944080139422	0.0	143881	2403.6793518546156	0.049054302	0.5113201827501264
1369.4014638298584	300	7.888731031274989	0.0	163444	2340.70977011923	0.038725235	0.5331081157795696
1370.4833017505596	300	7.968686083280974	0.0	179328	920.0449479940147	0.03331682	0.6829502267996733
1371.8103269972894	300	7.586069955769682	0.0	159914	882.6161275112906	0.045383725	0.6494836904474726
1372.9035845565304	300	7.6266457072585	0.0	131610	959.4242485111834	0.050712053	0.6457488701797708
1374.7354215960147	300	7.862643842881403	0.0	124011	1764.001864377097	0.047126483	0.5882419272825068
1376.3955143956448	300	7.691515111619796	0.0	144254	671.1287312616082	0.04038272	0.6808869714788643
1377.9321730005474	300	7.917667805352823	0.0	149991	1273.8473062669739	0.062125407	0.6426084634438647
1380.389983270792	300	7.820168281048187	0.0	147968	1597.4995243046349	0.05194753	0.6007614129014727
1382.7488696616497	300	7.630880482589451	0.0	161857	1189.2877984587353	0.04590542	0.6231743470859505
1384.7524677382046	300	7.9488807165114155	0.0	145210	1181.9997660780355	0.055786982	0.6548286730729316
1387.0725800137802	300	7.939623705462101	0.0	172312	1509.2570110493145	0.053826936	0.621202704251258
1388.5175994985598	300	7.782541643335386	0.0	167025	1157.082062126717	0.053002685	0.6411439686016946
1391.065484788515	300	7.917567776184145	0.0	160064	1364.9738671512403	0.05219932	0.6334860795187841
1392.7104132872432	300	7.736559152222118	0.0	137507	1181.0086239620261	0.05717732	0.6342795151573983
1393.4070238356862	300	7.570213824883743	0.0	118421	666.3453273383756	0.052959327	0.6695687617361065

