8608.656164038663	750	4.0	4.277909780182569	450283	4277.909780182569	0.07417355	0.0056090219817430675
8609.905150338778	300	6.75101369988408	0.0	155580	1248.98630011592	0.579069	0.08163745230213484
8612.460989831547	300	7.706542027029296	0.0	139857	1544.4716728547828	0.07461273	0.5950140448431208
8615.253685513937	300	7.970878029010495	0.0	155432	1735.6639980188017	0.052265123	0.6016014885193905
8617.614586021857	300	7.693943698336941	0.0	163442	1276.934330673554	0.0604447	0.6205425915959122
8618.488439414386	300	7.884000090695317	0.0	126289	809.9436076416241	0.06546105	0.6857246480559572
8620.036681244936	300	7.611834058314125	0.0	153295	772.1660323811924	0.06584451	0.6630342589329294
8621.218831151014	300	7.708796918508508	0.0	173849	903.0371398056182	0.07640812	0.6593767863443906
8622.961311696745	300	7.782113057430528	0.0	150710	926.6838610779799	0.08198966	0.6641421087273208
8623.719021782079	300	7.616156385689763	0.0	139105	665.9566717407652	0.07530484	0.674075541334253
8624.639848214481	300	7.986619804735365	0.0	141840	629.5365809543974	0.085809365	0.7137451179150746
8625.908928432555	300	7.767724683422639	0.0	156148	718.8951213127261	0.094610885	0.6835217133315791
8627.21441987596	300	7.595071514850411	0.0	160746	672.6531685722279	0.094393596	0.6713553879619797
8628.598687728443	300	7.889356764175067	0.0	179801	705.7147506753456	0.103611015	0.6966684702484907
8630.015991624774	300	7.5649812858621175	0.0	140051	824.3754783129497	0.115173474	0.653256882218796
8631.104397282643	300	7.887242680237639	0.0	138313	677.7386056244779	0.08627088	0.6992604900906626
8631.868539684447	300	7.810504991158072	0.0	143509	576.7376890795676	0.08444123	0.7018978414821658
8632.908724886767	300	7.844114746360257	0.0	150616	466.3902447978138	0.10195352	0.7162011346037537
8633.663199830973	300	7.743774843618823	0.0	165384	600.339902741435	0.12199819	0.693048113267787
8634.441475322328	300	7.686704575773234	0.0	140881	557.0702678455884	0.11340769	0.6918249932093882
8635.793439785417	300	7.551324984583744	0.0	157671	635.3795911894908	0.11048459	0.67082839563182
8636.441458114678	300	7.95060822730271	0.0	157812	600.7167572810337	0.1141599	0.7131249743770852
8637.166880785502	300	7.896547606330187	0.0	163927	554.0606209725223	0.10538208	0.7125331926183586
8637.892764121425	300	7.849287063444815	0.0	137654	547.2605428853709	0.11095989	0.7086171126314712
8638.97988377254	300	7.710038534256462	0.0	146754	639.2485291883531	0.102166824	0.6858763945376056
8639.776253252921	300	7.580789393178393	0.0	153938	629.2491410780696	0.10031319	0.6743068543787918
8640.91516218335	300	7.534895116467107	0.0	181901	545.894276711286	0.09980132	0.6781791224052975
8641.489389590559	300	7.594288773219319	0.0	111155	440.60634324778846	0.124208376	0.6944839488708
8642.430721366201	300	7.930433388880574	0.0	153605	663.8553843387449	0.098012485	0.7048491086347614
8643.007877931796	300	7.87059329673417	0.0	149029	559.8400921464033	0.09346433	0.7094311888927578
8643.803793398138	300	7.886293852787149	0.0	157421	484.29944394702113	0.11173649	0.7185121327888481
8644.498750062405	300	7.804623508351979	0.0	157488	581.6703444351695	0.12441613	0.7008326017437131
8645.276957301769	300	7.712163019584719	0.0	143881	592.4604887672593	0.10726999	0.6907618047778881
8646.05532711021	300	7.9408515481628035	0.0	163444	771.3114714219155	0.10389295	0.695116665916641
8646.857012153328	300	7.758538190112595	0.0	179328	682.3133580502096	0.107404485	0.6862865031834289
8647.503916991232	300	7.7147716041962635	0.0	159914	543.7665859163305	0.11308489	0.6958848799164535
8648.204154666977	300	7.586221811316993	0.0	131610	628.5497928792697	0.11810112	0.6749050918626507
8649.617090830856	300	7.980597689810772	0.0	124011	605.62412150622	0.10019928	0.7155507131834756
8650.359510334387	300	7.8680439402304145	0.0	144254	612.5537495803593	0.10448237	0.703911898229372
8651.450018456186	300	7.817722784807454	0.0	149991	550.3211554229608	0.11551596	0.7052414252802289
8652.58734569591	300	7.734152643632146	0.0	147968	583.5701411753089	0.12314934	0.6937893304756952
8653.647348600765	300	7.531029773980095	0.0	161857	703.122869652051	0.116556734	0.6620803585543592
8654.486937338888	300	7.604675441519283	0.0	145210	426.3543324608126	0.12136356	0.696919253441669
8655.592848930612	300	7.973336843489275	0.0	172312	631.3385980300081	0.177255	0.7122731482263311
8656.33370233345	300	7.850196591417747	0.0	167025	623.1402520715278	0.14923584	0.7011175933082231
8657.256532177356	300	7.712638311346684	0.0	160064	637.558280071063	0.1434563	0.6862982477713587
8657.780126345395	300	7.813476999746064	0.0	137507	399.16131160061923	0.1513704	0.7199445070652429
8658.142101106054	300	7.9597059951348745	0.0	118421	353.7710046111899	0.19649875	0.7387043075657476

