1344.4438472151164	750	4.0	2.4304790559882594	450283	2430.4790559882595	0.004705182	-10.296769370305771
1346.4541020990187	300	5.930112157568032	0.0	155580	1069.8878424319682	0.744594	-0.3097983881571791
1347.6184535347859	300	5.893119850749532	0.0	139857	1036.9923068185003	0.77174366	0.14464909625048333
1350.8363897293862	750	5.622831375118795	0.0	382355	2270.2884756307367	0.75299406	-0.28482275313236716
1354.8945723807878	750	5.56464872371715	0.0	411561	4058.1826514016448	0.6293175	0.09240589500585435
1356.8435548947612	300	5.983072680566107	0.0	126289	1081.5760431510428	0.6826317	-0.31131349621706406
1360.4079463964906	300	5.834580174612492	0.0	153295	1148.4925059536151	0.3510825	0.13060598934901377
1364.700937948393	300	5.541588622710135	0.0	173849	2792.991551902358	0.56308955	0.05370585524966312
1369.1763072266785	300	5.0662193444244314	0.0	150710	4475.369278285703	0.10748552	0.03351678725771155
1373.0395112599026	300	5.203015311200558	0.0	139105	3863.204033223873	0.008571915	0.038827874145395284
1376.2831695098753	300	5.95935706122778	0.0	141840	2743.6582499727783	0.004705182	0.05467153206908632
1380.3743819212023	300	5.868144649900866	0.0	156148	3591.2124113269147	0.0055899606	0.04176862374581085
1384.3148617136944	300	5.927664857408555	0.0	160746	3940.4797924923105	0.004705182	0.03806643046001427
1388.4192334523277	300	5.823293118775139	0.0	179801	3604.371738633416	0.004705182	0.04161612921115399
1390.6592886712324	300	5.726858530379479	0.0	140051	1096.4345883956582	0.004705182	0.1368070668214556
1393.413266970043	300	5.676679653328587	0.0	138313	2050.178877050892	0.004705182	0.07316434759866884
1394.7387679281594	300	5.6158288470003175	0.0	143509	1060.8508063282688	0.004705182	0.1413959428651121
1397.9860747571	300	5.784500556073931	0.0	150616	2331.328290926386	0.009233853	0.06434100275958791
1399.5786597779606	300	5.911197309900658	0.0	165384	1373.3032461732728	0.0055672885	0.10922569390116636
1400.3332831650403	300	5.723526508454761	0.0	140881	687.6708014458976	0.007013583	0.21812762688863593
1401.1728207208228	300	5.67723401863029	0.0	157671	546.2924898244707	0.142053	0.2745781843865298
1402.3060976846298	300	5.857218055405847	0.0	157812	820.0159632244441	0.35106364	0.1829232682375769
1403.0943471994565	300	5.664723836433667	0.0	163927	692.4942189721801	0.43085203	0.21660830645291787
1404.105412498773	300	5.977068777502718	0.0	137654	687.6550589309484	0.29196846	0.21813262049318016
1405.0124675358402	300	5.730246417261944	0.0	146754	746.8223602407733	0.31462833	0.20085097606295618
1406.4124025065628	300	5.710395256013733	0.0	153938	1019.8511612482099	0.223054	0.14708028553540395
1408.0616116602357	300	5.905832588664527	0.0	181901	804.5626673492058	0.111366294	0.18643668925654394
1410.697204688603	300	5.755359284142707	0.0	111155	1150.4733045218204	0.19524273	0.13038112176131336
1412.630047409231	300	5.616497785751504	0.0	153605	1138.8614983912037	0.036479097	0.13171048473576052
1415.15698999906	300	5.820017116455474	0.0	149029	2296.48066929603	0.02335713	0.06531733622037474
1417.1146860850315	300	5.961400110236087	0.0	157421	1358.6170062193871	0.006570044	0.110406390699763
1420.9203725615857	300	5.548096311335181	0.0	157488	1913.3037989009067	0.007375857	0.07839842271058427
1424.7053100764422	300	5.7631587964786215	0.0	143881	2284.937514856559	0.004890546	0.06564730940111353
1426.9103760307348	300	5.779285930087146	0.0	163444	1483.8728663914753	0.004705182	0.10108682717864793
1428.4942263085045	300	5.752957387652837	0.0	179328	1026.328542434308	0.004705182	0.1461520300743278
1430.3956731428325	300	5.720994785656572	0.0	159914	1031.9626019962657	0.0062378393	0.14535410460595624
1433.8098002559145	300	5.533673345281408	0.0	131610	1187.321440375164	0.011404673	0.12633478593008793
1434.7248812412263	300	5.764535698478916	0.0	124011	769.1376468024915	0.0052354867	0.1950236093937017
1435.8056932276309	300	5.777101355531327	0.0	144254	987.4343429475886	0.00814541	0.15190883431523686
1437.6943765711505	300	5.814448529000009	0.0	149991	1462.6528265313182	0.00872219	0.10255338606614194
1439.787523865485	300	5.545890159826926	0.0	147968	1268.5583691730828	0.0050456626	0.11824446051920999
1441.704613199807	300	5.584639955246485	0.0	161857	1461.2502045804415	0.004705182	0.10265182480714755
1443.0804208217212	300	5.53965575166027	0.0	145210	1044.9842035862139	0.004705182	0.14354283967664264
1444.227119391625	300	5.991718152372527	0.0	172312	1047.937599287742	0.0048472015	0.14313829382775406
1446.3231013818013	300	5.548107671092268	0.0	167025	1943.6104812802582	0.006646916	0.07717595755153309
1450.0193367808079	300	5.851872272085588	0.0	160064	1196.23539900668	0.004705182	0.12539338003586564
1451.4929697418881	300	5.899359183496854	0.0	137507	952.5130885887341	0.004705182	0.15747815100603346
1452.801767017723	300	5.5405205293250726	0.0	118421	858.83865417178	0.004705182	0.17465445840307725

