10799.34395622043	750	4.0	2.005422751396268	450283	2005.4227513962683	0.034939498	0.2328577248603732
10800.21298565668	300	7.130970563748243	0.0	155580	869.0294362517569	0.78318787	0.15658394369934098
10801.713985654602	300	7.7726965870871405	0.0	139857	858.2739766611019	0.14754906	0.6700673454281143
10803.305604235375	300	7.788250278719922	0.0	155432	984.4463083672179	0.09903403	0.6589627087687906
10804.703415614922	300	7.872930825285537	0.0	163442	915.3194534343853	0.11461665	0.6741105774155799
10805.582904860355	300	7.509432165624588	0.0	126289	863.4986596609476	0.11459329	0.6439424121408965
10806.716265318999	300	7.975747167187865	0.0	153295	1033.6849984367232	0.084157854	0.6722729121653475
10807.999033687034	300	7.819200737124249	0.0	173849	1156.5464300636163	0.073247164	0.6447626286789716
10809.089048010374	300	7.592304501540278	0.0	150710	726.8962355839702	0.07839693	0.6656619892163951
10810.33952126686	300	7.903626993474672	0.0	139105	688.6775080656062	0.08705839	0.6997599743088513
10811.540941008021	300	7.733814935105827	0.0	141840	669.812058368844	0.08701311	0.6851322966021574
10812.954720535434	300	7.912728979395397	0.0	156148	821.0859557104301	0.09169672	0.6874042976751594
10814.34746212704	300	7.967704974242242	0.0	160746	945.0240051531536	0.09104094	0.6803569082297427
10815.80063289673	300	7.854978449374492	0.0	179801	1112.72652486775	0.08010514	0.6526240017148944
10816.859984022389	300	7.505524961255487	0.0	140051	849.4534881190056	0.07379342	0.6449669536701956
10819.423282081063	750	7.708824826988317	0.0	366214	2296.7001342671697	0.06877627	0.11441320099789684
10821.067048815401	300	7.890240388623432	0.0	143509	818.5844383648856	0.557315	0.23546743395714015
10822.427149158571	300	7.66778140317464	0.0	150616	1222.4589854487908	0.061091326	0.6234458429138546
10824.883946085467	300	7.788203551837696	0.0	165384	1379.5778513369437	0.05268817	0.6194450102825215
10829.016990990343	300	7.655158646961561	0.0	140881	2133.0449048761348	0.05215741	0.5311596879293984
10832.731946234453	300	7.692813019923117	0.0	157671	2462.345627038444	0.04196843	0.5018915034836787
10835.251220939052	300	7.874480495210857	0.0	157812	2318.3325247122602	0.033831872	0.5339599756880299
10839.107800460308	300	7.82166176252607	0.0	163927	2552.8187326847874	0.030755172	0.5053747331371815
10841.31958722968	300	7.712648881824811	0.0	137654	1109.0128807012593	0.027078342	0.639153815687337
10843.531054699006	300	7.503302081947699	0.0	146754	1209.346799877113	0.030919254	0.6087614474817024
10846.402022164215	300	7.9038786840679425	0.0	153938	1599.423397879756	0.031957142	0.6087098622376319
10850.692290004476	300	7.613610843806702	0.0	181901	2290.2678402612396	0.031280708	0.5113968705340779
10852.522044824704	300	7.7796393824872645	0.0	111155	1333.971461319437	0.02882694	0.6231727838149428
10854.7865120912	300	7.76529739569443	0.0	153605	1514.3419867928342	0.026256211	0.6037409730519999
10856.57432735295	300	7.876452361669595	0.0	149029	1388.8450340248348	0.030169107	0.6271004887698847
10858.831457203387	300	7.887372569315297	0.0	157421	1489.0797923542973	0.032534875	0.6181390031304829
10862.1456483692	300	7.534302053448666	0.0	157488	1853.0705158666315	0.03394995	0.5474038231112196
10864.906388637011	300	7.919492173016351	0.0	143881	2114.8098804323135	0.032538358	0.5586896257826088
10869.043768988355	300	7.568767253035298	0.0	163444	3350.7249199810544	0.029560605	0.40099012335957723
10873.039613789653	300	7.572922451736321	0.0	179328	3495.8448012989757	0.0270183	0.38688222830145974
10877.031991967264	300	7.580544274125719	0.0	159914	3492.378177610602	0.02411243	0.38797011289766603
10880.779493507493	300	7.833042733897919	0.0	131610	3247.5015402278	0.02067762	0.43701325184879264
10884.865769905222	300	7.746766336168366	0.0	124011	2586.2763977295535	0.01806477	0.49474538641941834
10887.350088692376	300	7.548935054704916	0.0	144254	1197.83128146345	0.017113257	0.6143508059237082
10889.565912169839	300	7.789267073820389	0.0	149991	1259.6679808845272	0.0241068	0.6315394248405801
10891.773998281202	300	7.693301818926437	0.0	147968	1095.965254893952	0.03028382	0.6385770764012008
10893.44513684342	300	7.778792937052064	0.0	161857	1414.5088818743736	0.036364514	0.6150367249408759
10896.081128241025	300	7.899112102422097	0.0	145210	1379.6808346299656	0.038794428	0.6302205684975524
10898.259289538857	300	7.86318676849288	0.0	172312	1535.9253339292163	0.039904367	0.6111023798430111
10901.04676224315	300	7.920568355298179	0.0	167025	1442.6184131947014	0.044894677	0.6260134312332777
10904.140750776332	300	7.7960011962566425	0.0	160064	1624.567159041538	0.045928802	0.5957044004318047
10907.473048727368	300	7.7295629983081415	0.0	137507	1566.4381979485013	0.047600754	0.5950561817906166
10911.275983161853	300	7.92662856382252	0.0	118421	1302.934434485621	0.044425346	0.6405711843831781

