7498.645504171554	750	4.0	2.993897582587049	450283	2993.897582587049	0.0050785784	0.03781954406687649
7500.193752020719	300	6.451752150834994	0.0	155580	1548.247849165005	0.18288103	-0.1667065545590808
7500.980210715985	300	7.809595542918126	0.0	139857	642.1566079168676	0.008238005	0.4587677815709286
7501.6508175481695	300	7.686443237260162	0.0	155432	623.1523056579637	0.015921962	0.4529711926931963
7502.825897681963	300	7.612630405026813	0.0	163442	573.8128322333491	0.029076688	0.4532918380210734
7503.666706827508	300	7.607859454434469	0.0	126289	504.77095059234506	0.027979303	0.45989784177315235
7504.756662141649	300	7.935900899590366	0.0	153295	671.9585548441029	0.02357632	0.4636816716702201
7505.846615031709	300	7.844922800808654	0.0	173849	590.9780987817126	0.02323065	0.4660935861026021
7507.0618857286845	300	7.716774948110218	0.0	150710	628.147852698436	0.045083586	0.45436736991727755
7507.884661625753	300	7.633948350214159	0.0	139105	582.8265978960585	0.037893206	0.4537228330290117
7508.663000264679	300	7.944753685087519	0.0	141840	689.194665126641	0.040103883	0.46251135973553836
7509.3097780245125	300	7.835936830220777	0.0	156148	608.8168548667409	0.034381732	0.463748087332357
7510.3700676670105	300	7.594772404204836	0.0	160746	741.164426015941	0.0410999	0.4354405535914406
7511.24253797103	300	7.843099917685912	0.0	179801	751.6724865189256	0.033573877	0.44991021713370943
7512.140857763232	300	7.679338916035329	0.0	140051	663.761001650583	0.034391947	0.4484663030173823
7512.822658426224	300	7.540717979815127	0.0	138313	638.6209362202014	0.030597169	0.4423165010466579
7513.778947480121	300	7.929163306702981	0.0	143509	611.5546731121451	0.02763478	0.46930096028795437
7514.911775738799	300	7.6601163296057475	0.0	150616	769.0469770972343	0.030221835	0.4367362938208683
7515.975048779501	300	7.875370469145928	0.0	165384	784.7458604598207	0.023436021	0.4486197892058709
7517.056108422375	300	7.7391043045794286	0.0	140881	636.2661645664992	0.025283452	0.45495112350979694
7518.380654250362	300	7.544228096339706	0.0	157671	694.8762082397219	0.02477419	0.43691035612749196
7519.569427599616	300	7.774676183886635	0.0	157812	769.5519124530713	0.025661035	0.44384579117784007
7520.97297908501	300	7.917511231139709	0.0	163927	857.164952746925	0.022424474	0.44401167760177185
7522.6560388537455	300	7.94917459879527	0.0	137654	968.33663234444	0.02057349	0.43487347012049293
7524.966751540853	300	7.586179847287529	0.0	146754	862.9947515077424	0.016493514	0.4227204862349288
7527.436857889303	300	7.679985621762487	0.0	153938	906.1942255250403	0.016769193	0.4242633997378839
7528.681558635019	300	7.629591234316482	0.0	181901	1050.3943874460067	0.016274935	0.406693734330412
7529.874132435869	300	7.795457555527403	0.0	111155	834.133678789079	0.016938787	0.43868645027178726
7532.0343368109525	300	7.974575434015511	0.0	153605	1820.8821215118903	0.012385666	0.35120647340501293
7534.3329090541665	300	7.969950424693714	0.0	149029	1504.6250093217968	0.009314239	0.38254312154140996
7535.564568355614	300	7.7010944004165305	0.0	157421	768.8560242771841	0.009063106	0.4393165185285473
7536.857499819624	300	7.501030302497442	0.0	157488	700.0640979190875	0.013008949	0.4336917050444139
7538.125155083439	300	7.858636367634772	0.0	143881	642.3939348626706	0.016916722	0.46180910042113876
7538.90868982756	300	7.579499693549753	0.0	163444	779.1366740850189	0.015162645	0.43068878436859015
7539.844592098432	300	7.788747507632604	0.0	179328	790.752185917148	0.01409162	0.44260522156555554
7540.6581494907	300	7.5695439444763455	0.0	159914	719.2035631562595	0.016824543	0.4360598611443781
7542.00934396419	300	7.886123636287259	0.0	131610	683.4203081890869	0.02020036	0.4594244173792775
7543.3130400305945	300	7.788162676234644	0.0	124011	597.9609600526145	0.018116461	0.4618477921896364
7544.359352838224	300	7.552873730596082	0.0	144254	735.2889456385628	0.022843918	0.43340943452863145
7545.125129746779	300	7.8254972883145655	0.0	149991	727.3764422815165	0.024572838	0.4512396572217412
7546.522214847005	300	7.671154909338132	0.0	147968	654.3423789764335	0.027694808	0.4488966648662225
7547.7957162531975	300	7.940775614366062	0.0	161857	730.3792949720703	0.0313298	0.4581442673309044
7548.708398790139	300	7.925995439506034	0.0	145210	514.7801748600277	0.035447165	0.47878041841335683
7550.258445029169	300	7.549923391531869	0.0	172312	876.072047974165	0.047734104	0.41914672810355785
7551.161705467017	300	7.785280373135478	0.0	167025	764.6430183963914	0.039330795	0.44499944241156075
7552.179872996104	300	7.6205052563172595	0.0	160064	664.7751168182181	0.044542894	0.4446877877682395
7553.379512729029	300	7.997381629490193	0.0	137507	623.1236268270654	0.058686763	0.47240771009066307
7554.676420806946	300	7.897185595579587	0.0	118421	600.1960339106065	0.060597084	0.4684382172628961

