6917.823684248489	750	4.0	6.619212714537035	450283	6619.212714537035	0.011514692	-0.1659014063374244
6919.93464659274	300	5.8890376557490836	0.0	155580	2110.9623442509164	0.004705182	0.06688739376127598
6922.24070859653	300	7.582975651959863	0.0	139857	1806.0620037892206	0.004705182	0.7565311918560084
6925.612121271539	300	7.865387740844166	0.0	155432	2717.587911115697	0.004705182	0.7002485618510255
6928.937341925831	300	7.599689809944733	0.0	163442	2265.6979308994323	0.004705182	0.7126313281972061
6932.8392506303635	300	7.697781105411282	0.0	126289	1901.9087045334513	0.004705182	0.7611217706846617
6936.725821163868	300	7.811210571906154	0.0	153295	2886.5705335051284	0.004705182	0.6766609409494705
6940.637227901685	300	7.589508250463567	0.0	173849	2721.7023214425885	0.004705182	0.6657737525215185
6943.051327356292	300	7.662310755196803	0.0	150710	1927.1974952667636	0.004705182	0.7542132996333039
6945.056864078257	300	7.9379933023347435	0.0	139105	1724.317452862059	0.004705182	0.8085403552117674
6947.473700482067	300	7.820184744529903	0.0	141840	2117.8085578048403	0.004705182	0.7546451967764587
6950.5582344318955	300	7.702431749869272	0.0	156148	1117.7529946606292	0.004705182	0.8401115656375294
6953.066507393552	300	7.9716856703248125	0.0	160746	1730.7460795444601	0.004705182	0.8120575536559147
6954.827287397201	300	7.8650591810561705	0.0	179801	1606.6264892686418	0.004705182	0.8113041361303366
6956.710839632438	300	7.755359777728026	0.0	140051	1109.6994033281444	0.004705182	0.8474520495953515
6958.719329599689	300	7.563041243456974	0.0	138313	1192.3185342710533	0.004705182	0.8154441992654171
6959.933243604419	300	7.894169890782228	0.0	143509	1168.8713526747447	0.004705182	0.858674004793835
6961.097006906514	300	7.734809623011952	0.0	150616	1159.3602677702759	0.004705182	0.8399485962461738
6963.209691492183	300	7.650668837789701	0.0	165384	1584.14078522225	0.004705182	0.7870815208303333
6965.252396742054	300	7.783588060627528	0.0	140881	1867.0807771621742	0.004705182	0.7751993122881411
6967.464036463388	300	7.51058052216501	0.0	157671	1773.007538462518	0.004705182	0.7508978732572223
6971.235272599592	300	7.739344385961267	0.0	157812	2271.2361362037436	0.004705182	0.7293209252569132
6975.254924788021	300	7.719692197532302	0.0	163927	3019.652188428966	0.004705182	0.6520528267442561
6977.904320343323	300	7.969754597333405	0.0	137654	2249.9376001988967	0.004705182	0.7598999683150449
6982.033811795277	300	7.84026314537952	0.0	146754	2629.4914519538856	0.004705182	0.705956025914398
6983.926604054372	300	7.648341771910633	0.0	153938	1691.9213734688879	0.004705182	0.7760161347310676
6985.410036589047	300	7.762060904386631	0.0	181901	1386.2808675240005	0.004705182	0.8206213041002086
6986.777060872442	300	7.822124610763891	0.0	111155	939.9362936227398	0.004705182	0.8726719421885734
6990.472937664948	300	7.892730213897603	0.0	153605	2429.3943968662884	0.004705182	0.7324439407163539
6994.836411475896	300	7.529256402950436	0.0	149029	2363.473810947167	0.004705182	0.694157192726956
6997.773369402071	300	7.835755505156729	0.0	157421	2193.5008977937073	0.004705182	0.7489985143712459
7001.64426867716	300	7.964856230067351	0.0	157488	1870.8992750893788	0.004705182	0.7971989900515297
7005.454934718974	300	7.6217013988955475	0.0	143881	1843.1548311718027	0.004705182	0.75760345115489
7009.071682917673	300	7.822082962367398	0.0	163444	1799.61843652815	0.004715075	0.7866985854908649
7012.951323238723	300	7.750827682926961	0.0	179328	2071.2552794404364	0.004735577	0.7507368755714037
7016.505315557057	300	7.808023953565102	0.0	159914	1942.8037293618604	0.0047287825	0.77064416350282
7019.051886975834	300	7.980332605662514	0.0	131610	2327.691347902588	0.004739033	0.7534306804635118
7022.691389777753	300	7.560021163640156	0.0	124011	1920.3114420223571	0.004762752	0.7422720134594016
7025.247103811277	300	7.626759922326663	0.0	144254	2433.2612413134943	0.0048081037	0.6992173957031868
7028.810316548415	300	7.626379940362376	0.0	149991	2000.379981964286	0.0048334897	0.7424586045382617
7031.606527085532	300	7.549690972891422	0.0	147968	2076.6889674709555	0.0048808036	0.7253587725063056
7035.336574947282	300	7.819643111140893	0.0	161857	2230.0478617505296	0.0049089883	0.743354389871475
7038.867321538317	300	7.889054588821933	0.0	145210	1930.5885223189598	0.0050830725	0.7818706917133609
7042.47148893003	300	7.972049927322613	0.0	172312	2417.0046614993207	0.00532009	0.7434766709685887
7045.615919674954	300	7.533415843468101	0.0	167025	2938.634083854511	0.005720471	0.6371547395118677
7049.601181424202	300	7.548154094219968	0.0	160064	2985.261749248134	0.006253656	0.634311732979743
7053.3824443897865	300	7.766891128636056	0.0	137507	2781.2629655839114	0.007045923	0.6817194913200979
7057.149423080668	300	7.999912437753425	0.0	118421	3266.9786908826322	0.008371648	0.661919505480201

