14995.502388119146	750	4.0	4.838144007766586	450283	4838.144007766587	0.04048588	-0.13381440077665863
14997.093227445353	300	6.409160673793575	0.0	155580	1590.8393262064255	0.45284033	-0.20851139050854414
14999.40891932493	300	7.705806415296815	0.0	139857	1203.3542584967608	0.02003014	0.3612774751063748
15001.38641520161	300	7.923227225491215	0.0	155432	1282.5791898055993	0.015836198	0.366943782612641
15003.37708437776	300	7.645350947504048	0.0	163442	1277.8762779871665	0.018287675	0.35004680642028635
15004.674691208189	300	7.867944048119915	0.0	126289	1277.4068993841333	0.017954005	0.3640058130690813
15006.443039263266	300	7.723869967005268	0.0	153295	1144.0740811146466	0.013289222	0.3683344648263646
15008.681637502208	300	7.61670784406388	0.0	173849	1607.1621229413893	0.015868373	0.3153280279598536
15009.992995565377	300	7.871746860931073	0.0	150710	1244.9609831328073	0.012738486	0.36748808049491133
15011.44236711579	300	7.640259625743118	0.0	139105	731.4872351879559	0.01437982	0.4043675030901493
15012.407312306388	300	7.986729178555386	0.0	141840	653.5304471877325	0.023510896	0.4338175289409384
15013.619380012822	300	7.766402677943192	0.0	156148	720.326500612195	0.033050187	0.41336751731022997
15015.151907677242	300	7.936009467745133	0.0	160746	830.393210198059	0.03559638	0.4129612707142649
15016.15390431449	300	7.516078357132924	0.0	179801	919.9311106122078	0.030366931	0.377761786259587
15016.99263666425	300	7.9527449646689385	0.0	140051	563.3333924639855	0.034953818	0.4407132210454101
15018.23443092709	300	7.78454733094803	0.0	138313	668.1976337209093	0.04586672	0.4197144448121609
15019.64493139227	300	7.636095355718062	0.0	143509	648.4519752299675	0.03829259	0.4124107622093821
15022.510472193488	300	7.924349314534042	0.0	150616	1211.7460411840207	0.042442687	0.3740972280399756
15025.500878631485	300	7.98604345645142	0.0	165384	2438.3058580826214	0.024613857	0.2552971302199516
15026.774014468434	300	7.735525804084791	0.0	140881	750.5176523666288	0.014670493	0.4084185975186365
15028.9064146241	300	7.890634818541968	0.0	157671	1844.8909855428224	0.023729727	0.30867557760459075
15030.207561379302	300	7.723816021253282	0.0	157812	1166.8187972886851	0.013060487	0.3660566215994616
15031.551061257283	300	7.514230003969329	0.0	163927	1209.5860172839534	0.014677414	0.34868077351968774
15032.559935203517	300	7.6417499803020075	0.0	137654	872.4800236673208	0.014078671	0.3903613714021434
15034.481708501882	300	7.9490603019517625	0.0	146754	692.6896783502463	0.018542523	0.42754730103696054
15036.46331755958	300	7.577797659409338	0.0	153938	1371.2626425424237	0.025547666	0.3364860894588413
15039.065894001993	300	7.981682583881675	0.0	181901	2596.1150755276635	0.013270366	0.23924365393983832
15039.74899960247	300	7.663360529085272	0.0	111155	318.32205479640345	0.011638663	0.4471278275881892
15040.21122204293	300	7.769641014696164	0.0	153605	393.7195143891084	0.05003222	0.44623061197959946
15040.640672989346	300	7.929167000022924	0.0	149029	340.47401467324136	0.13417058	0.4615255360341086
15041.229609531094	300	7.5491871615215365	0.0	157421	379.97983850138695	0.18822111	0.43382621374495733
15042.018384830428	300	7.979277853976503	0.0	157488	569.9093075450335	0.17918977	0.44171393511902807
15042.416855267307	300	7.62947572193246	0.0	143881	349.80213204404305	0.13294825	0.44186201941637443
15042.8070598043	300	7.763707515352395	0.0	163444	365.76820658006665	0.24267863	0.448654899051518
15043.359942220008	300	7.724484577705911	0.0	179328	539.2229376464838	0.30597863	0.42885799234197103
15044.04007050864	300	7.5512501009205515	0.0	159914	673.2344767853602	0.24407414	0.4046296836289984
15045.160748686238	300	7.5093579845444545	0.0	131610	541.892116376097	0.11702342	0.4151456623964187
15045.892816396965	300	7.837717093291572	0.0	124011	671.6408912528817	0.12306723	0.42269322920543506
15046.859639369175	300	7.619518992924564	0.0	144254	718.198100367007	0.096342936	0.4044001270210845
15048.919038548238	300	7.824131934814381	0.0	149991	795.3870581101837	0.07920839	0.40946954011488046
15050.084752130748	300	7.908281132535461	0.0	147968	915.8508022789196	0.08353993	0.40268249055557437
15052.318808346661	300	7.586184452694586	0.0	161857	822.0966798408757	0.083633095	0.39192686030932405
15053.388194177343	300	7.942471329390534	0.0	145210	643.7131233040524	0.106698826	0.4320331457565031
15054.480677246624	300	7.529066066938334	0.0	172312	913.4052624521987	0.13999373	0.379226102938426
15055.80014288698	300	7.888872179173524	0.0	167025	1140.19388776481	0.14655311	0.37903512242186427
15057.36894930287	300	7.794104833025056	0.0	160064	1094.7673461484687	0.11116131	0.37765481744921914
15059.215634083665	300	7.562781982499648	0.0	137507	731.3228505254076	0.12701082	0.39954158885368724
15060.636907186337	300	7.864826400796773	0.0	118421	697.9555817028735	0.19425622	0.421756091879511

