1223.6926030682305	750	4.0	6.835416697573638	450283	6835.416697573638	0.004705182	-29.650714183031866
1226.9991412902941	300	4.693461777936518	0.0	155580	3306.5382220634815	0.0056837155	-0.3128568399802335
1229.185458648237	300	6.507144419993679	0.0	139857	2186.3173579428385	0.004705182	0.4237342947327063
1231.7212744220817	300	7.971328646148999	0.0	155432	2035.8157738446798	0.004705182	0.5797138753964473
1234.3605250273636	300	7.96874740737036	0.0	163442	2002.5812387786382	0.015031221	0.5827888816904161
1235.6164775418697	300	7.88910581426894	0.0	126289	1079.6415931014194	0.008082129	0.6674172509712408
1237.4177998572263	300	7.766600136392932	0.0	153295	1122.5056778760072	0.027762007	0.6513395295582336
1239.7680947224164	300	7.560860979638312	0.0	173849	1205.73915675462	0.17658372	0.6232135502948294
1241.059993410182	300	7.9571894804231365	0.0	150710	1103.6714992151756	0.37949497	0.6715673918337882
1243.1757208281474	300	7.898439418165657	0.0	139105	1058.7500622574798	0.7061112	0.6704047742068864
1245.5771412195134	750	7.861217852636757	0.0	353220	2037.2215655288999	0.6699092	0.14304380605777833
1248.9245658171753	750	7.914605004874017	0.0	405134	2946.6128477627412	0.18219651	0.5072432528758257
1252.4714243113153	750	7.61158157555385	0.0	386351	3303.0234293201665	0.11318422	0.4424358397897138
1256.4018148464584	750	7.68119104041081	0.0	434409	3430.3905351430394	0.12583333	0.43639912056811453
1258.9805101227048	750	7.603956245168976	0.0	337059	2577.2347952418336	0.18686336	0.5142807563441123
1261.3905086891323	750	7.964687221557468	0.0	366214	2139.269023611509	0.16078143	0.5927981064695846
1264.172251526168	750	7.574180545797575	0.0	360831	2390.5066757598934	0.09062141	0.5300876228500195
1266.4931081681848	750	7.57937029592727	0.0	372963	1994.8102498703047	0.08108112	0.5701567848808321
1269.1463074327653	750	7.620793864460185	0.0	405596	1958.5764314670848	0.17295626	0.5777672330183841
1271.111193057829	750	7.73566243033516	0.0	350713	1885.1314341250252	0.43896484	0.5961679648405458
1275.165223036908	750	7.558524560115014	0.0	386472	2677.137870220146	0.45287144	0.49991759670629504
1278.7764385790729	750	7.947309017949834	0.0	399894	3111.2155421651805	0.089803435	0.49393078245282845
1282.7727220125173	750	7.873221117189569	0.0	401853	3074.0879007602653	0.081852816	0.49051250060632223
1287.1809317500802	750	7.465011379626663	0.0	343800	4408.2097375629055	0.10543663	0.3178096583835695
1289.4836367936878	300	7.7738614929463035	0.0	146754	1691.14988668036	0.30242118	0.14517402262972182
1290.8025054907237	300	7.695204780241943	0.0	153938	1078.6567127043588	0.024665412	0.6488525406157439
1292.1658507905702	300	7.908638060484531	0.0	181901	1286.566719757413	0.251914	0.6486047395550147
1295.7167915782654	750	7.686557023181516	0.0	277716	2222.081037303015	0.6362326	0.10774655238913886
1299.839191965357	750	7.5641566360899395	0.0	400396	3622.4003870915762	0.29113394	0.4059334388343002
1304.331823648456	750	7.071524952990942	0.0	400508	4492.631683098997	0.6962797	0.27149394096313834
1306.4894140211793	300	7.69967557692057	0.0	157421	1871.8493760703723	0.08634995	0.11996359362125716
1308.5111536066845	300	7.921676396994571	0.0	157488	1277.9991799259985	0.004782213	0.6507164484807709
1310.9964574298572	300	7.575894626197707	0.0	143881	1345.7817707968643	0.02782259	0.6106562947291725
1313.3617641774454	300	7.808002269091714	0.0	163444	1767.8923571059922	0.043452173	0.5907858647086808
1315.382397588901	300	7.641392796604876	0.0	179328	1666.6094724868374	0.01918275	0.5848777990833405
1317.629980517708	300	7.8496132351857595	0.0	159914	1291.7795614191164	0.025005804	0.6424022478062186
1318.8077300681355	300	7.968640243665876	0.0	131610	880.9729915198852	0.087814495	0.6949393917860079
1321.4243811166384	750	7.858702912868423	0.0	361565	2609.937330797453	0.49414456	0.08553016367457561
1326.6757690580682	750	6.6073149714385275	0.0	378327	5251.387941429895	0.10280043	0.15093756844800688
1328.395423627159	300	7.811538502460731	0.0	149991	1295.7764689777957	0.030506548	0.18833782006605693
1329.7462643238835	300	7.668057218154936	0.0	147968	1143.4812843057964	0.047815867	0.6397570992612748
1332.0116203257237	300	7.554058966444245	0.0	161857	1613.99825171069	0.054336287	0.5817329391759707
1333.2856015584518	300	7.797747253644846	0.0	145210	1256.3117127993996	0.041885316	0.6409568720625628
1335.5202959609219	300	7.864234726874243	0.0	172312	1433.5125267706023	0.09403293	0.6296362867274554
1337.893626866726	300	7.793160206821929	0.0	167025	1571.0745200523133	0.25896132	0.6090390827845513
1339.8916201616712	300	7.895291761725235	0.0	160064	1897.8684450966948	0.074647225	0.5861899703564204
1342.41748694111	300	7.767420796930008	0.0	137507	2127.8709647952264	0.010696495	0.5508819903905058
1346.3937628353992	300	7.791144902640526	0.0	118421	1976.2758942894811	0.0073492723	0.5683249700065878

