5023.054167112042	750	4.0	3.252274383373264	450283	3252.2743833732643	0.013960844	0.17079242677895268
5024.028027031204	300	7.026140080838887	0.0	155580	973.8599191611128	0.004705182	0.32099784740448245
5025.017259377259	300	7.649591059078628	0.0	139857	876.5490217602593	0.004705182	0.8577076217778246
5025.99980160747	300	7.954661577520382	0.0	155432	694.9294815582462	0.004705182	0.9135372161573957
5027.511337127981	300	7.712700158190901	0.0	163442	741.9614193294816	0.004705182	0.8789585831844466
5028.372845927108	300	7.516732914119205	0.0	126289	695.9672440716961	0.004705182	0.8593615502973386
5029.223329579491	300	7.774261851154657	0.0	153295	742.4710629645476	0.004705182	0.8865087587879127
5030.514096430938	300	7.577884662940636	0.0	173849	696.3771882140214	0.004705182	0.8668710792628077
5031.2952467481	300	7.94450433597556	0.0	150710	633.3803269650763	0.004705182	0.9184379975774489
5032.86319192834	300	7.634416798154543	0.0	139105	1310.0875378210155	0.004705182	0.8124801751546781
5034.309299035494	300	7.9752919704368175	0.0	141840	659.1248277177261	0.004705182	0.9196649556104664
5035.374947006566	300	7.720959196119429	0.0	156148	754.3327743173886	0.004705182	0.8787412068941013
5036.334431027933	300	7.571874817212668	0.0	160746	649.0843789067599	0.004705182	0.8708583130476718
5037.279473684205	300	7.669553234007055	0.0	179801	902.3215832056143	0.004705182	0.8575951335493615
5038.4814950909895	300	7.94490304809796	0.0	140051	724.6501859090952	0.004705182	0.9093602414313369
5040.001785873595	300	7.703443319682707	0.0	138313	1241.4597284152535	0.004705182	0.827865792721559
5041.925611231639	300	7.780946105755675	0.0	143509	922.4972139270326	0.004705182	0.8693314613908888
5043.415094667481	300	7.906868545693249	0.0	150616	1374.0775600624254	0.004705182	0.8397213112631082
5045.2166672203675	300	7.843785140390009	0.0	165384	1063.0834053032395	0.004705182	0.8630316980392233
5046.251464651223	300	7.910630994004024	0.0	140881	933.1541463859851	0.004705182	0.8842782093193661
5047.404640466989	300	7.584864737905064	0.0	157671	825.7662560989605	0.004705182	0.854794015679565
5048.754820223109	300	7.683479615829458	0.0	157812	901.3851220756055	0.004705182	0.8594082966601796
5051.290208258449	300	7.985183024831293	0.0	163927	1698.2965909981651	0.004705182	0.8169690466851499
5053.649974788831	300	7.718845448461408	0.0	137654	1266.3375763698834	0.004705182	0.8272797382229736
5055.052190847376	300	7.914451881894714	0.0	146754	804.3935665666945	0.004705182	0.8976260396366067
5055.611884072446	300	7.898516510549251	0.0	153938	515.9353713454639	0.004705182	0.9245042883823077
5056.846421488814	300	7.533126710277582	0.0	181901	865.3898002716684	0.004705182	0.8444434680421513
5057.875663445829	300	7.888079563317795	0.0	111155	645.0471469597867	0.004705182	0.9103044409855461
5058.707970813971	300	7.769023265274227	0.0	153605	619.0562980435672	0.004705182	0.8982034170625586
5060.72029070029	300	7.764488919163709	0.0	149029	1504.534346110518	0.004708996	0.809095747869661
5063.085261940578	300	7.910895959624739	0.0	157421	853.5929595389696	0.004705182	0.8922670438160041
5066.644336515538	300	7.707047827018936	0.0	157488	1203.848132605803	0.0047353385	0.8320720077169287
5067.762034918773	300	7.760811870078791	0.0	143881	946.2359569401451	0.0047602495	0.8644715745038271
5068.804682499447	300	7.545219293389135	0.0	163444	715.5925766896554	0.004794397	0.8609162847642012
5069.5587202964525	300	7.93672787787806	0.0	179328	608.4914155110757	0.0048486046	0.9199667145690748
5070.564424006512	300	7.701649228095915	0.0	159914	735.0786497821449	0.00560512	0.8782823806654486
5071.285783027615	300	7.71128222368312	0.0	131610	490.367004412797	0.0059155263	0.9039429495906396
5072.480819344301	300	7.779260107185051	0.0	124011	432.02211649806924	0.006454472	0.9181707976657979
5074.255363495548	300	7.89349509815593	0.0	144254	1385.7650090291215	0.008986493	0.8369013212222874
5075.964438970409	300	7.848347022333657	0.0	149991	1545.148075822273	0.0076885037	0.8153884952755013
5078.106238974109	300	7.734410682003477	0.0	147968	1613.9363403301793	0.008865372	0.7944417309808924
5080.395744710752	300	7.543589664366917	0.0	161857	1690.8210176365615	0.009082278	0.7631922272574719
5082.283116558716	300	7.579246128388578	0.0	145210	964.3435359783381	0.009645465	0.8402425472290362
5084.354887916289	300	7.529874543593914	0.0	172312	1549.3715847946642	0.01128207	0.7756437383496505
5086.462561693204	300	7.577237537025802	0.0	167025	1452.6370065681128	0.011741515	0.7911651955530657
5088.3340741050915	300	7.6589997352562165	0.0	160064	918.2378017695834	0.012280111	0.8547004510186321
5089.178777646522	300	7.938285255099381	0.0	137507	720.7144801568364	0.012600465	0.9089367004484991
5089.833400536405	300	7.992968355294633	0.0	118421	445.31689980474675	0.017985616	0.9432282854462449

