3.998697299309292	750	4.0	3.998697299309292	450283	3998.697299309292	0.5	0.09615013518534993
5.380675892396672	300	6.61802140691262	0.0	155580	1381.9785930873804	0.004705182	0.22979478681521556
7.950041137001228	300	7.678676706968678	0.0	139857	1439.3446999439418	0.004705182	0.8050193145307423
10.44355987131876	300	7.506927683680218	0.0	155432	1171.7490232884597	0.004705182	0.8105727018208573
14.638551053614806	300	7.311936501384172	0.0	163442	4194.991182296047	0.004705182	0.4841725517213696
18.31159993003282	300	7.638887624966159	0.0	126289	3173.048876418013	0.004705182	0.6267360628318648
22.204466044555783	300	7.746021510443193	0.0	153295	3392.8661145229653	0.004705182	0.617982364754775
26.436365034793205	300	7.51412252020577	0.0	173849	2731.8989902374233	0.004705182	0.6554460653518958
28.66004309148633	300	7.919570871860968	0.0	150710	2094.551648344802	0.004705182	0.7692422829399976
32.07643403182122	300	7.965938624967677	0.0	139105	1953.6322468932901	0.004705182	0.7890593382395621
35.46472563324096	300	7.793172213878614	0.0	141840	1672.7664110890632	0.004705182	0.7958141226270568
37.552449731468535	300	7.817072759930161	0.0	156148	1976.0994539484525	0.004705182	0.7684318644718968
39.666059547017205	300	7.991080088445391	0.0	160746	1325.9926714847697	0.004705182	0.8549275603590563
41.70249894873058	300	7.7766690073206535	0.0	179801	1714.4110811247376	0.004705182	0.7896119731473956
43.45575479881452	300	7.976055166273003	0.0	140051	1300.613841047651	0.004705182	0.8556102875269798
46.11816410677501	300	7.9211715502109	0.0	138313	1554.8836160621042	0.004705182	0.8234067249854309
49.0922638079515	300	7.782884583721852	0.0	143509	1638.2869664890472	0.004705182	0.7979918337165104
50.94794677121901	300	7.972949478931816	0.0	150616	1809.9351047900363	0.004705182	0.8042946959970978
54.52661215338544	300	7.926490707587338	0.0	165384	2046.458771344479	0.004705182	0.7749059759913508
57.99843913557761	300	7.576680488502236	0.0	140881	1849.8102190851032	0.004705182	0.7513790944548067
62.066228763821144	300	7.5088908602587034	0.0	157671	3067.789628243532	0.004705182	0.6212110384920708
65.67796611588565	300	7.897153508194202	0.0	157812	3111.7373520645006	0.004705182	0.6647557978028842
69.38648209415692	300	7.658667428916111	0.0	163927	2738.4860792780914	0.004705182	0.6726345927684325
71.72884743614844	300	7.767499745566936	0.0	137654	1891.1676833491738	0.004705182	0.7708041666400074
75.52495010384868	300	7.971397077866701	0.0	146754	1796.102667700235	0.004705182	0.8054862617776013
78.61818372707941	300	7.548430353122632	0.0	153938	2922.9667247440675	0.004705182	0.6405753456452066
80.95195937228883	300	7.58667594661126	0.0	181901	1961.754406511373	0.004705182	0.7414188340412147
82.52518905492761	300	7.541071753140881	0.0	111155	1545.6041934703792	0.004705182	0.7774030183595062
84.66859390345974	300	7.658182106959034	0.0	153605	1382.8896461818483	0.004705182	0.8081343124478383
86.27494142620372	300	7.675265965762181	0.0	149029	1482.9161411968514	0.004705182	0.8002410396656425
87.65861387837562	300	7.530145406449812	0.0	157421	1145.120559312369	0.004705182	0.8161022848527228
91.0220290230933	300	7.902713804520723	0.0	157488	2127.431601929089	0.004705182	0.7638729132379276
94.82321928560587	300	7.855110420658733	0.0	143881	2547.6033838619896	0.004705182	0.7159780541977261
96.64714502195919	300	7.814940958307365	0.0	163444	1540.169462351369	0.004705182	0.811761646008168
99.06206440242264	300	7.929359433576634	0.0	179328	1385.5815247307305	0.0047234185	0.8413479077370623
100.51330614567846	300	7.848407447315072	0.0	159914	1080.9519862615628	0.004740225	0.8618155650195904
102.75045686439928	300	7.939977023451771	0.0	131610	908.4304238633014	0.0047781877	0.8903739919518291
104.58659533126067	300	7.971267865949845	0.0	124011	968.7091575019258	0.004816685	0.8882096587549402
106.61092542930916	300	7.842817481105323	0.0	144254	1128.4503848445224	0.004901303	0.8563755213425662
108.8779722442385	300	7.512234030242647	0.0	149991	1330.5834508626756	0.0051090666	0.7953444438218866
111.9089939026909	300	7.614954821049789	0.0	147968	1397.2792091928588	0.0054155416	0.8013580004833385
113.34816014111445	300	7.692242907467768	0.0	161857	1422.7119135820205	0.0061551575	0.8083576378879156
114.66925192671741	300	7.584924215587047	0.0	145210	1107.3186918807205	0.0070904903	0.8266461159245346
116.77650835634562	300	7.833182561634068	0.0	172312	1251.7416539529793	0.008367455	0.8428567524978213
118.29440492652141	300	7.946991678883785	0.0	167025	1386.1908827502828	0.010058805	0.8434640589848503
121.02296452832321	300	7.803564654695647	0.0	160064	1143.427024188139	0.0114673395	0.8500312358603713
124.37069818755951	300	7.54726419488433	0.0	137507	1756.3004598113175	0.0135997385	0.7570979843505209
126.67881681369218	300	7.8989214815305	0.0	118421	1648.34271335383	0.015154803	0.8113135567230331

