4323.025341989153	750	4.0	6.8100179178166504	450283	6810.017917816651	0.03932386	-0.3310017917816651
4324.189657289471	300	6.835684699681131	0.0	155580	1164.3153003188686	0.30033955	-0.13920123630181616
4326.70025750555	300	7.877551148259397	0.0	139857	958.1335514217336	0.021354057	0.39653359162403895
4328.386282831462	300	7.695771889132055	0.0	155432	1181.7792591273437	0.01821217	0.362807817158019
4329.82415987197	300	7.998956345070806	0.0	163442	1196.8155440612484	0.020614194	0.3802532171608005
4331.285925673774	300	7.598604192392	0.0	126289	900.3521526788065	0.018343147	0.38487754675661934
4334.131720575088	300	7.53141357584671	0.0	153295	1567.1906165452906	0.018894095	0.31399428683589026
4337.005682174481	300	7.558734928085076	0.0	173849	1472.6786477616324	0.015150136	0.325153068229154
4338.36894848313	300	7.732743302026833	0.0	150710	1325.9916260582427	0.013024664	0.3506972937708528
4340.479704820487	300	7.716002417392734	0.0	139105	1016.7408846340998	0.015352252	0.3805760626236359
4342.9292633115665	300	7.543230974515109	0.0	141840	1172.7714428776255	0.017289056	0.3541747916194318
4345.774934992272	300	7.868788634413036	0.0	156148	1674.4423401020717	0.014938602	0.32435505564060757
4348.7906407762985	300	7.641550427001688	0.0	160746	2727.238207411349	0.011916374	0.2048730809464706
4352.439263866713	300	7.992927336586487	0.0	179801	2148.623090415201	0.009034242	0.28469564949513526
4354.737993300423	300	7.702107862646555	0.0	140051	1290.819473939931	0.008405582	0.3522997940214166
4357.64955676676	300	7.765281176113685	0.0	138313	1436.8266865328696	0.008930499	0.3416474048538184
4359.309013553377	300	7.7279212013567395	0.0	143509	1537.3599747569456	0.008554558	0.32925907760910167
4361.765469927914	300	7.575741367567918	0.0	150616	1652.1798337888208	0.008503297	0.30826585209411284
4364.464753527907	300	7.828237847445122	0.0	165384	1747.5035201227959	0.00843337	0.3145145134530405
4366.392148085079	300	7.580430580195971	0.0	140881	1247.807267249151	0.0085110385	0.3489961845373331
4369.231335713068	300	7.505630487461196	0.0	157671	1574.8000927347737	0.008920016	0.3116218961928474
4371.938503910585	300	7.809240094330875	0.0	157812	2696.390393130321	0.009070653	0.21843846658264754
4374.205736032892	300	7.546012906769669	0.0	163927	2263.2271875612055	0.008034924	0.2453030879169838
4377.492295944066	300	7.649735504405617	0.0	137654	1396.277402364052	0.007759548	0.33848072878894586
4380.988411067462	300	7.551819201863493	0.0	146754	1597.9163025421237	0.007918255	0.3121970698622559
4383.865083254614	300	7.872582423364063	0.0	153938	1679.2367784994296	0.007996239	0.324112723610311
4386.936724213253	300	7.93047973427109	0.0	181901	2442.102689092974	0.0077388254	0.2514447144826457
4390.887797281295	300	7.979406666228526	0.0	111155	2951.073068042564	0.007569704	0.20360560983502646
4395.242563383842	300	7.624640563681477	0.0	153605	3854.766102547049	0.006791723	0.09106342497538744
4399.055980745666	300	7.811223201857676	0.0	149029	3313.417361823801	0.0064289966	0.15685971393372466
4402.976851644594	300	7.89035230292956	0.0	157421	2920.870898928117	0.006138362	0.20105992904028575
4404.983924065252	300	7.711648881044424	0.0	157488	1678.7034218851338	0.006015261	0.31410771287676315
4408.263039069943	300	7.69127588258479	0.0	143881	1020.3729984596335	0.0062411316	0.37866744281558606
4410.088360786095	300	7.982986037124994	0.0	163444	1708.2898454597962	0.00793792	0.3281076427743325
4412.345378316747	300	7.652993178644956	0.0	179328	1329.9928584800382	0.007706012	0.3453127878173059
4413.7932112738545	300	7.672589088677232	0.0	159914	980.4040899677249	0.0096445875	0.3814964090455545
4415.310557449377	300	7.912630381985953	0.0	131610	759.9587066912795	0.014620321	0.41854352820499413
4417.664179056679	300	7.529513355749803	0.0	124011	883.1170262361503	0.02149627	0.3822828821107476
4419.495175453562	300	7.809267447841714	0.0	144254	1220.2459079080888	0.020335523	0.3660546246992983
4420.868989523959	300	7.957735709630791	0.0	149991	1351.5317382109226	0.022101624	0.3622053080308322
4423.645282385933	300	7.730730382736929	0.0	147968	1727.0053268938618	0.02811027	0.31047011623167187
4425.748362193501	300	7.85383430349258	0.0	161857	1376.8960792443486	0.023250286	0.3531750360438514
4427.106186350294	300	7.603013989258106	0.0	145210	1250.820314234474	0.031151142	0.3501063429051843
4429.461494233024	300	7.978862050172231	0.0	172312	1624.1519390858755	0.03810715	0.3362636842271769
4431.403945325285	300	7.60821445236354	0.0	167025	1370.647597808692	0.04203689	0.33844864349185205
4433.2244556887135	300	7.748860965376129	0.0	160064	1359.3534869874109	0.05095292	0.348368461637267
4434.51963321223	300	7.961850717838726	0.0	137507	1287.010247537403	0.058786947	0.3689146451111801
4435.946608327249	300	7.572446812817778	0.0	118421	889.4039050209482	0.06381783	0.38433753529901626

