8506.977190598993	750	4.0	2.1451274043719923	450283	2145.1274043719923	0.007191855	-9.049629234148405
8507.543769789329	300	7.433420809663336	0.0	155580	566.5791903366634	0.71644175	-0.3802325581395349
8511.32447203042	750	7.652718568571982	0.0	350812	2780.702241091355	0.09392341	-0.2755813953488372
8517.095319568933	750	5.881871030060517	0.0	382355	5770.847538511464	0.10352775	0.1744186046511628
8518.648870507679	300	7.856723800292488	0.0	163442	1525.1472297680295	0.67995334	-0.3802325581395349
8520.58414037954	300	7.783290675952048	0.0	126289	1073.4331243404401	0.66528213	0.06976744186046512
8522.157819570986	300	7.542369425389264	0.0	153295	1240.9212505627845	0.6608427	0.06976744186046512
8524.968486362266	300	7.553415081241513	0.0	173849	1488.954344147751	0.5814017	0.06976744186046512
8526.878530930831	300	7.764248977573092	0.0	150710	1289.166103668422	0.5471679	0.06976744186046512
8528.870384983045	300	7.6537611934658	0.0	139105	1110.4877841072923	0.4891975	0.06976744186046512
8531.870985957903	300	7.509143883039807	0.0	141840	1644.617310425993	0.5957481	0.06976744186046512
8535.484574493861	300	7.5503413661774355	0.0	156148	1458.8025168623717	0.55306983	0.06976744186046512
8539.113932911976	300	7.920982948063101	0.0	160746	2129.3584181143333	0.6370305	0.06976744186046512
8542.486992048514	300	7.916525603197493	0.0	179801	2004.4573448656092	0.4164306	0.06976744186046512
8544.99023976135	300	7.664202661667847	0.0	140051	1252.3229415296469	0.38884655	0.06976744186046512
8548.414933990489	750	7.972317994749523	0.0	366214	2691.884666918324	0.46716002	-0.2755813953488372
8552.170025350788	750	7.6311770146612545	0.0	360831	2841.1409800882684	0.71159613	0.1744186046511628
8553.660119158327	300	7.873105353447137	0.0	150616	1258.0716612141173	0.709713	-0.3802325581395349
8556.166302618922	300	7.941024701062979	0.0	165384	1432.080652384159	0.47633672	0.06976744186046512
8558.379613661495	300	7.721420569580503	0.0	140881	1219.6041314824765	0.4629256	0.06976744186046512
8562.243199066088	750	7.636481308529929	0.0	386472	3084.9392610505747	0.40682125	-0.2755813953488372
8563.983151459537	300	7.845828202626292	0.0	157812	1290.6531059036374	0.61473155	-0.3802325581395349
8568.302588061508	750	7.5263916006560505	0.0	401853	4319.436601970241	0.33206525	-0.2755813953488372
8570.940162467452	300	7.541972313842221	0.0	137654	1484.4192868138286	0.2882726	-0.3802325581395349
8573.348682106482	300	7.594290082491691	0.0	146754	1447.6822313505306	0.13945463	0.06976744186046512
8575.63130572673	300	7.59839701915783	0.0	153938	995.8930633338614	0.13559918	0.06976744186046512
8577.797989895033	300	7.653420180064635	0.0	181901	1444.9768390931954	0.32035995	0.06976744186046512
8579.541774897993	300	7.782381290738329	0.0	111155	871.0388893263059	0.27224636	0.06976744186046512
8581.653620409601	300	7.51783157275188	0.0	153605	1264.5497179864485	0.37771443	0.06976744186046512
8582.962978908005	300	7.841800248860036	0.0	149029	1176.0313238918454	0.27690598	0.06976744186046512
8585.236625203142	300	7.95164071704783	0.0	157421	1390.1595318122054	0.4685023	0.06976744186046512
8587.541898696485	300	7.525747400037928	0.0	157488	1425.8933170099021	0.44037145	0.06976744186046512
8590.398747463794	300	7.662013066050804	0.0	143881	1363.734333987124	0.28201276	0.06976744186046512
8594.1591220199	300	7.5183829761578505	0.0	163444	2143.6300898929526	0.25703472	0.06976744186046512
8597.795577023691	300	7.773527774369334	0.0	179328	2244.8552017885186	0.09664315	0.06976744186046512
8601.221628233232	300	7.7563020320999625	0.0	159914	2017.225742269371	0.06977944	0.06976744186046512
8604.020573744763	300	7.8262419574702164	0.0	131610	1430.0600746297457	0.04689902	0.06976744186046512
8605.764174912212	300	7.93888412569669	0.0	124011	1387.3578317735269	0.057186246	0.06976744186046512
8607.784478615606	300	7.691853941838032	0.0	144254	1747.0301838586586	0.05817575	0.06976744186046512
8611.505603472306	300	7.970729085139373	0.0	149991	1721.124856698658	0.034584828	0.06976744186046512
8614.943143784332	300	7.90415813174163	0.0	147968	2066.5709533977442	0.03651745	0.06976744186046512
8617.647321754264	300	7.677553845091803	0.0	161857	2226.604286649827	0.022391286	0.06976744186046512
8621.630543646996	300	7.694331952360153	0.0	145210	2983.22189273165	0.01840528	0.06976744186046512
8627.161785282795	300	6.163090316561389	0.0	172312	5531.241635798764	0.009610707	0.06976744186046512
8633.545529184445	300	4.0	0.22065358508740338	167025	6383.743901648792	0.004705182	-0.8790429740153693
8639.537036653612	300	4.0	1.9915074691681056	160064	5991.507469168106	0.004705182	-8.493714675562389
8644.315208972579	300	4.0	0.7781723189672294	137507	4778.172318967229	0.004705182	-3.276373529698621
8647.519376914153	300	4.795832058425346	0.0	118421	3204.167941574654	0.004705182	0.06976744186046512

