4718.702116659908	750	4.0	2.184991174137217	450283	2184.991174137217	0.031243343	0.2775207477025574
4719.382288027829	300	7.319828632077841	0.0	155580	680.1713679221592	0.004705182	0.38662898962920567
4720.647518938429	300	7.694794381052903	0.0	139857	625.034251024937	0.004705182	0.8884404394668737
4723.047992178216	300	7.714656148166088	0.0	155432	980.1382328868151	0.004705182	0.8553824116517805
4727.350024024559	300	7.41262430182388	0.0	163442	4302.031846342208	0.004705182	0.48590060060246254
4731.507901039004	300	7.254747287380032	0.0	126289	4157.877014443849	0.004705182	0.4808227068791265
4735.541141884248	300	7.221506442135977	0.0	153295	4033.240845244054	0.004705182	0.48918201306370596
4739.038235113994	300	7.724413212389367	0.0	173849	3497.093229746611	0.004705182	0.6048916353458345
4742.256322878056	300	7.775658273082328	0.0	150710	1948.7549393070378	0.004705182	0.7660527900397303
4743.828538349702	300	7.979216930587005	0.0	139105	1296.441342495323	0.004705182	0.8564179264689367
4747.485204393823	300	7.798770925401889	0.0	141840	2180.446005185117	0.004705182	0.745737446836766
4750.421147053448	300	7.5489097152064515	0.0	156148	2249.8612101954363	0.004705182	0.707945084853339
4752.261914608571	300	7.6365665860608205	0.0	160746	912.3431291456311	0.004705182	0.8525200544464739
4753.175395387577	300	7.72403841429609	0.0	179801	912.5281717647308	0.004705182	0.8633018641066442
4754.521959397179	300	7.876232722665929	0.0	140051	847.8056916301603	0.004705182	0.88856583444614
4756.678780993204	300	7.542201050239499	0.0	138313	834.0316724264293	0.004705182	0.8486997069364483
4760.294347934538	300	7.620812646271323	0.0	143509	1421.3884039681757	0.004705182	0.7996703578890003
4762.873387072738	300	7.948382288654224	0.0	150616	2172.4303576170983	0.004705182	0.7650118127460659
4765.462982729189	300	7.736888807820409	0.0	165384	1711.4934808338153	0.004705182	0.784991995864561
4766.393414373165	300	7.885724106991165	0.0	140881	851.1647008292446	0.004705182	0.889401852901141
4767.058946072236	300	7.747591781479092	0.0	157671	638.1323255120741	0.004705182	0.8936496280238099
4768.680657263907	300	7.890435891522966	0.0	157812	857.1558899561259	0.004705182	0.8893845070358822
4770.0073960285645	300	7.839344140951522	0.0	163927	1051.0917505714438	0.004705182	0.8636825248183214
4770.983363529379	300	7.564183907136798	0.0	137654	775.1602338147229	0.004705182	0.8573011161809423
4771.9960878665925	300	7.788225329130059	0.0	146754	775.9585780067396	0.004705182	0.884884104614468
4772.8108258252005	300	7.584239229429844	0.0	153938	703.9860997002153	0.004705182	0.8668947985917193
4773.833164020361	300	7.668446104203069	0.0	181901	915.7931252267753	0.004705182	0.8561112799129614
4774.739950403276	300	7.608325442712739	0.0	111155	560.1206614903297	0.004705182	0.8842553132316298
4775.758988956978	300	7.942138945573837	0.0	153605	666.1864971389022	0.004705182	0.9148653212833565
4776.497686688958	300	7.939216126865253	0.0	149029	502.92281870858403	0.004715194	0.9308308031105487
4778.545685833895	300	7.78310397303313	0.0	157421	656.1121538321225	0.00476168	0.8962364034000485
4779.727095906314	300	7.6783424753750005	0.0	157488	1104.7614976581297	0.0047934437	0.8384363665452341
4780.607892166306	300	7.626268618260699	0.0	143881	552.0738571143008	0.0047999984	0.8872754718704625
4781.278186871217	300	7.500482505742993	0.0	163444	625.7861125177055	0.005307015	0.8643731944516208
4782.0641132965	300	7.839773589298569	0.0	179328	660.7089164444242	0.0057173762	0.9027738330397531
4783.554913846783	300	7.671982016076398	0.0	159914	667.7915732221721	0.006883365	0.8813480209148531
4784.3382766137165	300	7.896805125640258	0.0	131610	775.1768904361405	0.007441338	0.8983688285055031
4785.5160700512615	300	7.802001436116983	0.0	124011	594.8036895232741	0.007406106	0.9047005557392948
4786.591933130632	300	7.6555647559419375	0.0	144254	646.4366801750458	0.008358234	0.8814564397127539
4787.433382916967	300	7.599553000371696	0.0	149991	556.0117555702416	0.009633578	0.883583053590494
4788.371992057812	300	7.972967454832222	0.0	147968	626.5855455394733	0.01345222	0.9226318714409563
4789.457555180386	300	7.776197710197879	0.0	161857	696.7697446343432	0.014482126	0.8913179148393302
4792.087793629198	300	7.745475170261954	0.0	145210	2030.722539935925	0.015743125	0.7541292645464257
4793.0278516384615	300	7.960204072067911	0.0	172312	785.271098194043	0.015550762	0.9051873968956201
4793.772957953291	300	7.730044389187976	0.0	167025	730.1596828799346	0.017028337	0.8822802822014519
4794.97918921121	300	7.884402157702665	0.0	160064	845.6422314853106	0.019446347	0.8897908762286553
4798.358426881358	300	7.690077735345942	0.0	137507	694.3244223567248	0.022920799	0.8809290490676716
4801.167794791623	300	7.537850452109047	0.0	118421	2152.2272832368935	0.02471112	0.716342969183716

