14389.856576477601	750	4.0	2.100206826790785	450283	2100.2068267907853	0.0047315164	-8.852335512209104
14391.902154819838	300	5.937314251812226	0.0	155580	1062.6857481877737	0.76728153	-0.30884820582585304
14393.107884676825	300	5.5308955059039615	0.0	139857	906.4187459082643	0.78543866	0.16548642741241476
14394.397193350962	300	5.830896762529357	0.0	155432	699.9987433746044	0.76655334	0.21428609896764841
14396.836632535607	750	5.65083210218778	0.0	411561	1680.064660341577	0.7476114	-0.22679430509313966
14399.04847920282	750	5.7295960593333355	0.0	318564	1921.2360428544443	0.49242306	0.19518684411252768
14399.92229106439	300	5.962995497977194	0.0	153295	766.6005613561417	0.6757989	-0.2543309546569532
14401.574415436931	750	5.855538885512822	0.0	437162	1607.456612464372	0.7302737	-0.21671221039982405
14403.256396802783	750	5.556882144625138	0.0	374758	1298.6567408876847	0.5675139	0.2887599072127961
14405.596279663825	750	5.938603002736581	0.0	362795	1618.2791418885568	0.53241265	0.231727636038347
14406.37638517295	300	5.709352141151319	0.0	141840	729.2508615852618	0.6240821	-0.24430946481992952
14407.71991220002	300	5.983015870285777	0.0	156148	726.336270865542	0.6322857	0.20651591558446034
14409.693719083101	750	5.644707802098293	0.0	386351	1838.3080681874844	0.7062744	-0.24600807585545847
14413.013958362386	750	5.707337622352879	0.0	434409	1937.3701797454137	0.6797042	0.1935613564823621
14414.368060144508	750	5.891721319210897	0.0	337059	1315.6163031419817	0.65271676	0.2850375136766072
14416.75485469209	750	5.527566808759564	0.0	366214	1864.1545104513339	0.68853915	0.20116358268457482
14417.882769822305	300	5.674929152517569	0.0	143509	852.6376562419968	0.6912104	-0.2740753280108159
14418.444327522137	300	5.656789120688769	0.0	150616	518.1400318287986	0.48577413	0.2894970293466194
14419.25778221203	300	5.946770523892586	0.0	165384	710.0185967961825	0.6068698	0.21126207211592082
14420.01492552112	300	5.744916996947122	0.0	140881	701.8535269454648	0.58800614	0.21371980654256265
14421.084892968987	300	5.517578097334855	0.0	157671	727.3388996122665	0.48133397	0.20623123564539553
14422.791075990317	300	5.605800922798122	0.0	157812	911.7771745367331	0.32961074	0.16451387925587613
14425.376197318308	300	5.900443201248915	0.0	163927	1705.357721549207	0.25067014	0.08795808533574687
14427.73700934777	300	5.664918946839763	0.0	137654	1735.5242544091514	0.06417659	0.08642921562111305
14431.601112613404	300	5.800815681204717	0.0	146754	2364.1032656350467	0.014530735	0.06344900503308044
14434.28469169956	300	5.773721634619858	0.0	153938	2527.0940465848576	0.006984137	0.059356714564189506
14435.821578132363	300	5.753520976304244	0.0	181901	1520.2006583156142	0.004746734	0.09867118474096725
14437.422971528757	300	5.871167212850498	0.0	111155	882.3537634537448	0.006704638	0.16999984157472614
14438.745132495762	300	5.599606479318729	0.0	153605	771.5607335317685	0.0080378875	0.1944111376863165
14439.909132382181	300	5.5279066288460035	0.0	149029	1071.6998504727253	0.037494835	0.1399645618442843
14441.696573099673	300	5.900336278572355	0.0	157421	627.5703502736482	0.016505545	0.23901702802656855
14442.754312439743	300	5.951401873145947	0.0	157488	948.9344054264086	0.09158216	0.15807204285379106
14443.727798304935	300	5.949061317372318	0.0	143881	502.34055577362875	0.058793504	0.29860220974791246
14444.50047068281	300	5.778297883145573	0.0	163444	670.7634342267442	0.18494383	0.22362578570330083
14445.601623212297	300	5.6586760472238895	0.0	179328	619.6218359216836	0.1581895	0.24208314056084862
14446.371996650714	300	5.64425463179846	0.0	159914	514.4214154254303	0.17166248	0.2915897268311602
14447.531247477376	300	5.577605301462878	0.0	131610	566.6493303355807	0.23016235	0.26471398088685133
14448.919578966794	300	5.8647403289171836	0.0	124011	712.8649725456943	0.11147648	0.21041853054490636
14450.130507937605	300	5.62700903544894	0.0	144254	737.7312934682442	0.062390104	0.2033260637417393
14450.96716413312	300	5.530279776361404	0.0	149991	596.7292590875356	0.037681043	0.2513702784230262
14452.296216382394	300	5.830717109939778	0.0	147968	699.5626664216264	0.05947909	0.21441967560572336
14453.612367135158	300	5.9273865444835065	0.0	161857	903.3305654562718	0.04274151	0.16605216931216657
14456.034817427955	300	5.537571462737484	0.0	145210	889.8150817460228	0.02537746	0.16857435109513466
14456.809202024315	300	5.881696765584723	0.0	172312	655.8746971527595	0.014040852	0.2287022210967586
14458.075170705208	300	5.662967355740733	0.0	167025	718.7294098439918	0.03866604	0.20870163088575874
14459.260432511375	300	5.9489561881824065	0.0	160064	714.0111675583266	0.030980008	0.21008074777450408
14459.920778800055	300	5.854408325145476	0.0	137507	594.5478630369317	0.028446808	0.25229255594966693
14461.870537952373	300	5.552427909308728	0.0	118421	801.9804158367474	0.02632589	0.18703698623799597

