17424.60484894092	750	4.0	3.445995646227827	450283	3445.9956462278274	0.004705182	-14.643362674128493
17427.174347102777	750	5.430501838145294	0.0	398865	2569.4981618547067	0.28392372	0.1744186046511628
17430.101014761218	750	6.503834179706132	0.0	350812	2926.6676584391616	0.7271545	0.1744186046511628
17438.94549309689	750	4.0	2.3406441559638598	382355	8844.478335669992	0.61082435	-9.890351265993434
17443.138099631047	300	4.0	0.19260653416249535	163442	4192.606534162495	0.033579767	-1.208440655038265
17446.45669900875	300	4.681400622296262	0.0	126289	3318.599377703739	0.0054777088	0.06976744186046512
17449.268123415288	300	5.869976215761307	0.0	153295	2811.424406534955	0.00477336	0.06976744186046512
17452.5436175916	300	6.594482039447847	0.0	173849	3275.4941763134607	0.0047928477	0.06976744186046512
17455.640891441188	300	7.497208189860179	0.0	150710	3097.273849587668	0.005426744	0.06976744186046512
17459.19534079687	300	7.942758834179495	0.0	139105	2554.4493556806838	0.005144098	0.06976744186046512
17462.001537217573	300	7.69290442261641	0.0	141840	2749.854411563085	0.0071434025	0.06976744186046512
17465.581159463407	300	7.771264299469911	0.0	156148	2421.640123146499	0.014165409	0.06976744186046512
17469.5804212236	300	7.7720025392744505	0.0	160746	3499.2617601954607	0.02069833	0.06976744186046512
17473.73379526862	300	7.618628494252985	0.0	179801	3653.374045021465	0.013589004	0.06976744186046512
17475.790971856994	300	7.58534908296763	0.0	140051	1533.2794112853542	0.010729284	0.06976744186046512
17479.732914438344	300	7.643406501616241	0.0	138313	2441.9425813513903	0.028927512	0.06976744186046512
17482.122407043335	300	7.781580145089249	0.0	143509	2361.8263565269917	0.021621443	0.06976744186046512
17485.880094442884	300	7.711569607695001	0.0	150616	2070.010537394247	0.0231608	0.06976744186046512
17487.865807945887	300	7.947551239572865	0.0	165384	1764.0183681221356	0.023982244	0.06976744186046512
17490.35475362616	300	7.6689259478271055	0.0	140881	1278.6252917457614	0.049780283	0.06976744186046512
17493.763270036583	300	7.78482793212966	0.0	157671	1884.0980156974458	0.12543155	0.06976744186046512
17496.78281992389	300	7.827262228738393	0.0	157812	1957.565703391266	0.12477833	0.06976744186046512
17499.77204657512	300	7.728640966481176	0.0	163927	2098.6212622572166	0.10395252	0.06976744186046512
17502.639302575088	300	7.640315718182146	0.0	137654	1588.3252482990301	0.07556562	0.06976744186046512
17504.134550981635	300	7.682156828746387	0.0	146754	1458.1588894357594	0.09362256	0.06976744186046512
17506.32914300958	300	7.728405535177966	0.0	153938	1453.7512935684213	0.15145501	0.06976744186046512
17509.338995204515	300	7.823899905299144	0.0	181901	1904.5056298788218	0.18821009	0.06976744186046512
17512.122592304295	300	7.674774537438192	0.0	111155	1149.1253678609526	0.15852676	0.06976744186046512
17513.81754338496	300	7.524534939561276	0.0	153605	1650.2395978769155	0.14470397	0.06976744186046512
17515.755880726123	300	7.627721924377915	0.0	149029	1396.8130151833607	0.11689306	0.06976744186046512
17518.236461836157	300	7.923193599347443	0.0	157421	1704.5283250304715	0.16811875	0.06976744186046512
17522.21186288204	300	7.947792553461915	0.0	157488	2475.4010458855278	0.15326457	0.06976744186046512
17526.411280324974	300	7.748375110529432	0.0	143881	3199.417442932483	0.062946014	0.06976744186046512
17530.41075699976	300	7.748898435741621	0.0	163444	2499.476674787811	0.020516595	0.06976744186046512
17534.512608579837	300	7.647046855666167	0.0	179328	3601.8515800754535	0.018174497	0.06976744186046512
17537.283273899888	300	7.777813897984998	0.0	159914	2369.232957681171	0.009115639	0.06976744186046512
17541.53821016413	300	7.52287763374194	0.0	131610	1754.9362642430578	0.010259748	0.06976744186046512
17543.384410710154	300	7.9779616690360795	0.0	124011	1044.915964705861	0.009108834	0.06976744186046512
17545.277635237	300	7.716991744273615	0.0	144254	1260.9699247624642	0.026241666	0.06976744186046512
17547.887012228886	300	7.813430549368948	0.0	149991	1403.561194904667	0.035604008	0.06976744186046512
17550.973071951674	300	7.6483086434685905	0.0	147968	2165.1219059003583	0.046698496	0.06976744186046512
17552.799574961868	300	7.6105259703139785	0.0	161857	1537.7826731546115	0.020181244	0.06976744186046512
17555.02032673163	300	7.764510339952571	0.0	145210	1346.015630361408	0.039354697	0.06976744186046512
17557.864608045224	300	7.584737662357453	0.0	172312	2179.772677595118	0.065115795	0.06976744186046512
17560.763085553855	300	7.642753259539019	0.0	167025	1941.9844028184355	0.032307982	0.06976744186046512
17562.99594782483	300	7.704568686457588	0.0	160064	1438.1845730814318	0.027470574	0.06976744186046512
17565.007836932138	300	7.720962943252809	0.0	137507	1483.6057432047774	0.034554753	0.06976744186046512
17566.67277452677	300	7.592635847487832	0.0	118421	1628.327095764977	0.02964569	0.06976744186046512

