16249.55493842192	750	4.0	5.460500454044817	450283	5460.500454044817	0.007863921	-22.730151952392713
16250.854493047518	300	6.700445374400823	0.0	155580	1299.5546255991767	0.004705182	-0.15000000000000002
16251.991982750493	300	9.562955671427938	0.0	139857	1137.489702972886	0.004705182	0.3
16253.18629511249	300	12.368643309431896	0.0	155432	1194.3123619960415	0.004705182	0.3
16254.383000915586	300	15.171937506333434	0.0	163442	1196.7058030984626	0.058713034	0.3
16255.24479628424	300	18.310142137681243	0.0	126289	861.7953686521879	0.69359183	0.3
16258.11136038273	750	19.443578039190324	0.0	352642	2866.5640984909196	0.37451786	0.3
16261.205158650999	750	20.34977977092225	0.0	437162	3093.7982682680763	0.01671281	0.75
16263.933368043805	750	21.621570378115102	0.0	374758	2728.2093928071467	0.03833726	0.75
16267.010445094853	750	22.544493327065815	0.0	362795	3077.0770510492894	0.05020324	0.75
16269.69846408883	750	23.856474333089654	0.0	353220	2688.0189939761635	0.022790927	0.75
16272.646591281982	750	24.908347139937323	0.0	405134	2948.1271931523315	0.040749732	0.75
16277.426009882507	750	24.12892853941139	0.0	386351	4779.418600525931	0.05522136	0.75
16283.701010846484	750	21.853927575434167	0.0	434409	6275.000963977223	0.004705182	0.75
16288.929830558705	750	20.62510786321206	0.0	337059	5228.819712222104	0.005787438	0.75
16305.699530159645	2850	7.855408262273162	0.0	1471065	16769.6996009389	0.007734538	0.75
16307.29288002391	300	10.26205839800897	0.0	143509	1593.349864264193	0.004705182	-2.25
16308.543138968696	300	13.011799453222357	0.0	150616	1250.2589447866117	0.004705182	0.3
16309.845968459906	300	15.708969962013171	0.0	165384	1302.8294912091862	0.004705182	0.3
16311.082110642237	300	18.47282777968223	0.0	140881	1236.142182330939	0.007733837	0.3
16312.754591618172	300	20.80034680374835	0.0	157671	1672.480975933879	0.40400755	0.3
16314.409386451038	300	23.145551970882398	0.0	157812	1654.7948328659497	0.31344444	0.3
16321.869602888055	750	19.685335533865384	0.0	401853	7460.216437017014	0.35369578	0.3
16323.669078086543	300	21.88586033537764	0.0	137654	1799.475198487747	0.13493194	-0.15000000000000002
16326.876246495787	750	22.678691926132913	0.0	359903	3207.168409244726	0.6839633	0.3
16330.750182379401	750	22.804756042519305	0.0	379700	3873.9358836136084	0.004705182	0.75
16335.047561307021	750	22.507377114899253	0.0	425781	4297.378927620052	0.004705182	0.75
16337.102890764469	750	24.452047657450937	0.0	277716	2055.3294574483166	0.004705182	0.75
16339.577476332828	750	25.97746208909227	0.0	400396	2474.585568358666	0.004909465	0.75
16342.037679249739	750	27.517259172180516	0.0	400508	2460.202916911757	0.041189868	0.75
16344.31999448707	750	29.23494393484953	0.0	358218	2282.3152373309863	0.1866175	0.75
16346.961945730036	750	30.592992691882948	0.0	400322	2641.951242966582	0.56289065	0.75
16349.574905848089	750	31.980032573829984	0.0	369834	2612.9601180529653	0.68683124	0.75
16353.797984025361	1200	31.756954396558417	0.0	670129	4223.078177271567	0.68279344	0.75
16358.47703810199	1200	31.077900319929814	0.0	690253	4679.054076628604	0.005243622	1.2
16362.077198028017	1200	31.47774039390309	0.0	598727	3600.1599260267217	0.0047563156	1.2
16364.676436673677	1200	32.87850174824352	0.0	487812	2599.2386456595705	0.004705182	1.2
16369.610485304944	1200	31.944453116976547	0.0	575591	4934.048631266974	0.006469298	1.2
16373.3008421789	1200	32.2540962430217	0.0	605884	3690.3568739548464	0.004705182	1.2
16376.54086532737	1200	33.01407309455122	0.0	587506	3240.023148470478	0.006371337	1.2
16379.777695668285	1200	33.77724275363621	0.0	566904	3236.830340915008	0.075500034	1.2
16383.717184194038	1200	33.837754227882776	0.0	641452	3939.488525753438	0.4539678	1.2
16393.968622620276	2850	27.586315801645757	0.0	1343002	10251.438426237019	0.68271935	1.2000000000000002
16409.074678287383	2850	16.480260134538366	0.0	1587250	15106.05566710739	0.012025782	2.85
16414.224119421626	1200	15.330819000294339	0.0	630203	5149.441134244027	0.3154175	-0.44999999999999996
16418.090150771306	1200	15.46478765061431	0.0	638661	3866.0313496800277	0.1044372	1.2
16421.38274098177	1200	16.172197440148057	0.0	538612	3292.5902104662546	0.004705182	1.2
16424.92924441614	1200	16.62569400578027	0.0	550906	3546.503434367783	0.026188146	1.2

