14466.86774031862	750	4.0	4.997202366246414	450283	4997.202366246414	0.008997193	-21.41292818685987
14469.021102068904	300	5.846638249714482	0.0	155580	2153.3617502855177	0.04590013	-0.38034147654006056
14472.747970574514	300	5.728486136226441	0.0	139857	3118.1521134880413	0.047662035	0.048105414534189074
14477.23953649515	300	5.236920215589491	0.0	155432	4491.56592063695	0.01973018	0.03339592530765494
14481.520398171493	300	4.956058539245545	0.0	163442	4280.861676343946	0.005661253	0.03503967456573064
14484.48365914379	300	5.992797566947967	0.0	126289	2963.260972297577	0.01038661	0.05061990874320356
14487.780360425486	300	5.886649378199712	0.0	153295	2106.148188748256	0.004705182	0.07122005982359166
14489.595195286562	300	5.7045084512348545	0.0	173849	1682.1409269648564	0.0076020677	0.0891720768429611
14492.001038012317	300	5.587934117412729	0.0	150710	1116.574333822126	0.013745386	0.13433946621944787
14493.962528261822	300	5.961823188626877	0.0	139105	1126.110928785853	0.043070424	0.13320179758998216
14495.150500212583	300	5.840526902205646	0.0	141840	1121.2962864212316	0.066000775	0.13377374188827937
14496.732088756447	300	5.9180704624444695	0.0	156148	922.4564397611746	0.11910196	0.16260930439038968
14498.893596533419	750	5.876882626010379	0.0	386351	2041.1878364340912	0.37442136	-0.2662834437348419
14501.629925933554	750	5.5638778628109655	0.0	434409	2313.004763199413	0.7289674	0.16212677378203472
14502.973718878666	300	5.523643627672169	0.0	140051	1040.2342351387979	0.7363932	-0.3058017079874461
14503.887721348505	300	5.643421781089217	0.0	138313	880.2218465829517	0.22852895	0.17041158496838565
14505.11653623468	300	5.5859046925803595	0.0	143509	1057.5170885088583	0.26223844	0.14184167956236626
14506.282695055663	300	5.93847416662182	0.0	150616	1147.4305259585403	0.24955583	0.13072686895330157
14508.558004375755	300	5.730183692238686	0.0	165384	1208.290474383132	0.15218608	0.12414233429803329
14512.352202699436	300	5.935985368556422	0.0	140881	2294.1983236822643	0.07704863	0.06538231610214283
14515.82438915986	300	5.545500727789079	0.0	157671	2390.484640767343	0.014328171	0.062748782168226
14519.5503488163	300	5.8195410713497235	0.0	157812	2725.959656439356	0.0066868747	0.05502649301711594
14523.51149866671	300	5.8583912209375	0.0	163927	2961.149850412223	0.004706254	0.0506559976960026
14527.407456160634	300	5.962433727014559	0.0	137654	3395.9574939229415	0.004705182	0.04417016416384029
14531.504521740428	300	5.865368147221733	0.0	146754	3597.0655797928257	0.004705182	0.04170065757006279
14535.538494336875	300	5.831395550773079	0.0	153938	3533.9725964486543	0.004705182	0.042445150862442285
14539.076133061404	300	5.730479677245019	0.0	181901	3100.9158735280594	0.004705182	0.048372805363899755
14542.89368749318	300	5.912925245468219	0.0	111155	2317.554431776801	0.004705182	0.06472339891710738
14546.95692869847	300	5.849684040179955	0.0	153605	4063.241205288263	0.004705182	0.03691634151690938
14551.087105901948	300	5.719506836699284	0.0	149029	3630.1772034806713	0.004705182	0.041320296942027414
14554.874274242595	300	5.932338496054188	0.0	157421	3287.1683406450957	0.004705182	0.04563198000701205
14558.862994466655	300	5.9436182719937	0.0	157488	2488.720224060487	0.004705182	0.06027194159866896
14562.629963458954	300	5.851925860970523	0.0	143881	2091.6924110231776	0.004705182	0.07171226477158064
14566.009250276937	300	5.839920738116274	0.0	163444	2012.0051228542484	0.004705182	0.07455249407477088
14569.519366620336	300	5.723503418481725	0.0	179328	2116.417319634549	0.004705182	0.07087449087115821
14573.406174952246	300	5.836695086572098	0.0	159914	2386.8083319096277	0.004705182	0.06284543169831681
14577.277650956716	300	5.616210733674632	0.0	131610	2720.4843528974657	0.004705182	0.055137240484490105
14579.705458211358	300	5.802802941639199	0.0	124011	1813.407792035433	0.004705182	0.08271719171981427
14581.49554183787	300	5.834960826185903	0.0	144254	967.8421154532955	0.004705182	0.15498395616907668
14582.608846151868	300	5.724429472717799	0.0	149991	1110.531353468104	0.004705182	0.13507047732741767
14584.252430311863	300	5.834023901484608	0.0	147968	1390.4055712331901	0.004705182	0.10788219142919626
14586.040950760285	300	5.861353009654145	0.0	161857	1472.6708918304632	0.004705182	0.10185575122867865
14588.82296776863	300	5.9032692217774585	0.0	145210	1458.0837878766868	0.004705182	0.10287474646325731
14590.456419059337	300	5.933510210657852	0.0	172312	1469.7590111196048	0.004705182	0.10205754743815851
14593.028628313205	300	5.764251652018789	0.0	167025	2169.2585586390633	0.004705182	0.06914805033389201
14597.08829612048	300	5.665893195993877	0.0	160064	2098.358456024913	0.004705182	0.07148444993719373
14600.45023198166	300	5.70557991253109	0.0	137507	1960.3132834627863	0.004705182	0.076518381661442
14601.754589920054	300	5.549212270192129	0.0	118421	1156.3676423389618	0.004705182	0.12971653175680184

