6545.9438874307025	750	4.0	4.717391294739914	450283	4717.391294739914	0.02738468	0.024280735642287665
6547.398817567231	300	6.545069863471299	0.0	155580	1454.9301365287008	0.004705182	0.2134921658825567
6549.082902830716	300	7.794187947363007	0.0	139857	1250.881916108293	0.004705182	0.8381279866810422
6551.1862949049555	300	7.98909351718201	0.0	155432	1805.094430180997	0.004705182	0.8067720987362264
6553.637928805609	300	7.507425379334589	0.0	163442	1981.6681378474207	0.004705182	0.7296422417992494
6556.973380646241	300	7.82968241672096	0.0	126289	1677.7429626136288	0.004705182	0.7998244520453077
6558.92568810661	300	7.692383077845772	0.0	153295	1637.299338875187	0.004705182	0.7869162024632468
6561.376821961978	300	7.589320206159406	0.0	173849	1603.0628716863678	0.004705182	0.777614479307271
6563.220760055281	300	7.596386608447614	0.0	150710	1492.9335977117914	0.004705182	0.7894999089097481
6565.75835820243	300	7.523089844619444	0.0	139105	1573.29676382817	0.004705182	0.7724135006881853
6567.335515345414	300	7.596661921887298	0.0	141840	1426.4279227321451	0.004705182	0.7961844698846475
6570.8918398909245	300	7.918864316508491	0.0	156148	1677.7976053788082	0.004705182	0.8108304474959396
6572.646539910035	300	7.785777805618789	0.0	160746	1633.0865108897024	0.004705182	0.7988691109173465
6575.2724335975845	300	7.963637625354732	0.0	179801	1822.1401802640567	0.004705182	0.8019244360796133
6579.482634652199	300	7.745413827840392	0.0	140051	2218.2237975143403	0.004705182	0.7353715647224766
6583.721772583219	300	7.506275896819631	0.0	138313	3239.1379310207617	0.004705182	0.6037533336774079
6586.695958822249	300	7.8647404333652355	0.0	143509	2141.5354634543946	0.004705182	0.7577738823247566
6590.818420002848	300	7.742279252765822	0.0	150616	2622.461180599414	0.004705182	0.6945607944346373
6593.697974937224	300	7.760057706414986	0.0	165384	2482.2215463508364	0.004705182	0.7107798975328499
6596.04628326177	300	7.659570319254431	0.0	140881	2100.487387160554	0.004705182	0.7365459435770365
6598.421165383216	300	7.831039703374229	0.0	157671	1328.5306158802034	0.004705182	0.8349132734975401
6599.925781131353	300	7.95190756778811	0.0	157812	1379.1321355861187	0.004705182	0.8447769079059212
6602.827911054781	300	7.528584407550203	0.0	163927	1423.3231602379083	0.004705182	0.7880892852406238
6605.407515188499	300	7.623185784285975	0.0	137654	1905.3986232642274	0.004705182	0.7515623518486908
6606.996546492174	300	7.70577281137574	0.0	146754	1417.4129729102358	0.004705182	0.8105580950665525
6609.437532246826	300	7.766089113731892	0.0	153938	1439.683697643848	0.004705182	0.8157783918000336
6612.423733765452	300	7.783639454422862	0.0	181901	2482.4496593090303	0.004705182	0.713668769763656
6614.567237933276	300	7.8887632141697	0.0	111155	1394.876240253163	0.004705182	0.8354059433343755
6615.9599249409675	300	7.601733722109055	0.0	153605	1287.0294920606443	0.004705182	0.8107505378249958
6618.164924914969	300	7.502062502424295	0.0	149029	1599.6712196847607	0.004705182	0.7671797689468992
6621.85386606748	300	7.813121349911886	0.0	157421	2188.9411525124087	0.004705182	0.7466598064634731
6623.38732411065	300	7.978527291240788	0.0	157488	1334.594058671098	0.004705182	0.8525175037623465
6625.94146141183	300	7.760890632900798	0.0	143881	1217.636658339988	0.004705182	0.8373412293601099
6627.769220066743	300	7.720261631363718	0.0	163444	1540.6290015370819	0.004705301	0.8000254545176517
6630.273103028698	300	7.8768849250743	0.0	179328	1843.3767062894178	0.00472175	0.7890892616589129
6634.244062515735	300	7.905925438037262	0.0	159914	1970.9594870370383	0.0047448734	0.7799166712596689
6637.49927970701	300	7.749049727750844	0.0	131610	2156.8757102864183	0.004760011	0.7419553049608709
6639.304353441048	300	7.5706836347261435	0.0	124011	1678.3660930247001	0.0047732415	0.7677830640561301
6641.159557515145	300	7.841435370684793	0.0	144254	1229.248264041351	0.0048188297	0.8461250816059744
6642.889663715322	300	7.629360170623778	0.0	149991	1212.075200061014	0.0048716273	0.8216570574586546
6644.427429819731	300	7.784492661477769	0.0	147968	1344.8675091460093	0.005151923	0.827532331886786
6646.9742330484605	300	7.682540354243731	0.0	161857	1601.952307234037	0.005582009	0.789235605720009
6649.759305446677	300	7.692429525383595	0.0	145210	1490.1108288601354	0.005965697	0.8016407884310779
6652.1955828041055	300	7.641771693347793	0.0	172312	1550.6578320358026	0.0064839814	0.7893312687089469
6653.906151602595	300	7.594297027798933	0.0	167025	1547.4746655488602	0.0074474867	0.7837877976070255
6655.968155628309	300	7.93484212441196	0.0	160064	1659.454903386973	0.00926947	0.814637528194522
6658.032377843555	300	7.954005563953284	0.0	137507	1480.8365604586756	0.011554485	0.8348655090175972
6660.266949841452	300	7.513412344398261	0.0	118421	1440.5932195550238	0.013516124	0.7844889556549712

