14142.205083276644	750	4.0	4.751626329382562	450283	4751.626329382562	0.004705182	-20.482036562991134
14143.849538193344	300	6.35554508329921	0.0	155580	1644.4549167007901	0.006822073	0.013328927669752133
14145.755339380597	300	7.920685050724276	0.0	139857	1434.860032574934	0.02594702	0.6349349449927941
14147.943486559396	300	7.542082138803949	0.0	155432	1378.6029119203265	0.05256573	0.6041196896666794
14150.921822382123	300	7.6876863417799175	0.0	163442	1354.3957970240328	0.22399345	0.6205549738013288
14154.106156908389	300	7.9974890867472	0.0	126289	1190.197255032717	0.54047894	0.6667936998889819
14157.559821082239	300	7.802725563939959	0.0	153295	2194.763522807242	0.24602106	0.547590859175434
14160.469284074474	300	7.787444417144388	0.0	173849	2515.2811467955703	0.043032497	0.5140682687545483
14163.211826931809	300	7.888263968446053	0.0	150710	1899.1804486983342	0.018635709	0.5853823367791361
14164.609948999072	300	7.955884129583512	0.0	139105	932.3798388625414	0.034965362	0.6885709163436337
14168.694412499923	750	7.871420628732553	0.0	353220	4084.4635008509595	0.6322686	-0.060698358495504534
14171.268433228817	300	7.654513128910797	0.0	156148	1716.9074998217543	0.16016522	0.13111084348248603
14173.319087718859	300	7.61274252702519	0.0	160746	1541.7706018856077	0.049939323	0.5946040646180037
14175.951284795638	300	7.776085918414676	0.0	179801	1836.6566086105138	0.071883745	0.5808374539562668
14178.736760537678	300	7.7811182433290265	0.0	140051	1494.9676750856486	0.06286246	0.6154907143918735
14181.632797291979	300	7.843353871055282	0.0	138313	1437.7643722737444	0.071234114	0.6272012956963946
14183.99853556755	300	7.554620967183568	0.0	143509	1288.7329038717135	0.03407923	0.6143135671798909
14185.85265306403	300	7.6060649238932765	0.0	150616	1448.5560432902907	0.1493218	0.6032827934664047
14188.3188334198	300	7.700755434452294	0.0	165384	1405.3094894409835	0.06553878	0.6167215198183832
14189.640649892634	300	7.900282635950172	0.0	140881	1300.4727985021213	0.13608032	0.6464099124222846
14191.88118098279	300	7.855688947138933	0.0	157671	1544.5936888112385	0.13185303	0.6177056293572647
14194.87520889227	300	7.931643678769837	0.0	157812	1424.0452683690976	0.07201043	0.6370712020151412
14198.440923048023	300	7.57877786419995	0.0	163927	2852.8658145698864	0.097093284	0.4602254053384534
14202.21023390495	300	7.80946700727286	0.0	137654	3769.31085692709	0.0060713566	0.3907849974676324
14207.195033449245	300	6.824667462977894	0.0	146754	4984.799544294966	0.004705182	0.174448035583681
14211.516239392438	300	6.503461519783933	0.0	153938	4321.2059431939615	0.004705182	0.20989095281028192
14215.269593997831	300	6.750106914392366	0.0	181901	3753.354605391567	0.004705182	0.29041599058814205
14217.20304273537	300	7.594142200618346	0.0	111155	1655.9647137740205	0.004705182	0.5813943505373371
14220.883151429563	300	7.6128298559032626	0.0	153605	1981.312344715083	0.004705182	0.5506582958403969
14224.591408330103	300	7.904572955363826	0.0	149029	2708.256900539437	0.004705182	0.5060444504155424
14228.858342584226	300	7.63763870124174	0.0	157421	3266.9342541220876	0.004705182	0.4244839849067905
14231.416468163157	300	7.625569735347122	0.0	157488	2512.0689658946167	0.004705182	0.4988088618278524
14235.140471154578	300	7.901566743926512	0.0	143881	1724.0029914206089	0.004705182	0.6041804900057365
14239.501265369201	300	7.540772529303	0.0	163444	2860.7942146235123	0.004705182	0.4557745079698735
14243.338931677143	300	7.7031062213622965	0.0	179328	3837.6663079407035	0.004705182	0.3737121039226202
14247.39783808208	300	7.644199816423155	0.0	159914	3058.906404939141	0.004705182	0.44591828473648837
14248.702605614328	300	7.990529259279283	0.0	131610	1153.6705571438727	0.004705182	0.6697764782485507
14250.805643304702	300	7.784558963642637	0.0	124011	1205.9702956366464	0.004705182	0.6447216256394721
14252.717066295876	300	7.6073811699258655	0.0	144254	1177.1777937167712	0.004705182	0.6305473086240765
14254.884746324167	300	7.955663773508139	0.0	149991	1651.717396417727	0.0061785164	0.6166159510614465
14257.828939380277	300	7.691548451890154	0.0	147968	1764.1153216179857	0.004705182	0.5799547538990764
14259.876478548946	300	7.882817815801987	0.0	161857	1308.7306360881666	0.004705182	0.6439031195602591
14261.849028543515	300	7.795947018308114	0.0	145210	1586.8707974938732	0.0059702545	0.6077276888634778
14264.390069513243	300	7.733266198481906	0.0	172312	2062.680819826209	0.004705182	0.5541135853532927
14267.23225808732	300	7.551351948393218	0.0	167025	1681.9142500886878	0.004705182	0.5746807857253484
14269.407228007663	300	7.704004197715692	0.0	160064	1847.3477506775255	0.004705182	0.5728303909097188
14272.835045119447	300	7.8989066931568885	0.0	137507	1805.097504558803	0.004705182	0.5958150057341565
14274.697359883407	300	7.5891091387901435	0.0	118421	1309.7975543667442	0.004705182	0.6155266284661356

