12244.201005607725	750	4.0	1.1823497891980714	450283	1182.3497891980714	0.008057021	0.377784886196472
12244.625905898823	300	7.575099708901448	0.0	155580	424.9002910985534	0.004705182	0.4436749053729114
12245.47293974609	300	7.685207849256076	0.0	139857	389.8918596453704	0.004705182	0.9107710111896341
12245.880381225841	300	7.805058093656538	0.0	155432	380.1497555995373	0.004705182	0.9265433604839349
12246.982703666885	300	7.76754269705508	0.0	163442	537.5153966014586	0.004705182	0.9061746986171647
12247.85670556623	300	7.842945369753834	0.0	126289	424.5973273012447	0.004705182	0.9267766177529128
12248.518559082302	300	7.911720811889847	0.0	153295	431.2245578639871	0.004705182	0.9346057300702051
12249.319922478404	300	7.9563535977432185	0.0	173849	455.36721414662964	0.004705182	0.9377023598714597
12250.34217404634	300	7.873225981052885	0.0	150710	583.1276166903324	0.004705182	0.9146623938027669
12251.098693939699	300	7.9295280051957375	0.0	139105	443.6979758571477	0.004705182	0.9355570764846246
12251.641851544151	300	7.924360137870734	0.0	141840	505.16786732500475	0.004705182	0.9287720008756744
12252.411519898418	300	7.988520857951571	0.0	156148	435.8392799191637	0.004705182	0.9436269064320167
12253.052073535733	300	7.905158471517811	0.0	160746	583.362386433761	0.004705182	0.9185816824970164
12253.966176630462	300	7.85170263069294	0.0	179801	553.4558408248715	0.004705182	0.914972042156963
12254.915768972363	300	7.9372300437443775	0.0	140051	414.4725869485625	0.004705182	0.9394306008052324
12255.486984598809	300	7.919182069848731	0.0	138313	518.0479738956465	0.004705182	0.9268446442568785
12256.141773246989	300	7.933371591133287	0.0	143509	485.81047871544473	0.004705182	0.9318204011053622
12257.138193695651	300	7.93465049443436	0.0	150616	498.72109669892734	0.004705182	0.9306872479435
12258.461531817533	300	7.651831066575154	0.0	165384	782.8194278592056	0.004705182	0.8673571591775402
12259.034836147559	300	7.740438229473388	0.0	140881	411.3928371017655	0.004705182	0.9154403141175282
12259.735905618012	300	7.81585935040971	0.0	157671	424.57887906367836	0.004705182	0.9234340999662384
12260.201296947449	300	7.871408919385281	0.0	157812	444.45043102442827	0.004705182	0.9283057562901279
12260.936628501051	300	7.894213548891199	0.0	163927	477.19537049408154	0.004707208	0.9278469935621122
12261.443656046544	300	7.574767896298239	0.0	137654	319.4456525929612	0.0047182934	0.9041793996867608
12262.22719790626	300	7.696787951039576	0.0	146754	377.97994525866307	0.0050598397	0.9133920199424581
12262.612728976634	300	7.82680333968326	0.0	153938	369.98461135631584	0.0053808196	0.9302448020229594
12264.791928074732	300	7.694977029691526	0.0	181901	631.8263099917333	0.0063279243	0.8877837855469204
12265.596531798303	300	7.691361523659532	0.0	111155	503.6155060319942	0.0059682303	0.9001584524984687
12266.160274254518	300	7.644984404320956	0.0	153605	546.3771193385757	0.0057137515	0.8901560195468359
12266.981217153269	300	7.863195709383719	0.0	149029	781.7886949372378	0.0061862897	0.89355782915219
12267.736300028604	300	7.610231354622514	0.0	157421	752.9643547612053	0.005938052	0.8652062704930987
12268.661273915706	300	7.558803599858944	0.0	157488	551.4277547635702	0.0062744184	0.8790100472566232
12269.620395635186	300	7.961015820288608	0.0	143881	597.7877795703363	0.006411285	0.9240359568632688
12271.166784973391	300	7.888488183140817	0.0	163444	572.5276371477928	0.006166233	0.9176068450377793
12272.1953400918	300	7.9311414889653316	0.0	179328	957.3466941754859	0.00669052	0.8843914245796103
12273.200647622594	300	7.884091854682977	0.0	159914	547.0496342823556	0.006242718	0.9196118222416554
12274.222103256112	300	7.737493057682061	0.0	131610	646.5987970009153	0.008039147	0.891556072133897
12275.43096991046	300	7.805488124766456	0.0	124011	932.0049329156047	0.0075123264	0.8714109395159042
12276.420091395037	300	7.754358271693794	0.0	144254	551.129853072662	0.008323466	0.9031853467554729
12277.113679416376	300	7.706559962666943	0.0	149991	547.7983090268518	0.011242927	0.8976167525302425
12278.021874131715	300	7.775357470687701	0.0	147968	431.20249197924227	0.013122129	0.9177708941255606
12278.825478516135	300	7.847051485527756	0.0	161857	428.3059851599447	0.016022183	0.9269127419345954
12279.665133453653	300	7.959873206854903	0.0	145210	387.17827867285285	0.017948344	0.9449558262871094
12280.636240524647	300	7.880557910178401	0.0	172312	579.3152966765033	0.022319794	0.9159489131155917
12281.28334261187	300	7.927902787127383	0.0	167025	452.6551230510174	0.02244791	0.9344606929821083
12281.953939455309	300	7.53982783319398	0.0	160064	388.07495393340184	0.02986499	0.8930023531383633
12282.821289614685	300	7.502413774557244	0.0	137507	537.4140586367347	0.046714935	0.873448857293765
12283.37647970637	300	7.604786774284073	0.0	118421	397.62700027317084	0.04441432	0.900067753194755

