5908.875768053431	750	4.0	4.799754461958953	450283	4799.754461958953	0.005236617	-0.1299754461958953
5910.29775828121	300	6.578009772220171	0.0	155580	1421.9902277798294	0.45703673	-0.18107341201422225
5912.603520425061	300	7.87600108330937	0.0	139857	1202.0086889108015	0.02211364	0.3720491988157555
5914.529486479871	300	7.734894845379334	0.0	155432	1641.1062379300347	0.01652981	0.3193203040432049
5918.300612878291	300	7.9317614544594015	0.0	163442	1803.1333909199325	0.015347803	0.31542175181171933
5922.268613546117	300	7.963760786632671	0.0	126289	2968.000667826731	0.01266821	0.20093498238186885
5926.507840253313	300	7.724534079437273	0.0	153295	3739.226707195398	0.008235184	0.10886070924528979
5930.482646540526	300	7.749727792224994	0.0	173849	3474.8062872122787	0.0074873744	0.13687735829283426
5933.020591847539	300	7.775768468834801	0.0	150710	2473.9593233901933	0.006895301	0.2385895969631558
5934.823086846712	300	7.916514032560804	0.0	139105	1359.2544362739975	0.00677626	0.35885668340765053
5938.758658959541	300	7.845348290995276	0.0	141840	2071.1657415655277	0.007178559	0.283217694030652
5942.170675289733	300	7.956543263831525	0.0	156148	2388.8050271637508	0.006978699	0.2584034512730953
5946.484861294875	300	7.642357258688697	0.0	160746	3314.1860051428284	0.0067893695	0.1462287281537607
5950.499547332259	300	7.6276712213048246	0.0	179801	3514.686037383872	0.0065347524	0.1252608475931643
5954.170115429517	300	7.957103124047181	0.0	140051	2670.5680972576447	0.0064864364	0.23026213552718428
5958.547656409721	300	7.579562143843254	0.0	138313	2877.5409802039258	0.006230539	0.18596853596981078
5960.985485161011	300	7.845743994006009	0.0	143509	2233.818149837245	0.0062033525	0.26697718464165104
5964.909704881423	300	7.71563941547626	0.0	150616	2630.104578529749	0.0062805414	0.21921700561429136
5967.928319160148	300	7.648389885205343	0.0	165384	2567.249530270917	0.006166659	0.22129941479824217
5970.0605900687715	300	7.517936805120383	0.0	140881	1630.4530800849589	0.0062593604	0.3068257423115281
5972.573375514283	300	7.837453006133901	0.0	157671	1680.4837989864827	0.0065562893	0.3217924329847206
5974.7640076116695	300	7.663287737802849	0.0	157812	2174.165268331052	0.0069669513	0.26153895677957284
5976.671860139686	300	7.807594883572836	0.0	163927	1855.6928542300143	0.0070813335	0.3024053948003008
5978.732973891534	300	7.663117820692041	0.0	137654	1644.4770628807958	0.007174363	0.31449715750517304
5980.697063901678	300	7.919391212553324	0.0	146754	1743.7266081387174	0.0073980633	0.320589289970711
5982.739430531043	300	7.828389613173693	0.0	153938	1591.001599379631	0.0074602	0.3301741908853927
5984.582142963647	300	7.627715878264114	0.0	181901	1700.6737349095781	0.0076572713	0.30666486890054934
5987.358763940553	300	7.825424686658477	0.0	111155	1802.2911916056391	0.008820312	0.3088599237555909
5991.218562170416	300	7.965626456795568	0.0	153605	3359.798229862908	0.0075129755	0.16187183056343218
5993.687427964984	300	7.833257552593377	0.0	149029	2132.36890420219	0.0069755036	0.2763417066168671
5997.796870933641	300	7.571784594447267	0.0	157421	3261.4729581461106	0.0069339187	0.14708924133834306
6001.522617547312	300	7.846037980775915	0.0	157488	2225.746613671352	0.0066509377	0.26780271243135945
6003.439494417131	300	7.9594578674578385	0.0	143881	1886.5801133180755	0.0064533195	0.30880810538430736
6004.986845415382	300	7.5459307370829425	0.0	163444	1413.5271303748957	0.0064501995	0.3302679580301943
6007.443331307447	300	7.614599705988771	0.0	179328	2431.3310310941715	0.007884555	0.23277937851488104
6010.9286166838665	300	7.964534452763717	0.0	159914	3150.0652532250524	0.007267042	0.18277687797522701
6013.297188060172	300	7.942858793209092	0.0	131610	1521.675659554624	0.006453809	0.3442611086201059
6017.53856301853	300	7.7014838348513805	0.0	124011	2241.3749583577114	0.007236683	0.25720524384244015
6021.707021515847	300	7.533025337534073	0.0	144254	2668.4584973173087	0.006859173	0.2039682338641487
6024.445247958277	300	7.80727669303135	0.0	149991	2725.748644502723	0.007516288	0.2153799288641871
6027.670678595105	300	7.925800259081745	0.0	147968	1881.4764339496055	0.0075040543	0.30721487279764853
6031.815250131459	300	7.781228722727314	0.0	161857	2644.571536354431	0.009810622	0.22186964153501404
6034.5160821514355	300	7.73007557285493	0.0	145210	1551.1531498723837	0.0098897	0.32801440831619477
6035.88959835545	300	7.608156996399215	0.0	172312	1121.9185764557149	0.012840948	0.36331795462937944
6038.027409752278	300	7.790050073765524	0.0	167025	1318.1069226336924	0.031052306	0.35506743734697604
6041.167331568467	300	7.719941397768216	0.0	160064	1570.108675997308	0.038617767	0.32548546976078274
6042.456092411306	300	7.7454674989442065	0.0	137507	974.4738988240099	0.037866518	0.3866443288016119
6043.749554337619	300	7.800880045794998	0.0	118421	944.5874531492069	0.061396364	0.39309625754726674

