21053.48993921932	750	4.0	5.4395307625425735	450283	5439.530762542574	0.0059179943	-23.508816068895182
21055.883566087246	300	5.606373132073677	0.0	155580	2393.6268679263235	0.010992309	-0.13369693272117045
21058.05519211956	300	7.4347470997634195	0.0	139857	2171.626032310258	0.007188948	0.5144862561954439
21061.509692099724	300	7.980247119597157	0.0	155432	2954.4999801662616	0.010121228	0.4887038681305744
21064.492439813006	300	7.813515160728155	0.0	163442	2166.7319588690016	0.009886657	0.5514325267173437
21066.31586078842	300	7.924812521630007	0.0	126289	888.7026390981475	0.0073451055	0.6899479581805563
21067.562954549452	300	7.783624756819732	0.0	153295	1141.1877648102754	0.08563179	0.651109960236808
21069.690292028783	300	7.692909053414449	0.0	173849	1590.7157034052825	0.2694474	0.5974256751879541
21071.463735483063	300	7.999498247590269	0.0	150710	1693.4108058241802	0.13128038	0.6166657288606747
21072.745455804386	300	7.728654415955669	0.0	139105	1270.8438316345996	0.08531474	0.6328533947797302
21074.076470850312	300	7.948585094884765	0.0	141840	1280.069321070902	0.13358812	0.65309942760588
21076.478569792693	300	7.903008443223045	0.0	156148	2045.57665166172	0.19789657	0.572161889203443
21080.305292101202	300	7.947908486778153	0.0	160746	2455.0999564448925	0.067751884	0.5355312397570359
21084.224881170343	300	7.543925094839138	0.0	179801	2403.9833919390153	0.026586272	0.5017590283109981
21085.837181458908	300	7.590577779658408	0.0	140051	1453.347315180731	0.009887669	0.6013130107639392
21087.947014390636	300	7.675137824287238	0.0	138313	1415.4399553711705	0.019798487	0.613242748669946
21089.888130480726	300	7.606776296069711	0.0	143509	1068.3615282175265	0.027329886	0.6413707153669839
21091.61851557726	300	7.99796104304081	0.0	150616	1108.8152530289017	0.3095566	0.6749773264275245
21093.883210974007	300	7.666398237816996	0.0	165384	1331.5628052238126	0.64003855	0.6207892683965565
21096.055550812584	300	7.52179459994273	0.0	140881	1144.603637874266	0.36534265	0.6255669180327407
21098.216973336086	300	7.849951500541909	0.0	157671	1171.8430994008208	0.2973152	0.6544284524391246
21101.04193264155	300	7.98726146926042	0.0	157812	1862.6900312814882	0.6711453	0.5985600022726185
21103.47966781827	300	7.509528589543039	0.0	163927	1477.7328797173807	0.15814064	0.5910733761856314
21105.522824571588	300	7.902951265982507	0.0	137654	1106.5773235605325	0.17789352	0.6660563186381455
21109.251569662527	750	7.651868497392626	0.0	359903	2251.08276858988	0.61272186	0.10150756860333632
21114.334278782015	750	6.569159377904833	0.0	379700	5082.709119487794	0.051256415	0.16413293071173063
21117.08317945765	300	7.820258702263789	0.0	181901	2748.9006756410436	0.068704024	0.043864728698758015
21119.974713058873	300	7.729128012842128	0.0	111155	2091.1306894216605	0.0071827993	0.5508702932481411
21122.81880794453	300	7.642282049764152	0.0	153605	2086.845963077976	0.004705182	0.5429397416675017
21124.875654024752	300	7.607483442342118	0.0	149029	1034.798607422033	0.004705182	0.6447950710916942
21127.149686689456	300	7.9264908606913815	0.0	157421	1180.9925816507357	0.03619384	0.6608805059976955
21128.610641902473	300	7.982533267107759	0.0	157488	1443.9575935836217	0.31342798	0.639978151126225
21132.154702352553	300	7.884001894684878	0.0	143881	1598.5313724228815	0.1464089	0.6150370148863544
21134.878335775436	300	7.899949655324077	0.0	163444	1484.0522393608007	0.013047949	0.6280199185667095
21138.53421359872	300	7.821801292489339	0.0	179328	1578.1483628347382	0.036695402	0.6110884360696086
21140.946701570032	300	7.719422056160533	0.0	159914	2102.3792363288057	0.05015363	0.5488112290207274
21144.366013317205	300	7.694820602514952	0.0	131610	2024.6014536455793	0.013586142	0.5542210889718433
21147.394098016917	300	7.748133366021634	0.0	124011	1946.687236493319	0.0080157695	0.5671439257272965
21150.480014322326	300	7.835873940178357	0.0	144254	1412.2594258432766	0.0050944006	0.629031838356519
21152.323615427937	300	7.815901846204073	0.0	149991	1519.9720939742842	0.0116483085	0.6163382344394407
21154.0629504311	300	7.663048879092392	0.0	147968	1152.8529671116805	0.013914942	0.6383378725634956
21155.673803281188	300	7.970863486374259	0.0	161857	1192.1853927181317	0.117048874	0.6640321413437291
21157.30393423804	300	7.855131708033099	0.0	145210	1115.7317783411604	0.36013752	0.6605381854969709
21159.442873952594	300	7.517861425660842	0.0	172312	1337.2702823722575	0.34323123	0.6059216810172297
21161.444845906644	300	7.812710226726656	0.0	167025	1205.151198934186	0.19713122	0.6475131268838376
21165.55872368658	750	7.698832446793435	0.0	393804	4113.877779933222	0.60118085	-0.08025159817853883
21168.571582629083	750	7.962752224016327	0.0	331053	2736.0802227771064	0.66270846	0.532930740805622
21171.8670722161	750	7.88839669497166	0.0	314107	2574.3555290446675	0.36765963	0.5419464046605019

