10563.597012453693	750	4.0	2.009934342455404	450283	2009.9343424554038	0.58537805	-8.418591820511637
10564.427630720631	300	7.169381733062442	0.0	155580	830.6182669375579	0.66219866	0.17304530980788124
10567.879099030402	750	7.71791342329172	0.0	350812	2951.468309770722	0.13853279	0.037825914855776466
10572.608121789159	750	6.988890664533423	0.0	382355	4729.022758758298	0.1508399	0.23990118772704438
10574.52386302599	300	7.726541994729483	0.0	163442	1262.3486698039387	0.37487394	0.1834995879808618
10575.497884539149	300	7.516227412012325	0.0	126289	710.3145827171576	0.48190305	0.6684599752825054
10576.65667587782	300	7.773685212648657	0.0	153295	742.5421993636684	0.7059914	0.6900178241792166
10578.871789999468	750	7.884252793028787	0.0	437162	1889.4324196198704	0.137139	0.16003986025660244
10581.814230345428	1200	7.905873475811321	0.0	584846	2478.379317217466	0.4470727	0.12729498701167571
10585.637994670096	1850	7.6060217849486325	0.0	913888	3799.851690862688	0.033347096	-0.19894727614464824
10589.596516063391	1850	7.647500391652411	0.0	939819	3958.521393296222	0.005860867	0.4391781173967187
10593.300253320931	1850	7.9437631341138495	0.0	917428	3703.737257538562	0.005416983	0.49317216198709235
10597.310908341069	1850	7.646521280665602	0.0	946851	3797.241853448247	0.004705182	0.4552118308185948
10601.496088072005	1850	7.461341549730883	0.0	1036454	4185.1797309347185	0.004705182	0.39859428016663195
10604.976473048599	1850	7.650445572245079	0.0	821631	3310.895977485804	0.004705182	0.5042241360101883
10608.658810968533	1850	7.968107652311973	0.0	923170	3682.3379199331066	0.004705182	0.4976552837313799
10612.952053953453	1850	7.674864667391311	0.0	966699	4293.242984920662	0.004705182	0.4083398013678034
10617.451255839229	1850	7.175662781615862	0.0	885714	4499.201885775449	0.0048385034	0.3396951534186124
10625.77087552397	1850	4.0	1.1439569031256542	987708	8319.619684741516	0.0087402025	-5.267022519137577
10626.771708726958	300	6.999166797011716	0.0	140881	1000.8332029882838	0.12250672	-0.9603595679151904
10628.442106681556	300	7.611330082147382	0.0	157671	1387.8367148643335	0.48274574	0.6098615038698918
10630.07643322158	300	7.710447489201708	0.0	157812	900.8825929456747	0.104842	0.6680970809275903
10632.159121936409	750	7.65582507197664	0.0	401853	2054.622417225067	0.418652	0.12153442861162622
10635.226514403641	750	7.541162039613222	0.0	343800	2114.663032363418	0.18417042	0.5544939178476231
10637.831484654935	750	7.910041526500698	0.0	359903	1631.1205131125246	0.16703701	0.6383532462786123
10641.734103710418	1200	7.95065694414901	0.0	590335	3459.3845823516886	0.8212499	0.03350492103089403
10648.01538377611	1850	5.669376878457169	0.0	1076599	6281.280065691841	0.9068342	-0.6334944218473794
10651.382056706952	1200	6.3027039476154085	0.0	487160	3366.6729308417607	0.70433617	-0.31584129239276026
10653.823804182406	750	7.860956472161484	0.0	400396	2441.7474754539244	0.11778288	0.10256605689275175
10656.641087116881	750	7.793782491634694	0.0	400508	2067.1739805267907	0.07936149	0.5835578332034654
10658.600377738081	750	7.679191629506753	0.0	358218	1614.5908621279423	0.12691483	0.6177866422616717
10660.91734330677	750	7.518058734198232	0.0	400322	1661.1328953085222	0.5961269	0.5976232117328002
10665.815501334142	1850	6.6199007068274485	0.0	885062	4898.158027370783	1.034712	-0.8536932020991833
10672.47620068837	1850	4.0	0.04079864739961613	1035329	6660.699354227065	0.110333905	-0.3575499864641684
10673.510449124864	300	6.965751563506506	0.0	179328	1034.248436493494	0.5322024	-0.9669173460704327
10675.728046209173	750	7.571422267088321	0.0	365161	1894.3292964181853	0.685405	0.12943987327383022
10677.720525900742	750	7.846816291250528	0.0	321064	1724.6059758377928	0.12965974	0.6229191981160181
10681.319392083684	750	7.666320034144611	0.0	361565	3180.496257105917	0.22841439	0.4599571968492572
10685.262213877015	750	7.723498240813845	0.0	378327	3942.821793330767	0.08060204	0.38922811163427556
10690.870446069763	750	6.115266048066756	0.0	390680	5608.232192747088	0.57373655	0.06789286634244329
10692.425668038892	300	7.927367042958875	0.0	147968	1187.8990051078817	0.005430607	0.21027419720683102
10693.852989980212	300	7.947367587809074	0.0	161857	979.9994551498006	0.02648767	0.6829892277362717
10694.97468519008	300	7.515181159461052	0.0	145210	932.186428348023	0.5965114	0.646172087703399
10698.663830657533	750	7.826035692007802	0.0	438281	3689.1454674532497	0.6393644	-0.02553490771505934
10701.287569302669	750	7.778493584425587	0.0	398987	2547.5421075822155	0.436451	0.5340494455271072
10705.245081634137	750	7.820981252956765	0.0	393804	2957.5123314688217	0.10472305	0.4971419102890751
10709.181130912699	750	7.88493197439542	0.0	331053	3936.0492785613437	0.4222481	0.40544354635314833
10711.244374307827	300	7.5281892931239565	0.0	118421	1356.742681271465	0.26660353	0.15496851029476177

