959.0339188455499	750	4.0	3.5388403668140223	450283	3538.840366814022	0.028532475	-0.0038840366814022476
960.4863179157002	300	6.5476009298498035	0.0	155580	1452.399070150196	0.6290482	-0.1860148488994069
962.9245655069084	300	7.709096847957815	0.0	139857	1338.5040818919888	0.02665433	0.3479681448081645
966.0897580818803	300	7.646372305594934	0.0	155432	1562.724542362882	0.017262265	0.32162581486339514
969.7400412855654	300	7.687464739111867	0.0	163442	1458.907566483068	0.016755871	0.3345757895461849
971.328361021829	300	7.878992637131191	0.0	126289	1308.472101980677	0.016768087	0.3615898296226317
973.4121193632765	300	7.84203737414884	0.0	153295	1536.9552629823495	0.013177169	0.33643180958606755
976.8296706369149	300	7.666663228912241	0.0	173849	2675.3741452365994	0.011762697	0.21162903728335514
978.0009984830867	300	7.502087903377218	0.0	150710	1164.5753255350235	0.009063993	0.3524229614075738
980.1067891446488	300	7.802568818614567	0.0	139105	1199.5190847626504	0.012051428	0.3677086426871454
981.4912356225432	300	7.568481325167149	0.0	141840	1234.0874934474182	0.011972463	0.349621333478205
983.3756343996733	300	7.906461433575474	0.0	156148	1662.0198915916747	0.011674358	0.3279518504392997
986.1673769211749	300	7.746779696643938	0.0	160746	1659.6817369315347	0.00997192	0.31820555734709266
987.506370399706	300	7.918313287713401	0.0	179801	1328.4664089305363	0.009806031	0.3620479395890339
989.2517967202106	300	7.585863709911435	0.0	140051	832.4495778019658	0.012242741	0.3908715240892681
990.5154674790444	300	7.690516635095799	0.0	138313	895.3470748156365	0.014310035	0.39112258221192375
992.0582236019867	300	7.863300487183839	0.0	143509	827.2161479119603	0.016676214	0.4087346656577939
993.5398290602569	300	7.510267678813751	0.0	150616	1353.032808370088	0.01918032	0.3340884490888506
995.5632314314663	300	7.612852851509173	0.0	165384	897.414827304578	0.014877313	0.3860618204888655
997.2703956888585	300	7.657264494765545	0.0	140881	955.5883567436284	0.02129469	0.3830201952484837
999.8706831655946	300	7.9179087305717495	0.0	157671	1739.3557641937948	0.018885944	0.32093371924135483
1001.4821816013741	300	7.972625397553067	0.0	157812	1445.2833330186813	0.012736219	0.3537607540451985
1005.6773872393337	300	7.777419759593504	0.0	163927	2695.2056379595633	0.012858375	0.21656817117863764
1009.0033382628129	300	7.92015454191414	0.0	137654	1857.2652176793638	0.009446815	0.3092831371016974
1012.2764316278431	300	7.892950724149043	0.0	146754	2527.203817765097	0.008696998	0.2405890384828055
1016.4097948696742	300	7.759587482317904	0.0	153938	2133.363241831138	0.0073715975	0.27163789346175515
1020.4598517393739	300	7.709530612618255	0.0	181901	2550.0568696996493	0.0073475586	0.22683997631867597
1024.549239655611	300	7.620142696381047	0.0	111155	1589.3879162372086	0.00721281	0.31732012690009453
1026.7549418580716	300	7.5266404683673205	0.0	153605	2093.5022280137246	0.0067485664	0.26106480647158503
1029.0369044554404	300	7.726759085406163	0.0	149029	1799.881382961157	0.007022321	0.3029343045417695
1033.2363296377537	300	7.527333903092939	0.0	157421	2199.4251823132245	0.007001311	0.25051585071198623
1036.4834355711216	300	7.51453415876946	0.0	157488	2512.799744323477	0.0070985276	0.21837841049074352
1040.3468143779185	300	7.651155351972592	0.0	143881	2363.3788067968694	0.006852955	0.24185932881860006
1043.6302359819285	300	7.538287109888277	0.0	163444	2112.8682420843143	0.006712248	0.25985612015958587
1045.9803402443563	300	7.60351159263728	0.0	179328	1434.775517250997	0.0068317177	0.3317419228147303
1048.1968441583604	300	7.932923989223686	0.0	159914	1170.5876034135947	0.008905772	0.3787489889851209
1049.3743350819095	300	7.9921367637441945	0.0	131610	940.78722547949	0.010576969	0.4054298251860632
1050.4293117012505	300	7.648000322608644	0.0	124011	844.1364411355509	0.013043543	0.3935863760494852
1051.6287035921644	300	7.583724375254269	0.0	144254	1064.2759473543756	0.017216811	0.36755517871795423
1054.4122312291888	300	7.6595185860219335	0.0	149991	2424.2057892323355	0.021788854	0.23629933270313727
1056.1553681210314	300	7.5676110494966125	0.0	147968	1091.907536525322	0.015686393	0.36378493694100605
1057.7927608226646	300	7.6095294243386435	0.0	161857	1458.0816251579695	0.025681745	0.3297874265053683
1058.9223620299251	300	7.509384320446064	0.0	145210	1100.1451038925784	0.031383183	0.35932200963862115
1060.702277072764	300	7.719154850710711	0.0	172312	1290.2294697353527	0.041465387	0.3534242311958842
1061.9004450414689	300	7.784913691410012	0.0	167025	934.2411593006977	0.048522197	0.393132989783056
1063.9554558266589	300	7.619371684017159	0.0	160064	1165.5420073928549	0.0871672	0.35965652951178695
1065.9961075652866	300	7.643780189601675	0.0	137507	975.5914944154841	0.09121291	0.3801771124085563
1068.1081449307048	300	7.59529161449875	0.0	118421	1048.4885751029249	0.08574573	0.3698568683958794

