1011.2250656346648	750	4.0	2.6661221575738243	450283	2666.122157573824	0.014606651	0.22940764935889668
1012.5011319629447	300	6.723933671720184	0.0	155580	1276.066328279816	0.067154296	0.2534632031889683
1015.6723750535996	300	7.552690581065232	0.0	139857	1671.2430906549514	0.010608223	0.766273727545877
1019.3484275235966	300	7.876638111068261	0.0	155432	3176.0524699969696	0.008849054	0.6557912106908004
1038.7250477592252	2850	4.0	11.499982124560344	1472558	19376.620235628605	0.007214464	-3.985671956121
1041.5982935460868	750	5.12675421313821	0.0	318564	2873.24578686179	0.7585406	-1.7521822159562928
1042.677593733572	300	7.871779110993657	0.0	153295	754.9751021445538	0.03825948	0.4472989974439928
1043.7873884494365	300	7.609044252781614	0.0	173849	762.7348582120432	0.012086304	0.8640826464133867
1045.1568473618706	300	7.542844739690878	0.0	150710	1066.1995130907358	0.021100035	0.8255624004376355
1046.662510995764	300	7.871642651065835	0.0	139105	1171.2020886250436	0.020966593	0.855659449827676
1048.9068632708006	300	7.886697276631757	0.0	141840	1484.945374434077	0.010562015	0.8261439446573686
1049.708922902729	300	7.730370882368712	0.0	156148	656.3263942630463	0.013024392	0.8897039238005845
1050.8221916122707	300	7.826603151180592	0.0	160746	903.7677311881193	0.02235981	0.8768417723824941
1053.861140755342	300	7.751879064071805	0.0	179801	2074.724087108787	0.015406336	0.7505198108452888
1057.4001618403536	300	7.554481044747101	0.0	140051	1697.3980193247041	0.014504894	0.763879306653964
1058.3060599898968	300	7.737343498069091	0.0	138313	817.1375466780107	0.012542628	0.8744837307547414
1059.625928774945	300	7.621789488027625	0.0	143509	615.5540100414662	0.013317195	0.8803744098015318
1060.6161442885505	300	7.798839013853114	0.0	150616	822.9504741745112	0.016776187	0.8814954069491187
1063.1214618941885	300	7.609812711679522	0.0	165384	1189.0263021735916	0.015017785	0.8215483851070342
1066.9629061656694	300	7.768368440198534	0.0	140881	2841.4442714809884	0.014564872	0.6758837672143677
1070.765328885453	300	7.965945720414927	0.0	157671	3302.422719783606	0.011007665	0.6541811670389726
1073.4253830480043	300	7.960997819899054	0.0	157812	2504.9479005158732	0.00887176	0.7333177222261912
1076.0329743799132	300	7.669755189562151	0.0	163927	1291.2426303369025	0.008633984	0.8187279646748604
1079.1455961377135	300	7.991618771148005	0.0	137654	1178.1364184141453	0.010881554	0.8697796978496412
1083.4056707198697	300	7.731544188991698	0.0	146754	3260.0745821563073	0.0109918015	0.6294739754239473
1085.6069153738185	300	7.828201770338543	0.0	153938	1903.342418653156	0.0073813787	0.7770816882007818
1086.7547981588873	300	7.533211452501951	0.0	181901	794.9903178365914	0.0068222997	0.8514938795701714
1087.6148528625017	300	7.724630348610768	0.0	111155	808.5811038911829	0.010481259	0.8737696581559067
1089.0843641180466	300	7.695611549350065	0.0	153605	1029.018799260702	0.0100512905	0.8481428819757821
1090.5722935600977	300	7.7318930803165005	0.0	149029	1463.718469033565	0.011047569	0.8091526650153497
1091.4448761051963	300	7.582707232276039	0.0	157421	649.1858480404619	0.010278713	0.8721856651391698
1092.5978085839915	300	7.697939346157451	0.0	157488	884.7678861185889	0.014858826	0.8628553908137128
1094.9736823450066	300	7.984084757238288	0.0	143881	1713.8545889191637	0.014108085	0.815277641692905
1098.192950702242	300	7.795460159868653	0.0	163444	1688.6245973696352	0.012213796	0.7945108010660864
1099.5171285676652	300	7.613693102339789	0.0	179328	1181.7670575288637	0.013435284	0.8227534288275772
1100.5176643985294	300	7.934630671904828	0.0	159914	679.0624304349601	0.0137948515	0.9126506670442648
1101.3565812879701	300	7.745908822524054	0.0	131610	688.7218493807745	0.018524446	0.8883828774761023
1103.0123187662466	300	7.973137584345866	0.0	124011	772.7712381781871	0.01630933	0.9080343083935072
1107.3904029857786	300	7.595053364813872	0.0	144254	2878.0842195319947	0.01672488	0.6508202285864412
1111.0372384753662	300	7.948217875226199	0.0	149991	3146.835489587673	0.012434043	0.6675509991086096
1113.9716233445945	300	7.529968448616035	0.0	147968	2418.2494266101644	0.010032673	0.6887675488007752
1116.554741427995	300	7.681477032824762	0.0	161857	1348.4914157912747	0.009761677	0.8144504045350829
1119.7375180761308	300	7.9274021522616565	0.0	145210	1254.0748805631035	0.012067805	0.8542569028865643
1124.109288099515	300	7.5556321288772885	0.0	172312	3871.7700233843684	0.012882575	0.5465842328070001
1126.4955947517424	300	7.612714645791917	0.0	167025	1942.9174830853722	0.008389743	0.7465175743706626
1128.2150224541726	300	7.909695402997877	0.0	160064	703.0192427940399	0.00817847	0.9071761804677139
1129.8344161483958	300	7.933202795204452	0.0	137507	976.4926077934257	0.012177521	0.8827313466414087
1130.968707840935	300	7.682507458799671	0.0	118421	750.6953364047807	0.012199078	0.874357241139544

