12104.98377213496	750	4.0	3.791441730238546	450283	3791.441730238546	0.004705182	-16.20429247357834
12107.37081838953	300	5.6129537454278156	0.0	155580	1387.046254572185	0.16291392	-0.341856526409593
12110.138391325996	750	5.518411322050635	0.0	350812	2094.542423377181	0.25474203	-0.27096328256967905
12113.042417374461	750	5.88791353051129	0.0	382355	2630.4977915393442	0.65177774	0.1425585686504429
12114.137367163414	300	5.922202778799037	0.0	163442	965.7107517122539	0.64870703	-0.29467398780220433
12116.251783951167	1200	5.979613936942312	0.0	520315	1942.5888418567258	0.7181517	-0.5911338173720178
12118.207507260797	750	5.587666216925141	0.0	352642	1891.947720017171	0.48773742	-0.25179156324858887
12121.584332101227	750	5.871141610566037	0.0	437162	2216.524606359105	0.58164996	0.16918377487177116
12124.41820738842	750	5.599354103105909	0.0	374758	2271.787507460128	0.6663649	0.1650682551816883
12127.215913748432	750	5.856544774816849	0.0	362795	2242.8093282890595	0.7408706	0.16720101672043206
12129.768478122869	750	5.817711103459145	0.0	353220	2038.8336713577037	0.6475427	0.18392868690964836
12133.135416417641	750	5.61610729331316	0.0	405134	2701.603810145985	0.7260668	0.13880643734350387
12136.599589348702	750	5.686688060545781	0.0	386351	3429.419232767379	0.7373557	0.10934796084915892
12140.316189451594	300	5.970087957652961	0.0	179801	2216.600102892821	0.48979646	-0.3823287949846076
12143.849517042023	300	5.724101086882199	0.0	140051	1745.9868707707615	0.02416299	0.08591129893994157
12145.497655711883	300	5.588702149930212	0.0	138313	1635.3989369519882	0.013669931	0.09172073957658668
12147.601488703292	300	5.91815548252896	0.0	143509	1170.5466674012512	0.013024843	0.1281452539889053
12149.444838912417	300	5.703123511371163	0.0	150616	1215.0319711577988	0.030080786	0.12345354160274946
12150.78410921439	300	5.6776474841182685	0.0	165384	1025.4760272528952	0.019381043	0.1462735315245045
12152.323413659577	300	5.94989247043535	0.0	140881	1227.7550136829175	0.059442252	0.12217421092017573
12154.124345296561	300	5.500201286594835	0.0	157671	949.6911838405151	0.039470248	0.15794608031782045
12155.928985023747	300	5.788501716373708	0.0	157812	711.6995702211259	0.06746022	0.2107630891970257
12157.5166290347	300	5.641149775030372	0.0	163927	1147.3519413433357	0.27021337	0.13073582271920672
12158.463670725641	300	5.752774935763125	0.0	137654	888.3748392672467	0.098642945	0.16884764557686446
12160.542404455973	300	5.8427414821353905	0.0	146754	910.0334536277351	0.10275502	0.16482910534996673
12162.582356100167	300	5.94211584609039	0.0	153938	1400.625636045	0.0881241	0.10709499822062427
12165.858863205762	300	5.948525306866474	0.0	181901	1993.590539223917	0.031598903	0.0752411275278189
12169.004122144073	300	5.66235406389751	0.0	111155	1286.1712429689621	0.0116217565	0.11662521675865194
12170.812479189459	300	5.972719436374636	0.0	153605	1689.6346275228743	0.0065494804	0.08877658965826876
12173.900065574087	300	5.778287376492477	0.0	149029	1694.4320598821587	0.0065886495	0.08852523718798848
12175.873481551087	300	5.508156612365299	0.0	157421	1270.130764127177	0.0050604055	0.11809807638434672
12178.097014518113	300	5.598032721288591	0.0	157488	1910.1238910767083	0.005940769	0.07852893767819806
12181.433570022384	300	5.781459521127842	0.0	143881	1816.5732001607491	0.004705182	0.08257305567798008
12185.094899306818	300	5.770786054967017	0.0	163444	2510.6734661608252	0.004705182	0.05974492582238152
12188.166224744384	300	5.9054512358190205	0.0	179328	2365.3348191479963	0.004705182	0.06341596918360616
12190.828831708886	300	5.517143057777614	0.0	159914	2388.3081780414063	0.004705182	0.06280596506729352
12193.809993256464	300	5.528711648717859	0.0	131610	2488.431409059754	0.004705182	0.06027893694553431
12197.53526359245	300	5.537441511985105	0.0	124011	1991.2701367327531	0.004705182	0.07532880508423523
12201.278322931157	300	5.794382173277663	0.0	144254	3243.059338707442	0.004705182	0.046252622704024964
12205.315583886333	300	5.75712121810162	0.0	149991	4037.260955176043	0.004705182	0.03715390252584238
12209.493395961592	300	5.579309142842384	0.0	147968	3677.812075259236	0.004705182	0.04078511814376134
12213.468081203506	300	5.604623900929821	0.0	161857	2974.685241912563	0.004705182	0.05042550313779015
12215.024208152043	300	5.6699693698155205	0.0	145210	1434.6545311142997	0.004705182	0.10455478775332389
12217.410190824545	300	5.6927142947760805	0.0	172312	1477.2550750394398	0.004705182	0.10153967485675776
12220.340315100975	300	5.87701585029191	0.0	167025	1815.6984444841703	0.004705182	0.08261283720084596
12222.254973274974	300	5.92689968876588	0.0	160064	1450.1161615260316	0.004705182	0.10343998914000607
12224.24174958845	300	5.87078254326569	0.0	137507	1556.1171455001904	0.004705182	0.09639377114618498
12225.568074951007	300	5.612949464973331	0.0	118421	757.8330782923586	0.004705182	0.19793276949324803

