3795.842332743843	750	4.0	3.5333118074124745	450283	3533.3118074124745	0.32429716	-15.121452666322746
3797.3372415815584	300	6.5050911622846534	0.0	155580	1494.9088377153469	0.06192555	0.04267751833035538
3799.9130692833696	300	7.929263460473334	0.0	139857	1575.827701811319	0.1404402	0.6216638599117792
3803.2158618524036	300	7.729891292205743	0.0	155432	1699.372168267592	0.20792842	0.5901196118835467
3805.8720994747828	300	7.688482776769511	0.0	163442	1541.408515436231	0.11498648	0.6019303597473883
3808.060675436093	300	7.541609297135872	0.0	126289	1646.8734796336391	0.12843716	0.5772471213388721
3811.7782939405115	300	7.823990792717292	0.0	153295	2717.6185044185804	0.01795194	0.49735216383607106
3815.1009598680357	300	7.87231828860281	0.0	173849	1951.6725041144816	0.008016307	0.5785983411423876
3817.142901285651	300	7.576844334449998	0.0	150710	1295.4739541528131	0.02365865	0.6157784869093543
3820.1841406869066	300	7.574458427503466	0.0	139105	2002.3859069465307	0.09812927	0.5448576453317096
3824.024685488599	300	7.733913625810872	0.0	141840	3340.5448016925952	0.014283247	0.4263895027945599
3826.6946330437077	300	7.643638986757349	0.0	156148	2090.274639053522	0.004705182	0.5427274808222057
3829.774012000125	300	7.858785961776528	0.0	160746	1784.8530249808218	0.005614155	0.5939777869748597
3832.168743704262	300	7.898683070676116	0.0	179801	1460.1028911004119	0.007614536	0.6302929431580359
3834.344159554602	300	7.6532895138740455	0.0	140051	1245.3935568020697	0.04746388	0.6281444634244319
3835.60093948876	300	7.899910741264103	0.0	138313	1253.3787726099445	0.100676455	0.651083519718594
3838.0272027612536	300	7.758479580891459	0.0	143509	1141.4311603726437	0.19860578	0.648665368465896
3839.789900906486	300	7.994546669235867	0.0	150616	1263.93291165559	0.19785619	0.6591369231440354
3842.388699258806	300	7.974530043114201	0.0	165384	2020.0166261216677	0.25824422	0.5816019283228495
3844.2174969572925	300	7.734522128470131	0.0	140881	1240.007914644069	0.056144454	0.6365017605829181
3847.1362625517204	300	7.859534146877144	0.0	157671	1374.9879815929876	0.20463488	0.635036304993401
3849.407380296748	300	7.78086412848096	0.0	157812	1578.670018396183	0.3328789	0.6070960212133032
3852.453213592905	300	7.694171338918411	0.0	163927	1586.6927895625488	0.17645133	0.5979494630093665
3853.9662270862273	300	7.932234793104247	0.0	137654	1261.9365458141633	0.11245757	0.6533389697077978
3856.047825416629	300	7.6169740873575105	0.0	146754	1315.2607057467387	0.26017046	0.6176623467994609
3857.7709796624313	300	7.82856579588397	0.0	153938	1288.408291473542	0.14558679	0.6407135344674769
3859.7822865950534	300	7.855285325807222	0.0	181901	1473.2804700767463	0.24246173	0.6247981022115323
3862.7041889191914	300	7.7733473711660315	0.0	111155	1081.9379546411913	0.45116168	0.6560457310187038
3864.340064563994	300	7.650391790737951	0.0	153605	1622.9555804280808	0.22663435	0.5901093518643905
3866.8481349820054	300	7.737816613919571	0.0	149029	1412.575176818381	0.053716082	0.619562132393672
3869.4281654113656	300	7.635548967385799	0.0	157421	2102.267646533771	0.09692332	0.5407495063692678
3873.2186590942765	300	7.84505528447492	0.0	157488	2790.493682910879	0.013305791	0.49209212763870286
3874.9847410770485	300	7.6561425116576105	0.0	143881	1688.9127728173103	0.004985979	0.5840671461535291
3877.1960810354353	300	7.649057161291632	0.0	163444	1507.0853503659775	0.007102082	0.6015679152454847
3880.8841961328603	300	7.552126978539654	0.0	179328	2596.9301827519776	0.017696775	0.4832537900054318
3884.436665382633	300	7.999657728766641	0.0	159914	3552.4692497730134	0.004705182	0.43077523471314766
3886.779435615023	300	7.7050996852944085	0.0	131610	1794.5580434722335	0.004705182	0.5782148035745038
3889.677315529128	300	7.745265817900832	0.0	124011	1459.833867393575	0.004705182	0.6155532578198915
3890.9012608208695	300	7.5523162049360595	0.0	144254	1192.949612964772	0.004705182	0.6236700602432793
3893.1308294529654	300	7.7180296758262426	0.0	149991	1334.286529109817	0.009258874	0.6254864815278662
3894.5189863486708	300	7.881592327166572	0.0	147968	1336.43734865967	0.029647749	0.6410144936070518
3897.264981491956	300	7.604454424147007	0.0	161857	1277.1379030195662	0.062614866	0.6202695950334824
3899.076340784376	300	7.908203502969738	0.0	145210	1196.2509211772683	0.059824668	0.6575944927505082
3901.8733279949147	300	7.847264016571735	0.0	172312	2060.939486398004	0.12819603	0.5652601403044193
3903.756265986166	300	7.908818954516435	0.0	167025	1438.4450620552998	0.022620741	0.6334343165846497
3905.4629468978274	300	7.52772492513356	0.0	160064	1381.094029382876	0.12497834	0.602488679528405
3907.7173674399205	300	7.638308104776535	0.0	137507	1389.4168203570243	0.1274794	0.6123001591463865
3910.0805492963123	300	7.979219032648798	0.0	118421	1159.0890721277365	0.07372664	0.6681460043786607

