7412.0062664288325	750	4.0	4.7397544619589524	450283	4739.754461958953	0.004705182	-19.630944186423495
7414.180001346351	300	5.638009772220171	0.0	155580	1361.9902277798294	0.004705182	-0.15000000000000002
7416.415896377599	300	5.855934658685634	0.0	139857	1282.0751135345374	0.005151505	0.3
7418.3486603465735	300	5.541462575835385	0.0	155432	1314.4720828502482	0.0047238786	0.3
7422.032553296891	300	5.85756962551745	0.0	163442	3683.8929503179347	0.0047510713	0.3
7426.177998486264	300	5.712124436144319	0.0	126289	3145.445189373131	0.004705182	0.3
7429.720839144651	300	5.914519210458359	0.0	153295	3297.6052256859602	0.004705182	0.3
7433.779238343941	300	5.79293728426376	0.0	173849	3121.5819261945976	0.004705182	0.3
7436.303266582432	300	5.914331753866135	0.0	150710	1878.6055303976254	0.004705182	0.3
7438.482867052986	300	5.782242972785523	0.0	139105	1632.088781080612	0.004705182	0.3
7442.295595773158	300	5.9695142526135765	0.0	141840	1812.7287201719469	0.004705182	0.3
7446.582557773347	300	5.682552252425166	0.0	156148	2286.96200018841	0.004705182	0.3
7450.545866350523	300	5.719243675248733	0.0	160746	3463.3085771764336	0.004705182	0.3
7454.663063077893	300	5.602046947879181	0.0	179801	3117.196727369552	0.004705182	0.3
7458.739652412567	300	5.5254576132047335	0.0	140051	3076.589334674448	0.004705182	0.3
7462.416719176908	300	5.848390848863972	0.0	138313	2177.066764340762	0.004705182	0.3
7465.245996342145	300	5.534434120493212	0.0	143509	2313.95672837076	0.004705182	0.3
7468.789878871804	300	5.990551590833693	0.0	150616	2543.882529659519	0.004705182	0.3
7472.2954297438855	300	5.502377633255568	0.0	165384	1988.1739575781246	0.004705182	0.3
7475.419309953106	300	5.944125981147169	0.0	140881	1558.2516521083987	0.004705182	0.3
7479.303400458051	300	5.789894992930716	0.0	157671	2154.2309882164536	0.004705182	0.3
7482.227580637172	300	5.967734628334554	0.0	157812	1822.1603645961611	0.004705182	0.3
7485.591711386104	300	5.621679237430706	0.0	163927	1846.0553909038485	0.004705182	0.3
7487.169810740618	300	5.571667248737714	0.0	137654	1550.0119886929922	0.004705182	0.3
7488.818870068095	300	5.611181282209901	0.0	146754	1460.4859665278125	0.004705182	0.3
7491.298666745819	300	5.665569542722219	0.0	153938	1445.6117394876817	0.004705182	0.3
7494.597740346633	300	5.6531252069339395	0.0	181901	2512.444335788279	0.004705182	0.3
7498.125930031109	300	5.5923450492080775	0.0	111155	2560.7801577258624	0.004705182	0.3
7501.744644379326	300	5.973630700991772	0.0	153605	2118.7143482163056	0.004705182	0.3
7505.019001752467	300	5.969513966404411	0.0	149029	3004.1167345873614	0.004705182	0.3
7509.0813034379435	300	5.907212280928258	0.0	157421	2062.3016854761527	0.004705182	0.3
7511.157838060473	300	5.880216141178845	0.0	157488	2026.9961397494121	0.004705182	0.3
7513.415204668083	300	5.686302035763718	0.0	143881	1193.914105415129	0.004705182	0.3
7515.517574819759	300	5.6418432255239	0.0	163444	2044.4588102398184	0.004705182	0.3
7519.376997249066	300	5.782420796216609	0.0	179328	3359.42242930729	0.004705182	0.3
7521.513783257771	300	5.52269468173517	0.0	159914	1759.726114481439	0.004705182	0.3
7525.442927768844	300	5.5935501706618105	0.0	131610	2429.144511073359	0.004705182	0.3
7529.181991937898	300	5.854486001607448	0.0	124011	2239.0641690543625	0.004705182	0.3
7532.132191631809	300	5.792020399328001	0.0	144254	2562.4656022794475	0.004705182	0.3
7535.72213768358	300	5.945914404757991	0.0	149991	1846.1059945700101	0.004705182	0.3
7539.670777302524	300	5.997274785813481	0.0	147968	2448.6396189445104	0.004705182	0.3
7541.672406533467	300	5.542700036914223	0.0	161857	1454.5747488992579	0.004705182	0.3
7543.4143887702485	300	5.630236212045598	0.0	145210	912.4638248686236	0.004705182	0.3
7546.494602737677	300	5.659888396287757	0.0	172312	1470.347815757841	0.004705182	0.3
7548.841842110511	300	5.626201814206777	0.0	167025	1533.686582080981	0.004705182	0.3
7550.916448700437	300	5.945674833619676	0.0	160064	1180.5269805870994	0.004705182	0.3
7553.2136981184885	300	5.819089967264019	0.0	137507	1126.5848663556562	0.004705182	0.3
7555.9737745821585	300	5.644384006776072	0.0	118421	1174.7059604879466	0.004705182	0.3

