2385.447590643502	750	4.0	4.146410706663652	450283	4146.4107066636525	0.03715635	-17.73912637251129
2387.464606316326	300	5.879697497844862	0.0	155580	1120.3025021551377	0.10739615	-0.3161075917339795
2388.623774524325	300	5.863470069779651	0.0	139857	1016.227428065212	0.46225047	0.14760475446483853
2391.2327270565825	300	5.505464155492982	0.0	155432	1358.0059142866683	0.6847043	0.11045607270332973
2393.681107298776	300	5.606747352881453	0.0	163442	1398.7168026115282	0.50521004	0.1072411511178937
2396.2777398294734	300	5.803262797823972	0.0	126289	1303.48455505748	0.76575077	0.11507616213633265
2399.2487397885584	300	5.994336858551226	0.0	153295	1808.9259392727465	0.16416024	0.08292213447959368
2403.665855488518	300	5.577221158591724	0.0	173849	3917.115699959501	0.24561986	0.038293482115310216
2407.515429912854	300	5.7276467342555275	0.0	150710	3849.574424336197	0.018387642	0.0389653461566379
2411.5235229402947	300	5.719553706814655	0.0	139105	2508.0930274408734	0.0069869915	0.05980639408461341
2415.635036310283	300	5.6080403368266865	0.0	141840	2111.513369987969	0.0069759795	0.07103909552836726
2419.121917224489	300	5.64378507419214	0.0	156148	1964.2552626345462	0.007312534	0.07636482022138678
2421.080798886809	300	5.665657040218101	0.0	160746	1478.1280339740385	0.011815409	0.10147970713789639
2424.4853911553632	300	5.5437377153137275	0.0	179801	1621.9193249043738	0.011782193	0.09248302162553233
2426.702847181143	300	5.876346207648403	0.0	140051	1167.3915076653245	0.012110149	0.12849159773312568
2430.6578115007355	300	5.9213818880559135	0.0	138313	2454.9643195924896	0.027093027	0.06110068435735928
2435.0286641996468	300	5.550529189144782	0.0	143509	2870.8526989111324	0.007834193	0.052249284700985374
2438.0875251576595	300	5.719039473647853	0.0	150616	2331.4897154969285	0.004705182	0.06433654800318488
2440.4206109530696	300	5.941182254450745	0.0	165384	2277.8572191971075	0.0048424043	0.06585136185703139
2444.364165953086	300	5.63701899009916	0.0	140881	1804.163264351585	0.00470542	0.08314103438632528
2447.9509436317453	300	5.698326066251549	0.0	157671	1938.6929238476116	0.0054478412	0.07737171686906645
2451.9935902706447	300	5.655679427352338	0.0	157812	3042.646638899211	0.0047488445	0.049299185150947396
2455.15473590452	300	5.630472269120315	0.0	163927	2025.207158232023	0.004705182	0.0740664970446519
2459.1795921949642	300	5.605615978676054	0.0	137654	3024.85629044426	0.004705182	0.0495891327048696
2464.024838707488	300	4.760369466152173	0.0	146754	4845.246512523881	0.004705182	0.03095817717680276
2468.1956676326913	300	4.589540540949068	0.0	153938	4170.8289252031045	0.004705182	0.03596407397426293
2471.7271444822327	300	5.0580636914075	0.0	181901	3531.4768495415683	0.004705182	0.04247514747816397
2474.459019916442	300	5.9562995154309935	0.0	111155	1101.764175976507	0.004705182	0.13614528705024664
2477.5010540117746	300	5.820338110880865	0.0	153605	2135.9614045501285	0.004705182	0.07022598801666675
2480.619936868719	300	5.693933008800086	0.0	149029	1626.4051020807788	0.004705182	0.09222794481405282
2483.39706194349	300	5.981609377346201	0.0	157421	2212.3236314538854	0.004705182	0.06780201497979915
2486.0625602913146	300	5.81626087759285	0.0	157488	1665.3484997533508	0.004705182	0.09007123735495363
2488.0531660575543	300	5.621032952008242	0.0	143881	1695.2279255846076	0.004705182	0.08848367687682573
2491.9294457886435	300	5.744753220919242	0.0	163444	2376.279731088999	0.004705182	0.06312388143430325
2494.665685398781	300	5.987462220722384	0.0	179328	2257.2910001968585	0.004705182	0.06645133480216707
2496.9986257358482	300	5.845466285659549	0.0	159914	2141.995935062834	0.004705182	0.07002814409897554
2500.398172066119	300	5.531165364526069	0.0	131610	1814.3009211334802	0.004705182	0.08267647238270036
2502.849496634162	300	5.838125756573487	0.0	124011	1693.0396079525822	0.004705182	0.08859804537083289
2504.889318792527	300	5.667357147436071	0.0	144254	1670.768609137415	0.004705182	0.08977903892834212
2506.5837960407944	300	5.894645364916143	0.0	149991	1272.7117825199282	0.004705182	0.11785857729941406
2507.844090095087	300	5.92038108514377	0.0	147968	974.2642797723728	0.004705182	0.15396233148878866
2510.664724608555	300	5.518078686669598	0.0	161857	1402.3023984741717	0.004705182	0.1069669424820304
2512.46702522367	300	5.906094441608966	0.0	145210	1111.9842450606327	0.004705182	0.13489399752405756
2515.010391666395	300	5.554569414773703	0.0	172312	1351.525026835263	0.004705182	0.11098573612894219
2517.1067088154164	300	5.827331533708039	0.0	167025	1727.2378810656649	0.004705182	0.08684385726154498
2519.4093176675065	300	5.800566761140621	0.0	160064	1526.7647725674185	0.004705182	0.0982469616113548
2521.198200247904	300	5.899047491203608	0.0	137507	1401.5192699370139	0.004705182	0.10702671252371806
2522.355197483069	300	5.849230528850969	0.0	118421	1049.8169623526387	0.004705182	0.14288205028031759

