23533.41342060605	750	4.0	2.8598146493896546	450283	2859.8146493896547	0.7803138	-12.158065171022338
23534.289652136547	300	7.123768469505115	0.0	155580	876.2315304948851	0.69273096	0.16409365417157049
23536.005748139163	750	7.548743643971175	0.0	350812	1575.0248255339393	0.3653962	0.15918747670343045
23540.616032539976	1850	6.93845924315633	0.0	933276	4610.284400814845	0.8546959	-0.7942442125274403
23543.937917054132	1850	7.616574728998426	0.0	996749	3321.884514157904	0.15068316	0.49986517457461493
23546.716157877872	1850	7.889074248722754	0.0	801058	2727.5004802756716	0.28438932	0.585531971352966
23551.131865124586	1850	7.4733670020101375	0.0	905515	4415.707246712617	0.18695654	0.37669899225480963
23554.588358494027	1200	7.818344188680579	0.0	709534	3155.0228133295573	0.053526543	-0.14879415754355757
23559.097620265486	1850	7.309082417223789	0.0	852833	4509.2617714567905	0.23161532	-0.29846904118147244
23564.07274452457	1850	6.333958158138372	0.0	913888	4975.124259085417	0.09322557	0.21108787428060394
23569.696118727057	1850	4.710583955647199	0.0	939819	5623.374202491173	0.2866877	-0.009988761330377072
23570.572484919932	300	7.83421776277517	0.0	156148	876.3661928720293	1.0515032	-0.8675382473335669
23573.495038841553	750	7.695739288171482	0.0	386351	2138.4784746036876	0.681872	0.11699061226581883
23577.020498028403	1200	7.870047456405619	0.0	687371	2325.691831765864	0.46698102	0.13911543982579866
23580.721893784328	1850	7.504233208334777	0.0	821631	3365.8142480708407	0.14207982	-0.1653407998854226
23584.68488061021	1850	7.541246382455617	0.0	923170	3962.986825879161	0.03649896	0.42850450307675425
23590.403004681484	1850	5.8231223111829005	0.0	966699	5718.124071272716	0.052570283	0.0876193530024948
23594.337743632954	1850	5.8883833597120026	0.0	885714	3934.738951470898	0.7804806	0.2722393162513069
23598.301280646287	1850	5.924846346379787	0.0	987708	3963.5370133322162	0.13859302	0.27286911463060376
23602.187236004997	1850	6.03889098766819	0.0	923755	3885.9553587115975	0.069786415	0.29160420848789464
23605.73934715918	1850	6.486779833489617	0.0	891604	3552.111154178573	0.0786054	0.36809844746542375
23609.262426714497	1850	6.963700278171261	0.0	955231	3523.0795553183557	0.048250318	0.41690575078464986
23613.005155019415	1850	7.220971973253005	0.0	968026	3742.7283049182574	0.028145295	0.41970357351152304
23616.54631875559	1850	7.6798082370757985	0.0	874175	3541.163736177206	0.028823968	0.48402355053192186
23620.30698442453	1850	7.919142568138063	0.0	897976	3760.6656689377364	0.029796362	0.4851095629461195
23624.332345500112	1850	7.556798099571496	0.0	905935	3362.3444685665677	0.03306774	0.49006560953578554
23628.261534733076	1850	7.627608866606746	0.0	1076599	3929.1892329647494	0.02191808	0.4401967511782896
23632.350020086036	1850	7.539123513646962	0.0	758197	3088.4853529597844	0.017476656	0.5157503217948826
23636.76565462151	1850	7.123488978170444	0.0	972798	4415.634535476518	0.02652549	0.3430300996291711
23641.172730194845	1850	6.7164134048383115	0.0	975811	4407.075573332133	0.05682672	0.3047045019177919
23644.10616780859	1850	7.561395239242529	0.0	873429	2655.018165595782	0.070121735	0.5612407198338683
23648.088047661302	1850	7.579515386532077	0.0	954453	3981.8798527104523	0.009688096	0.43029863621979186
23652.37443022768	1850	7.293132820154216	0.0	885062	4286.382566377862	0.025960185	0.37228371219372974
23655.698132913298	1850	7.969430134533579	0.0	1035329	3323.7026856206367	0.066274494	0.5336460976033397
23659.9344917163	1850	7.733071331533099	0.0	1026056	4236.35880300048	0.010562092	0.4196306781864727
23663.7988612141	1850	7.868701833730831	0.0	943942	3864.369497802268	0.023382217	0.469884201136187
23667.676872043754	1850	7.990691004077468	0.0	728962	3878.0108296533626	0.02782584	0.48026166644058593
23672.78433842559	1850	6.883224622242428	0.0	938587	5107.466381835041	0.07922935	0.2507211933359713
23677.704138652647	1850	5.96342439518656	0.0	908665	4919.800227055867	0.27548826	0.18095597499650817
23683.156753217823	1850	4.51080983001263	0.0	930577	5452.61456517393	0.74253225	-0.012141287841912929
23687.367872299626	1200	4.299690748208181	0.0	566904	4211.11908180445	0.8597721	-0.5930782405280699
23690.573267514927	750	5.094295532907565	0.0	384505	3205.3952153006157	0.23830724	-0.2400930267672599
23696.455938842555	750	4.0	0.7883757947199228	372093	5882.671327627488	0.34301943	-3.5531637637662756
23699.25500016896	300	5.20093867359262	0.0	172312	2799.06132640738	0.13017878	-0.21326391329591454
23700.526616541105	300	7.929322301448397	0.0	167025	1271.6163721442233	0.013519676	0.6520906563902739
23702.438319421188	750	7.697904975738533	0.0	393804	1731.4173257098644	0.3115945	0.15790517708394294
23704.002429528242	750	7.735992680396699	0.0	331053	1461.9122953418332	0.4345942	0.6385216656685813
23705.887545691945	1200	7.86953356140154	0.0	550906	1866.459118995159	0.56560504	0.18498924811540463

