14822.650346870389	750	4.0	6.248048004947867	450283	6248.0480049478665	0.0055550262	-26.116606421275826
14825.620004580347	300	5.03034229004243	0.0	155580	2969.6577099575693	0.004705182	-0.15000000000000002
14828.142867314209	300	5.982763771014123	0.0	139857	1547.5785190283066	0.004705182	0.3
14830.871628010058	300	5.656025592505623	0.0	155432	2326.738178508501	0.004705182	0.3
14833.492660944023	300	5.586520336495517	0.0	163442	1569.505256010106	0.004705182	0.3
14837.218293226133	300	5.754468020117272	0.0	126289	2332.0523163782445	0.004705182	0.3
14841.020531279275	300	5.952229966974729	0.0	153295	2802.2380531425433	0.004705182	0.3
14845.052061579603	300	5.920699666645414	0.0	173849	3531.530300329315	0.004705182	0.3
14848.087548085005	300	5.876630678446283	0.0	150710	2544.068988199131	0.004705182	0.3
14850.773415926556	300	5.784405501970512	0.0	139105	1592.2251764757705	0.004705182	0.3
14853.046778105543	300	5.9895456925659	0.0	141840	1794.8598094046115	0.004705182	0.3
14856.354407485484	300	5.6349822398374565	0.0	156148	2854.563452728444	0.004705182	0.3
14858.333233923597	300	5.917101931935677	0.0	160746	1217.8803079017794	0.004705182	0.3
14860.66828503988	300	5.785049400751128	0.0	179801	1132.0525311845481	0.004705182	0.3
14862.355162267131	300	5.7531101082730896	0.0	140051	1531.9392924780384	0.011797004	0.3
14864.636020835469	300	5.855149863042114	0.0	138313	1397.9602452309753	0.004705182	0.3
14866.745135306297	300	5.657041741480318	0.0	143509	1198.1081215617965	0.004705182	0.3
14868.417331656552	300	5.996446760085741	0.0	150616	1160.5949813945772	0.005269645	0.3
14870.09624510251	300	5.887790735838094	0.0	165384	1108.656024247645	0.008641276	0.3
14871.826090050756	300	5.777996991620585	0.0	140881	1109.7937442175096	0.021491706	0.3
14873.644649014608	300	5.6337430259071954	0.0	157671	1144.2539657133884	0.03712007	0.3
14876.243302970079	300	5.571568633043945	0.0	157812	1562.17439286325	0.048164003	0.3
14878.607896598425	300	5.642511604972513	0.0	163927	1429.0570280714326	0.004996565	0.3
14880.174956421757	300	5.716749969594275	0.0	137654	1425.761635378237	0.005126839	0.3
14882.522731363159	300	5.563511511820143	0.0	146754	1153.2384577741316	0.004705182	0.3
14883.74236956145	300	5.845960721237545	0.0	153938	1217.5507905825984	0.0057428395	0.3
14885.27413489117	300	5.936121769733616	0.0	181901	1409.838951503929	0.009472649	0.3
14886.520329326868	300	5.668987688491328	0.0	111155	767.1340812422877	0.009767972	0.3
14888.050694449425	300	5.85833532844064	0.0	153605	1310.652360050688	0.02229144	0.3
14889.370243206136	300	5.603417278838498	0.0	149029	1254.9180496021422	0.0065229735	0.3
14891.661026694312	300	5.660340954804967	0.0	157421	943.0763240335313	0.0054114102	0.3
14893.652809275281	300	5.738303213390766	0.0	157488	1422.0377414142033	0.047851946	0.3
14894.865295269423	300	5.601932688598099	0.0	143881	1136.3705247926675	0.0069356207	0.3
14896.999637340605	300	5.927819397181872	0.0	163444	1674.113291416227	0.006576334	0.3
14900.357783875019	300	5.8638605008579	0.0	179328	1563.958896323972	0.004705182	0.3
14902.900253714066	300	5.98471939537917	0.0	159914	1879.1411054787295	0.004705182	0.3
14907.01996816311	300	5.865004946336375	0.0	131610	1619.7144490427945	0.004705182	0.3
14910.89225041901	300	5.99272269043376	0.0	124011	2872.2822559026163	0.004705182	0.3
14913.920479978136	300	5.741270663628083	0.0	144254	2751.452026805676	0.004705182	0.3
14917.871366747144	300	5.790383894619361	0.0	149991	1950.8867690087225	0.004705182	0.3
14920.692231008672	300	5.983783905019982	0.0	147968	2306.599989599378	0.004705182	0.3
14925.120111011356	300	5.5559039023343475	0.0	161857	2427.880002685635	0.004705182	0.3
14928.188561347666	300	5.947750775985732	0.0	145210	2108.153126348616	0.004705182	0.3
14930.644863773152	300	5.504748225222735	0.0	172312	1443.002550762997	0.004705182	0.3
14932.76646456171	300	5.720597739805993	0.0	167025	1284.150485416741	0.004705182	0.3
14933.974917932797	300	5.520096210833093	0.0	160064	1200.501528972899	0.004705182	0.3
14935.307835439886	300	5.657613440346413	0.0	137507	862.4827704866809	0.004705182	0.3
14936.33380512246	300	5.924845914859843	0.0	118421	732.7675254865696	0.005064848	0.3

