3185.8475083261937	750	4.0	12.266701258043659	450283	12266.701258043659	0.010852975	-0.7306502606880869
3190.479428856454	300	4.0	0.6319205302601922	155580	4631.920530260192	0.012686528	-0.4184515169795076
3193.527260522786	300	4.952168333667658	0.0	139857	3047.8316663323417	0.0057397736	0.3075234145931614
3196.796736960024	300	5.682691896429397	0.0	155432	3269.4764372382615	0.0048948675	0.3755580789230751
3200.1540123808304	300	6.325416475623024	0.0	163442	3357.275420806372	0.005064993	0.4461366135700589
3202.781777845879	300	7.69765101057458	0.0	126289	2127.765465048444	0.0058756582	0.7385200315748683
3206.3592270842787	300	7.574411689639563	0.0	153295	2123.239320935018	0.0048902784	0.7237560513351631
3209.0270009814626	300	7.992629756979868	0.0	173849	2081.7819326596946	0.005708091	0.7795399747792569
3211.6916089768374	300	7.948321708204572	0.0	150710	1544.3080487752961	0.0056565898	0.8278165636462677
3214.465484369735	300	7.941533999355475	0.0	139105	1506.7877088490964	0.006353572	0.8307305062457964
3217.9215220080646	300	7.727059098514583	0.0	141840	1714.4749008408937	0.006912423	0.7834801608565438
3219.813810318813	300	7.836696216485028	0.0	156148	1890.362882029554	0.007198531	0.7794284673744768
3223.6052412021	300	7.561943575051005	0.0	160746	2274.7526414340227	0.0072942814	0.7070652573317444
3227.3747973929703	300	7.7923873841802616	0.0	179801	2269.556190870744	0.007234451	0.7360382402250465
3230.362878491822	300	7.806463984366441	0.0	140051	1485.9233998138202	0.007703311	0.8161395840772242
3232.464496056019	300	7.661734104236535	0.0	138313	1644.7298801299053	0.008018099	0.7823888609500804
3236.0134777889875	300	7.875687032085849	0.0	143509	1786.047072150686	0.007963627	0.7946743189345317
3240.064151259699	300	7.825013561374319	0.0	150616	2550.6734707115306	0.007780798	0.7119549287366819
3242.696597233571	300	7.945594654503089	0.0	165384	1879.4189068712305	0.0067680287	0.7939687633006618
3244.5336788386335	300	7.953567418872255	0.0	140881	992.027235630835	0.0073045115	0.8836923428892741
3245.873183173487	300	7.646342455211363	0.0	157671	1307.2249636608924	0.009146631	0.814238916255315
3248.024790518009	300	7.976678416096424	0.0	157812	1169.6640391149406	0.009286985	0.8687822215679138
3249.8016672967524	300	7.67421166992846	0.0	163927	1302.4667461679626	0.010102295	0.8181558032456011
3251.67342080583	300	7.600539893527337	0.0	137654	1073.6717764011228	0.009960596	0.8319389050927661
3253.4373144086744	300	7.9476339629933355	0.0	146754	1152.9059305340018	0.010435927	0.8668718582538529
3255.5052209957244	300	7.66917451512365	0.0	153938	1278.4594478696863	0.010575885	0.8199345859381203
3257.925881588988	300	7.678567798081923	0.0	181901	990.6067170417259	0.010727244	0.8498796656324281
3259.0786363972443	300	7.902217332064774	0.0	111155	776.3504660171485	0.014049801	0.8989197264254821
3261.3455908508085	300	7.891942299902134	0.0	153605	1010.2750321626407	0.012528366	0.8742585919388126
3262.80075934115	300	7.76769775143242	0.0	149029	1124.2445484697123	0.013148444	0.847520928290851
3264.865507521615	300	7.630785612635602	0.0	157421	1136.912138796819	0.013041016	0.8293493656364318
3266.123151863841	300	7.89088149585704	0.0	157488	1239.9041167785629	0.013166552	0.8511647039729849
3268.707950482256	300	7.63235235687304	0.0	143881	1758.529138984	0.0133050615	0.7673811145251085
3271.054085002037	300	7.522419774697788	0.0	163444	1109.932582175253	0.011442677	0.8186671840387414
3274.9157049665223	300	7.660799810212579	0.0	179328	2861.6199644852086	0.013494631	0.660584493444575
3278.082765069689	300	7.991180762175019	0.0	159914	2169.6190480375585	0.010750083	0.770577353081713
3279.364298142498	300	7.599134714834982	0.0	131610	892.0460473400371	0.010157993	0.8499279778983253
3280.3596754776427	300	7.7711895459972276	0.0	124011	827.9451688377542	0.011518007	0.8775820048070208
3281.686632304301	300	7.951427167821363	0.0	144254	819.7623781758651	0.0122297015	0.9006545677442873
3285.7352003040555	300	7.902859168066949	0.0	149991	3048.567999754414	0.014071647	0.6717772217704555
3289.7673388600238	300	7.870720612098548	0.0	147968	2532.1385559684	0.009274451	0.7194519571786502
3293.124985860385	300	7.530847695020495	0.0	161857	2839.8729170780534	0.009037178	0.6467137619891036
3297.093964411798	300	7.505245470955706	0.0	145210	3025.60222406479	0.008021845	0.624979675720897
3300.9379694700856	300	7.661240412668205	0.0	172312	2844.0050582875	0.00784261	0.6624003860921941
3302.995854902631	300	7.955988379213269	0.0	167025	1205.2520334549354	0.008340611	0.8626687837102558
3307.334254024563	300	7.617589257281495	0.0	160064	2338.399121931773	0.009539285	0.7075712880893352
3310.5915506969	300	7.869457191623897	0.0	137507	1748.1320656575997	0.008660764	0.7976966092674332
3312.0639297926173	300	7.527849894605273	0.0	118421	1341.6072970186228	0.0071401303	0.796170179844486

