6520.099656232351	750	4.0	2.184991174137217	450283	2184.991174137217	0.004712832	-9.188841879911614
6521.740044007434	750	6.35961222491618	0.0	398865	1640.3877750838199	0.6805663	0.48819590974250465
6523.776008211801	750	7.829319530588549	0.0	350812	1530.2926943276307	0.62475896	0.6406664428522836
6539.158282974655	1850	4.0	7.552955232265639	933276	15382.274762854187	0.6468564	-34.63198084225078
6542.780612848918	300	4.377670125737234	0.0	163442	3622.3298742627658	0.004705182	-1.4748313163243079
6544.770587792175	300	6.387695182480739	0.0	126289	1989.9749432564947	0.004705182	0.4318714091795769
6547.521130163135	300	7.637152811520396	0.0	153295	1750.5423709603426	0.004705182	0.5760764057762975
6549.558891357443	300	7.533668954607372	0.0	173849	1603.4838569130234	0.0052704867	0.580821816474975
6553.136764446047	300	7.721871031303304	0.0	150710	2311.797923304068	0.008695999	0.5281050770081783
6555.48211253945	300	7.6622346674016555	0.0	139105	2059.636363901648	0.017468523	0.5475811640692104
6556.857193926174	300	7.7825497624899835	0.0	141840	879.6849049116714	0.0054191574	0.677156776781286
6558.235417876196	300	7.991136085585397	0.0	156148	791.413676904586	0.033367015	0.7060605740050592
6560.914679507159	750	7.69991036376217	0.0	386351	2291.2257218232266	0.26993808	0.10211735838521968
6564.411856830205	750	7.890339623410014	0.0	434409	2809.5707403521546	0.16359735	0.5186118926351695
6568.620462828348	750	7.681733625267714	0.0	337059	3708.6059981423005	0.15936652	0.40862979868711147
6571.268933081512	300	7.550604836802555	0.0	138313	2131.12878846516	0.5524237	0.07968742153451591
6573.51823584464	300	7.564624144689176	0.0	143509	1485.9806921133775	0.00750766	0.5955516057398939
6574.483483895801	300	7.638661187965494	0.0	150616	925.9629567236827	0.013450106	0.6586795301743131
6576.505965480582	750	7.982062942794108	0.0	405596	1656.5982451713867	0.6369185	0.19273761754391155
6580.314848396404	1200	7.5205632262373	0.0	586839	2961.4997165568066	1.008841	0.04189639069298373
6584.851174286585	1850	6.984237336055964	0.0	891604	4536.325890181336	0.47698015	-0.332442167169009
6589.809696941837	1850	6.025714680804403	0.0	955231	4958.522655251561	0.045441125	0.18307924408544052
6593.486704231781	1850	6.348707390860605	0.0	968026	3677.0072899437973	0.3988594	0.34231920187313425
6597.473800190841	1850	6.361611431801076	0.0	874175	3987.0959590595294	0.014188392	0.31255236380055273
6601.905532867315	1850	5.929878755326978	0.0	897976	4431.732676474097	0.026836285	0.22653392348779378
6605.795980310139	1850	6.039431312503196	0.0	905935	3890.4474428237827	0.113818675	0.2912070069658822
6609.389163549725	1850	6.446248072917764	0.0	1076599	3593.1832395854312	0.023292016	0.3600900101734047
6611.83986831345	1850	7.9955433091925485	0.0	758197	2450.7047637252153	0.00479756	0.6234593130029977
6616.630211495823	1850	7.205200126820364	0.0	972798	4790.343182372185	0.004705182	0.3134240273374677
6620.2257107507485	1850	7.609700871893903	0.0	975811	3595.4992549264607	0.0063011143	0.4718420838151782
6623.531930327109	1850	7.790713841467838	0.0	873429	2818.9870304260653	0.004705182	0.5669160135767879
6626.758356330069	1850	7.726117022455605	0.0	954453	3064.596819012232	0.004705182	0.5361375163074316
6629.928002599295	1850	7.617208541815789	0.0	885062	3108.9084806398146	0.004705182	0.5212237831418691
6634.916779325704	1850	6.628431815407138	0.0	1035329	4988.7767264086515	0.004705182	0.23806605704748984
6639.386641893793	1850	6.158569247318049	0.0	1026056	4469.862568089089	0.004831449	0.24473265821700702
6642.876045785098	1850	6.669165356013977	0.0	943942	3489.4038913040717	0.0075491676	0.39192399087061525
6645.762762866369	1850	7.540197331072937	0.0	728962	2628.968024941039	0.004705182	0.5618054107637922
6648.842321701448	1850	7.529292379698424	0.0	938587	3010.9049513745135	0.004705182	0.5225621039602427
6652.752834200983	1850	7.558363081282878	0.0	908665	3470.929298415545	0.004705182	0.4793577578474715
6659.902733508735	1850	4.408463773530588	0.0	930577	7149.899307752289	0.004705182	-0.191720688200664
6660.694125564514	300	7.6170717177506315	0.0	147968	791.3920557799573	0.7338569	-0.879941391165803
6663.018220619186	750	7.950461544240974	0.0	384505	1666.6101735096581	0.13987148	0.18869475361367913
6667.435589270582	1850	7.533092892845338	0.0	886255	3917.368651395636	0.96862245	-0.6677184622635641
6671.914520039667	1850	7.05416212375941	0.0	973972	4478.930769085928	0.005954258	0.3300276864892528
6684.178710266516	1850	4.0	5.21002810308846	958994	12264.19022684787	0.00969234	-23.145585733188277
6685.444685147391	300	6.734025119124211	0.0	160064	1265.9748808757895	0.0134412255	-1.012393928322215
6688.472211375551	300	7.677236600228398	0.0	137507	1056.7885188958126	0.017332384	0.6493099019249783
6689.787340384108	300	7.900041012580814	0.0	118421	1277.1955876475845	0.008801227	0.6487143769794692

