3597.310106927293	750	4.0	3.5013497766476167	450283	3501.3497766476166	0.749098	-0.00013497766476167072
3598.2783652175954	300	7.031741709697546	0.0	155580	968.258290302454	0.6352716	-0.10734197217414877
3599.541455716138	300	7.845000417606482	0.0	139857	686.7412920910647	0.041246995	0.4216383968912986
3600.488188071112	300	7.56480889579016	0.0	155432	780.1915218163209	0.04517314	0.3947814038052529
3601.338971765731	300	7.787687484159329	0.0	163442	777.1214116308312	0.05027499	0.4090183265968749
3602.5335197335944	300	7.597244608321715	0.0	126289	690.4428758376149	0.052231405	0.4057835004363457
3603.7758910438774	300	7.993111446743158	0.0	153295	1104.1331615785575	0.044445224	0.38915614926359166
3605.291915882092	300	7.559218178287983	0.0	173849	1433.893268455175	0.028535655	0.3290618092974814
3607.4597259753273	300	7.86137890700023	0.0	150710	1197.8392712877544	0.019946333	0.3715522545587389
3608.5657855182976	300	7.953334474988663	0.0	139105	908.044432011566	0.021408085	0.40627896148563486
3609.9698008083496	300	7.540334404492062	0.0	141840	913.0000704966026	0.023856513	0.37997089323109356
3611.7370928623045	300	7.60719599204252	0.0	156148	933.1384124495412	0.022627972	0.3821359082577034
3614.3886486750384	300	7.873494939828082	0.0	160746	1733.7010522144376	0.023880143	0.3187233285178114
3617.4778889595545	300	7.82780222072968	0.0	179801	2545.692719098403	0.014977481	0.2346683668857647
3620.2560883234155	300	7.540476326308024	0.0	140051	1287.3258944216554	0.010357426	0.342547180952086
3622.9471073279988	300	7.875403463336305	0.0	138313	1665.0728629717194	0.0106638735	0.3257054301613471
3625.758593922079	300	7.572633232351742	0.0	143509	1802.7702309845617	0.009168945	0.2930125539235277
3628.5761669574595	300	7.563204958209473	0.0	150616	2009.428274142269	0.008644038	0.27175748247386516
3629.8479394332744	300	7.881391134271238	0.0	165384	1181.8138239382358	0.008130855	0.3744055634981288
3630.8132305199506	300	7.588724859671296	0.0	140881	792.6662745999428	0.010835344	0.3950286762694617
3632.106320986587	300	7.563492080091008	0.0	157671	1025.232779580288	0.015213402	0.3701949770476592
3634.1723243558936	300	7.744419243715922	0.0	157812	819.0728363750849	0.0139427725	0.4021189190947366
3636.141539468367	300	7.508276915795156	0.0	163927	1236.142327920766	0.02067616	0.3456530744451206
3639.5078598194364	300	7.95665308008648	0.0	137654	2551.623835708675	0.0167331	0.24212843393453748
3641.173341922801	300	7.62626039573492	0.0	146754	1330.3926843515592	0.009560747	0.34360200629827653
3642.329642679448	300	7.515654641117557	0.0	153938	1110.605754617363	0.010313007	0.358667839608111
3644.5232688868978	300	7.696689114658009	0.0	181901	818.9655264595464	0.013859201	0.39914651702017095
3646.2551818706766	300	7.963062858263394	0.0	111155	733.6262563946136	0.026384776	0.4243288030020008
3647.134686954323	300	7.6424537661320135	0.0	153605	820.6090921313802	0.017422449	0.3955924511701128
3647.9455580794634	300	7.991466184819634	0.0	149029	650.9875813123808	0.023862425	0.43436787841998903
3648.8467472288826	300	7.730813358523996	0.0	157421	760.6528262956368	0.038852215	0.40711055227818604
3650.009770382276	300	7.989570005389236	0.0	157488	741.2433531347608	0.034667186	0.4252237900233512
3651.340179680841	300	7.910255217736192	0.0	143881	579.3147876530438	0.039574444	0.43645947234320764
3652.7094749755693	300	7.641154868827856	0.0	163444	769.1003489083358	0.05315225	0.4006621444109074
3653.4514476883155	300	7.975265918864361	0.0	179328	665.8889499634953	0.05578529	0.431865224932673
3654.762322035914	300	7.7478706929566465	0.0	159914	727.3952259077151	0.071540445	0.4115023957190189
3655.680548870007	300	7.670496832255854	0.0	131610	577.3738607007922	0.0602308	0.4216686659459117
3656.6440099654164	300	7.719192747247176	0.0	124011	451.30408500867844	0.06719676	0.4373191382020806
3657.5503172591543	300	7.572117519578489	0.0	144254	647.075227668687	0.09721507	0.4085498222067869
3658.4087807489636	300	7.8375018267083325	0.0	149991	734.6156928701577	0.092133716	0.416382294882255
3659.2017473485043	300	7.747942511407646	0.0	147968	589.5593153006863	0.09483941	0.42529047543290927
3660.295270812188	300	7.632884426685858	0.0	161857	615.058084721789	0.13414913	0.4155494681956872
3660.9186814603727	300	7.660411777574416	0.0	145210	472.4726491114409	0.1993747	0.4315284711872569
3661.4567921052203	300	7.761825373687276	0.0	172312	398.58640388714065	0.28377712	0.4452554454667407
3662.934733255814	750	7.847616994870437	0.0	398987	1414.208378816839	0.6423075	-0.0009447757022816305
3666.4623029432237	1200	7.55569855655438	0.0	638661	2291.9184383160573	0.6821791	-0.006960684046956961
3669.2979046119685	1200	7.950723241728545	0.0	538612	2104.975314825834	0.12923972	0.4864226711254507
3672.4903294909564	1200	7.789823993194079	0.0	550906	3160.8992485344666	0.12824811	0.3707740747211833

