296.2471858536938	750	4.0	2.566216384271528	450283	2566.216384271528	0.010534316	0.09337836157284718
297.15702715733386	300	7.0901586963599605	0.0	155580	909.8413036400393	0.83959246	-0.09784921184150641
298.2411995998644	300	7.9011013333554985	0.0	139857	689.0573630044631	0.054180115	0.4249130970342724
299.4635912220168	300	7.802463081117306	0.0	155432	598.6382522381921	0.05108989	0.4277901173460124
300.1750375254181	300	7.703616509443771	0.0	163442	598.846571673536	0.08224641	0.4215913746728821
300.65303219389455	300	7.755919136469434	0.0	126289	447.69737297433704	0.10152066	0.43997520873190593
301.94261481038694	300	7.646276418724254	0.0	153295	609.6427177451811	0.10553381	0.41692800439574773
303.24380667536553	300	7.680650426108592	0.0	173849	965.625992615662	0.081388414	0.3834780523702208
304.5339790958616	300	7.518347171092009	0.0	150710	662.3032550165832	0.049054362	0.4036663726915923
305.28306358636416	300	7.937739489530504	0.0	139105	580.6076815615046	0.06396496	0.438047949939506
306.5497182336059	300	7.888650651430158	0.0	141840	549.088838100347	0.06639799	0.4381317819043502
308.1123357780881	300	7.526124688409753	0.0	156148	862.5259630204042	0.07182212	0.38413019672356913
310.10849066484127	300	7.513093107264068	0.0	160746	1013.0315811456842	0.043984972	0.36826516108943586
311.35472925483475	300	7.631535426921053	0.0	179801	881.557680343016	0.034910105	0.3888151961482642
312.9786038984925	300	7.846938550367413	0.0	140051	784.5968765536397	0.042437576	0.4119739717425993
315.376634737332	300	7.992562047899741	0.0	138313	1354.3765024676723	0.031700324	0.36409747774696655
318.5463266435788	300	7.744543282012223	0.0	143509	2248.0187658875193	0.017851062	0.259232078537012
321.347129135827	300	7.889978606067798	0.0	150616	1354.5646759444242	0.011861783	0.35766719528479496
323.6875166155741	300	7.797903755296116	0.0	165384	1592.074850771682	0.013924254	0.32816149962883906
325.84975524744135	300	7.620940687100232	0.0	140881	1676.9630681958834	0.011711611	0.30861248612417613
328.1257381383815	300	7.740587090215804	0.0	157671	1880.353596884428	0.009262291	0.29575133345004495
329.39269431566106	300	7.519923643853886	0.0	157812	1220.6634463619187	0.008771009	0.347928883104676
331.62988987723287	300	7.724472261876776	0.0	163927	1295.4513819771105	0.011322109	0.35323437816958747
333.44965750674066	300	7.965460446320267	0.0	137654	759.0118155565099	0.011309762	0.4219400963393657
334.8627142803656	300	7.694310018933391	0.0	146754	771.1504273868755	0.014754164	0.40377933344464934
336.57037051082796	300	7.946435124521286	0.0	153938	747.874894412104	0.021041514	0.42186470584137
338.78664048009534	300	7.768190698212715	0.0	181901	1178.2444263085713	0.026329426	0.36768747600743756
340.1634767090655	300	7.543785369757068	0.0	111155	724.4053284556475	0.021402638	0.39904605276425203
341.35128630223295	300	7.526096104430577	0.0	153605	1017.6892653264915	0.020160893	0.36861207999426193
343.57787432241514	300	7.987862229259935	0.0	149029	1038.233875170641	0.022858396	0.39541800181168185
347.37542708165967	300	7.858262955643469	0.0	157421	1629.599273616466	0.020646878	0.3281815073660702
350.62920432170193	300	7.855351002436375	0.0	157488	2502.9119532070945	0.015579757	0.24066824233156398
352.44343307242946	300	7.808669246490199	0.0	143881	1546.6817559461756	0.011087857	0.3333736523110199
353.7796005846256	300	7.6793590402827725	0.0	163444	1129.3102062074267	0.011665438	0.3670289193969306
357.9046902734832	300	7.500242901348345	0.0	179328	1179.116138934426	0.014704048	0.35085356744082896
360.0076919134262	300	7.781728832338409	0.0	159914	1218.5140690099363	0.017894518	0.36450664512015696
361.15805070531235	300	7.678793155361902	0.0	131610	1102.9356769765084	0.015243366	0.369631004512468
362.3695892203251	300	7.611735521810313	0.0	124011	1067.0576335515884	0.015667606	0.3690277067579857
363.99552091306566	300	7.9810100921706475	0.0	144254	1130.7254296396648	0.017289896	0.385740587796699
366.5951644730572	300	7.74379146322531	0.0	149991	1737.2186289453366	0.020256994	0.3102651035570482
368.61384655778176	300	7.995662890886146	0.0	147968	1748.1285723391643	0.019230105	0.32491607344646767
370.803478482084	300	7.666123641927689	0.0	161857	1829.539248958457	0.020696834	0.2961788027246348
371.96847335089103	300	7.633672511696104	0.0	145210	1032.4511302315846	0.023877846	0.373859418957848
373.6941309964089	300	7.617115610724882	0.0	172312	1516.5569009712212	0.038401872	0.32441403557318305
377.1515684350169	300	7.982947235194176	0.0	167025	2134.168375530705	0.040443167	0.2855173646465655
380.13098882429716	300	7.774871658092743	0.0	160064	2208.075577101434	0.03330876	0.265121920920653
383.09543531618834	300	7.828320756236546	0.0	137507	1446.5509018561975	0.034375764	0.34461495707916434
386.70928018497426	300	7.6403460928610585	0.0	118421	1187.9746633754883	0.041662224	0.3587241644662673

