15740.32410013403	750	4.0	1.384287999087403	450283	1384.287999087403	0.013866072	0.21157120009125968
15741.598321144345	750	6.725778989683334	0.0	398865	1274.2210103166653	0.97874296	0.39293908582354187
15744.359851105126	1200	7.914268528300803	0.0	571051	2311.510461382532	0.89181274	0.013490736880547
15746.946624295992	1200	7.8108916777965955	0.0	617681	2103.376850504208	0.2556786	0.4778430448118665
15748.33218717871	750	7.934808416132332	0.0	411561	1376.0832616642645	0.24157222	0.008317199841844314
15748.991787327019	300	7.849748123905414	0.0	126289	585.0602922269181	0.9330495	-0.017896771478603454
15749.902209517551	300	7.806807037780663	0.0	153295	542.9410861247509	0.0641348	0.43363133124881637
15751.645311464876	300	7.598996597221109	0.0	173849	707.8104405595552	0.059981093	0.40415624327036376
15752.718494651755	300	7.5500507476150265	0.0	150710	1048.9458496060824	0.06147083	0.36698358676533094
15753.58283586038	300	7.534998745189055	0.0	139105	515.0520024259722	0.03522373	0.41943222133171876
15755.170841410185	300	7.620640578185572	0.0	141840	914.3581670034839	0.053177886	0.38485421943624987
15758.197174333143	300	7.919297793756188	0.0	156148	1201.3427844293826	0.035295602	0.3748218336668235
15761.282394895166	300	7.7891826631108065	0.0	160746	2630.1151306453808	0.026155297	0.22381240337988734
15763.991233927645	300	7.832315781459714	0.0	179801	956.8668816510939	0.013414592	0.39383304817612275
15766.72757083378	300	7.550133403806407	0.0	140051	2282.182377653308	0.024770275	0.24366509997256963
15770.397160393723	300	7.677415983475683	0.0	138313	1372.7174203307231	0.011605317	0.3425667569341579
15773.614428224455	300	7.787218033014808	0.0	143509	1390.1979504608748	0.009228695	0.34768133201733803
15777.348822870028	300	7.653555664665408	0.0	150616	1633.6623683494	0.010634796	0.314980992206648
15780.904074861774	300	7.981295836003608	0.0	165384	2172.2598286618	0.009591697	0.2816050068840455
15782.761754218036	300	7.888952301414782	0.0	140881	1592.3435345888263	0.008203964	0.3338251653795412
15784.39062858699	300	7.7121829848234595	0.0	157671	1176.769316591323	0.0077975118	0.3643345048923339
15786.12864998964	300	7.884224828780629	0.0	157812	1327.9581560428312	0.011640529	0.35996823619450613
15787.24617566658	300	7.805493551614278	0.0	163927	1078.7312771663505	0.009829266	0.37997021925925734
15788.645040889744	300	7.575458149469426	0.0	137654	730.0354021448516	0.012903189	0.40046259412735397
15790.19757056239	300	7.958608233205006	0.0	146754	1116.849916264419	0.019057255	0.385728022948871
15792.225006030576	300	7.907730343903102	0.0	153938	1050.8778893019037	0.015532733	0.3891453575637535
15794.555956113954	300	7.885534144105919	0.0	181901	1522.196199797183	0.015292242	0.34062626402690166
15795.96112833477	300	7.897324999188974	0.0	111155	988.2091449169457	0.014599465	0.3947618979576163
15798.673270351606	300	7.929735557720663	0.0	153605	1967.5894414683098	0.0143724065	0.2988495282107105
15801.114799904595	300	7.541247068909528	0.0	149029	1888.4884888111346	0.010429886	0.28247909292573203
15802.657701633767	300	7.701316669412541	0.0	157421	1339.9303994969869	0.009948601	0.3473392518885851
15804.95326209946	300	7.535022058403452	0.0	157488	1166.2946110090886	0.012301561	0.3543094175493069
15806.290718090944	300	7.710927042503634	0.0	143881	824.0950158998187	0.013607465	0.3995234385664953
15807.864165913223	300	7.805883581156728	0.0	163444	905.0434613469058	0.019195098	0.3973633776876049
15809.211582503922	300	7.771377494771934	0.0	179328	1034.506086384794	0.021957377	0.3822604847847665
15810.274959869352	300	7.941144102214894	0.0	159914	830.2333925570393	0.026137367	0.41329816713272693
15812.007184511014	300	7.58660371081976	0.0	131610	854.5403913951341	0.029631931	0.3887086927867216
15813.418357647612	300	7.684859358154505	0.0	124011	901.744352665255	0.026798144	0.39012927461813107
15814.937762869607	300	7.979871053122504	0.0	144254	704.9883050320002	0.027158279	0.4282431103169565
15817.154857705682	300	7.678532151067488	0.0	149991	801.3389020550172	0.048701763	0.3997743692362163
15819.270678604953	300	7.88349969694173	0.0	147968	795.0324541257579	0.062332895	0.4132154856462823
15822.165820175442	300	7.501323067771064	0.0	161857	882.1766291706665	0.069460556	0.38061502881862486
15823.35973288459	300	7.890849164354926	0.0	145210	1110.473903416137	0.08131993	0.3821306824305692
15825.044831258778	300	7.725019451627601	0.0	172312	1165.8297127273252	0.07374893	0.3662307444539925
15826.267977228257	300	7.943080812117984	0.0	167025	781.9386395096182	0.085586876	0.41824868680641214
15827.328046044518	300	7.998650040471908	0.0	160064	944.430771646076	0.1424182	0.40547255036488666
15828.288258271858	300	7.926362934610646	0.0	137507	572.2871058612623	0.14787811	0.43816897282703915
15829.181781987121	300	7.888563633216619	0.0	118421	537.799301394027	0.24128139	0.439255296936636

