3.998697299309292	750	4.0	3.998697299309292	450283	3998.697299309292	0.5	-17.019979782378794
5.380675892396672	300	6.61802140691262	0.0	155580	1381.9785930873804	0.053354036	-0.3802325581395349
7.950041137001228	300	7.678676706968678	0.0	139857	1439.3446999439418	0.31880167	0.06976744186046512
12.079730132228509	750	7.548987711741396	0.0	382355	3129.688995227282	0.6531242	-0.2755813953488372
22.079995608182305	750	4.0	2.4512777642123984	411561	10000.265475953795	0.6210489	-10.36607578146215
24.65647409897676	300	5.423521509205544	0.0	126289	2576.4784907944563	0.011710348	-0.3802325581395349
26.892217405123862	300	7.187778203058441	0.0	153295	2235.743306147103	0.00624541	0.06976744186046512
30.151290883603984	300	7.92870472457832	0.0	173849	2259.0734784801216	0.05690203	0.06976744186046512
32.545420277004425	300	7.747275206899782	0.0	150710	2181.4295176785386	0.071609244	0.06976744186046512
36.81740994228459	750	7.475285541619615	0.0	362795	4271.989665280166	0.6965563	-0.2755813953488372
40.35557721807596	300	7.937118265828247	0.0	141840	2038.1672757913682	0.66035205	-0.3802325581395349
44.46782952307066	750	7.82486596083354	0.0	405134	3612.252304994706	0.6949758	-0.2755813953488372
46.65119636723271	300	7.905737085346595	0.0	160746	1919.128875486946	0.5024022	-0.3802325581395349
49.14481658912492	300	7.946046011188036	0.0	179801	1459.6910741585584	0.5747104	0.06976744186046512
53.37440696617206	750	7.7164556341409005	0.0	337059	3729.5903770471355	0.57278895	-0.2755813953488372
57.370549922346484	750	7.720312677966469	0.0	366214	3996.1429561744317	0.46823573	0.1744186046511628
61.31018227059769	750	7.780680329715263	0.0	360831	3939.6323482512057	0.2775662	0.1744186046511628
65.15611068843953	750	7.934751911873439	0.0	372963	3845.9284178418247	0.5079208	0.1744186046511628
70.57497648279431	750	6.515886117518646	0.0	405596	5418.865794354792	0.59735125	0.1744186046511628
73.24126543576001	300	7.849597164552946	0.0	140881	2666.2889529657014	0.37796912	-0.3802325581395349
77.49328535995329	300	7.59757724035966	0.0	157671	3252.019924193286	0.19139136	0.06976744186046512
81.35486254016767	300	7.73600006014529	0.0	157812	2861.5771802143695	0.15704185	0.06976744186046512
84.1639945472028	300	7.893421558315916	0.0	163927	2342.578501829373	0.16169736	0.06976744186046512
86.70622415261907	300	7.540583532060666	0.0	137654	1352.8380262552514	0.5440678	0.06976744186046512
90.3855619851254	300	7.8612456995543365	0.0	146754	3179.3378325063295	0.50579244	0.06976744186046512
94.84843728893186	750	7.39837039574787	0.0	379700	4462.875303806466	0.58726656	-0.2755813953488372
100.02741610563326	750	6.2193915790464604	0.0	425781	5178.978816701409	0.69428825	0.1744186046511628
101.84248168067778	300	7.662150552761826	0.0	111155	1057.2410262846342	0.28042203	-0.3802325581395349
104.893427217732	300	7.730590054114654	0.0	153605	1431.5604986471726	0.3369342	0.06976744186046512
107.4611402674366	300	7.511426005465861	0.0	149029	1219.1640486487936	0.52676415	0.06976744186046512
112.61041698465966	750	6.362149288242813	0.0	358218	5149.276717223048	0.6519234	-0.2755813953488372
117.81153472775607	750	5.161031545146409	0.0	400322	5201.1177430964035	0.69631755	0.1744186046511628
118.99331136479003	300	7.97925490811244	0.0	143881	1181.7766370339684	0.1045357	-0.3802325581395349
123.07752054645084	750	7.895045726451619	0.0	412837	3084.209181660821	0.6940932	-0.2755813953488372
125.98506486204195	750	7.69373823719109	0.0	401088	2701.307489260528	0.59786767	0.1744186046511628
128.48797992293393	750	7.745399129410385	0.0	365161	2448.339107780704	0.3309625	0.1744186046511628
132.44022980420806	750	7.601562193828981	0.0	321064	2643.836935581404	0.17543396	0.1744186046511628
136.00035769009332	750	7.890704647732713	0.0	361565	2710.8575460962684	0.329655	0.1744186046511628
139.58095380328623	750	7.705041789530742	0.0	378327	3185.6628582019707	0.13194454	0.1744186046511628
143.35210553319504	750	7.933890059621929	0.0	390680	3271.1517299088136	0.2825274	0.1744186046511628
147.58661454671218	750	7.699381046104791	0.0	345516	3234.5090135171367	0.21602605	0.1744186046511628
151.50107019755296	750	7.784925395264033	0.0	384505	2914.4556508407572	0.31515998	0.1744186046511628
154.37500389822205	750	7.6454833220583165	0.0	372093	2639.442073205716	0.29046094	0.1744186046511628
157.76056901683043	750	7.814946661985807	0.0	438281	3330.5366600725106	0.2735157	0.1744186046511628
160.85533183973897	750	7.820079417799479	0.0	398987	2994.8672441863278	0.28515434	0.1744186046511628
165.28428981798743	750	7.391121439551043	0.0	393804	4428.957978248437	0.24497482	0.1744186046511628
169.8210057089584	750	6.854405548580051	0.0	331053	4536.7158909709915	0.5980331	0.1744186046511628
172.86126202854336	300	7.814149228995098	0.0	118421	2540.2563195849516	0.5955537	-0.3802325581395349

