1752.6516763751943	750	4.0	4.948165992489615	450283	4948.165992489616	0.02114616	-0.14481659924896156
1754.0584621817886	300	6.593214193405611	0.0	155580	1406.7858065943897	0.4411775	-0.17860269357158828
1756.6087027424355	300	7.580569855539265	0.0	139857	1012.6443378663465	0.021870887	0.3725211821845694
1758.9654717731366	300	7.585983494513897	0.0	155432	1494.5863610253682	0.019589044	0.3246653323045817
1761.3835952666204	300	7.923013053959893	0.0	163442	1662.9704405540053	0.017544072	0.32889127181709277
1763.2840177074252	300	7.510378288522417	0.0	126289	1412.6347654374738	0.014004215	0.3281351664889037
1767.1813064966757	300	7.613089499272004	0.0	153295	3897.288789250413	0.01180103	0.08608921477945891
1770.9874564845463	300	7.607552823495409	0.0	173849	2005.5366757765948	0.00862984	0.2749183838908036
1772.6511942304367	300	7.840990530297364	0.0	150710	1266.5622931980456	0.008209968	0.3634056788237807
1774.1430177302268	300	7.958666549648402	0.0	139105	1382.3239806489626	0.009317729	0.35918426128812886
1776.574113981821	300	7.977868212021783	0.0	141840	1480.7983376266181	0.00982206	0.35053692948869963
1779.9259692783005	300	7.942089444465965	0.0	156148	1535.7787675558193	0.008628472	0.34280271352354086
1783.1172442323755	300	7.524490293890227	0.0	160746	2417.5991505757374	0.0088278605	0.22852072831056547
1786.374077693946	300	7.682911402854681	0.0	179801	2341.5788910355463	0.008462243	0.24602407357486292
1789.7144327463084	300	7.970361243040943	0.0	140051	3212.5501598137375	0.00797102	0.17689256170868523
1791.9084538763937	300	7.9872530384226135	0.0	138313	1483.1082046183292	0.007268575	0.3508924944395804
1794.15899171105	300	7.762440621977887	0.0	143509	1224.8124164447265	0.007442304	0.36267129722914526
1796.0828125394223	300	7.578392983647504	0.0	150616	1184.0476383303842	0.008097891	0.35524479764493055
1798.6957238478487	300	7.90182387675538	0.0	165384	1676.5691068921237	0.009161543	0.32620708160799883
1800.35657788603	300	7.599567982281889	0.0	140881	1302.2558944734897	0.008548118	0.3447474094452691
1802.4127774252029	300	7.835767284549372	0.0	157671	1763.8006977325174	0.00871008	0.313355385511084
1804.885658774865	300	7.680526054288375	0.0	157812	1655.241230260997	0.008777557	0.31450875536692374
1807.3004798672985	300	7.881935529622362	0.0	163927	1798.5905246660132	0.008483322	0.3127619181347963
1811.364395011147	300	7.818020385773816	0.0	137654	2063.9151438485464	0.008856811	0.28223475972600887
1814.427592734087	300	7.921494380111669	0.0	146754	1896.5260056621464	0.007921253	0.3054407981907647
1817.3004028843357	300	7.693425125476202	0.0	153938	2228.069254635467	0.0077724345	0.25803214487871595
1822.5653580495525	300	6.428469960259415	0.0	181901	5264.9551652167875	0.007435353	-0.12471614400546527
1824.7742811021035	300	7.888856521599038	0.0	111155	1539.613438660377	0.007440246	0.33909218873390223
1827.1667569072774	300	7.862273425957344	0.0	153605	1526.5830956416946	0.0062645646	0.3387337795581645
1829.4745633029938	300	7.926316511365388	0.0	149029	1435.9569145919565	0.0067135096	0.3517990905011411
1831.2829129485574	300	7.543066429145773	0.0	157421	1383.2500822196168	0.007842222	0.3331166435996491
1833.7796412521375	300	7.577252073527588	0.0	157488	1465.8143556181835	0.008044149	0.3269968190336559
1835.4269151129845	300	7.919072174085084	0.0	143881	1158.1798994425048	0.008686079	0.3791240209360673
1837.3588175458076	300	7.652667943375802	0.0	163444	1266.4042307092823	0.011762918	0.3516513233900594
1839.3966122195982	300	7.8565196550374825	0.0	179328	1296.14828833832	0.011821749	0.36141764960601064
1841.838174530503	300	7.581561701811108	0.0	159914	1274.9579532263738	0.015645841	0.34635181104055685
1842.9793733718134	300	7.5342644789951665	0.0	131610	1047.2972228159424	0.015692424	0.3661618076556037
1844.342733112195	300	7.7395354130516045	0.0	124011	794.729065943562	0.016601447	0.4042480567213691
1846.6401591546116	300	7.6601377770623476	0.0	144254	1079.397635989256	0.023491003	0.3708188474674711
1847.7859258450978	300	7.581268587032985	0.0	149991	1078.8691900293634	0.025678676	0.3659423676866252
1850.095951185289	300	7.914704672165659	0.0	147968	1166.5639148673247	0.031460505	0.3780126505236212
1852.5465156139808	300	7.796153098981853	0.0	161857	1118.551573183806	0.03438472	0.3754044113679852
1853.9947589448739	300	7.858037947289187	0.0	145210	1438.115151692666	0.047210127	0.3473158565363076
1856.7899060117247	300	7.580528474464038	0.0	172312	1777.50947282515	0.040482	0.29603208237148737
1859.6832837306122	300	7.752658388533033	0.0	167025	1827.8700859310059	0.041028865	0.301754140690214
1863.1189895913647	300	7.532559269635094	0.0	160064	1720.0991188979388	0.04487614	0.2987750424623995
1864.9844541250197	300	7.812630354734847	0.0	137507	1219.9289149002466	0.046719223	0.36629650568090333
1866.4037270314138	300	7.910761806415232	0.0	118421	901.8685483196153	0.058470912	0.4042357580689905

