9316.019798123561	750	4.0	4.799754461958953	450283	4799.754461958953	0.004705182	-20.69380034632725
9317.44178835134	300	6.578009772220171	0.0	155580	1421.9902277798294	0.14613006	0.05698787971900823
9319.74755049519	300	7.87600108330937	0.0	139857	1202.0086889108015	0.666754	0.6539191959052643
9323.641084220744	750	7.751111010007109	0.0	382355	3624.8900733022597	0.22062281	-0.026320955447462213
9331.07297531068	750	4.319219920070888	0.0	411561	7431.891089936221	0.12729497	-0.28734453683655703
9334.278420500055	300	5.113774730697757	0.0	126289	3205.445189373131	0.06494183	-0.2622919297319992
9337.591404690076	300	5.800790540677256	0.0	153295	3312.984190020501	0.030344028	0.2430802351137954
9340.773144426761	300	6.619050803991669	0.0	173849	3181.739736685586	0.016852446	0.3349631755207151
9343.480180535045	300	7.912014695708789	0.0	150710	2207.036108282881	0.036548726	0.556882805741326
9347.662576171464	750	7.7296190592894165	0.0	362795	3682.3956364193737	0.28047436	-0.034140136829467815
9352.445408578544	750	6.946786652209553	0.0	353220	4782.832407079863	0.084108405	0.2304676630971665
9359.756704850219	750	4.0	0.3645096194663538	405134	7311.2962716759075	0.46303946	-1.8734017045807707
9362.92221579762	300	4.834489052598801	0.0	160746	3165.5109474011992	0.027332775	-0.2851800745035092
9366.245255628502	300	5.511449221716705	0.0	179801	3323.039830882096	0.00925111	0.21422523501617774
9369.45065805135	300	6.3060467988693185	0.0	140051	3205.4024228473872	0.008280117	0.3024699100300459
9372.233212310286	300	7.523492539932966	0.0	138313	2282.5542589363527	0.010526436	0.5119352846109635
9375.02708859301	300	7.8219402360676	0.0	143509	2201.5523038653664	0.050336506	0.5487614154463718
9381.272371208965	750	5.5766576201128135	0.0	372963	6245.282615954786	0.37278813	-0.49765385902388043
9383.365777556675	300	7.483251272403029	0.0	165384	2093.4063477097848	0.1310863	0.07697680727296274
9385.549800530753	300	7.841746275724916	0.0	140881	1641.5049966781135	0.13965291	0.606672500349347
9389.725099626423	750	7.666447180053035	0.0	386472	4175.29909567188	0.56814754	-0.08951084906685591
9394.630033204328	750	6.761513602148884	0.0	399894	4904.933577904151	0.21229538	0.20042480103780674
9396.806447634632	300	7.904681674334519	0.0	163927	1856.8319278143654	0.69680125	0.14119741201450112
9399.134984215185	300	7.760204611453722	0.0	137654	1644.4770628807958	0.6877992	0.5985268143983474
9403.183258038991	750	7.711930787648215	0.0	359903	4048.2738238055085	0.58121103	-0.07243047213569292
9406.985151035327	750	7.910037791311191	0.0	379700	3801.8929963370238	0.2759815	0.42127563843985977
9410.82837867465	750	7.850537173706558	0.0	425781	3559.500617604632	0.103916146	0.4397878731717038
9416.017822921684	750	6.661092926673904	0.0	277716	5189.444247032654	0.09885618	0.16230812816893603
9422.009654836029	750	4.669261012329138	0.0	400396	5991.831914344766	0.65853214	-0.10964676000460521
9425.066737109257	300	5.612178739101708	0.0	149029	3057.0822732274296	0.040840443	-0.19948367687191954
9427.432354996505	300	7.2465608518549205	0.0	157421	2365.617887246787	0.006676849	0.4769739270685489
9429.936145761776	300	7.898517108003563	0.0	157488	2348.043743851357	0.03677882	0.5414828837840946
9432.609515086724	300	7.539706013241135	0.0	143881	1858.8110947624282	0.038236614	0.555870166553672
9436.42035347387	750	7.636565925260378	0.0	412837	3403.140087980758	0.09245741	-0.015171053571196413
9442.975371727953	750	5.08154767117855	0.0	401088	6555.018254081828	0.07394477	-0.12628232705495213
9444.951929465842	300	7.104989933289348	0.0	159914	1976.557737889202	0.06889526	0.052253577640450855
9447.040995349707	300	7.550094122424183	0.0	131610	1554.8958108651636	0.068289876	0.5872615624459476
9450.891038811167	300	7.700050660964429	0.0	124011	2350.0434614597543	0.19292761	0.5221802873545969
9455.04077154334	300	7.550317928792938	0.0	144254	2649.7327321714906	0.02917702	0.4777994119367051
9458.147088010988	300	7.814132785784101	0.0	149991	2736.1851430088373	0.010964602	0.4945466554280792
9461.73017217453	300	7.9326563518344955	0.0	147968	1881.4764339496055	0.053605743	0.591425556408754
9465.96815435572	300	7.694674170644739	0.0	161857	2737.9821811897555	0.16740692	0.4828689219808535
9467.259480615343	300	7.908806024724084	0.0	145210	1285.868145920655	0.017020924	0.648690763690672
9468.777987274958	300	7.807281804267413	0.0	172312	1101.5242204566707	0.5671965	0.657353332802455
9472.840273498527	750	7.744995580698768	0.0	398987	3562.2862235686457	0.19378594	-0.0206491876056501
9476.775472485835	750	7.697030408907343	0.0	393804	3547.965171791425	0.09446709	0.42616621440854635
9479.94912807181	750	7.723819442677867	0.0	331053	2473.2109662294765	0.10033043	0.536220110394663
9483.608112632795	750	7.539549510058732	0.0	314107	2684.269932619135	0.23952127	0.49737801999067194

