4156.683935332027	750	4.0	6.8100179178166504	450283	6810.017917816651	0.0085982755	-0.184981926665386
4157.848250632346	300	6.835684699681131	0.0	155580	1164.3153003188686	0.0221496	0.2784364191312423
4160.358850848425	300	7.877551148259397	0.0	139857	958.1335514217336	0.008656869	0.8776958369964971
4162.044876174337	300	7.695771889132055	0.0	155432	1181.7792591273437	0.010276742	0.8328866334486501
4163.482753214845	300	7.998956345070806	0.0	163442	1196.8155440612484	0.011542251	0.8688177695702893
4164.944519016648	300	7.598604192392	0.0	126289	900.3521526788065	0.01341625	0.8490318627437893
4167.790313917963	300	7.53141357584671	0.0	153295	1567.1906165452906	0.01053493	0.7740518624302396
4170.664275517356	300	7.558734928085076	0.0	173849	1472.6786477616324	0.011404824	0.7868764789215626
4172.027541826004	300	7.732743302026833	0.0	150710	1325.9916260582427	0.010799713	0.8230303278135056
4174.138298163362	300	7.716002417392734	0.0	139105	1016.7408846340998	0.012643304	0.8518883729132058
4176.587856654442	300	7.543230974515109	0.0	141840	1172.7714428776255	0.013278741	0.8149528966113684
4179.4335283351475	300	7.868788634413036	0.0	156148	1674.4423401020717	0.012647769	0.8049830337855455
4182.449234119174	300	7.641550427001688	0.0	160746	2727.238207411349	0.011128689	0.6716459109924668
4186.097857209589	300	7.992927336586487	0.0	179801	2148.623090415201	0.009307301	0.7728926017268563
4188.3965866433	300	7.702107862646555	0.0	140051	1290.819473939931	0.009037627	0.8227649267347761
4191.308150109635	300	7.765281176113685	0.0	138313	1436.8266865328696	0.009795506	0.8159643353082308
4192.967606896252	300	7.7279212013567395	0.0	143509	1537.3599747569456	0.009450448	0.8012980989516314
4195.42406327079	300	7.575741367567918	0.0	150616	1652.1798337888208	0.009277714	0.771026177926606
4198.123346870783	300	7.828237847445122	0.0	165384	1747.5035201227959	0.008335764	0.7926700325631645
4200.050741427955	300	7.580430580195971	0.0	140881	1247.807267249151	0.00849469	0.8120424206318777
4202.889929055944	300	7.505630487461196	0.0	157671	1574.8000927347737	0.008931419	0.7701074275781754
4205.597097253461	300	7.809240094330875	0.0	157812	2696.390393130321	0.008992474	0.6954356563521931
4207.864329375768	300	7.546012906769669	0.0	163927	2263.2271875612055	0.00796897	0.7062508126389264
4211.150889286942	300	7.649735504405617	0.0	137654	1396.277402364052	0.0076390486	0.8057526186582201
4214.647004410338	300	7.551819201863493	0.0	146754	1597.9163025421237	0.008104855	0.7734988155006084
4217.52367659749	300	7.872582423364063	0.0	153938	1679.2367784994296	0.008331464	0.8049720163232144
4220.595317556129	300	7.93047973427109	0.0	181901	2442.102689092974	0.0080024125	0.7358341169701575
4224.546390624171	300	7.979406666228526	0.0	111155	2951.073068042564	0.0075655878	0.6909781809367406
4228.901156726718	300	7.624640563681477	0.0	153605	3854.766102547049	0.0062704375	0.5568052283146367
4232.714574088542	300	7.811223201857676	0.0	149029	3313.417361823801	0.00552441	0.6339778175618724
4236.635444987471	300	7.89035230292956	0.0	157421	2920.870898928117	0.0055066627	0.683002685295192
4238.642517408128	300	7.711648881044424	0.0	157488	1678.7034218851338	0.0057255626	0.7851545797290383
4241.921632412819	300	7.69127588258479	0.0	143881	1020.3729984596335	0.0063501094	0.8484721289884178
4243.746954128971	300	7.982986037124994	0.0	163444	1708.2898454597962	0.007978942	0.8156984549651511
4246.003971659623	300	7.652993178644956	0.0	179328	1329.9928584800382	0.0072932607	0.8127833043152548
4247.45180461673	300	7.672589088677232	0.0	159914	980.4040899677249	0.008448029	0.8501617256553492
4248.969150792253	300	7.912630381985953	0.0	131610	759.9587066912795	0.010285701	0.9018446215467949
4251.322772399555	300	7.529513355749803	0.0	124011	883.1170262361503	0.011867224	0.8422245976516177
4253.153768796438	300	7.809267447841714	0.0	144254	1220.2459079080888	0.012602675	0.8430534822647133
4254.527582866835	300	7.957735709630791	0.0	149991	1351.5317382109226	0.012759959	0.8482565594630779
4257.303875728809	300	7.730730382736929	0.0	147968	1727.0053268938618	0.0137176	0.7826804187355112
4259.406955536377	300	7.85383430349258	0.0	161857	1376.8960792443486	0.011752405	0.8328912200324112
4260.76477969317	300	7.603013989258106	0.0	145210	1250.820314234474	0.013370683	0.8145295326410171
4263.1200875759	300	7.978862050172231	0.0	172312	1624.1519390858755	0.01343226	0.8236030490463604
4265.062538668161	300	7.60821445236354	0.0	167025	1370.647597808692	0.0129245175	0.803188915409109
4266.8830490315895	300	7.748860965376129	0.0	160064	1359.3534869874109	0.012756632	0.8216842204393575
4268.1782265551055	300	7.961850717838726	0.0	137507	1287.010247537403	0.012612745	0.8552167964638169
4269.605201670125	300	7.572446812817778	0.0	118421	889.4039050209482	0.012287259	0.8468969858275575

