13938.235436371851	750	4.0	1.4342768133466879	450283	1434.276813346688	0.3224854	0.20657231866533118
13940.374278948428	1200	5.861157423423616	0.0	611087	2138.8425765763845	0.9962569	-0.09756191869366246
13942.415358269536	1200	7.820078102314801	0.0	571051	2041.0793211088148	0.20643854	0.4846469492837936
13944.742799874108	1200	7.808456650775735	0.0	617681	2011.6214515390654	0.23490632	0.48686639551957683
13947.842905101435	1200	7.821314046848258	0.0	652874	2987.142603927478	0.23399661	0.3901178675352683
13950.547495864583	1200	7.8504999865231255	0.0	520315	2470.8140603251322	0.30313322	0.4435748431251821
13954.656672959813	1200	7.741322891294191	0.0	561791	4109.177095228935	0.39316204	0.2729149711829934
13957.734540600553	300	7.978866031949232	0.0	173849	1262.4568593449583	0.683805	-0.5275665589376689
13959.74725117521	300	7.505216097170234	0.0	150710	1473.6499347789982	0.013260669	0.3217110125952398
13960.589981708594	300	7.858381107517122	0.0	139105	646.8349896531114	0.009530475	0.426465320254509
13961.387812856783	300	7.722413348187781	0.0	141840	635.9677593293399	0.018256772	0.4190540583288023
13963.219355974546	300	7.817573512334829	0.0	156148	1404.8398358529516	0.025856014	0.34811436093563164
13964.687291149628	300	7.54195753239909	0.0	160746	1275.6159799357388	0.013199203	0.3438107477813693
13966.51464813989	300	7.589438606191743	0.0	179801	952.5189262073467	0.014664436	0.3790880202662493
13967.622562747294	300	7.772900367917536	0.0	140051	816.5382382742072	0.021249544	0.4041524491674253
13969.97084809905	300	7.619445838453283	0.0	138313	653.4545294642536	0.025289536	0.4108699119569048
13971.597300550951	300	7.783635099950174	0.0	143509	835.81073850311	0.02569818	0.40289611989657487
13975.432908151597	300	7.948027499304739	0.0	150616	1835.607600645436	0.026043303	0.3131909586420026
13978.228371936502	300	7.913420259122989	0.0	165384	2534.6072401817487	0.015913386	0.24112804217701195
13980.801342873183	300	7.647363010695241	0.0	140881	2266.0572484277495	0.009952754	0.25135446332567757
13984.391186076991	300	7.9958982242660825	0.0	157671	1651.464786429158	0.008664686	0.33459716037371434
13986.613248580845	300	7.794056200129049	0.0	157812	1701.842024137033	0.009160251	0.31694431009436225
13989.214825201212	300	7.9083781822546095	0.0	163927	1385.6780178744395	0.008510671	0.35570583460346916
13991.756741920446	300	7.645369061882971	0.0	137654	1263.0091203716374	0.009530813	0.351534654330522
13993.015585702136	300	7.755400956170677	0.0	146754	889.9681057122945	0.009650214	0.39571574918943786
13994.112860799913	300	7.76620132632085	0.0	153938	489.1996298498283	0.012896365	0.4364676199100703
13995.313411599634	300	7.5199635746233815	0.0	181901	746.2377516974682	0.04240665	0.3953739482442145
13996.057556564094	300	7.585047616255044	0.0	111155	434.9159583683387	0.0417634	0.43057388017910636
13997.423565878857	300	7.531657447918867	0.0	153605	553.3901683361755	0.04479164	0.4153895736613117
13998.778720759585	300	7.845389580768533	0.0	149029	1186.2678671503345	0.06374058	0.37171006208299984
14000.179296529308	300	7.544545221695971	0.0	157421	800.8443590725615	0.03261556	0.3914496404487421
14001.263681891081	300	7.707218298634744	0.0	157488	837.3269230612271	0.037443936	0.39796845135854875
14002.11426962198	300	7.530453614042099	0.0	143881	676.764684592645	0.037305057	0.40297688241836666
14004.141942547036	300	7.558528679665902	0.0	163444	1471.924934376197	0.049967647	0.3252155490414992
14006.14291166928	300	7.955918080384601	0.0	179328	1102.6105992813013	0.023220982	0.3869838200959074
14007.644223118692	300	7.904441698159368	0.0	159914	1051.4763822252341	0.027754758	0.38887996791243706
14008.645920494137	300	7.7735104870307445	0.0	131610	630.9312111286229	0.0309355	0.4227512843265593
14009.763121325763	300	7.665293219875835	0.0	124011	608.2172671549092	0.03579279	0.4182590995267488
14011.227870850336	300	7.547410216324868	0.0	144254	617.883003550968	0.04533243	0.4099248381652075
14012.427217250714	300	7.816170290646466	0.0	149991	731.2399256784029	0.066621214	0.4153866505975638
14014.03274516699	300	7.827459574858651	0.0	147968	988.7107157878145	0.08158906	0.3903451518498842
14015.240698016476	300	7.516891726359009	0.0	161857	810.5678484996428	0.058167323	0.38874894804747373
14018.735474791763	300	7.698195820209172	0.0	145210	1818.6959061498364	0.09942058	0.2992676481480896
14020.93039440983	300	7.5437764267443965	0.0	172312	1654.419393464776	0.052067563	0.3060440873250472
14022.139471451894	300	7.709488099013239	0.0	167025	834.2883277311577	0.056766704	0.3984141734152117
14022.876671898093	300	7.543282180580145	0.0	160064	666.2059184330934	0.11126603	0.40483454444294975
14023.889988183526	300	7.932121277746959	0.0	137507	611.1609028331868	0.20778513	0.4346414895758663
14025.143378122903	300	7.896504066358451	0.0	118421	535.6172113885066	0.22994012	0.43996978300855255

