19176.316434698136	750	4.0	0.7881255098735149	450283	788.1255098735149	0.004705182	-2.638939692456114
19178.29533433153	1850	5.70961298592224	0.0	957685	1790.3870140777597	0.004705182	0.75
19180.15514880101	1850	5.893962032234443	0.0	877771	1815.6509536877975	0.004705182	1.85
19181.98251639663	1850	5.65735995419334	0.0	933276	1736.6020780411027	0.004705182	1.85
19184.159151100746	1850	5.804425408575189	0.0	996749	1852.9345456181513	0.004705182	1.85
19185.949333481607	1850	5.831184278345019	0.0	801058	1473.2411302301705	0.004705182	1.85
19187.600093400768	1850	5.68427491547725	0.0	905515	1646.9093628677688	0.004705182	1.85
19189.62588169604	1850	5.698306012588818	0.0	1060487	1985.9689028884322	0.004705182	1.85
19191.616103462948	1850	5.758104901627055	0.0	852833	1940.2011109617627	0.004705182	1.85
19193.46639515854	1850	5.582969396104222	0.0	913888	1675.1355055228332	0.004705182	1.85
19195.20092257131	1850	5.898283684606003	0.0	939819	1684.685711498219	0.004705182	1.85
19197.281718384114	1850	5.5878066622384415	0.0	917428	1810.4770223675625	0.004705182	1.85
19199.38669781075	1850	5.805476325036697	0.0	946851	1782.3303372017442	0.004705182	1.85
19201.67720799239	1850	5.7415458456857005	0.0	1036454	2063.9304793509964	0.004705182	1.85
19203.620294176264	1850	5.728292623990752	0.0	821631	1513.2532216949487	0.004705182	1.85
19205.542179489606	1850	5.92726637211178	0.0	923170	1801.026251878972	0.004705182	1.85
19207.54353923957	1850	5.6470161041598015	0.0	966699	1780.2502679519782	0.004705182	1.85
19209.565137981488	1850	5.991771469458567	0.0	885714	1655.244634701234	0.004705182	1.85
19211.424685745726	1850	5.7151746599955535	0.0	987708	1776.5968094630146	0.004705182	1.85
19213.366118998314	1850	5.945933468190466	0.0	923755	1769.241191805087	0.004705182	1.85
19215.374210714115	1850	5.657983626381703	0.0	891604	1787.9498418087633	0.004705182	1.85
19217.4673013881	1850	5.746509192984794	0.0	955231	1911.4744333969086	0.004705182	1.85
19219.500374806576	1850	5.830780584992947	0.0	968026	1915.728607991847	0.004705182	1.85
19221.142727912273	1850	5.703276537483452	0.0	874175	1627.5040475094947	0.004705182	1.85
19222.977241848657	1850	5.62844400778586	0.0	897976	1574.8325296975927	0.004705182	1.85
19224.628744425223	1850	5.557533413347431	0.0	905935	1570.9105944384278	0.004705182	1.85
19226.820899981034	1850	5.691751674204083	0.0	1076599	1865.7817391433487	0.004705182	1.85
19228.573163368932	1850	5.753806855089799	0.0	758197	1437.944819114284	0.004705182	1.85
19230.6648294161	1850	5.565133154237677	0.0	972798	1688.6737008521218	0.004705182	1.85
19232.919288956975	1850	5.674399514043237	0.0	975811	1890.7336401944408	0.004705182	1.85
19234.922854917706	1850	5.5044794506427746	0.0	873429	1669.9200634004617	0.004705182	1.85
19236.9383736824	1850	5.683543107561369	0.0	954453	1820.936343081406	0.004705182	1.85
19238.82288745686	1850	5.61357739773577	0.0	885062	1569.9657098255984	0.004705182	1.85
19241.201581839738	1850	5.721504214816836	0.0	1035329	1892.0731829189342	0.004705182	1.85
19243.27916718956	1850	5.736022192333571	0.0	1026056	1985.4820224832656	0.004705182	1.85
19245.848923766156	1850	5.537195520006653	0.0	943942	2198.8266723269167	0.004705182	1.85
19247.364953705463	1850	5.699645507234051	0.0	728962	1337.5500127726027	0.004705182	1.85
19249.39107742967	1850	5.870823627500298	0.0	938587	1828.821879733753	0.004705182	1.85
19251.527950936234	1850	5.626037810755332	0.0	908665	1744.785816744965	0.004705182	1.85
19253.304426167473	1850	5.878843963744416	0.0	930577	1747.1938470109171	0.004705182	1.85
19255.284770018086	1850	5.5533128164019745	0.0	858450	1825.5311473424404	0.004705182	1.85
19257.27808120755	1850	5.724063477905647	0.0	1025005	1829.2493384963284	0.004705182	1.85
19259.38362033963	1850	5.918324908899745	0.0	886255	1805.7385690059018	0.004705182	1.85
19261.33671192895	1850	5.601679376677611	0.0	973972	1816.6455322221339	0.004705182	1.85
19263.51320010797	1850	5.771658363414935	0.0	958994	1830.021013262676	0.004705182	1.85
19265.208268082377	1850	5.577357968641133	0.0	982064	1694.3003947738014	0.004705182	1.85
19267.120633057613	1850	5.946559189740214	0.0	830730	1630.7987789009183	0.004705182	1.85
19268.979672113794	1850	5.747822783666059	0.0	846370	1698.7364060741554	0.004705182	1.85

