8260.731101001647	750	4.0	2.7931852023610926	450283	2793.1852023610927	0.04960397	-11.864895604096667
8261.37046365473	300	7.360637346917347	0.0	155580	639.3626530826534	0.13144395	0.210579444842718
8263.216079695801	750	7.559103349468288	0.0	350812	1301.5339974490587	0.7051707	0.1875336931269026
8267.002894522497	1850	7.772288522773936	0.0	933276	3786.8148266943526	0.10435559	-0.6316402242474389
8271.375354873748	1850	7.399828171522353	0.0	996749	4372.460351251583	0.022032956	0.37394548446157516
8274.64219755373	1850	7.633085432800886	0.0	801058	3266.7427387214666	0.04608766	0.5069685264218204
8282.175693521891	1850	4.099589464639871	0.0	905515	7533.495968161015	0.016146492	-0.2598098630857547
8284.372204213585	300	5.903078772947005	0.0	173849	2196.5106916928657	0.14632809	-1.1854270545997205
8286.836437062653	300	7.438845923878869	0.0	150710	2464.2328490681357	0.1517677	0.4856200910731007
8290.502146117546	300	7.683161107223786	0.0	139105	2255.684816655083	0.047310874	0.5299905127875477
8294.256416615637	300	7.928890609131022	0.0	141840	2254.2704980927642	0.03251129	0.5537836929114583
8295.766205944094	300	7.521143341668315	0.0	156148	1407.747267462706	0.013201975	0.5991898707130685
8297.648901213674	300	7.840816737374931	0.0	160746	1180.3266042933847	0.020000983	0.6527008704484274
8299.955686197525	300	7.903608549491886	0.0	179801	937.2081878830445	0.31297246	0.6830564965025444
8302.471590976764	750	7.960444514906814	0.0	337059	1943.1640345850715	0.61724067	0.16200023995864943
8304.589756174046	750	7.547732264742608	0.0	366214	1412.7122501642057	0.102488056	0.6253213878219577
8308.19545681822	1850	7.942031620571171	0.0	966699	3605.7006441714366	0.4370363	-0.5971908368538118
8311.240713471732	1850	7.959980122859455	0.0	885714	2482.0514977117173	0.015096705	0.6169016418600048
8315.128629089577	1850	7.507624891838202	0.0	987708	3452.355231021252	0.004705182	0.47633155527263826
8318.518941270282	1850	7.705249028297083	0.0	923755	3302.37586354112	0.0057740286	0.510351043323463
8322.13613861089	1850	7.905618511775045	0.0	891604	3299.6305165220388	0.005375044	0.5299113721484332
8326.295327438344	1850	7.539807538690253	0.0	955231	3865.810973084792	0.006336005	0.4380835979825455
8330.855294277262	1850	6.9798406997721605	0.0	968026	4559.966838918092	0.017033849	0.31477055663882514
8334.583476195234	1850	7.25165878180065	0.0	874175	3728.1819179715103	0.5774932	0.42411185295862697
8338.061151558373	1850	7.773983418661587	0.0	897976	3477.6753631390643	0.3332239	0.49943685779413294
8342.203709722722	1850	7.631425254312439	0.0	905935	4142.558164349148	0.051375307	0.4192271897627659
8345.945427147699	1850	7.771446625348719	0.0	1076599	3359.9786289637195	0.67634493	0.5109623619264274
8349.688412292471	1850	7.735823393968112	0.0	758197	3535.623231380607	0.008547981	0.4899691245352474
8353.816349853865	1850	7.607885832575724	0.0	972798	4127.937561392388	0.2800153	0.4184235535386415
8357.696578341036	1850	7.727657345405182	0.0	975811	3880.2284871705438	0.4191674	0.45472260735389014
8361.11959189708	1850	7.8739145528599765	0.0	873429	3353.7427925452052	0.30337575	0.5214486018964632
8365.166955501003	1850	7.826550948937987	0.0	954453	4047.3636039219896	0.054240495	0.44752771919723755
8370.708695095622	1850	6.284811354319291	0.0	885062	5541.739594618697	0.55128765	0.14969590411682487
8372.405760981528	750	7.73546542588645	0.0	412837	1549.345928432839	0.1402264	-0.4702724464958772
8374.33163029612	750	7.721390709328607	0.0	401088	1514.0747165578443	0.28025195	0.6318999669728451
8376.10133173445	750	7.937437231680435	0.0	365161	1283.9534776481728	0.5211717	0.6757068180785439
8379.139911934963	1850	7.931021173763856	0.0	728962	2506.4160579165778	0.53956187	-0.48832214644573596
8381.899452615124	1850	7.787332895481407	0.0	938587	2643.6882782824487	0.0069760876	0.5841204688364553
8387.129072245907	1850	6.55771326469834	0.0	908665	5229.619630783068	0.004705182	0.2071750244556162
8389.935664807854	750	7.751120702750643	0.0	390680	2306.592561947697	0.23926482	-0.54449027137425
8391.823475618508	750	7.668247566228963	0.0	345516	1582.8731365216795	0.056519434	0.6199050360962485
8395.194448427943	750	7.685230032077403	0.0	384505	2483.0175341515605	0.029094959	0.5315251782784245
8397.490372298802	750	7.806245743790132	0.0	372093	1878.9842882872717	0.039537895	0.6035764048369331
8399.083170592936	750	7.9283163880081995	0.0	438281	1377.929355781934	0.015446765	0.6654313385311666
8402.55890199253	1850	7.767885147887988	0.0	958994	3160.431240120211	0.63000983	-0.5694256955067516
8406.3629882244	1850	7.783492064188931	0.0	982064	3484.3930836990567	0.015899578	0.499680303848429
8413.106056002025	1850	5.040424286563944	0.0	830730	6743.067777624988	0.048020586	-0.09021060617303445
8414.369004120534	300	7.777476168053545	0.0	118421	1262.9481185103975	0.56567657	-0.9116578839008558

