19376.32962882447	750	4.0	10.535228578788095	450283	10535.228578788096	0.58223534	-45.92988646037547
19377.720475773007	300	6.609153051467327	0.0	155580	1390.8469485326723	0.004705182	0.0630997842280033
19379.451735243325	300	7.926561113369437	0.0	139857	1682.5919380978908	0.025526393	0.6107273322543538
19382.27302107214	300	7.830252007971493	0.0	155432	2596.3091053979438	0.0101484	0.5100857529352915
19386.37780674373	300	7.58034743373442	0.0	163442	2249.904574237073	0.013267824	0.5206726022515874
19389.25136277624	300	7.501009994756285	0.0	126289	1579.3374389781347	0.0047963187	0.5800929956761142
19393.01046218973	300	7.741910581263295	0.0	153295	2759.09941349299	0.005823829	0.48530375780976975
19396.889577355465	300	7.86279541552541	0.0	173849	3879.1151657378855	0.004705182	0.3849374874516326
19401.21377532848	300	7.538597442510701	0.0	150710	3824.197973014708	0.004705182	0.35922477751573
19405.02841873559	300	7.7239540353995295	0.0	139105	3814.6434071111717	0.004705182	0.3780210201766799
19409.08145091084	300	7.670921860149386	0.0	141840	3553.032175250143	0.004705182	0.399077735266203
19412.82779919817	300	7.924573572821734	0.0	156148	2746.3482873276544	0.004705182	0.504160394258929
19416.77442776083	300	7.977945010161482	0.0	160746	2946.628562660252	0.004705182	0.4892694291900715
19421.09565608243	300	7.656716688560009	0.0	179801	3321.228321601473	0.004705182	0.4208908564648895
19423.961838096373	300	7.677881636252903	0.0	140051	2478.8350523071063	0.004705182	0.5071673340459395
19427.677354103555	300	7.9623656290703435	0.0	138313	2715.5160071825585	0.004705182	0.5108811513205105
19432.10344292406	300	7.5362768085640415	0.0	143509	3426.0888205063025	0.004705182	0.3988123290698967
19434.60729864145	300	7.623824896981496	0.0	150616	1912.451911582545	0.004705182	0.5586026245518501
19437.67776085581	300	7.9592957022553525	0.0	165384	1664.5291947261435	0.004705182	0.6156843485657986
19440.32035294784	300	7.645966075455163	0.0	140881	1813.3296268001893	0.004864121	0.5706459670214636
19443.973694977685	300	7.992624045612826	0.0	157671	3153.342029842338	0.004705182	0.4700109565818612
19448.289524059863	300	7.676794963436598	0.0	157812	3315.8290821762284	0.004705182	0.42336333754583044
19451.20204076442	300	7.894753499881437	0.0	163927	2782.04146355516	0.004705182	0.49772086018665357
19454.49345268933	300	7.639285048280072	0.0	137654	2255.468451601366	0.004705182	0.5257890279621062
19457.010999733437	300	7.708483286481773	0.0	146754	1930.8017617982982	0.004705182	0.5649161072627471
19459.690491162248	300	7.5921102422299915	0.0	153938	1616.3730442517797	0.004705182	0.5851579391486671
19462.641608412498	300	7.828110837884287	0.0	181901	2263.9994043457054	0.004855917	0.5431106329475154
19465.774884954364	300	7.7100314709039	0.0	111155	2118.0793669803884	0.004705182	0.5463373612826373
19470.031640082125	300	7.453276343141612	0.0	153605	4256.755127762288	0.004705182	0.30775680771848896
19473.684928552095	300	7.799987873170654	0.0	149029	3653.288469970957	0.004705182	0.40147485856169257
19477.865715310447	300	7.619201114817699	0.0	157421	4180.786758352955	0.004705182	0.3313240955031161
19481.622514961942	300	7.862401463322674	0.0	157488	3756.7996514950255	0.004705182	0.3971311205215643
19485.72528153977	300	7.759634885499054	0.0	143881	3102.766577823619	0.004705182	0.45264302612314633
19490.15923055585	300	7.325685869416308	0.0	163444	4433.949016082746	0.004705182	0.2777566884797052
19496.302232712344	300	5.1826837129235885	0.0	179328	6143.002156492719	0.004705182	-0.09941505734526435
19500.564973762743	300	4.919942662523743	0.0	159914	4262.741050399845	0.004705182	0.06332192381310131
19503.410690266486	300	6.074226158781189	0.0	131610	2845.716503742554	0.004705182	0.3161254976815354
19506.001223024385	300	7.483693400883238	0.0	124011	2590.5327578979504	0.004705182	0.4773067216308296
19509.905862612733	300	7.579053812534218	0.0	144254	2904.6395883490204	0.004705182	0.45507458830631176
19513.947341849987	300	7.537574575278884	0.0	149991	2541.4792372553334	0.004705182	0.4873981989396449
19517.908505105628	300	7.576411319635191	0.0	147968	3961.163255643692	0.004705182	0.3491678785844004
19521.837454066033	300	7.647462359231233	0.0	161857	3928.9489604039595	0.004705182	0.3592280527020808
19525.535479556853	300	7.9494368684161705	0.0	145210	3198.025490815062	0.004705182	0.46138579481728426
19529.316102537974	300	7.842021233039804	0.0	172312	3107.415635376367	0.004705182	0.460107901438534
19532.158836235347	300	7.952258071726317	0.0	167025	2389.763161313487	0.004705182	0.5424835718432879
19536.366542178035	300	7.744552129040565	0.0	160064	2707.705942685752	0.004705182	0.4906973569138774
19539.498361046328	300	7.828980910265989	0.0	137507	1415.5712187745764	0.004705182	0.6280371969759168
19542.579001323786	300	7.711784615300017	0.0	118421	1617.1962949659708	0.004705182	0.5965944106563135

