3323.4649827996204	750	4.0	6.602941104200595	450283	6602.941104200595	0.0077131223	-0.3230848080944781
3325.086230968198	300	6.378751831422763	0.0	155580	1621.2481685772375	0.06940937	-0.17856910646356852
3327.1504017716557	300	7.743761037482851	0.0	139857	1634.990793939913	0.006177307	0.35536970637891946
3329.2191776402838	300	7.728963136527558	0.0	155432	2014.797900955293	0.0063453424	0.31646412686767567
3333.0885010482025	300	7.859639728608847	0.0	163442	3369.323407918711	0.007960726	0.1891788631764144
3335.4771326536343	300	7.536974623239145	0.0	126289	1322.6651053697015	0.0051276013	0.3736781243457089
3338.3304373223427	300	7.723305543665534	0.0	153295	1813.6690795736113	0.005482474	0.33622340945196727
3340.5411995743275	300	7.962742221790757	0.0	173849	1260.5633218747766	0.005954951	0.4064987776046771
3342.848021398091	300	7.619430774963672	0.0	150710	1343.3114468270862	0.009273393	0.37676699968275346
3344.4820807980227	300	7.894156239616212	0.0	139105	1225.274535347461	0.0074494234	0.40574103237149967
3346.639769571948	300	7.649704242045925	0.0	141840	1244.4519975702854	0.00751066	0.38854503630107434
3349.5326281739035	300	7.69989337214543	0.0	156148	1449.810869900495	0.008255285	0.3711459696992724
3351.7647227930943	300	7.755369938127729	0.0	160746	1444.5234340177014	0.008120639	0.3751419986614455
3354.5883916515786	300	7.972321077622077	0.0	179801	1783.0488605056519	0.008514485	0.35484890223104715
3356.890431441967	300	7.661611195717182	0.0	140051	1310.7098819048947	0.008173167	0.3826634324720669
3358.3904213974274	300	7.612281176978602	0.0	138313	1049.3300187385803	0.008285116	0.4057182926175371
3360.9353281929966	300	7.75515776665516	0.0	143509	1357.123410323441	0.008761637	0.383868740313836
3363.23287018515	300	7.580278420301125	0.0	150616	1174.8793463540358	0.008233689	0.39116318756364926
3365.4211391701397	300	7.637475245906237	0.0	165384	1442.8031743948889	0.008244167	0.3679456063598835
3366.9086153551075	300	7.57647008256944	0.0	140881	1061.0051633367962	0.008067277	0.4023125847571429
3369.4553640797567	300	7.671331164310471	0.0	157671	1405.1389182589678	0.008799047	0.37382802687374017
3372.361590469818	300	7.689022929674699	0.0	157812	1982.3082346357728	0.008217144	0.31721683057132394
3376.505820147542	300	7.54479325195031	0.0	163927	3144.2296777243882	0.007087411	0.19201033140468804
3379.6759423158564	300	7.738806012868484	0.0	137654	1805.9872390818243	0.0062944326	0.3379603728263304
3382.721751190837	300	7.562969082894406	0.0	146754	1675.8369299740789	0.0059321187	0.33998559561372504
3386.4094058117653	300	7.875314461966249	0.0	153938	3187.654620928156	0.0062718755	0.20832541271030752
3390.486602015206	300	7.798118258525625	0.0	181901	2577.1962034406242	0.0052758893	0.2645464917440216
3392.3925549815463	300	7.8375531171927815	0.0	111155	960.5651413328429	0.0051305643	0.42867427662149704
3396.3150182226223	300	7.915089876117288	0.0	153605	1422.4632410754932	0.00549752	0.38733051408001373
3397.8278101397814	300	7.532619550579449	0.0	149029	1382.4703255378386	0.0061408607	0.36742541028766423
3401.565926601512	300	7.794503088849031	0.0	157421	2238.116461730418	0.0059735207	0.29822851781025517
3405.376035478772	300	7.9843942115891755	0.0	157488	3810.108877259855	0.0052111726	0.15289747142857052
3409.6037378084757	300	7.7566918818852395	0.0	143881	3227.702329703936	0.005121572	0.19690673057766644
3413.406262917402	300	7.954166772959332	0.0	163444	3302.5251089259064	0.0049286336	0.2017666333476002
3416.686381735791	300	7.80349446738527	0.0	179328	3150.672305574063	0.0048694788	0.2075348945844056
3420.2301857171456	300	7.851315809615595	0.0	159914	2952.178657769675	0.004950246	0.23037309325423977
3421.6681280969015	300	7.558157238530192	0.0	131610	1293.1585710854024	0.0047533363	0.37795269122982933
3423.6055326272362	300	7.591846906197927	0.0	124011	966.3103323322645	0.0048424914	0.4127431193343766
3425.561575452333	300	7.904372621150947	0.0	144254	1187.4742850469797	0.0055908617	0.41015958124746876
3427.4585645674333	300	7.720162290625717	0.0	149991	1184.2103305252313	0.0061644455	0.39897283104181674
3428.7637864268772	300	7.59894078669117	0.0	147968	1121.2215039345467	0.0069673923	0.39769536970497593
3430.0109039955137	300	7.932382151627714	0.0	161857	1166.5586350634544	0.008603064	0.4140017419006193
3432.032240493525	300	7.52199339340834	0.0	145210	910.3887582193752	0.011822978	0.4139694321963163
3435.588200187728	300	7.739487315702925	0.0	172312	1782.5060777054157	0.014542672	0.3403510703911238
3437.4956474390547	300	7.637490612788335	0.0	167025	1601.9967029145903	0.012790911	0.3520272139380444
3440.2032258788704	300	7.631426562086373	0.0	160064	1506.0640507019625	0.0131025985	0.3612414759904346
3442.598893968119	300	7.989349717019247	0.0	137507	1642.0768450671255	0.014489718	0.370010393737223
3445.0337247757193	300	7.833729959309694	0.0	118421	1655.619757709553	0.014104008	0.35892986761613316

