11717.965102848999	750	4.0	5.259051639025879	450283	5259.051639025879	0.041633703	-0.0925051639025879
11719.510328911649	300	6.454773937350686	0.0	155580	1545.2260626493135	0.54273885	0.02320415914242291
11721.620428070702	300	7.991863270652231	0.0	139857	1462.9106666984549	0.059952885	0.630917636401084
11723.158612838606	300	7.706365061337427	0.0	155432	1285.4982093148042	0.047192313	0.6208941812835844
11725.202845054524	300	7.8055921993221276	0.0	163442	1400.7728620152986	0.06938903	0.6190165551825471
11726.547145625535	300	7.9851716432181385	0.0	126289	1320.4205561039878	0.065838106	0.6445158866925653
11739.867726385104	4300	4.0	5.335409116349683	2157535	13320.580759567822	0.051326428	-4.721058075956782
11742.390010452618	750	5.4777159324844344	0.0	437162	2522.2840675155653	0.9673108	-3.225120532317445
11743.496184381087	300	7.928001327245478	0.0	150710	1049.7146052389573	0.26479244	0.21602666855072697
11744.49163005161	300	7.67850826324784	0.0	139105	749.4930639976373	0.040127292	0.6717856222010887
11745.325122998946	300	7.909738030895256	0.0	141840	768.7702323525858	0.10460751	0.6923450002693051
11746.487906836966	300	7.970707445524998	0.0	156148	939.0305853702572	0.08406344	0.6812482405402803
11748.097887540704	300	7.857593724730909	0.0	160746	1113.1137207940908	0.072766274	0.6528396176506718
11749.17447365391	300	7.867734193000469	0.0	179801	989.85953173044	0.06946242	0.6661511970962516
11750.888926172112	300	7.953871162636251	0.0	140051	913.863030364218	0.117788054	0.6821276675299536
11752.245659281829	300	7.7557993564474454	0.0	138313	698.0718061888045	0.06392227	0.6844443067956336
11753.921617560718	300	7.862150959367402	0.0	143509	893.6483970800437	0.06883819	0.6752293410904755
11755.803989884205	300	7.992119647928853	0.0	150616	1370.031311438548	0.0675857	0.6402305046172263
11757.662694615039	300	7.713937850535131	0.0	165384	1278.1817973937223	0.056922123	0.6223622762251693
11759.517724129917	300	7.6866845359669735	0.0	140881	1027.2533145681575	0.054597564	0.6448047396659725
11761.64581901555	300	7.746525193305438	0.0	157671	1440.1593426615343	0.051967826	0.6093336407828005
11763.26826893647	300	7.579268037729827	0.0	157812	1167.2571555756106	0.048853338	0.6203581011116647
11765.042627639355	300	7.73968508325981	0.0	163927	1339.582954470017	0.047369488	0.6187260789000149
11767.31996977195	300	7.573401848271078	0.0	137654	1166.283234988731	0.046538927	0.6198850062454893
11768.71451439709	300	7.561658941753031	0.0	146754	1011.7429065180464	0.0430974	0.6341970414336776
11769.701798295786	300	7.714417856216682	0.0	153938	847.2410855363498	0.043792553	0.6655030279634373
11771.12941856545	300	7.8306291994650294	0.0	181901	1383.788656751652	0.05060995	0.6231498239728089
11772.383694821718	300	7.965406849287363	0.0	111155	865.2223501776652	0.04810273	0.6881135810754295
11775.201249334754	300	7.696156560312298	0.0	153605	1269.2502889750656	0.042185858	0.6215261965928645
11777.431694543506	300	7.940086067969045	0.0	149029	1256.0704923432543	0.044388954	0.6465663208756642
11780.516531574864	300	7.5298548529929645	0.0	157421	1910.231214976081	0.043788217	0.5412552629559577
11782.39897240229	300	7.595937385471789	0.0	157488	1433.9174675211768	0.038933843	0.5953131639850138
11784.846037108391	300	7.631666760372584	0.0	143881	1464.2706250992057	0.038554695	0.5957525299363132
11788.23288275882	300	7.53964095165979	0.0	163444	1592.0258087127936	0.038637493	0.5740275016776353
11790.248652911372	300	7.964165724741991	0.0	179328	1575.4752269177993	0.037660353	0.6169675940393787
11792.868534182853	300	7.85437265181785	0.0	159914	1609.7930729241416	0.038701274	0.6028584330968718
11794.54405982495	300	7.616653920548728	0.0	131610	1237.7187312691217	0.0368128	0.6169477206464516
11796.727355940939	300	7.523909251467641	0.0	124011	1592.744669081087	0.037666388	0.5724257077971193
11798.992887164304	300	7.871419386738493	0.0	144254	1652.489864729149	0.035366762	0.6002465488874036
11801.761843938417	300	7.753461679000913	0.0	149991	2117.95770773758	0.03699653	0.5422283775090808
11803.50290667532	300	7.588429801236911	0.0	147968	1665.0318777640034	0.03511189	0.5714716103938893
11807.10850890438	300	7.982827572176855	0.0	161857	1605.6022290600567	0.034993447	0.6157697584881935
11811.105359557694	300	7.985976918863922	0.0	145210	1496.8506533129328	0.037442017	0.6269511900282232
11813.080743306557	300	7.682526948189024	0.0	172312	1803.4499706748968	0.03791355	0.5667807486438929
11815.048225419061	300	7.7597527670306405	0.0	167025	1422.7741811583844	0.03968435	0.6123585384778913
11817.1574570805	300	7.662490925484195	0.0	160064	2097.261841546445	0.040924184	0.5354510583486934
11820.756641522272	300	7.88388368154431	0.0	137507	2278.607243939885	0.039430708	0.5388469636361957
11822.695244966779	300	7.844870501206327	0.0	118421	1539.0131803379825	0.035097867	0.6090123382085171

