18773.71299230559	750	4.0	2.100206826790785	450283	2100.2068267907853	0.30478674	-8.815790751587313
18774.77567805378	300	6.937314251812226	0.0	155580	1062.6857481877737	0.696922	0.12750179867702235
18777.355888044767	750	7.7686555104270285	0.0	350812	2168.6587413851976	0.40776378	0.12099085616581493
18779.424629302513	750	7.875060530200944	0.0	382355	1893.5949802260843	0.28173646	0.6087388382857952
18781.814479116565	750	7.5477086951689145	0.0	411561	1827.3518350320303	0.8223411	0.5838551607364947
18786.04064791016	1850	7.3215399015767995	0.0	801058	4226.1687935921145	1.0070435	-0.7189606961431321
18790.102092664507	1850	7.260095147228199	0.0	905515	4061.4447543486003	0.042830113	0.3915975792335978
18794.03976475975	1850	7.322423051985378	0.0	1060487	3937.6720952428213	0.0147341145	0.40997397793827195
18797.03068127233	1850	7.835856582949316	0.0	852833	2986.566469036062	0.004705182	0.5545031107033205
18800.989644089103	1850	7.568550196331864	0.0	913888	3267.3063866174516	0.004705182	0.500700570612367
18805.16909806474	1850	7.389096220696615	0.0	939819	4179.453975635249	0.004705182	0.39221315936556544
18809.041445298084	1850	7.5167489873544415	0.0	917428	3872.347233342173	0.004705182	0.43521055976828704
18813.2081123607	1850	7.350081924742082	0.0	946851	4166.66706261236	0.004705182	0.38973667963794
18817.653902911716	1850	6.904291373725381	0.0	1036454	4445.790551016701	0.0052752555	0.3189164755708384
18820.644768006347	1850	7.913426279094464	0.0	821631	2990.865094630917	0.0057734493	0.5615394209565645
18825.12411273997	1850	7.434081545470746	0.0	923170	4479.344733623718	0.004705182	0.3665539730144218
18830.37031453988	1850	6.187879745560808	0.0	966699	5246.201799909938	0.0051976684	0.1699199043314753
18833.329892502716	1850	7.228301782727748	0.0	885714	2959.5779628330615	0.05703509	0.49872411034468106
18836.79779823305	1850	7.760396052395604	0.0	987708	3467.905730332142	0.004705182	0.49910602138431387
18840.738782519147	1850	7.819411766295092	0.0	923755	3940.9842861005127	0.004705182	0.4574784964074019
18844.593801383755	1850	7.964392901684196	0.0	891604	3855.018864610897	0.004705182	0.48002964022678
18849.325090414575	1850	7.233103870863312	0.0	955231	4731.289030820883	0.004705182	0.3220152100732391
18860.243577135258	1850	4.0	3.685382849816996	968026	10918.486720680308	0.00728162	-16.455040793504228
18862.45740060105	300	5.786176534206141	0.0	137654	2213.8234657938588	0.009863435	-1.198410307459112
18864.85750321699	300	7.386073918267628	0.0	146754	2400.102615938513	0.004705182	0.4869537479176086
18867.507199655567	300	7.720983578147808	0.0	153938	2165.090340119819	0.004705182	0.54269041693577
18869.388574216475	300	7.792599289924063	0.0	181901	1428.384288223745	0.004705182	0.6232541170683771
18870.95079005123	300	7.692986513389271	0.0	111155	599.6127765347916	0.010304725	0.6965434234870119
18874.820031701714	750	7.823744862905555	0.0	400396	3369.2416504837165	0.48853594	0.006234979035906252
18876.79474473275	750	7.85731076373934	0.0	400508	1966.4340991662148	0.3336134	0.5997464908767074
18878.71798018055	750	7.604832391272865	0.0	358218	1752.478372466476	0.111269735	0.5968407286957094
18880.7113133402	750	7.598544401615247	0.0	400322	1506.2879896576176	0.17469436	0.620854540712197
18883.98020726007	1850	7.737620079177577	0.0	885062	2860.92432243767	0.96162856	-0.5423880515446696
18887.776167246524	1850	7.941660092720089	0.0	1035329	3295.9599864574893	0.004705182	0.5337474689329657
18891.15015281246	1850	7.596632034694152	0.0	1026056	3345.0280580259364	0.004705182	0.49563131283601636
18895.135315335487	1850	7.611469511670024	0.0	943942	3985.1625230241284	0.004705182	0.43304599062586135
18898.643247043005	1850	7.809563649879308	0.0	728962	3301.9058617907162	0.004705182	0.5204384462631351
18902.974226378847	1850	7.478584314037095	0.0	938587	4330.979335842214	0.004705182	0.38567395564813695
18906.550833406633	1850	7.901977286254288	0.0	908665	3576.6070277828053	0.0053746067	0.5018632488619756
18910.698495581877	1850	7.544952393809129	0.0	930577	3857.02489244516	0.004705182	0.4394574042917372
18914.50195379392	1850	7.741494181765712	0.0	858450	3803.458212043417	0.004705182	0.46373144634174224
18918.700136684565	1850	7.543311291118631	0.0	1025005	4198.182890647081	0.004705182	0.40518364644283544
18921.872834344515	1850	7.543101596891247	0.0	886255	3000.2096942273834	0.004705182	0.5249607827733151
18926.20411981121	1850	7.21181613019264	0.0	973972	4331.285466698608	0.004705182	0.3599665968679705
18929.788804858454	1850	7.627131082950278	0.0	958994	3584.6850472423616	0.0052888812	0.4746011825219641
18933.554280259657	1850	7.861655681746459	0.0	982064	3765.4754012038197	0.004705182	0.4790954105323408
18937.937051780053	1850	7.478884161349904	0.0	830730	4382.7715203965545	0.004705182	0.380523597842752
18942.548438501184	1850	6.867497440217676	0.0	846370	4611.386721132229	0.0073932344	0.2988153999784171

