15543.25144517067	750	4.0	4.594934407378574	450283	4594.934407378574	0.014346434	-19.792592106173586
15544.234907882153	300	7.016537288516239	0.0	155580	983.462711483761	0.0207166	0.1430494110978224
15546.912973328104	300	7.896703077287517	0.0	139857	1119.8342112287223	0.696656	0.6641292344955338
15551.933074150089	750	6.8766022553020925	0.0	382355	5020.100821985425	0.69200176	-0.2500145076277313
15554.017555228018	300	7.613527797126139	0.0	163442	1263.0744581759532	0.15410349	0.17254926214282593
15555.767138942485	300	7.989439245018096	0.0	126289	1624.088552108041	0.24036974	0.6226297636210092
15559.671700632909	300	7.634906028686052	0.0	153295	2354.533216332045	0.016614394	0.5154610657972792
15563.636283435811	300	7.670323225783417	0.0	173849	2964.582802902635	0.0074987207	0.4578650532520708
15567.552392966498	300	7.754213695098223	0.0	150710	3916.1095306851944	0.004705182	0.3707869350018268
15571.527518372353	300	7.779088289242958	0.0	139105	2975.1254058552636	0.004705182	0.46727955589042713
15573.496357086602	300	7.917591962586503	0.0	141840	1861.496326656455	0.004705182	0.59197360228023
15575.474307130131	300	7.567288134619265	0.0	156148	1350.3038279672385	0.004705182	0.6093757042610112
15578.561091765865	300	7.597718996031272	0.0	160746	1469.5691385879934	0.01722651	0.6003781787440539
15581.776859175958	300	7.908443015708857	0.0	179801	2189.2759803224153	0.019988542	0.5583150402136653
15585.4416733441	300	7.5392816560725295	0.0	140051	1869.1613596363284	0.009580541	0.5547942951988585
15588.277146702672	300	7.989371371490368	0.0	138313	1549.9102845821615	0.005412249	0.6300410574681894
15592.581627007059	300	7.684891067102187	0.0	143509	2804.4803043881793	0.008572802	0.47527747464987435
15597.19026374838	300	7.076254325781696	0.0	150616	4608.636741320492	0.004705182	0.23627984189776796
15602.214845097931	300	6.051672976230258	0.0	165384	5024.581349551438	0.004705182	0.09606824324114926
15606.253303555442	300	6.013214518718629	0.0	140881	4038.4584575116287	0.004705182	0.19097886150709342
15610.868390267964	300	5.398127806196515	0.0	157671	4615.086712522114	0.004705182	0.07411322977214396
15615.623837655101	300	4.6426804190593485	0.0	157812	4755.447387137167	0.004705182	-0.012635520909583808
15618.51646666193	300	5.75005141222948	0.0	163927	2892.6290068298686	0.004705182	0.2802320537384636
15620.585117806504	300	7.548167342267481	0.0	137654	1201.8840699619986	0.004705182	0.622377281721601
15622.141709403588	300	7.843255028581349	0.0	146754	1204.9123136861324	0.004705182	0.6504769878529203
15624.882404805547	300	7.568747007450642	0.0	153938	1274.5080211307056	0.004705182	0.6170957031390387
15627.62464823117	300	7.875718999602472	0.0	181901	2693.02800784817	0.0065406896	0.5047901131290564
15629.239634943879	300	7.557833347137139	0.0	111155	817.885652465333	0.004705182	0.661707487599941
15631.030491019568	300	7.93095580591368	0.0	153605	1126.877541223458	0.022674367	0.6667217661731105
15632.21798774673	300	7.934196776564607	0.0	149029	996.7590293490712	0.10769558	0.6800455645275915
15635.115865324486	750	7.825626803094001	0.0	358218	2608.5699734706072	0.6917579	0.08248328565316532
15638.157207705688	750	7.704609371636216	0.0	400322	2621.0174314577844	0.07376583	0.5195904723549207
15641.086704888829	750	7.610023302936619	0.0	369834	2094.586068699597	0.051952794	0.5631295903132452
15644.087497903243	750	7.587082376449942	0.0	412837	2522.9409264866767	0.054440044	0.5180860138735508
15647.585536092902	750	7.611989254084852	0.0	401088	2975.0931223650905	0.054802883	0.47526811001451913
15650.825140244306	750	7.503659793030858	0.0	365161	2608.3294610539947	0.075844705	0.5015176404464718
15653.674186576029	750	7.864773962842212	0.0	321064	2138.8858301886467	0.1262634	0.5832196593048162
15656.425758018162	750	7.614068435544191	0.0	361565	2250.7055272980197	0.057319492	0.5479069931372245
15659.180106032609	750	7.57732738073854	0.0	378327	2536.7410548056528	0.059094258	0.5157670714417167
15662.230581183941	750	7.67089335639156	0.0	390680	2406.4340243469787	0.062731065	0.5378036076715883
15664.675445238596	750	7.825481802058368	0.0	345516	2345.4115543331914	0.041281372	0.5587851710498152
15666.93360668202	750	7.591127440006125	0.0	384505	2234.3543620522437	0.049585238	0.5473340123545397
15669.630695584941	750	7.699486424731198	0.0	372093	2391.6410152749268	0.04323059	0.5420350244188563
15673.351217483392	750	7.586949409829293	0.0	438281	3112.537014901906	0.043722905	0.4591136068412728
15676.794892233947	750	7.744104485825926	0.0	398987	3342.8449240033665	0.084766135	0.45120917344054556
15680.13402579382	750	7.679952647665981	0.0	393804	2564.151838159945	0.34685582	0.5229037935349372
15682.79254292644	750	7.683184956211935	0.0	331053	1996.7676914540466	0.10718035	0.5799533216349647
15686.873415630358	750	7.602312252294265	0.0	314107	3580.8727039176697	0.04369923	0.41375872926425167

