10970.237370679888	750	4.0	3.704434403261277	450283	3704.4344032612767	0.004705182	-15.827837905582479
10972.695240104056	750	5.542130575831285	0.0	398865	2457.869424168715	0.1811622	0.152571164404647
10975.061418605537	750	5.575193234035682	0.0	350812	1966.9373417956033	0.6756732	0.19065172643357572
10978.188356003357	750	5.8563451769385635	0.0	382355	2218.848057097118	0.62185097	0.16900661530226918
10981.137362141359	750	5.540886663899793	0.0	411561	2315.4585130387704	0.6032221	0.1619549639470137
10983.812929195245	750	5.979876949437059	0.0	318564	2061.0097144627343	0.5038853	0.18194965184710704
10986.046642475976	750	5.825299031233661	0.0	352642	2154.5779182033975	0.74484015	0.17404801043941595
10988.573020247353	750	5.681677831557842	0.0	437162	2143.6211996758193	0.6672096	0.17493762426715662
10990.021811937897	300	5.728660276887656	0.0	150710	953.017554670186	0.6924939	-0.2926052077792932
10990.891664307157	300	5.941621098245192	0.0	139105	787.0391786424639	0.6134355	0.19058771668613717
10992.29741404242	300	5.725152840222412	0.0	141840	716.4682580227802	0.657793	0.20936028682408248
10994.610543358724	750	5.928228987440481	0.0	405134	1796.9238527819302	0.6679077	-0.24131002161308115
10996.472586720538	750	5.800309957242764	0.0	386351	1627.9190301977183	0.63860327	0.23035543724459964
10998.484155238728	750	5.941587916406961	0.0	434409	1858.7220408358023	0.69228274	0.20175152161609683
11000.295604979803	750	5.872286236845681	0.0	337059	1569.3016795612791	0.66449916	0.2389597901308795
11001.567057502603	300	5.872634072953753	0.0	138313	499.6521638919279	0.6833881	-0.1497911530461335
11002.279024554966	300	5.757550707175438	0.0	143509	615.0833657783147	0.6764274	0.2438693815271575
11004.64363663885	750	5.6836865323264085	0.0	372963	2073.86417484903	0.60715353	-0.26917812914276384
11005.653669272986	300	5.819044136426277	0.0	165384	864.6423959001311	0.70326406	-0.2765178752380707
11008.212997230921	750	5.527075319475791	0.0	350713	2291.9688169504866	0.3899816	-0.28638520854793065
11009.969640599995	300	5.642433181582004	0.0	157671	884.6421378937866	0.55834866	-0.280439910586749
11011.311977159865	300	5.592265541085557	0.0	157812	1050.167640496447	0.21330991	0.1428343382672602
11012.082251327643	300	5.868212864434285	0.0	163927	724.0526766512731	0.15449248	0.20716724740767
11013.000373906561	300	5.802262287187465	0.0	137654	565.9505772468206	0.23494294	0.2650408110363716
11014.727929595445	300	5.754570510333441	0.0	146754	1547.6917768540252	0.46736446	0.09691852230739588
11016.4307342335	300	5.703100147319233	0.0	153938	1051.4703630142071	0.039829604	0.1426573732140211
11017.501197998492	300	5.748535359293776	0.0	181901	954.5647880254572	0.06355085	0.157139674416735
11018.586967865933	300	5.643599990557013	0.0	111155	604.9353687367613	0.093147166	0.24796037354078523
11019.5786463249	300	5.808177929425507	0.0	153605	835.4220611315071	0.102966964	0.17954996280184166
11021.29269194468	300	5.874283308953997	0.0	149029	933.8946204715096	0.10794909	0.16061769359402372
11022.347511184742	300	5.911949221575856	0.0	157421	962.3340873781395	0.05356383	0.1558710243847561
11023.912201539953	300	5.535846596813339	0.0	157488	876.1026247625174	0.057857707	0.17121281886429693
11024.744114723208	300	5.909183884410005	0.0	143881	626.6627124033339	0.043225806	0.23936321250825707
11025.732886972228	300	5.892423076325312	0.0	163444	516.7608080846933	0.10130866	0.2902696908381181
11027.289290179922	300	5.705227173945151	0.0	179328	687.1959023801608	0.23248549	0.21827836790129626
11028.109575149025	300	5.99468828955282	0.0	159914	710.5388843923315	0.1721426	0.21110737680216235
11028.841238440004	300	5.528729676917421	0.0	131610	465.95861263539894	0.13197908	0.32191700278190005
11029.900308322436	300	5.912047127373193	0.0	124011	616.6825495442281	0.14251041	0.24323697842732955
11031.074360091454	300	5.551214866308965	0.0	144254	860.8322610642292	0.080169335	0.17424997503527354
11032.176482692983	300	5.961763348520029	0.0	149991	589.451517788935	0.0327537	0.2544738548857389
11033.661925024433	300	5.855377681666203	0.0	147968	606.3856668538267	0.06501345	0.24736732445913584
11036.104190718446	300	5.7837731669573875	0.0	161857	2071.604514708815	0.060163267	0.07240764293327678
11037.361990676127	300	5.830203749268245	0.0	145210	953.5694176891425	0.006721732	0.15730370250705653
11038.60074445103	300	5.792942160312777	0.0	172312	1037.2615889554663	0.008260176	0.1446115440860503
11039.773810946388	300	5.512155010108016	0.0	167025	780.7871502047624	0.008847991	0.1921138173965367
11041.190171150149	300	5.880114657304406	0.0	160064	1132.0403528036106	0.015178907	0.13250411050145877
11043.562669136856	300	5.866025522429345	0.0	137507	1014.0891348750613	0.008861873	0.1479159916435555
11046.941528912224	300	5.700800051161341	0.0	118421	1165.2254712680044	0.0049493224	0.12873045062838287

