8033.712138578057	750	4.0	3.0006457348380566	450283	3000.645734838057	0.08790174	0.13333542651619434
8034.9548766823855	300	6.757261895671289	0.0	155580	1242.7381043287116	0.6579683	0.08286990892116165
8036.0716455458105	300	7.865569464602235	0.0	139857	891.6924310690526	0.08817058	0.6757573873256622
8037.454710196884	300	7.716575264633582	0.0	155432	1148.9941999686514	0.081533276	0.6355375244887508
8039.518928022386	300	7.571501639434744	0.0	163442	1645.0736251988392	0.090511695	0.5718211719151449
8043.4438355265065	750	7.608619911226283	0.0	318564	3462.881728208461	0.07322722	-0.011949886454090064
8045.346864265428	300	7.643118506021297	0.0	153295	965.5014052049858	0.45380187	0.19674313419007258
8046.547487111208	300	7.551570673689794	0.0	173849	1091.547832331504	0.052152853	0.625235464783182
8047.460361400131	300	7.674671093202445	0.0	150710	876.8995804873489	0.05692264	0.6586718057652029
8049.386123307452	300	7.759777546209404	0.0	139105	1414.893546993041	0.06710327	0.6131490116695604
8051.009743647914	300	7.963401508443068	0.0	141840	796.3760377663356	0.0554888	0.6948031929194549
8051.744171866093	300	7.754809517300779	0.0	156148	708.5919911422903	0.061840788	0.6832960264432718
8053.172948530934	300	7.598339336549036	0.0	160746	656.4701807517426	0.07574342	0.6732914824042195
8054.592483967703	300	7.82472489360934	0.0	179801	773.6144429396954	0.08609615	0.6835930516095389
8056.128456754152	300	7.5196989448493365	0.0	140051	805.0259487600026	0.09589923	0.6507881275105977
8057.3767041735055	300	7.666048706466783	0.0	138313	853.6502383825527	0.08091681	0.6601582128656394
8058.805033321451	300	7.754182703879222	0.0	143509	911.866002587561	0.07473469	0.6629076676934982
8060.420887295696	300	7.574487256086304	0.0	150616	1179.6954477929164	0.06616032	0.6186493408751014
8063.279402006092	300	7.853309135514412	0.0	165384	1721.1781205718924	0.062053747	0.5916165013715873
8065.321589696508	300	7.645883671017282	0.0	140881	1707.4254644971293	0.05459116	0.5728196405567179
8067.35741407072	300	7.550352553972152	0.0	157671	1095.5311170451307	0.04676866	0.6247186741692787
8068.994210379364	300	7.872101066382993	0.0	157812	678.2514875891595	0.048588097	0.6977366799468301
8070.051616525498	300	7.952670360943739	0.0	163927	919.4307054392546	0.061001316	0.6814541220578532
8071.853001292595	300	7.98096567389257	0.0	137654	971.7046870511685	0.056314744	0.6789784430809356
8073.616680689256	300	7.733966006034743	0.0	146754	746.9996678578259	0.05018262	0.6774282273010962
8074.834572891754	300	7.838359773937016	0.0	153938	895.6062320977273	0.06069519	0.6727198648056021
8076.342135740649	300	7.890721396940179	0.0	181901	947.6383769968386	0.05673655	0.6726088181527485
8077.0527077586285	300	7.810397590399377	0.0	111155	580.3238065407999	0.058687836	0.7015287850122595
8078.241570788697	300	7.86609018108483	0.0	153605	944.3074093145468	0.05991474	0.670546529179045
8079.748784432989	300	7.604761135815305	0.0	149029	1261.3290452695246	0.06124856	0.613430115931086
8081.998732799127	300	7.882729304757522	0.0	157421	1222.0318310577832	0.0534413	0.6443922417818907
8085.343124470028	300	7.844491703347223	0.0	157488	1538.2376014103002	0.049674124	0.6090530580094875
8086.955611620216	300	7.97632521099869	0.0	143881	1368.166492348532	0.04752252	0.6388809775347695
8088.540536169088	300	7.576023207981776	0.0	163444	900.3020030169127	0.04351885	0.6467380566745364
8089.750454468301	300	7.563375412304056	0.0	179328	1012.6477956777186	0.05306028	0.6342734792787976
8091.056513374946	300	7.688981120248518	0.0	159914	874.3942920555387	0.057151835	0.6603139847386146
8091.9283806298445	300	7.503879847594286	0.0	131610	685.1012726542324	0.059692677	0.6612421879131211
8095.479579402328	300	7.952681075109523	0.0	124011	1551.1987724847627	0.06402245	0.618278357305925
8099.494189481539	300	7.938070995898399	0.0	144254	2014.6100792111245	0.051695563	0.5705163964300068
8103.481223939722	300	7.951036537715801	0.0	149991	3487.0344581825984	0.04479018	0.42453485747460185
8105.62129785581	300	7.6658041542336	0.0	147968	1285.2323834822012	0.039112452	0.6169762156509975
8107.50448133615	300	7.616633294865416	0.0	161857	1049.1708593681824	0.03956958	0.6358005019888434
8108.472883961246	300	7.829438226303552	0.0	145210	787.1950685618649	0.048231225	0.682693360651834
8109.3277122194295	300	7.5376279134792785	0.0	172312	791.8103128242735	0.059104107	0.6538532833034325
8110.831176810222	300	7.932404562262425	0.0	167025	1105.2233512168525	0.07669224	0.6609040085583355
8113.638484039998	300	7.872871509662043	0.0	160064	2059.533052600382	0.06344722	0.5596834490545955
8117.650631962221	300	7.860723587438275	0.0	137507	1512.1479222237688	0.05249958	0.6132405766559954
8119.486720641752	300	7.692640345372987	0.0	118421	1668.0832420652878	0.048533544	0.5813009493809942

