7573.595007727491	750	4.0	2.993897582587049	450283	2993.897582587049	0.015806036	0.1340102417412951
7575.143255576656	300	6.451752150834994	0.0	155580	1548.247849165005	0.6585213	0.022608111752202675
7575.9297142719215	300	7.809595542918126	0.0	139857	642.1566079168676	0.079309165	0.6952675057571011
7576.600321104106	300	7.686443237260162	0.0	155432	623.1523056579637	0.108664855	0.6851913742577544
7577.7754012379	300	7.612630405026813	0.0	163442	573.8128322333491	0.16463195	0.6829470236655227
7578.616210383445	300	7.607859454434469	0.0	126289	504.77095059234506	0.1725282	0.6893872368845176
7579.706165697586	300	7.935900899590366	0.0	153295	671.9585548441029	0.14159459	0.7045705070007527
7580.796118587646	300	7.844922800808654	0.0	173849	590.9780987817126	0.1261029	0.7038209325004703
7582.011389284621	300	7.716774948110218	0.0	150710	628.147852698436	0.15413074	0.6876415784338751
7582.83416518169	300	7.633948350214159	0.0	139105	582.8265978960585	0.12655175	0.6841188172687211
7583.6125038206155	300	7.944753685087519	0.0	141840	689.194665126641	0.12726232	0.7037078293620971
7584.259281580449	300	7.835936830220777	0.0	156148	608.8168548667409	0.12047438	0.7011631712522965
7585.319571222947	300	7.594772404204836	0.0	160746	741.164426015941	0.13282207	0.6644751737073262
7586.192041526967	300	7.843099917685912	0.0	179801	751.6724865189256	0.11249031	0.6875742183430624
7587.090361319169	300	7.679338916035329	0.0	140051	663.761001650583	0.10996256	0.6804396094193774
7587.772161982161	300	7.540717979815127	0.0	138313	638.6209362202014	0.10522875	0.669472729915001
7588.728451036058	300	7.929163306702981	0.0	143509	611.5546731121451	0.096906096	0.7099556642656505
7589.861279294736	300	7.6601163296057475	0.0	150616	769.0469770972343	0.10122701	0.6680416153444355
7590.9245523354375	300	7.875370469145928	0.0	165384	784.7458604598207	0.08665908	0.6874051920784594
7592.005611978311	300	7.7391043045794286	0.0	140881	636.2661645664992	0.08857573	0.6890012771636995
7593.330157806298	300	7.544228096339706	0.0	157671	694.8762082397219	0.087119274	0.6641885615450642
7594.518931155552	300	7.774676183886635	0.0	157812	769.5519124530713	0.08762101	0.6791320676376682
7595.922482640946	300	7.917511231139709	0.0	163927	857.164952746925	0.08065666	0.6842614719536443
7597.605542409683	300	7.94917459879527	0.0	137654	968.33663234444	0.075978324	0.6762235664983961
7599.916255096789	300	7.586179847287529	0.0	146754	862.9947515077424	0.06343666	0.6514565149979379
7602.386361445239	300	7.679985621762487	0.0	153938	906.1942255250403	0.06209767	0.6562591791638979
7603.631062190956	300	7.629591234316482	0.0	181901	1050.3943874460067	0.06123838	0.6369383087926773
7604.8236359918055	300	7.795457555527403	0.0	111155	834.133678789079	0.061876267	0.674694879396132
7606.983840366889	300	7.974575434015511	0.0	153605	1820.8821215118903	0.053423703	0.5934392488068194
7609.282412610103	300	7.969950424693714	0.0	149029	1504.6250093217968	0.046066284	0.6246151778692841
7610.514071911551	300	7.7010944004165305	0.0	157421	768.8560242771841	0.042620398	0.6720458280127892
7611.80700337556	300	7.501030302497442	0.0	157488	700.0640979190875	0.05206604	0.6594687871259676
7613.074658639375	300	7.858636367634772	0.0	143881	642.3939348626706	0.06188098	0.7000129932662146
7613.858193383498	300	7.579499693549753	0.0	163444	779.1366740850189	0.06673207	0.6591926777892115
7614.794095654369	300	7.788747507632604	0.0	179328	790.752185917148	0.07560413	0.678380476525556
7615.607653046637	300	7.5695439444763455	0.0	159914	719.2035631562595	0.08580425	0.6642177922846987
7616.958847520126	300	7.886123636287259	0.0	131610	683.4203081890869	0.08161507	0.6985834928100273
7618.262543586532	300	7.788162676234644	0.0	124011	597.9609600526145	0.07506579	0.6976027242585577
7619.308856394162	300	7.552873730596082	0.0	144254	735.2889456385628	0.08828346	0.6609880757366128
7620.0746333027155	300	7.8254972883145655	0.0	149991	727.3764422815165	0.091680154	0.6882919670604398
7621.471718402941	300	7.671154909338132	0.0	147968	654.3423789764335	0.09358238	0.68058557703549
7622.745219809134	300	7.940775614366062	0.0	161857	730.3792949720703	0.09959936	0.6992024989998926
7623.657902346075	300	7.925995439506034	0.0	145210	514.7801748600277	0.104932144	0.719325039005959
7625.207948585105	300	7.549923391531869	0.0	172312	876.072047974165	0.12844628	0.6466228450290578
7626.1112090229535	300	7.785280373135478	0.0	167025	764.6430183963914	0.10991472	0.6806542144477862
7627.12937655204	300	7.6205052563172595	0.0	160064	664.7751168182181	0.11260641	0.6746166244950317
7628.329016284965	300	7.997381629490193	0.0	137507	623.1236268270654	0.12565239	0.7154330007852148
7629.625924362883	300	7.897185595579587	0.0	118421	600.1960339106065	0.117952734	0.7079816957790542

