12396.69766625845	750	4.0	1.1823497891980714	450283	1182.3497891980714	0.0240051	0.31516502108019284
12397.661507036622	750	7.036159221826023	0.0	398865	963.8407781739772	0.88073266	0.632282406505183
12398.106605554398	300	7.591705294309136	0.0	139857	444.45392751688667	0.8676717	0.24384794711987484
12398.593900842077	300	7.718379912218614	0.0	155432	373.3253820905216	0.21115732	0.7132799082542081
12399.203142686016	300	7.680743943039182	0.0	163442	537.6359691794319	0.32785663	0.6931887515426173
12400.162191229821	300	7.7570226705148455	0.0	126289	423.72127252433614	0.27770138	0.7119983274551351
12400.915768561541	300	7.822897554447394	0.0	153295	434.125116067452	0.19797355	0.7173642755632639
12401.853507333477	300	7.843754281104604	0.0	173849	479.14327334279074	0.20064399	0.7148907765031437
12402.992409829085	300	7.758600858896461	0.0	150710	585.1534222081422	0.2324478	0.6960085913068667
12403.849914349403	300	7.821723130638555	0.0	139105	436.8777282579064	0.18007965	0.7169748016288089
12404.500876828413	300	7.816555263313551	0.0	141840	505.16786732500475	0.19624467	0.7096432126247424
12405.381343051398	300	7.879219486313168	0.0	156148	437.33577700038245	0.19111104	0.7225205173439174
12406.250530570387	300	7.7361908448609045	0.0	160746	643.0286414522636	0.19154194	0.6880416955174966
12407.33406318931	300	7.682504055268624	0.0	179801	553.6867895922808	0.14879356	0.6917548404156457
12407.784525133578	300	7.7971960072988	0.0	140051	385.30804796982477	0.17863269	0.7197465069128259
12408.493919715791	300	7.780075573742568	0.0	138313	517.120433556232	0.19134015	0.7049003061908417
12409.288023601715	300	7.794160724208664	0.0	143509	485.9148495339045	0.13794516	0.7093906454759021
12410.387127714746	300	7.813703228788145	0.0	150616	480.4574954205199	0.15007201	0.7118368894575952
12411.722719920459	300	7.585230391836436	0.0	165384	728.4728369517089	0.15576258	0.6648163719109226
12412.362624925225	300	7.6738375547346696	0.0	140881	411.3928371017655	0.12268029	0.7051414184877701
12413.152199020313	300	7.7383067007215836	0.0	157671	435.5308540130853	0.14267257	0.7089972412438655
12413.705200539116	300	7.788827499858456	0.0	157812	449.479200863127	0.16223687	0.7125155542749223
12414.183113598043	300	7.811632129364374	0.0	163927	477.19537049408154	0.15722406	0.7119616875312772
12415.02670240987	750	7.615196553366819	0.0	343800	696.4355759975564	0.15302876	0.2653343072151675
12416.130269392244	750	7.806989718246288	0.0	359903	808.2068351205304	0.855376	0.7228090665873984
12416.63737046825	300	7.936119230019967	0.0	153938	370.87048822632113	0.8441788	0.28470054629680974
12418.674680755317	300	7.820579380375672	0.0	181901	615.5398496442951	0.16506839	0.6989973597771045
12419.338625709297	300	7.82449208379714	0.0	111155	496.0872965785317	0.15612519	0.7113231254914187
12421.068919539526	300	7.788274083383178	0.0	153605	536.2180004139616	0.12334809	0.7037878545676179
12422.597687015208	300	7.950928265449798	0.0	149029	837.3458179333792	0.12521812	0.689493192021655
12423.717649375363	300	7.696657914246136	0.0	157421	754.270351203662	0.09104374	0.6730729470400705
12424.573776255149	300	7.63644038332886	0.0	157488	560.2175309172767	0.094060645	0.6866220741870039
12425.272813449916	300	7.534876565379938	0.0	143881	601.5638179489218	0.11634282	0.6726103641883068
12426.766607719903	300	7.951716089796257	0.0	163444	583.1604755836827	0.10606031	0.7149883421743177
12427.740009411567	300	7.99033215566428	0.0	179328	961.3839341319773	0.11051131	0.6809214087251535
12428.686126275667	300	7.943282521381925	0.0	159914	547.0496342823556	0.09301122	0.7177792617761567
12429.63735109805	300	7.802203796598409	0.0	131610	641.0787247835152	0.12286685	0.6946564467408438
12430.78150701348	300	7.870198863682805	0.0	124011	932.0049329156047	0.09335393	0.6721763462015924
12431.70475556345	300	7.819650108455567	0.0	144254	550.5487552272366	0.075606726	0.7054060975245803
12432.319239806395	300	7.778757770245207	0.0	149991	540.89233821036	0.11441122	0.7023949593353104
12433.16840163707	300	7.840972816809296	0.0	147968	437.7849534359115	0.12163468	0.7187561110911129
12433.928020886846	300	7.9018517259100935	0.0	161857	439.12109089920153	0.1482906	0.7245429712548365
12434.652067675826	300	7.515077310713274	0.0	145210	386.77441519681986	0.17882243	0.6921638269471839
12435.538732121813	300	7.950381274612133	0.0	172312	564.69603610114	0.21323946	0.7167049753459159
12436.114467257265	300	7.998497945229339	0.0	167025	451.8833293827935	0.18676908	0.7326655922352738
12436.714033034024	300	7.610640945584204	0.0	160064	387.85699964513606	0.20774707	0.7013491319935502
12437.508022044343	300	7.574500905281646	0.0	137507	536.1400403025574	0.24839069	0.6830062090083844
12437.995877828207	300	7.674497493557897	0.0	118421	400.0034117237472	0.18155015	0.7063445400761308

