6662.178997889674	750	4.0	1.9120480482224669	450283	1912.0480482224668	0.017766032	0.3048150602940324
6662.909587069868	300	7.2694108198065255	0.0	155580	730.5891801934749	0.004705182	0.3753620246968688
6664.633934108218	300	7.533555867154479	0.0	139857	735.8549526520463	0.004705182	0.8574499416244665
6667.628009205825	300	7.910764437495208	0.0	155432	1622.7914296592699	0.004705182	0.8153309575151049
6671.7845360698475	300	7.754237573472587	0.0	163442	3156.526864022623	0.004705182	0.6426307428202689
6674.92719743885	300	7.7068120691463085	0.0	126289	2047.4255043262795	0.004705182	0.7476851610694606
6676.785156072947	300	7.600450741635548	0.0	153295	1106.361327510759	0.004705182	0.8286589422272204
6678.797994026772	300	7.5998303751162	0.0	173849	2000.6203665193482	0.004705182	0.7391564404857665
6679.8018015670905	300	7.664035422460491	0.0	150710	935.7949526557098	0.004705182	0.853566501859883
6681.031456786725	300	7.753214144574138	0.0	139105	910.8212778863524	0.004705182	0.8670749367104968
6682.251519134757	300	7.967599865183234	0.0	141840	785.6142793909034	0.004705182	0.9060662514963375
6684.282889667511	300	7.579138680775644	0.0	156148	888.4611844075895	0.004705182	0.8478175156238485
6686.849053070153	300	7.887511596427972	0.0	160746	2191.627084347673	0.004705182	0.7555763192886342
6689.718156860635	300	7.765227941384396	0.0	179801	1622.283655043577	0.004705182	0.7974120654633232
6692.040018956587	300	7.792706980227802	0.0	140051	1972.5209611565926	0.004705182	0.7657812243316788
6696.18895473026	300	7.643771206554069	0.0	138313	2148.935773673734	0.004705182	0.7297503582648018
6699.97711832186	300	7.855607614954301	0.0	143509	3788.163591599769	0.004705182	0.5919834229545059
6704.052357089721	300	7.7803688470929995	0.0	150616	3575.2387678613004	0.004705182	0.6039860307663744
6708.173640958915	300	7.659084977900045	0.0	165384	2621.283869192954	0.004705182	0.6844063693485551
6710.1746545252845	300	7.700059763276436	0.0	140881	1459.0252146236082	0.004705182	0.8056914699201897
6712.25626220121	300	7.670250072536155	0.0	157671	1029.809690740281	0.004705182	0.8449323627817864
6715.221407932382	300	7.978576147093772	0.0	157812	1691.6739254423821	0.004705182	0.8168155494108229
6718.0391998070845	300	7.806416098307126	0.0	163927	2672.1600487866467	0.004705182	0.6975100065966158
6721.9259307957955	300	7.720866564609239	0.0	137654	2085.549533697885	0.004705182	0.7456080935663307
6723.772032880796	300	7.878406278215847	0.0	146754	1842.460286393392	0.004705182	0.7893687480304903
6725.740491051404	300	7.6559980445153775	0.0	153938	1222.4082337004684	0.004705182	0.8239127833290387
6727.420092563965	300	7.749222280538492	0.0	181901	906.7757639768851	0.004705182	0.8669866050145223
6729.150398652784	300	7.575482138970956	0.0	111155	673.7401415675358	0.004705182	0.8688381396980928
6730.390923069162	300	7.803502918907907	0.0	153605	771.9792200630496	0.004705182	0.8871683936370984
6731.095936351796	300	7.7002688232484795	0.0	149029	603.2340956594284	0.004705182	0.8912963948511831
6732.533298432535	300	7.962477404865218	0.0	157421	737.7914183832607	0.004705182	0.9102160576249309
6733.36817043027	300	7.789826680176582	0.0	157488	672.6507246886355	0.0047154324	0.8954126118225766
6734.536157597145	300	7.611943742762245	0.0	143881	677.882937414337	0.004759892	0.8729258440663404
6735.612949564002	300	7.698599950064023	0.0	163444	913.3437926982219	0.004842691	0.8600793661834989
6739.595375054464	300	7.716174459601685	0.0	179328	3482.425490462337	0.005130376	0.6053411547109522
6743.672754410914	300	7.638795103151633	0.0	159914	4077.379356450052	0.0049134437	0.5362915909832735
6747.129006691871	300	7.9522954257087495	0.0	131610	2186.4996774428837	0.004812275	0.7640880432794843
6749.77565489135	300	7.963847637226223	0.0	124011	1488.4477884825258	0.004846361	0.835319605825187
6751.379092200301	300	7.61622915024933	0.0	144254	1347.6184869768927	0.0048997523	0.806481416568357
6752.319403651447	300	7.7439828261623695	0.0	149991	872.2463240869591	0.0050171977	0.8697926235512385
6753.230391122374	300	7.897521663728336	0.0	147968	846.4611624340339	0.005496756	0.8913288736338278
6754.682796976429	300	7.588581962448138	0.0	161857	808.9397012801988	0.006195098	0.8569356439849666
6755.9394993556025	300	7.83196376324903	0.0	145210	756.6181991991082	0.006618615	0.8922186106056559
6759.161767710885	300	7.690871666094503	0.0	172312	1141.0920971545263	0.008230861	0.8363503097358088
6760.761023575091	300	7.731831896555823	0.0	167025	959.0397695386799	0.010803323	0.8596129804888933
6762.408935431069	300	7.7579840684002335	0.0	160064	973.8478281555878	0.0149654625	0.8613612333008606
6763.47347992476	300	7.752743734965899	0.0	137507	1005.2403334343343	0.01809797	0.857574948781711
6764.78556746026	300	7.986352142844517	0.0	118421	766.3915921213824	0.021307252	0.9103038998098592

