11283.151683226202	750	4.0	3.8635903273045304	450283	3863.5903273045305	0.004979724	-16.574678153847792
11284.392020632447	300	6.759662593753583	0.0	155580	1240.3374062464177	0.34898794	0.09263745567376577
11287.491794783464	750	7.659888442736641	0.0	350812	3099.7741510169417	0.38263008	0.01741035935948837
11291.348273650014	750	7.803409576187993	0.0	382355	2856.4788665486485	0.14889365	0.5055539626045678
11295.170665980293	750	7.732303777056559	0.0	411561	3571.105799131434	0.3602942	0.4272472540840775
11298.007207452561	750	7.704676254046665	0.0	318564	2527.627523009894	0.19254728	0.5289359007089351
11301.968056840777	750	7.74382686583067	0.0	352642	2960.8493882159955	0.29202765	0.4893820057742107
11306.014408883166	750	7.697474823443307	0.0	437162	4046.3520423873624	0.16996497	0.37637030276114164
11309.875061620316	750	7.635206187748715	0.0	374758	3562.268635694592	0.16631271	0.41878521535202606
11313.837736461282	750	7.672531346783182	0.0	362795	3462.6748409655333	0.13298963	0.4323371844760823
11318.008054379856	750	7.502213428209261	0.0	353220	3670.317918573921	0.1248165	0.39517958041048773
11325.850888647292	750	4.0	0.34062083922713193	405134	7842.834267436393	0.095599376	-1.8238337491281653
11329.415762387078	300	4.4351262602133605	0.0	160746	3564.87373978664	0.062374987	-0.3635554835968944
11333.985105041562	300	4.0	0.1342163942699708	179801	4569.342654483331	0.016026119	-0.6330142753517354
11337.398317425097	300	4.586787616464978	0.0	140051	3413.212383535022	0.0054179374	0.11620823266940722
11341.159056325529	300	4.826048716032548	0.0	138313	3760.738900432429	0.0060181185	0.10448473805400293
11344.363381944211	300	5.621723097350107	0.0	143509	3204.325618682441	0.004705182	0.2367106440835085
11348.012068013568	300	5.973037027993069	0.0	150616	3648.686069357039	0.0113962	0.22608897045295018
11351.434520005152	300	6.550585036408318	0.0	165384	3422.451991584751	0.0071216975	0.3043020408531609
11354.461218382752	300	7.523886658808903	0.0	140881	3026.6983775994154	0.0076528	0.4375588071414995
11358.997540158694	300	6.987564882866644	0.0	157671	4536.321775942259	0.01779561	0.23497487715785925
11363.775488346097	300	6.2096166954646534	0.0	157812	4777.94818740199	0.0068997303	0.13593382478768234
11367.362023515783	300	6.623081525777757	0.0	163927	3586.535169686895	0.0048746066	0.29487159384619954
11369.753469268982	300	7.9550316619394525	0.0	137654	1668.049863838305	0.005979824	0.6149218628510928
11372.932083177471	300	7.532422680977195	0.0	146754	1422.6089809622576	0.10996907	0.598789348794251
11376.058620299706	300	7.627156516872541	0.0	153938	2405.2661641046543	0.2559282	0.5096418715607024
11380.917038340616	300	6.768738475962089	0.0	181901	4858.418040910452	0.11394666	0.18170295634856887
11384.489652006363	300	7.196124810216184	0.0	111155	3572.613665745905	0.009969065	0.3514198219795436
11388.319482656925	300	7.366294159654163	0.0	153605	3829.830650562022	0.008692781	0.3420771198518215
11392.322661108943	300	7.363115707637194	0.0	149029	4003.1784520169685	0.006548878	0.32443641002998447
11396.376244869723	300	7.309531946855432	0.0	157421	4053.5837607817625	0.0055216914	0.31423838031266926
11400.256746202667	300	7.42903061391098	0.0	157488	3880.5013329444523	0.0053459406	0.34304850776870927
11404.218693382147	300	7.467083434433305	0.0	143881	3961.947179477674	0.0085370755	0.33856655102487165
11408.894216170787	300	6.791560645790496	0.0	163444	4675.522788642809	0.0056024715	0.20218914177084946
11412.006561337279	300	7.6792154792984	0.0	179328	3112.345166492096	0.004705182	0.44394470656056945
11415.782572459108	300	7.903204357469793	0.0	159914	2776.0111218286065	0.007278744	0.49913729915919836
11419.739788762166	300	7.9459880544094466	0.0	131610	2957.2163030603465	0.0109821055	0.48513476126275085
11423.69703833309	300	7.988738483487383	0.0	124011	2457.2495709220643	0.007501605	0.5392462126332055
11427.838939998093	300	7.846836818483405	0.0	144254	3641.901665003977	0.008245413	0.4071228041345951
11431.926833146295	300	7.758943670282053	0.0	149991	4087.8931482013527	0.0071114292	0.3540638388226882
11435.70140075439	300	7.984376062186437	0.0	147968	3274.567608095616	0.0051953774	0.45709452082896324
11439.826762408251	300	7.58872094156373	0.0	161857	3395.6551206227073	0.005621887	0.4069035074093004
11443.816558360832	300	7.598924988982613	0.0	145210	1989.7959525811157	0.005602651	0.5484715755586977
11446.952375989938	300	7.8507673793382855	0.0	172312	2248.1576096443287	0.011630718	0.546875530690905
11451.216236340179	300	7.586907029098813	0.0	167025	3263.8603502394735	0.030358803	0.4199083932786074
11454.828590589193	300	7.974552780083732	0.0	160064	3112.354249015081	0.010187171	0.4723703544930766
11457.74457721671	300	7.923496875683277	0.0	137507	2551.0559044004544	0.009704651	0.5235859992089626
11460.054516680597	300	7.765992405299572	0.0	118421	1157.5044703837048	0.011585703	0.6477811554880668

