14846.641441719506	750	4.0	6.08032816050688	450283	6080.3281605068805	0.6244233	-25.970992485528424
14848.996393219904	300	5.645048499601703	0.0	155580	2354.951500398297	0.022540482	-0.3802325581395349
14851.269472033553	300	7.371969685954002	0.0	139857	2273.078813647701	0.022747332	0.06976744186046512
14854.828910828397	300	7.812530891109549	0.0	155432	2559.4387948444523	0.17718776	0.06976744186046512
14858.66332284205	300	7.978118877455265	0.0	163442	2834.412013654285	0.069071695	0.06976744186046512
14862.664075766856	300	7.9773659526506675	0.0	126289	2500.752924804598	0.52069235	0.06976744186046512
14866.086596477291	300	7.897586715661808	0.0	153295	2079.7792369888584	0.21659553	0.06976744186046512
14868.280071337285	300	7.567220012837146	0.0	173849	1830.3667028246616	0.6368818	0.06976744186046512
14870.949132624999	300	7.604243466664901	0.0	150710	1462.9765461722457	0.6576698	0.06976744186046512
14874.924979593077	750	7.549362358146189	0.0	362795	3054.8811085187117	0.6944863	-0.2755813953488372
14878.675360516087	750	7.798981435138119	0.0	353220	3250.38092300807	0.25861275	0.1744186046511628
14882.83340922385	750	7.640932727376288	0.0	405134	4158.048707761831	0.23387583	0.1744186046511628
14887.260079805115	750	7.214262146110412	0.0	386351	4426.670581265876	0.39394796	0.1744186046511628
14890.770779998049	300	7.703561953175631	0.0	179801	3510.7001929347816	0.6968006	-0.3802325581395349
14893.697076331418	300	7.858796861557408	0.0	140051	2344.765091618223	0.3369368	0.06976744186046512
14895.980210707812	300	7.657995351435045	0.0	138313	2200.8015101223637	0.32890376	0.06976744186046512
14899.740348269908	300	7.604092932022864	0.0	143509	2053.9024194121803	0.4124928	0.06976744186046512
14906.208130645904	750	5.136310556025712	0.0	372963	6467.7823759971525	0.5739715	-0.2755813953488372
14908.107899454064	300	7.236541747866468	0.0	165384	1899.7688081592435	0.086535834	-0.3802325581395349
14911.805376154725	300	7.539065047205812	0.0	140881	2197.4767006606567	0.33053845	0.06976744186046512
14915.630945380399	300	7.713495821532098	0.0	157671	2825.5692256737125	0.308719	0.06976744186046512
14919.832384319803	300	7.512056882128378	0.0	157812	2201.4389394037207	0.1187581	0.06976744186046512
14925.575535007956	750	5.768906193974851	0.0	401853	5743.150688153527	0.61529803	-0.2755813953488372
14927.714658007633	300	7.629783194296621	0.0	137654	1639.1229996782292	0.07922819	-0.3802325581395349
14929.663897085698	300	7.660436109769653	0.0	146754	1469.347084526969	0.5362778	0.06976744186046512
14933.909543748397	750	7.414789447070671	0.0	379700	4245.646662698982	0.5578561	-0.2755813953488372
14937.50002864252	300	7.824304552948272	0.0	181901	3090.484894122399	0.66596234	-0.3802325581395349
14941.792196805603	300	7.5321363898653235	0.0	111155	2292.1681630829476	0.6396837	0.06976744186046512
14945.731966561561	300	7.592366633907294	0.0	153605	3939.7697559580292	0.21627298	0.06976744186046512
14948.77723114421	300	7.583715134382124	0.0	149029	3008.6514995251705	0.16343166	0.06976744186046512
14952.83335503678	300	7.527591241812485	0.0	157421	3056.1238925696393	0.24874425	0.06976744186046512
14956.81711056055	300	7.5438357180413025	0.0	157488	3483.755523771182	0.13553038	0.06976744186046512
14960.370409221096	300	7.990537057495967	0.0	143881	3553.2986605453348	0.101680666	0.06976744186046512
14964.095496421121	300	7.812889008988241	0.0	163444	3677.6480485077263	0.18057609	0.06976744186046512
14967.53870924635	300	7.555002191132479	0.0	179328	3257.8868178557623	0.06453766	0.06976744186046512
14971.259353441079	300	7.834357996404351	0.0	159914	2720.644194728128	0.06887674	0.06976744186046512
14975.131746829318	300	7.961964608164774	0.0	131610	2872.3933882395786	0.1270408	0.06976744186046512
14979.120273881552	300	7.71188290121829	0.0	124011	2750.0817069464824	0.1352157	0.06976744186046512
14983.117496553807	300	7.714660228964067	0.0	144254	1997.222672254224	0.13632685	0.06976744186046512
14987.2201668585	300	7.611989924270192	0.0	149991	2102.670304693875	0.27053314	0.06976744186046512
14990.222150689244	300	7.740167212916669	0.0	147968	2371.8227113535227	0.3177354	0.06976744186046512
14994.156458446017	300	7.805859456141794	0.0	161857	2934.307756774875	0.40738872	0.06976744186046512
14998.195832654837	300	7.766485247322069	0.0	145210	2539.3742088197255	0.3972885	0.06976744186046512
15003.85392275573	750	6.108395146430671	0.0	438281	5658.090100891398	0.3269664	-0.2755813953488372
15005.977328019284	300	7.907659093290822	0.0	167025	1700.7360531398492	0.13791434	-0.3802325581395349
15008.756919580726	300	7.849197884428295	0.0	160064	1558.4612088625272	0.33236217	0.06976744186046512
15011.364287016173	300	7.631079328693457	0.0	137507	1218.118555734839	0.51327187	0.06976744186046512
15013.942838674622	300	7.526427910676587	0.0	118421	1104.6514180168695	0.4332474	0.06976744186046512

