1205.789962790511	750	4.0	2.6661221575738243	450283	2666.122157573824	0.120207876	-11.289906672916281
1207.066029118791	300	6.723933671720184	0.0	155580	1276.066328279816	0.5268358	-0.3802325581395349
1212.8771717021452	750	4.912791088366139	0.0	350812	5811.142583354045	0.72150207	-0.2755813953488372
1216.2013679869042	300	5.5885948036070925	0.0	155432	3324.1962847590466	0.30597663	-0.3802325581395349
1234.8162710648721	2850	4.0	13.02630827436085	1472558	18614.90307796794	0.053815056	-57.90033488207724
1235.7533191084	300	7.062951956472059	0.0	126289	937.0480435279416	0.0059190313	-2.4802325581395346
1237.166647513878	300	7.7260269104144355	0.0	153295	836.9250460576229	0.010808855	0.06976744186046512
1238.7199248856082	300	7.937589913759255	0.0	173849	788.4369966551805	0.21139038	0.06976744186046512
1241.3961619307331	750	7.836891559684615	0.0	374758	2100.69835407464	0.48039126	-0.2755813953488372
1243.7377324798604	300	7.748875668796058	0.0	139105	2088.015890888557	0.35534286	-0.3802325581395349
1245.1516287407694	300	7.993704877010936	0.0	141840	755.1707917851205	0.01702248	0.06976744186046512
1246.2452210999436	300	7.926271489185574	0.0	156148	567.4333878253622	0.2989784	0.06976744186046512
1249.9410187827561	750	7.896452042853889	0.0	386351	2029.8194463316852	0.061171707	-0.2755813953488372
1254.1585596672544	750	7.678911158355499	0.0	434409	3217.5408844983895	0.055485494	0.1744186046511628
1257.8855184152549	750	7.537191359144843	0.0	337059	3141.719799210655	0.19416355	0.1744186046511628
1259.4964344384673	750	7.709352845783516	0.0	366214	1327.8385133613262	0.7109002	0.1744186046511628
1261.1346061313216	750	7.67680569708196	0.0	360831	1532.547148701556	0.07234703	0.1744186046511628
1264.0095629080731	750	7.952139509257462	0.0	372963	2224.6661878244972	0.062832266	0.1744186046511628
1270.9361665267734	750	5.025535890557134	0.0	405596	6926.603618700327	0.15273136	0.1744186046511628
1273.887618504029	300	6.074083913301652	0.0	140881	2951.451977255483	0.053244416	-0.3802325581395349
1276.6023356915864	300	7.359366725744359	0.0	157671	2714.7171875572926	0.011171804	0.06976744186046512
1279.120385421947	300	7.5718735372591786	0.0	157812	1787.4931884851812	0.0196995	0.06976744186046512
1281.6895060262286	300	7.982591510806129	0.0	163927	1589.282026453049	0.031304803	0.06976744186046512
1284.6121836317247	300	7.64617206852243	0.0	137654	1836.4194422836988	0.055143178	0.06976744186046512
1288.451275994492	300	7.807079705755194	0.0	146754	3339.092362767237	0.017662773	0.06976744186046512
1289.9898224017184	300	7.750481688831655	0.0	153938	1056.598016923539	0.008908614	0.06976744186046512
1291.4986678162768	300	7.937033186203964	0.0	181901	813.44850262769	0.12998855	0.06976744186046512
1292.980047928797	300	7.649041566859396	0.0	111155	787.9916193445683	0.7098283	0.06976744186046512
1296.6814301352479	300	7.947659360408574	0.0	153605	2201.3822064508217	0.6812656	0.06976744186046512
1297.7509107236435	300	7.650304420773653	0.0	149029	797.3549396349214	0.26498544	0.06976744186046512
1299.232021042575	300	7.525812185838476	0.0	157421	624.4922349351752	0.6118361	0.06976744186046512
1302.9945956207946	750	7.763237607618927	0.0	400322	2262.5745782195495	0.46193337	-0.2755813953488372
1305.6547324212822	300	7.612765466983099	0.0	143881	1150.4721406358271	0.23649615	-0.3802325581395349
1307.8028811394665	300	7.758523433016704	0.0	163444	1854.242033966396	0.70145035	0.06976744186046512
1308.6118220525589	300	7.526006375829533	0.0	179328	732.5170571871714	0.28658116	0.06976744186046512
1310.372505911137	750	7.973876298193065	0.0	365161	1552.1300776364683	0.6520173	-0.2755813953488372
1313.3355208552991	750	7.521645630757817	0.0	321064	1952.230667435248	0.148461	0.1744186046511628
1319.683570832012	750	5.173595654045024	0.0	361565	6348.049976712793	0.4204292	0.1744186046511628
1322.7185190409516	300	6.138647445105553	0.0	144254	3034.948208939471	0.032586407	-0.3802325581395349
1325.405090876878	300	7.452075609178982	0.0	149991	2686.571835926571	0.0075940983	0.06976744186046512
1327.613600439352	300	7.737997967569905	0.0	147968	1714.0776416090762	0.009794281	0.06976744186046512
1330.357084035271	300	7.693472134792697	0.0	161857	1544.5258327772071	0.011429711	0.06976744186046512
1333.2748894399733	300	7.969048385562661	0.0	145210	2224.4237492300367	0.014248928	0.06976744186046512
1337.5847152171611	300	7.659222608374632	0.0	172312	3809.825777188029	0.006885291	0.06976744186046512
1339.266799139847	300	7.569784287061819	0.0	167025	1089.438321312814	0.00471579	0.06976744186046512
1340.7232413800687	300	7.837885977137408	0.0	160064	731.8983099244099	0.025586236	0.06976744186046512
1341.9854088737097	300	7.9240741764155755	0.0	137507	913.8118007218327	0.364398	0.06976744186046512
1346.2425384210144	750	7.5146872873728165	0.0	314107	3909.3868890427593	0.36438835	-0.2755813953488372

