13126.50156085638	750	4.0	4.2446647119615655	450283	4244.664711961565	0.46349674	-0.07446647119615657
13127.916348989915	300	6.5852118664659365	0.0	155580	1414.7881335340633	0.5244264	-0.17990307169928532
13129.723184633605	300	7.821520534123352	0.0	139857	1263.6913323425845	0.024111278	0.3624759001484511
13131.53146510315	300	7.90395245027067	0.0	155432	1417.5680838526823	0.016843077	0.35224021975664865
13132.840179527151	300	7.799951412014789	0.0	163442	1104.001038255881	0.017456438	0.3770968594253362
13134.14644678388	300	7.72417446222283	0.0	126289	1075.776949791958	0.021121245	0.3751832089097311
13135.449034234987	300	7.558125856788132	0.0	153295	1166.048605434698	0.016812012	0.3557780055057885
13137.443048098756	300	7.649388409690426	0.0	173849	1408.7374470977077	0.016838167	0.33721303089588084
13139.297413638034	300	7.809843886536319	0.0	150710	1339.5445231541075	0.014533368	0.3541607905931092
13140.675207919243	300	7.553357168194126	0.0	139105	1256.486718342192	0.015317184	0.3464361511779137
13142.794454075925	300	7.904387856987301	0.0	141840	1148.969311206826	0.0142096095	0.3791273099410237
13145.1313317099	300	7.556087462736861	0.0	156148	1348.30039425044	0.014264474	0.33742542699600986
13147.420268570488	300	7.680907709504936	0.0	160746	1375.1797532319254	0.014402147	0.34253875652086596
13149.108024362542	300	7.578908295656369	0.0	179801	1101.9994138485677	0.013042031	0.3634818270936663
13150.626391958363	300	7.537602720198843	0.0	140051	1041.3055754575248	0.017269403	0.36696961246667525
13152.915518812788	300	7.941570327017882	0.0	138313	1096.0323931809605	0.015363067	0.38674490612052154
13154.199899779494	300	7.660927021836689	0.0	143509	1280.643305181193	0.013688009	0.35074360834667373
13156.00680824639	300	7.8793417050015195	0.0	150616	1281.585316835169	0.012768416	0.36430032487907804
13157.879856338674	300	7.505479148039087	0.0	165384	1373.8625569624332	0.013379905	0.3317061910561996
13160.304811787708	300	7.50259419118336	0.0	140881	1502.8849568557273	0.013173939	0.31862364126338727
13161.92922622756	300	7.581422245946643	0.0	157671	1421.171945236717	0.0106156645	0.3317216958479935
13163.629786507583	300	7.542763353243119	0.0	157812	1538.658892703525	0.011607246	0.31755682030734245
13166.548294127257	300	7.9794602561654	0.0	163927	2063.303097077721	0.01096896	0.29238595630256536
13170.974011208411	300	7.55374317501202	0.0	137654	2425.7170811533806	0.009187654	0.22953724032291317
13174.890753529873	300	7.560832787505976	0.0	146754	3492.9103875060423	0.00788079	0.12326101046851934
13178.743933655971	300	7.707652661407745	0.0	153938	2353.1801260982324	0.007231053	0.24641027872816082
13182.490334771197	300	7.96125154618136	0.0	181901	3246.4011152263856	0.0067920648	0.17293811011369647
13186.033260783659	300	7.781495175340222	0.0	111155	1679.7563708411385	0.0064789155	0.31836781137465003
13189.074123192722	300	7.847648724619372	0.0	153605	2933.846450720851	0.0063392073	0.1970934002166257
13191.20413634099	300	7.686150234655681	0.0	149029	1661.4984899636902	0.0062343255	0.31423454066961104
13193.166046377908	300	7.969452478849908	0.0	157421	1216.6977558057733	0.00647765	0.3764210043475419
13195.179605639945	300	7.580278954887679	0.0	157488	1389.1735239622283	0.007794606	0.3348500822842571
13197.04066052818	300	7.61694443230692	0.0	143881	963.3345225807593	0.008712873	0.3797255747611066
13198.407863109947	300	7.632203286250224	0.0	163444	984.7411460566963	0.011977364	0.3785385907849694
13200.677955424952	300	7.628387865604153	0.0	179328	1503.8154206460722	0.015413557	0.3263926995356523
13201.865094135448	300	7.517956943034787	0.0	159914	1110.430922569366	0.015470249	0.3588292166827376
13203.669860209542	300	7.583927828451788	0.0	131610	934.0291145829995	0.015916303	0.38059257781993683
13205.394832788139	300	7.516809995406866	0.0	124011	1067.117833044922	0.019824455	0.3630888414084369
13207.409614598802	300	7.668346467352329	0.0	144254	1848.463528054537	0.02060967	0.29442530140406686
13210.677000559564	300	7.887812690276387	0.0	149991	1780.5337770759415	0.01612704	0.31493491543468005
13212.875232243241	300	7.9121228972800655	0.0	147968	1475.6897929963213	0.018268988	0.34693870178037195
13215.0936330873	300	7.624193420592137	0.0	161857	1287.9294766879282	0.022939615	0.3477191411182158
13217.813686054038	300	7.689402620907396	0.0	145210	1434.7907996847418	0.028737862	0.33710858383823805
13221.113101905501	300	7.772325774202818	0.0	172312	1917.0768467045789	0.030467704	0.2940626762172182
13224.323092401197	300	7.513500081234177	0.0	167025	2258.825692968641	0.031732656	0.24371118578027198
13227.265306276468	300	7.877975520963548	0.0	160064	1635.5245602706286	0.031365268	0.3288210140331589
13228.684771585047	300	7.926587505172234	0.0	137507	951.3880157913133	0.03586762	0.4002729174941333
13230.242923957363	300	7.566549989409539	0.0	118421	860.0375157626951	0.062243324	0.3869056227618267

