1162.751639059068	750	4.0	3.478694088168143	450283	3478.694088168143	0.058269348	0.08553059118318573
1163.9567662267862	300	6.794872832282032	0.0	155580	1205.1271677179675	0.62253565	0.09028866616763093
1165.2249737962798	300	7.987679694553293	0.0	139857	807.1931377287391	0.08399926	0.6960825365224339
1166.5194672769	300	7.930940146300687	0.0	155432	1056.7395482526053	0.086921036	0.6656099744024813
1169.43418059272	300	7.812460445024473	0.0	163442	1118.4797012762133	0.09655728	0.6479138081510086
1171.1827266287619	300	7.71630419137525	0.0	126289	1096.1562536492233	0.08652177	0.6407949572463207
1175.3577898318526	300	7.541240988284659	0.0	153295	2175.06320309059	0.06658984	0.5158793658016241
1178.961071660029	300	7.937959160108283	0.0	173849	3103.2818281763766	0.054047532	0.4616383455028929
1181.7284412529484	300	7.584641832428527	0.0	150710	2353.3173276797556	0.047034457	0.5022746854356988
1185.2642482513986	300	7.738764461073352	0.0	139105	1845.8773713551757	0.038416836	0.5680071067038659
1189.0578663916992	300	7.945146320772614	0.0	141840	3293.618140300737	0.036575623	0.4433036656650631
1192.9670859115556	300	7.632310463592126	0.0	156148	2312.8358571804865	0.032183424	0.5109586068662857
1195.918312190137	300	7.879889069839584	0.0	160746	2252.421393752541	0.027359387	0.5410770726666455
1197.4103013418712	300	7.743297007886758	0.0	179801	1136.5920619528254	0.024585515	0.6393764278217047
1201.3401050130533	300	7.813493336704574	0.0	140051	1429.8036711821833	0.036580708	0.6168818598763015
1204.865214130465	300	7.578539072680552	0.0	138313	2234.9542640240215	0.033993173	0.5135174984157815
1207.2665258458546	300	7.892960727479483	0.0	143509	1685.5783452010694	0.029357247	0.5990325962272729
1208.9155137057808	300	7.611333506460782	0.0	150616	1281.627221018701	0.029751921	0.6120394614014409
1212.715055742418	300	7.81179146982366	0.0	165384	2799.542036637122	0.033391833	0.47974251677663876
1214.2971040790462	300	7.839218577281667	0.0	140881	1472.572892541993	0.032061763	0.6151067173864428
1216.9144511949844	300	7.900282760455861	0.0	157671	1438.9358168258057	0.029117249	0.6244089167717519
1218.7015143838366	300	7.98595676313583	0.0	157812	1414.3259973200313	0.032884005	0.6352016954829565
1220.1494063980845	300	7.708379423278024	0.0	163927	1277.5773398578067	0.034739766	0.6218821649280073
1222.3284072304675	300	7.714036296631624	0.0	137654	1494.3431266463992	0.03630613	0.6007557171827855
1225.01633381879	300	7.7974018553388085	0.0	146754	1416.6344412928154	0.032493882	0.6166338863024176
1227.1480833342885	300	7.747173247404136	0.0	153938	1550.2286079346723	0.034893278	0.598389737516585
1229.5338885410354	300	7.575031078912767	0.0	181901	1672.1421684913698	0.033187952	0.5694575555751297
1230.6374958239667	300	7.995058927574793	0.0	111155	1079.9721513379736	0.035687055	0.6695222655728513
1234.9459614344514	300	7.68659331708986	0.0	153605	1308.4656104849325	0.03310545	0.6166746390384957
1237.731633695964	300	7.644807543372735	0.0	149029	1541.7857737171255	0.03568075	0.5892789562212859
1240.8013725624496	300	7.7218813255276695	0.0	157421	1922.9262178450651	0.036104273	0.5586603371230594
1243.7111149816494	300	7.53041645924793	0.0	157488	1691.464866279739	0.03240487	0.5631865140338874
1245.5905988115655	300	7.509813344250058	0.0	143881	1520.603114997871	0.032651972	0.578269036228531
1249.562694630837	300	7.537717524978374	0.0	163444	1972.095819271684	0.032837998	0.5358334473769785
1253.5257062119208	300	7.574705943894631	0.0	179328	1963.0115810837426	0.03292784	0.5403389949353786
1255.1768653012684	300	7.751120480857604	0.0	159914	1323.585463037026	0.0329033	0.6214379204596994
1257.0822803066626	300	7.547199791315819	0.0	131610	1203.9206895417854	0.03506738	0.6135731107512848
1259.5677469276977	300	7.700213557724534	0.0	124011	1346.986233591286	0.036025483	0.6141471451295824
1261.7468446323276	300	7.894904894131374	0.0	144254	1305.3086635931586	0.03608422	0.6372486345949603
1265.1050095906476	300	7.7227169499896995	0.0	149991	1672.1879441416756	0.03905047	0.5838154289723307
1267.8609815919326	300	7.857719494436411	0.0	147968	1864.9974555532879	0.039328195	0.5776634752786123
1270.2811574554937	300	7.878118883521674	0.0	161857	1479.600610914736	0.037089683	0.6181870003310092
1272.637851543688	300	7.7350593652477215	0.0	145210	1143.0595182739526	0.039546087	0.6379285714429457
1276.4013620133117	300	7.640121444396203	0.0	172312	2094.937920851519	0.04501785	0.5335080183823788
1279.8717523605035	300	7.5942125256861495	0.0	167025	2045.9089187100542	0.043120407	0.5339462762519727
1282.8461980981224	300	7.679230466617719	0.0	160064	2414.982059068431	0.03860672	0.5053069569717301
1284.6034623807168	300	7.725330107595732	0.0	137507	953.9003590219874	0.03617197	0.6558983170614862
1285.9441633283425	300	7.911661600069194	0.0	118421	1313.668507526538	0.04380966	0.6380422398540753

