14445.672093092966	750	4.0	6.3928079957343495	450283	6392.80799573435	0.13190599	-0.289280799573435
14446.741180702706	300	6.93091239026107	0.0	155580	1069.0876097389298	0.32486624	-0.12372673658257613
14449.154625769756	300	7.9451376737770625	0.0	139857	1485.7747164840077	0.02456911	0.3479936329626656
14452.249281054468	300	7.771645254399002	0.0	155432	2173.4924193780603	0.013118681	0.2683785864621316
14454.26025558922	300	7.991739367240846	0.0	163442	1279.9058871581562	0.01109189	0.3714931217367372
14456.401561998071	300	7.521620462762221	0.0	126289	970.1189044786244	0.01347226	0.37308938847477635
14459.014211520847	300	7.815889520310277	0.0	153295	1705.7309424519449	0.014774951	0.3179200007741978
14461.349415112629	300	7.991746962131343	0.0	173849	1324.1425581789335	0.011831606	0.36706992931531557
14463.061813160204	300	7.866078440845593	0.0	150710	1125.6685212857506	0.01153884	0.3790630504242745
14465.64437109492	300	7.943164246181573	0.0	139105	1422.914194664019	0.016947804	0.3541563459199464
14467.176038648813	300	7.6371524155602275	0.0	141840	1306.0118306213458	0.012654378	0.34672084291037963
14468.313947629807	300	7.686025743751066	0.0	156148	951.1266718091622	0.0111525925	0.3852639418035254
14470.303977967911	300	7.994401729291186	0.0	160746	1191.62401445988	0.018073726	0.38048770663471115
14474.44271566379	300	7.855664033411745	0.0	179801	2638.7376958794407	0.017096464	0.22710523250029002
14476.672911784895	300	7.679137934970713	0.0	140051	1676.5260984410313	0.009293391	0.31229351109156644
14478.634144219011	300	7.710356824594621	0.0	138313	968.7811103760926	0.009004203	0.3850191904995546
14479.639064247778	300	7.744122395781049	0.0	143509	966.2344288135718	0.012756853	0.38738420685495834
14482.136812276933	300	7.759591147779221	0.0	150616	984.5312480018285	0.014191187	0.38652132193601846
14484.675247141617	300	7.736982196615027	0.0	165384	1522.608951164195	0.013996797	0.3313004921720196
14486.201081203091	300	7.656978036837278	0.0	140881	1080.004159777749	0.012339631	0.3705607113245549
14487.683935907664	300	7.8134656687497355	0.0	157671	1343.5123680875424	0.014230579	0.3539903674881042
14489.133931524491	300	7.888139009528171	0.0	157812	925.3266592215629	0.011871671	0.40047602217335443
14492.386542446377	300	7.594168041688361	0.0	163927	1293.9709678398094	0.017079439	0.34523840582154164
14493.173667733012	300	7.969925418293347	0.0	137654	624.2426233950134	0.015344379	0.4356960763038329
14497.525862781826	300	7.600269211206274	0.0	146754	1369.656207087073	0.02611265	0.33805120499168484
14499.321305708609	300	7.8438171066791185	0.0	153938	1256.4521045271565	0.01637639	0.36459335871472925
14502.178608888442	300	7.689661004290498	0.0	181901	2154.156102388621	0.013977416	0.265188202529294
14503.90571279885	300	7.532682568807642	0.0	111155	1156.9784354828541	0.011833908	0.35509481700219225
14506.257802628552	300	7.621700372420184	0.0	153605	910.982196387458	0.010788926	0.38525805363751575
14508.30724724826	300	7.9725319312229335	0.0	149029	1149.168441197252	0.01726577	0.38336640158170815
14510.33405811566	300	7.634264572778078	0.0	157421	1338.2673584448548	0.014284296	0.3433147999541444
14512.895677677483	300	7.677726527345822	0.0	157488	1456.5380454322567	0.014918656	0.3342041034158882
14517.010640090755	300	7.562764114072125	0.0	143881	3114.962413273698	0.012536013	0.161176515802138
14521.300264104728	300	7.273140100101419	0.0	163444	4289.624013970705	0.009270553	0.02560885485926817
14526.007673310438	300	6.565730894390601	0.0	179328	4707.409205710818	0.007294425	-0.060382739671669294
14529.4308418162	300	7.142562388628769	0.0	159914	3423.1685057618315	0.0066740825	0.1040932987131149
14532.598654513455	300	7.974749691375555	0.0	131610	2167.8126972532145	0.0061765667	0.2816405859856508
14534.578269442894	300	7.7789713978351465	0.0	124011	1195.7782935404075	0.005824159	0.3666078830106559
14537.313608129805	300	7.8582204008290555	0.0	144254	1420.750997006091	0.006525944	0.34906367535120686
14538.64562351237	300	7.614506501999833	0.0	149991	1243.7138988292227	0.008417728	0.35153526649206734
14541.104398505977	300	7.854269780563378	0.0	147968	1260.2367214364554	0.0117323045	0.3648681891415656
14542.252799958445	300	7.789338238415405	0.0	161857	1064.931542147973	0.017102882	0.3803404856861655
14543.640593108708	300	7.542176551443805	0.0	145210	747.161686971601	0.031529907	0.3966698657680777
14545.334407193483	300	7.615585226201947	0.0	172312	926.5913252418569	0.06169825	0.38331494411343603
14547.21589080641	300	7.878454814003648	0.0	167025	1237.130412198299	0.08393546	0.3686903846553981
14548.965735515218	300	7.630709088465701	0.0	160064	1247.7457255379468	0.080304034	0.3521447454753116
14551.343035476311	300	7.808108571053762	0.0	137507	1322.6005174119384	0.084358566	0.35574673394966627
14552.844284375838	300	7.89483386713055	0.0	118421	913.2747039232137	0.086795285	0.402099646303338

