7940.3841687190015	750	4.0	2.3226168467032533	450283	2322.6168467032535	0.017842574	-9.825796624066145
7942.400016008249	300	5.984152710752376	0.0	155580	1015.8472892476235	0.77020264	-0.3023400105629106
7945.2510970339945	750	5.562844189560301	0.0	350812	2421.308521192075	0.7867504	-0.29512506493167695
7948.828040784957	750	5.985900438598028	0.0	382355	3076.943750962273	0.6438327	0.12187418111973082
7953.110677423853	750	5.527940356602597	0.0	411561	3957.96008199543	0.70013463	0.09474577616531732
7956.685362016206	300	5.5579362720761765	0.0	126289	1970.0040845264216	0.7215594	-0.37385802589030714
7960.434976346971	300	5.808321941312597	0.0	153295	3749.61433076358	0.04674884	0.040004114228316824
7964.667420900802	300	5.575877387481435	0.0	173849	3732.444553831162	0.018813673	0.040188138855547825
7966.588586739656	300	5.62866419766512	0.0	150710	1447.2131898163148	0.006570684	0.1036474798982716
7968.25329976993	300	5.978284021347619	0.0	139105	1150.3801763175024	0.02350723	0.13039167667176518
7971.222055236164	300	5.5210726580078315	0.0	141840	1457.211363339788	0.019240804	0.1029363370158015
7973.611949875283	300	5.866897437545914	0.0	156148	2154.175220461918	0.04786294	0.06963221866781832
7976.586384819873	300	5.832539674579257	0.0	160746	1534.3577629666574	0.014249684	0.09776077237030904
7978.292653257977	300	5.549444032039244	0.0	179801	1283.0956425400122	0.014742634	0.1169047692368906
7980.616340138432	300	5.934186989594433	0.0	140051	1115.2570424448118	0.060478438	0.1344981419450868
7981.828934093112	300	5.767104931258405	0.0	138313	1167.0820583360276	0.08733555	0.1285256670073938
7983.186399291811	300	5.851128251481788	0.0	143509	915.9766797766167	0.08568157	0.16375962763220256
7985.531514494192	300	5.704314938351774	0.0	150616	1146.8133131300135	0.13775566	0.13079722591517787
7987.243895681692	300	5.852275222477476	0.0	165384	1352.0397158742978	0.10146337	0.11094348652546966
7989.51411661495	300	5.932335539361515	0.0	140881	1419.9396831159609	0.06365563	0.10563828998062455
7992.039719920313	300	5.924674516500953	0.0	157671	2007.6610228605623	0.033315822	0.07471380790482075
7994.482775854895	300	5.63711772386053	0.0	157812	2287.556792640423	0.012120713	0.06557214250705523
7996.563039558929	300	5.999735452315373	0.0	163927	1637.382271545157	0.00634681	0.0916096397321126
7999.137475061727	300	5.738958326559847	0.0	137654	1260.7771257555255	0.007966917	0.11897423972544864
8001.498014810074	300	5.895517669558229	0.0	146754	1843.440657001617	0.009109465	0.0813695843314952
8003.736909713603	300	5.779619730066241	0.0	153938	1615.8979394919886	0.0061562536	0.09282764482462147
8007.204532778338	300	5.6923066795175945	0.0	181901	1087.313050548646	0.0054899	0.1379547499446564
8008.002159440232	300	5.9336483651633065	0.0	111155	758.6583143542883	0.0128605375	0.19771746669338025
8009.455232174087	300	5.981596248506335	0.0	153605	952.05211665697	0.020676583	0.157554399990947
8011.921647868491	300	5.873898671902334	0.0	149029	1607.697576604001	0.036559094	0.09330112962964748
8013.7095698878165	300	5.779296687639575	0.0	157421	1594.601984262759	0.008587263	0.09406736068333084
8015.8688028922925	300	5.9813402269336855	0.0	157488	1297.9564607058887	0.0061503868	0.11556628018047929
8017.875987281144	300	5.618386304392656	0.0	143881	1362.9539225410297	0.00749333	0.11005507781242288
8019.953939312281	300	5.82152555998008	0.0	163444	1296.8607444125744	0.005582777	0.11566392201033424
8022.039796433876	300	5.559142590044021	0.0	179328	1262.382969936059	0.0072226217	0.11882289572363104
8023.6508492895155	300	5.885353228554039	0.0	159914	1173.7893614899813	0.006976409	0.1277912417008052
8024.858891612417	300	5.604963795177636	0.0	131610	780.3894333764015	0.0081694815	0.19221172607503928
8026.570473532327	300	5.687999384985059	0.0	124011	916.9644101925769	0.011834026	0.16358322998435418
8028.174365272448	300	5.718362174283593	0.0	144254	969.6372107014663	0.008447307	0.1546970334311791
8029.310010083756	300	5.772667061839509	0.0	149991	945.6951124440834	0.009097937	0.15861348760948485
8030.4706630941255	300	5.8823153965865895	0.0	147968	890.3516652529203	0.010273142	0.16847275728674
8032.177273378628	300	5.954160969893434	0.0	161857	928.1544266931563	0.01123514	0.16161103765288545
8033.823975551764	300	5.9750378167299605	0.0	145210	979.1231531634722	0.014454378	0.15319829739023272
8037.025237841282	300	5.683196167958006	0.0	172312	1791.8416487719542	0.009025056	0.08371275447403687
8040.198374635229	300	5.521338081857316	0.0	167025	2161.8580861006903	0.004705182	0.06938475793781296
8042.7639378429585	300	5.999195788915751	0.0	160064	1522.1422929415644	0.004705182	0.09854532043132616
8044.646232899957	300	5.664758717810053	0.0	137507	834.4370711056978	0.004705182	0.17976190799054223
8046.933206297405	300	5.915201098032982	0.0	118421	1749.5576197770704	0.004705182	0.08573595879575151

