9827.596387296071	750	4.0	0.9321555281170851	450283	932.1555281170852	0.21863145	-3.676365037423033
9828.3809283487	750	7.2154589473707595	0.0	398865	784.541052629241	0.7226564	0.6561568171494009
9830.146908393317	1850	7.705817205900759	0.0	877771	1509.6417414700004	0.123267	-0.4103208567190769
9833.1595347869	2850	7.552673146377585	0.0	1520281	2653.1440595231747	0.580927	-0.3859251569902472
9835.134348742982	1850	7.745007297206481	0.0	996749	1807.665849171104	0.24431793	-0.33635117595375486
9837.996908690298	2850	7.5323013293543575	0.0	1224260	2712.705967852123	0.3547748	-0.393842158732084
9841.514607766907	2850	7.983378852280983	0.0	1388403	3048.9224770733745	0.13734671	0.6159529227229072
9845.236772981127	2850	7.906684578339353	0.0	1638769	3576.6942739416304	0.14020032	0.555793830621167
9847.921102158907	2850	7.922255388037931	0.0	1348011	2484.4291903014223	0.090869576	0.6665190473960882
9850.866477911777	2850	7.784517481491617	0.0	1429765	2637.7379065463147	0.10682902	0.6379307432400331
9853.638456752138	2850	7.627346994024565	0.0	1354548	2657.1704874670527	0.10576959	0.6208596442667191
9857.346113862603	2850	7.700922701089186	0.0	1519951	3426.424292935378	0.1140949	0.5510160104723208
9860.340758296741	2850	7.899216802183766	0.0	1422919	2801.70589890542	0.11152012	0.6325738860478277
9863.283457233269	2850	7.6093366015370245	0.0	1578343	2789.880200646741	0.11968077	0.6058551518777712
9865.67576450254	2850	7.8345923252921965	0.0	1231445	2274.7442762448286	0.100276396	0.6790498678003285
9868.465007188643	2850	7.608752574102961	0.0	1471065	2725.839751189237	0.10644306	0.612202983508699
9871.304989893428	2850	7.9004625985677706	0.0	1491626	2708.28997553519	0.09995416	0.6420353877251561
9872.939806422855	1850	7.838900717578182	0.0	885714	1561.5618809895882	0.103551984	-0.302703429019372
9876.048613736075	2850	7.981124432838451	0.0	1537156	2857.7762847397316	0.19877185	-0.3651494485179314
9878.483408639178	2850	7.5742425193764795	0.0	1336050	2406.881913461971	0.08967993	0.6407771346701217
9881.249618867882	2850	7.8800938140440335	0.0	1415116	2694.148705332446	0.08989034	0.6414889957180656
9884.278454758893	2850	7.501706615925316	0.0	1468126	2878.3871981187176	0.089252606	0.5866449417503221
9887.620632177066	2850	7.840842277083822	0.0	1505760	3160.8643388414935	0.09172289	0.5910394266165414
9890.308340297503	2850	7.867644808981362	0.0	1323990	2473.1974681024603	0.09938303	0.6623858883306764
9893.137841445023	2850	7.550149532789082	0.0	1383735	2817.49527619228	0.10771053	0.5973968206212892
9895.789503088701	2850	7.905321680013772	0.0	1480464	2644.8278527753105	0.106717214	0.6488492922004159
9898.80846208677	2850	7.694258995381271	0.0	1547572	2711.062684632501	0.11976431	0.621910781934583
9901.182867531938	2850	7.881004539166666	0.0	1141971	2313.2544562146054	0.109085485	0.6796660789743887
9904.007007837372	2850	7.624509842923955	0.0	1498470	2756.494696242711	0.12296726	0.6106541443200624
9907.208162213738	2850	7.722755382958327	0.0	1561263	2901.7544599656294	0.10885731	0.6055844146063109
9909.623336902794	2850	7.814867934644408	0.0	1341201	2407.8874483139193	0.10708971	0.663837055220605
9912.48978006113	2850	7.755290061661721	0.0	1497683	2559.5778729826875	0.1078337	0.6429335736929995
9915.806353738684	2850	7.735435841712764	0.0	1358081	3019.854219948956	0.10049051	0.5949949474034255
9919.418964974653	2850	7.727489890580094	0.0	1587293	3507.945951132669	0.111572094	0.5454209673144685
9923.028518337082	2850	7.870045913733702	0.0	1492672	3357.4439768463917	0.11812545	0.5741923465609121
9926.949301988294	2850	7.949262262521741	0.0	1439896	2920.7836512119616	0.1393701	0.6254830441551199
9929.390923683915	2850	7.849897942658981	0.0	1139291	2099.36431986276	0.1448935	0.6980610467813202
9932.60422256032	2850	7.884377182785822	0.0	1499009	2965.52075987316	0.15141957	0.6147640694507915
9935.44789125825	2850	7.7714319159355805	0.0	1427478	2612.9452668502418	0.16163053	0.6391505064168197
9939.060819718481	2850	7.520329301260608	0.0	1402287	3251.102614674971	0.16208868	0.5511658550591999
9941.893384021454	2850	7.95496011065246	0.0	1339500	2565.3691906081467	0.1854213	0.6615729146765825
9944.795134923617	2850	7.597682215753601	0.0	1527299	2857.2778948988603	0.1642244	0.5979936343652335
9947.614581173044	2850	7.515195623321865	0.0	1343002	2582.4865924317364	0.14037448	0.6175333348547873
9950.814612412507	2850	7.508659817787999	0.0	1587250	3006.535805533866	0.1493335	0.5744993347159694
9953.472430100725	2850	7.916498638194121	0.0	1464921	2592.1611795938775	0.14363137	0.6551917546478709
9956.567510856756	2850	7.641786605090827	0.0	1483527	2774.7120331032943	0.14992428	0.6104953189395996
9958.903771398465	2850	7.878840662298635	0.0	1231456	2262.9459427921925	0.13153514	0.6844886546697593
9961.436338065012	2850	7.504214609385148	0.0	1364537	2374.626052913488	0.13705349	0.6372624535369793

