12230.827126590033	750	4.0	5.259051639025879	450283	5259.051639025879	0.004705182	-22.542616415971267
12232.786630335286	300	5.954773937350686	0.0	155580	1545.2260626493135	0.036718037	-0.3529268249961933
12234.25761264464	300	5.5214216144616115	0.0	139857	1433.3523228890754	0.11557843	0.10464977633528294
12236.348735833511	300	5.904675060909143	0.0	155432	1616.7465535524689	0.16050859	0.0927789205243121
12238.835572155838	300	5.748445203103765	0.0	163442	1656.2298578053762	0.21384725	0.09056713915226766
12241.796968747714	750	5.983050172827282	0.0	318564	2265.3950302764833	0.6592682	-0.28446595627331606
12245.399603004718	750	5.689733753574577	0.0	352642	2793.3164192527047	0.6986041	0.13424902292319738
12248.838470513414	750	5.709958918101854	0.0	437162	2479.7748354727228	0.7486305	0.1512234073173475
12250.977767309634	750	5.669856890003936	0.0	374758	2040.1020280979196	0.7317231	0.18381433616319162
12252.5971643062	300	5.809755713781775	0.0	139105	860.1011762221603	0.7125922	-0.2756019127204918
12254.790883532329	300	5.812544120540082	0.0	141840	1497.2115932416918	0.60841984	0.1001862399924563
12256.238202954612	300	5.962138163891787	0.0	156148	850.4059566482953	0.2621454	0.17638634681158039
12257.339939555208	300	5.5447265964101184	0.0	160746	917.4115674816678	0.49858582	0.16350349757607277
12258.911336258703	300	5.806190765969314	0.0	179801	1238.5358304408048	0.45608312	0.12111074731411993
12260.359197786805	300	5.948690447996465	0.0	140051	857.5003179728492	0.29949337	0.17492704883725702
12261.357752834367	300	5.569593538780929	0.0	138313	879.0969092155349	0.4585548	0.17062965234840038
12262.245332627876	300	5.815532668298943	0.0	143509	754.060870481987	0.26619658	0.1989229329777074
12263.54330500057	300	5.878306005465467	0.0	150616	937.226662833477	0.45154947	0.16004666314817748
12266.468133932796	300	5.771264308432066	0.0	165384	1607.0416970334013	0.31262445	0.09333920848282902
12267.71724396563	300	5.670603000212257	0.0	140881	1100.6613082198096	0.07758213	0.13628170526190966
12270.214757974967	300	5.6360703054001675	0.0	157671	1034.5326948120892	0.07801362	0.1449930009483613
12272.754809947859	300	5.807534976216453	0.0	157812	1328.535329183714	0.08896622	0.11290629364908483
12274.779335874577	300	5.951030368112888	0.0	163927	1356.5046081035657	0.05113209	0.11057831953088941
12276.818617970506	300	5.835399993754399	0.0	137654	1115.6303743584874	0.040841132	0.13445313380451243
12278.100314964495	300	5.781377319395007	0.0	146754	1054.022674359392	0.025035288	0.14231192900206455
12279.899654173647	300	5.755544827134945	0.0	153938	1025.8324922600623	0.03482451	0.14622270315256597
12281.559136526694	300	5.767557013556249	0.0	181901	987.9878135786954	0.0394663	0.15182373500809598
12283.04120075353	300	5.872272241373137	0.0	111155	895.2847721831109	0.073982865	0.16754445586540231
12285.29516274899	300	5.778680942470158	0.0	153605	1093.591298902978	0.03139941	0.13716275920489726
12286.984410234192	300	5.8542425431457925	0.0	149029	1424.4383993243675	0.02416255	0.10530465906503732
12290.225690775866	300	5.556006834749765	0.0	157421	1298.235708396026	0.011583402	0.11554142212381867
12293.927507810598	300	5.571620676521587	0.0	157488	1984.386158228178	0.009172974	0.07559012613448798
12295.950691698807	300	5.838744208670041	0.0	143881	1232.8764678515463	0.004899716	0.12166669079295127
12299.045903561404	300	5.721292035549696	0.0	163444	1617.4521731203456	0.00586004	0.09273844537277662
12300.991182195625	300	5.902532486677468	0.0	179328	1818.7595488722277	0.0050674304	0.08247379379699293
12303.874671922154	300	5.504047147085916	0.0	159914	1398.4853395915516	0.004705182	0.10725890057868588
12305.316859242144	300	5.715455699561076	0.0	131610	1288.5914475248387	0.004705182	0.1164061738017306
12307.431075084358	300	5.620145786186491	0.0	124011	1095.309913374586	0.004705182	0.1369475416668683
12309.803533791885	300	5.9733693303431625	0.0	144254	1646.776455843328	0.004705182	0.09108704430874544
12311.773681820277	300	5.736136513487861	0.0	149991	1737.2328168553017	0.004705182	0.08634421278751025
12314.909350099477	300	5.794759931657782	0.0	147968	1941.3765818300803	0.004705182	0.07726476223309507
12317.168086422662	300	5.6425375762492855	0.0	161857	1652.2223554084956	0.004705182	0.09078681178049669
12321.150591399635	300	5.660032599273651	0.0	145210	1482.504976975634	0.004705182	0.10118009877174622
12323.172193943163	300	5.898740885385778	0.0	172312	1761.2917138878734	0.004705182	0.08516476789009027
12325.740131705406	300	5.634927366584039	0.0	167025	1763.8135188017384	0.004705182	0.08504300392362553
12328.541426097361	300	5.611342278327505	0.0	160064	1523.5850882565348	0.004705182	0.09845200058478364
12330.805947932618	300	5.8029360360486555	0.0	137507	1808.4062422788495	0.004705182	0.08294596451457645
12334.738943868379	300	5.829495931656842	0.0	118421	1973.4401043918137	0.004705182	0.07600940087625709

