14982.340546199615	750	4.0	4.665178135276565	450283	4665.178135276565	0.004705182	-19.31026598168923
14983.839380767506	300	6.501165432110702	0.0	155580	1498.8345678892972	0.004705182	-0.15000000000000002
14985.280909749421	300	9.059636450196395	0.0	139857	1441.5289819143081	0.004705182	0.3
14988.340192257245	300	10.000353942372927	0.0	155432	3059.282507823468	0.004705182	0.3
14992.405192763777	300	9.935353435839435	0.0	163442	4065.000506533491	0.004705182	0.3
14995.328732759765	300	11.011813439851737	0.0	126289	2923.539995987698	0.004705182	0.3
14998.190440851062	300	12.15010534855435	0.0	153295	2861.708091297388	0.004705182	0.3
15001.593503483899	300	12.747042715718758	0.0	173849	3403.0626328355916	0.004705182	0.3
15004.51127003662	300	13.829276162996456	0.0	150710	2917.766552722302	0.004705182	0.3
15007.107239321278	300	15.233306878338324	0.0	139105	2595.969284658131	0.004705182	0.3
15010.545238206041	300	15.795307993574422	0.0	141840	3437.9988847639015	0.004705182	0.3
15015.740619792557	300	14.599926407058215	0.0	156148	5195.381586516208	0.004705182	0.3
15019.970727273687	300	14.369818925929478	0.0	160746	4230.107481128735	0.004705182	0.3
15023.751656087132	300	14.588890112485023	0.0	179801	3780.9288134444546	0.004705182	0.3
15027.238060705777	300	15.102485493839552	0.0	140051	3486.404618645471	0.004705182	0.3
15031.520765942418	300	14.819780257200604	0.0	138313	4282.705236638948	0.004705182	0.3
15036.603894700695	300	13.736651498923296	0.0	143509	5083.128758277308	0.004705182	0.3
15039.944836886494	300	14.395709313123865	0.0	150616	3340.942185799432	0.004705182	0.3
15041.45231679462	300	16.88822940499606	0.0	165384	1507.4799081278047	0.004705182	0.3
15042.349892799375	300	19.990653400240554	0.0	140881	897.5760047555111	0.0055770185	0.3
15044.317954522687	750	22.022591676929128	0.0	386472	1968.0617233114249	0.6930985	0.3
15046.370767642335	750	23.969778557280595	0.0	399894	2052.8131196485338	0.07490714	0.75
15048.515592016043	750	25.82495418357102	0.0	401853	2144.8243737095772	0.30580658	0.75
15050.00673707806	750	28.333809121554413	0.0	343800	1491.1450620166079	0.51610017	0.75
15052.549563684204	1200	29.790982515409205	0.0	587236	2542.8266061452077	0.1474854	0.75
15055.771874883152	1200	30.568671316461216	0.0	590335	3222.3111989479894	0.004705182	1.2
15059.400248020467	1200	30.940298179147877	0.0	696376	3628.373137313338	0.004705182	1.2
15061.94303206042	1200	32.39751413919391	0.0	487160	2542.784039953968	0.004705182	1.2
15066.856443708644	1200	31.484102490969278	0.0	622896	4913.411648224634	0.004705182	1.2
15072.215335305373	1200	30.125210894242173	0.0	641447	5358.891596727106	0.0048816344	1.2
15076.888901810087	1200	29.45164438952723	0.0	570392	4673.566504714941	0.009143295	1.2
15082.336083562908	1200	28.004462636705068	0.0	620283	5447.1817528221645	0.011382871	1.2
15087.083115736463	1200	27.257430463151195	0.0	584349	4747.03217355387	0.028782967	1.2
15092.613115485885	1200	25.72743071372947	0.0	670129	5529.999749421728	0.041613914	1.2
15097.557792883248	1200	24.78275331636469	0.0	690253	4944.677397364776	0.11856767	1.2
15101.731697314852	1200	24.60884888476237	0.0	598727	4173.904431602322	0.03760542	1.2
15105.078518076547	1200	25.262028123067033	0.0	487812	3346.8207616953378	0.014216812	1.2
15108.279137695361	1200	26.061408504252967	0.0	575591	3200.6196188140666	0.007644674	1.2
15111.377359879027	1200	26.963186320587873	0.0	605884	3098.222183665092	0.004705182	1.2
15114.413884516109	1200	27.926661683506207	0.0	587506	3036.5246370816635	0.006609668	1.2
15117.377077260757	1200	28.96346893885763	0.0	566904	2963.192744648577	0.052665725	1.2
15120.397894240787	1200	29.942651958827494	0.0	641452	3020.8169800301366	0.20925544	1.2
15122.755470401324	1200	31.585075798290035	0.0	599477	2357.5761605374587	0.46844676	1.2
15131.849393711413	2850	26.491152488201696	0.0	1587250	9093.923310088338	0.015201582	1.2000000000000002
15138.733904451032	2850	23.606641748582962	0.0	1464921	6884.510739618735	0.004705182	2.85
15145.38019173833	2850	20.960354461285124	0.0	1483527	6646.287287297836	0.004705182	2.85
15151.20229756556	2850	19.138248634053813	0.0	1231456	5822.105827231313	0.004705182	2.85
15158.069850993279	2850	16.270695206335652	0.0	1364537	6867.553427718161	0.004705182	2.85

