8593.154107556707	750	4.0	2.572266498290951	450283	2572.266498290951	0.14341575	-10.892853306188043
8594.163177714398	300	6.990929842309494	0.0	155580	1009.0701576905071	0.6732919	0.13802392021445156
8597.317671112658	750	7.836436444049975	0.0	350812	2654.493398259518	0.25128812	0.0789313835966507
8605.022762230952	750	4.131345325757787	0.0	382355	7705.091118292189	0.5547304	-0.3327476862870166
8607.948596965234	300	5.205510591473525	0.0	163442	2925.834734284262	0.1130411	-0.22550120170901855
8610.132754209584	300	7.021353347123906	0.0	126289	2184.1572443496184	0.050089024	0.47344350901264654
8613.33518483399	300	7.8189227227163975	0.0	153295	3202.4306244075083	0.22882608	0.44838314424820847
8617.496837432567	300	7.657270124139427	0.0	173849	3661.6525985769704	0.1516559	0.38690169758083254
8621.352826154833	300	7.801281401874221	0.0	150710	2855.988722265205	0.11525091	0.4813293369634408
8625.517815623592	300	7.636291933113247	0.0	139105	3164.989468760974	0.5941287	0.43454883545561174
8629.280686904918	300	7.8734206517873915	0.0	141840	2762.871281325855	0.14236954	0.49758456715050914
8633.143802840299	300	7.811285607348143	0.0	156148	2062.1350444392483	0.052406486	0.5616776210733428
8636.725777241065	300	7.700788904887811	0.0	160746	2110.496702460332	0.28853646	0.5462060200845105
8638.810541402088	300	7.659145621077579	0.0	179801	2041.6432838102307	0.48497558	0.5490831478031748
8642.046109047564	750	7.812922317996528	0.0	337059	2346.2233030810517	0.61473083	0.10749513133341682
8644.732548089361	750	7.659374934944399	0.0	366214	2153.54738305213	0.23132832	0.5619836104380914
8648.040409961119	750	7.976889833188967	0.0	360831	1682.4851017554315	0.75128686	0.6396510141133542
8657.833617687691	1200	4.0	1.816317893382793	581493	9793.20772657176	0.57506204	-8.790299627076376
8659.736592401005	300	6.09702528668647	0.0	165384	1902.9747133135309	0.20698771	-0.4874058808917501
8662.29847481295	300	7.535142874743639	0.0	140881	2061.882411942831	0.6315491	0.5351238274868371
8670.509978190634	750	4.0	0.6763605029408736	386472	8211.503377684512	0.57586443	-3.7543812141220667
8673.435202551016	300	5.074775639618013	0.0	157812	2925.224360381987	0.024464983	-0.23802355437604578
8676.014054592677	300	6.495923597958971	0.0	163927	2578.8520416590427	0.006342667	0.3834008092851488
8680.606744491775	750	5.90323369886012	0.0	343800	4592.68989909885	0.297064	-0.30096126270764173
8682.957016363162	300	7.552961827474219	0.0	146754	1850.271871385901	0.4522996	0.1079999763158733
8685.732697539344	300	7.736112792002101	0.0	153938	1816.8490354721177	0.033291303	0.5789707517015796
8687.706151165357	300	7.733802125802071	0.0	181901	1502.3106662000293	0.6565202	0.610202184339236
8691.351609229334	750	7.796644511719726	0.0	277716	2937.1576140823463	0.5722627	0.046834942585464
8697.206099522982	750	5.942154218071147	0.0	400396	5854.490293648578	0.15913625	0.026604842747466773
8698.906707350041	300	7.608245733313251	0.0	149029	1333.9084847578972	0.5560584	0.16495745474418896
8700.320708500352	300	7.819594805809023	0.0	157421	1288.6509275042279	0.69043565	0.639825802712161
8704.605083388857	750	7.535219917303083	0.0	400322	4284.37488850594	0.31037357	-0.1130492038995084
8707.55133127168	750	7.776958564548133	0.0	369834	2758.26135275495	0.1140147	0.5128297735743584
8711.446417160068	750	7.603408794887988	0.0	412837	3173.549769660145	0.17959183	0.4545965661806726
8714.889580814377	750	7.877595098596888	0.0	401088	2725.8136962911003	0.2086017	0.5257609218137109
8718.470787300072	750	7.900666839758346	0.0	365161	2976.928258838544	0.5575006	0.5028701472834338
8720.93456245404	750	7.555918376202497	0.0	321064	1844.7484635558483	0.26278728	0.5829056891621529
8724.315494867284	1200	7.774965500285787	0.0	575591	3280.9528759167106	0.7737578	0.034437587356490995
8728.862420495312	1200	7.228039872256051	0.0	605884	4546.925628029736	0.4682371	0.3051980889896446
8736.375741496862	1200	4.0	0.28528112929475175	587506	7513.321001550803	0.7241029	-1.5288528689957026
8740.488942788861	300	4.0	0.11320129199884923	147968	4113.201291998849	0.29708868	-1.3970351993374643
8744.074493091366	300	4.414449697495507	0.0	161857	3585.550302504493	0.004992814	0.08238671709742384
8745.861165208911	300	6.627777579949571	0.0	145210	1786.6721175459363	0.004705182	0.4753098996962022
8749.535405947963	300	6.9535368408981535	0.0	172312	3674.240739051418	0.017035114	0.31790774252010806
8752.454657853721	300	7.8088561400249095	0.0	167025	2644.680700873244	0.0071034716	0.5031892163951196
8755.272220951523	300	7.747360193564891	0.0	160064	1561.4959464600186	0.080271736	0.6055886359889922
8757.546223448182	300	7.573392520907599	0.0	137507	1173.9676726572923	0.38604987	0.6275968740201296
8761.461775953701	300	7.65784001538888	0.0	118421	1915.552505518718	0.69985586	0.5615665595773904

