7626.1787043513405	750	4.0	4.717391294739914	450283	4717.391294739914	0.33580387	-20.110363962730467
7627.633634487869	300	6.545069863471299	0.0	155580	1454.9301365287008	0.1189522	-0.3802325581395349
7629.317719751354	300	7.794187947363007	0.0	139857	1250.881916108293	0.4374299	0.06976744186046512
7631.4211118255935	300	7.98909351718201	0.0	155432	1805.094430180997	0.70391965	0.06976744186046512
7633.872745726247	300	7.507425379334589	0.0	163442	1981.6681378474207	0.710382	0.06976744186046512
7637.843909477192	750	7.536261628389191	0.0	318564	3971.1637509453976	0.4718638	-0.2755813953488372
7639.470667970687	300	7.95844716711696	0.0	153295	1577.8144612722326	0.31276917	-0.3802325581395349
7641.530538655224	300	7.91798383621046	0.0	173849	1540.463330906499	0.19482641	0.06976744186046512
7645.3911947534925	750	7.502359420990971	0.0	374758	3415.6244152194877	0.5416285	-0.2755813953488372
7649.201447784257	750	7.6921063902256686	0.0	362795	3810.2530307653033	0.5864429	0.1744186046511628
7652.1689631917725	300	7.800991119674864	0.0	141840	1391.1152705508052	0.34855038	-0.3802325581395349
7653.87765378989	300	7.619845841398553	0.0	156148	1681.1452782763108	0.17920397	0.06976744186046512
7655.865261402451	300	7.5198147713381625	0.0	160746	1600.0310700603902	0.15335262	0.06976744186046512
7658.743826413121	300	7.704320446654516	0.0	179801	1815.4943246836465	0.22910091	0.06976744186046512
7662.490501107028	300	7.9576457527467594	0.0	140051	2246.6746939077566	0.19189829	0.06976744186046512
7666.624563476525	300	7.823583383250077	0.0	138313	3134.0623694966816	0.08334622	0.06976744186046512
7670.084640827699	300	7.530448620507279	0.0	143509	2293.1347627427986	0.043570034	0.06976744186046512
7673.71387767543	300	7.901211772776658	0.0	150616	2629.2368477306213	0.04771455	0.06976744186046512
7676.540615225811	300	7.865932658417487	0.0	165384	2535.2791143591717	0.041738063	0.06976744186046512
7678.783048598356	300	7.765445271256933	0.0	140881	2100.487387160554	0.037896145	0.06976744186046512
7681.046508853667	300	7.939688112443291	0.0	157671	1325.7571588136425	0.029871572	0.06976744186046512
7682.947788252948	300	7.5578999467508	0.0	157812	1381.78816569249	0.09658977	0.06976744186046512
7685.771008575283	300	7.621035397578016	0.0	163927	1436.8645491727843	0.11619932	0.06976744186046512
7688.217756901603	300	7.735839182998854	0.0	137654	1885.1962145791613	0.19564448	0.06976744186046512
7689.730432273681	300	7.800277476530428	0.0	146754	1435.5617064684263	0.102310896	0.06976744186046512
7692.076913363178	300	7.86059377888658	0.0	153938	1439.683697643848	0.16157202	0.06976744186046512
7694.878111958255	300	7.92339324877503	0.0	181901	2437.200530111549	0.23642369	0.06976744186046512
7697.381862331727	300	7.528517008521867	0.0	111155	1394.876240253163	0.13184945	0.06976744186046512
7698.871918913244	300	7.622925832372022	0.0	153605	1405.5911761498448	0.097674556	0.06976744186046512
7701.055726776982	300	7.523254612687262	0.0	149029	1599.6712196847607	0.1350621	0.06976744186046512
7704.750387496879	300	7.828593892790246	0.0	157421	2194.6607198970164	0.11094144	0.06976744186046512
7706.26837299717	300	7.993999834119148	0.0	157488	1334.594058671098	0.07314372	0.06976744186046512
7708.79846062452	300	7.780651741254865	0.0	143881	1213.348092864282	0.14518939	0.06976744186046512
7710.612341508653	300	7.737081070930842	0.0	163444	1543.5706703240237	0.16533872	0.06976744186046512
7713.100194178129	300	7.893309791097736	0.0	179328	1843.7712798331067	0.1726099	0.06976744186046512
7717.062631946149	300	7.930872023077271	0.0	159914	1962.4377680204655	0.12733467	0.06976744186046512
7721.76649550026	750	7.227008468966837	0.0	321064	4703.863554110434	0.067924224	-0.2755813953488372
7725.059976274186	300	7.933527695041208	0.0	124011	1793.480773925629	0.031939946	-0.3802325581395349
7727.2777083017845	300	7.591593424091487	0.0	144254	1341.9342709497225	0.020350592	0.06976744186046512
7728.7220714828645	300	7.897310706875549	0.0	149991	1194.282717215938	0.034940615	0.06976744186046512
7730.397821087157	300	7.5994761796610275	0.0	147968	1297.8345272145214	0.0679599	0.06976744186046512
7732.676062324678	300	7.9743131089398815	0.0	161857	1625.1630707211473	0.05272049	0.06976744186046512
7735.261890967471	300	7.937937780443368	0.0	145210	1536.3753284965135	0.04188371	0.06976744186046512
7737.398281529425	300	7.914469218614797	0.0	172312	1523.4685618285714	0.03317699	0.06976744186046512
7740.3759683028065	300	7.8570867934862	0.0	167025	1557.3824251285973	0.0759496	0.06976744186046512
7742.662556435561	300	7.703944953735645	0.0	160064	1653.1418397505554	0.07539317	0.06976744186046512
7744.957675821483	300	7.723108393276969	0.0	137507	1480.8365604586756	0.053567573	0.06976744186046512
7746.955945113988	300	7.766115111755651	0.0	118421	1456.9932815213187	0.040133566	0.06976744186046512

