12552.242004291938	750	4.0	1.7041197936685797	450283	1704.1197936685796	0.17375739	-7.073007805849609
12554.082512335686	750	6.159491956252071	0.0	398865	1840.5080437479282	0.3818429	0.44892207596659817
12555.808785597084	750	7.60366921565108	0.0	350812	1555.8227406009928	0.4866405	0.6163943348857065
12559.454248210817	1200	7.958206601918391	0.0	617681	3145.4626137326877	0.8084011	0.06562378116961942
12563.828916078359	1850	7.583538734376265	0.0	996749	3874.6678675421263	0.20774525	-0.20859291338818176
12567.437108008022	1850	7.589733308741126	0.0	801058	3493.805425635139	0.0066591925	0.48008956573713407
12571.47909309632	1850	7.547748220440753	0.0	905515	4041.9850883003733	0.007884838	0.4212304862474553
12575.950608461791	1850	7.076232854971221	0.0	1060487	4471.515365469532	0.0069442326	0.3328935602119815
12580.926545557055	1850	6.100295759707339	0.0	852833	4975.937095263882	0.005178367	0.18851631503684135
12584.336628728128	1850	6.690212588635151	0.0	913888	3410.0831710721877	0.0623463	0.4018818833338549
12587.698422472442	1850	7.328418844320817	0.0	939819	3361.793744314335	0.0055759475	0.4681389149659001
12590.803556924626	1850	7.668702035702194	0.0	917428	2659.716808618623	0.004705182	0.5710992585828104
12594.1493319481	1850	7.608523412498353	0.0	946851	3060.178623203841	0.004705182	0.5252608151611726
12597.865072230865	1850	7.892783129733565	0.0	1036454	3715.740282764787	0.004705182	0.4870649751834655
12602.334238846108	1850	7.423616514489416	0.0	821631	4469.1666152441485	0.004705182	0.36656451353793434
12605.950868794314	1850	7.74055317997658	0.0	923170	3183.063334512837	0.0052393284	0.5256803615861545
12609.60793492594	1850	7.823803435310689	0.0	966699	3416.7497446658904	0.004705182	0.5103246537640544
12613.019099010786	1850	7.943379591115845	0.0	885714	3380.4238441948437	0.004705182	0.5254665868650834
12617.414086172039	1850	7.548392429862718	0.0	987708	4394.987161253127	0.004705182	0.38599228485282167
12620.848350482089	1850	7.659123909040241	0.0	923755	3389.268520822476	0.004705182	0.4972221816127038
12624.084399341338	1850	7.523597374029713	0.0	891604	2635.5265350105296	0.004705182	0.55955179472581
12627.701671289928	1850	7.906325425438535	0.0	955231	3617.2719485911775	0.004705182	0.49821527019780365
12632.065866117397	1850	7.542130597968647	0.0	968026	4364.194827469887	0.004705182	0.38846880968168956
12636.178456375415	1850	7.429540339950876	0.0	874175	4112.590258017772	0.004705182	0.402792324300641
12643.1647162234	1850	4.443280491964926	0.0	897976	6986.25984798595	0.004808124	-0.17200559287678363
12644.368232635561	300	7.239764079802894	0.0	153938	1203.516412162032	0.52833885	-0.9574701225802548
12645.998983823527	300	7.86656630460346	0.0	181901	1373.197775199434	0.41867724	0.6358921789329525
12647.991953036662	300	7.798858437568166	0.0	111155	1067.7078670352948	0.6378733	0.6599242093745198
12651.004908707424	300	7.860011256237749	0.0	153605	1438.847181330417	0.5995761	0.628696307346467
12654.39943716501	300	7.884801296160178	0.0	149029	1475.2099600775705	0.16543937	0.627446099435839
12655.672427585045	300	7.747965258396225	0.0	157421	1136.8360377639524	0.21290503	0.6481128650471976
12657.604298957795	300	7.695106753656828	0.0	157488	1052.8585047393972	0.5654073	0.6514229262402453
12658.828774410465	300	7.537375528327289	0.0	143881	657.7312253295383	0.6269553	0.675753841633322
12662.52198305513	750	7.844166883663933	0.0	412837	3193.208644663356	0.05145319	0.02580392269435572
12669.7979257889	750	4.568224149893743	0.0	401088	7275.94273377019	0.048589244	-0.2477827566095318
12671.104447270489	300	7.261702668305428	0.0	159914	1306.5214815883146	0.004705182	0.1343409849498718
12672.79616940784	300	7.587050109811142	0.0	131610	1174.6525584942876	0.027647283	0.6288429441368827
12674.22850402992	300	7.644417655200814	0.0	124011	942.6324546103282	0.02098715	0.6575666470032269
12675.744611919306	300	7.5612147032409505	0.0	144254	1083.2029519598632	0.2948078	0.6355012170794536
12676.478186132636	300	7.9358801227902696	0.0	149991	625.334580450682	0.35003167	0.7173500334351722
12678.068059640234	750	7.600063118430895	0.0	345516	1335.8170043593746	0.055737495	0.18804781748897495
12681.286857843057	1850	7.607692359639323	0.0	1025005	2992.370758791573	0.9546623	-0.5680383881947815
12683.792809184182	1850	7.577930387091045	0.0	886255	2029.7619725482793	0.004705182	0.625357866209835
12687.381524312521	1850	7.9892152587525835	0.0	973972	3088.7151283384605	0.26053798	0.5590491943807215
12691.70508439516	1850	7.66565517611145	0.0	958994	3823.5600826411332	0.0126304105	0.4544216674271724
12695.311234063487	1850	7.926812641227149	0.0	982064	3238.8425348843	0.004705182	0.5380301297418364
12702.282608547073	1850	4.955438157642614	0.0	830730	6971.374483584535	0.004705182	-0.12122128979913238
12703.588923719744	300	7.649122984970982	0.0	118421	806.3151726716317	0.8315639	-0.8783487313799458

