4686.090203747477	750	4.0	1.256359210868177	450283	1256.359210868177	0.20620674	-5.227926002081998
4687.399077180248	750	6.691126567228839	0.0	398865	1308.8734327711609	0.15893447	0.1744186046511628
4688.787643502247	750	7.949459689903751	0.0	350812	1241.6668773250879	0.09644245	0.1744186046511628
4690.82461720577	750	7.844422555709711	0.0	382355	1105.0371341940404	0.099752456	0.1744186046511628
4693.160779389701	750	7.817309781773169	0.0	411561	2027.112773936542	0.0874548	0.1744186046511628
4695.129268154965	750	7.9725900802887155	0.0	318564	1344.7197014844528	0.06972222	0.1744186046511628
4698.017105673344	750	7.905555872088595	0.0	352642	2067.0342082001207	0.057468247	0.1744186046511628
4700.210894769851	750	7.659062997974716	0.0	437162	1746.4928741138792	0.0880774	0.1744186046511628
4702.339907742037	750	7.713204565878747	0.0	374758	1445.8584320959687	0.055489067	0.1744186046511628
4703.865314715366	750	7.757078344509026	0.0	362795	1456.1262213697214	0.044246238	0.1744186046511628
4704.928564840277	750	7.8650936389334145	0.0	353220	891.9847055756113	0.04286199	0.1744186046511628
4706.4971551281005	750	7.956431247589402	0.0	405134	908.6623913440122	0.03496144	0.1744186046511628
4708.2332533727	750	7.633346068779618	0.0	386351	1323.0851788097837	0.035345256	0.1744186046511628
4709.952339883146	750	7.805309356000984	0.0	434409	1328.0367127786328	0.03105393	0.1744186046511628
4711.258745662017	750	7.677631370149346	0.0	337059	1127.6779858516384	0.030957334	0.1744186046511628
4712.165018646472	750	7.803858745831205	0.0	366214	873.7726243181403	0.031475987	0.1744186046511628
4713.6298774684265	750	7.672679514922767	0.0	360831	1131.1792309084374	0.02847833	0.1744186046511628
4715.678379187613	750	7.540268436552171	0.0	372963	1132.4110783705971	0.027070388	0.1744186046511628
4718.632419604687	750	7.5512936008732465	0.0	405596	1988.9748356789248	0.024315357	0.1744186046511628
4721.573484842231	750	7.728293696498806	0.0	350713	2822.999904374441	0.037860908	0.1744186046511628
4722.757058939521	750	7.600539366888111	0.0	386472	1127.7543296106949	0.24455042	0.1744186046511628
4726.826878651664	750	7.530719654745984	0.0	399894	4069.8197121421267	0.032886386	0.1744186046511628
4731.328570941525	750	7.029027364885147	0.0	401853	4501.692289860837	0.63640136	0.1744186046511628
4735.200341068085	300	7.157257238324871	0.0	137654	3871.7701265602755	0.53882074	-0.3802325581395349
4738.934665878752	300	7.422932427659125	0.0	146754	3734.3248106657466	0.023515616	0.06976744186046512
4742.961259854736	300	7.3963384516736514	0.0	153938	4026.593975985474	0.009295497	0.06976744186046512
4747.474203224692	300	6.883395081718049	0.0	181901	4512.943369955602	0.005877438	0.06976744186046512
4750.620462508985	300	7.737135797425759	0.0	111155	2146.2592842922895	0.004705182	0.06976744186046512
4754.386585654621	300	7.971012651789893	0.0	153605	2766.123145635866	0.004772526	0.06976744186046512
4757.321625290411	300	7.881166056433894	0.0	149029	2089.846595355999	0.0047640633	0.06976744186046512
4758.92593956176	300	7.741605411977036	0.0	157421	1139.560644456858	0.00600254	0.06976744186046512
4759.9499608898395	300	7.996971609382777	0.0	157488	744.6338025942592	0.02116811	0.06976744186046512
4762.0049110328755	300	7.929190314607764	0.0	143881	1067.7812947750144	0.38118702	0.06976744186046512
4764.301937794741	750	7.9192613008050845	0.0	412837	2009.9290138026786	0.3510217	-0.2755813953488372
4768.472952867719	750	7.702302623847747	0.0	401088	3716.958676957338	0.44141945	0.1744186046511628
4772.413004392415	750	7.762251099152241	0.0	365161	3440.051524695505	0.45958513	0.1744186046511628
4773.976552980555	300	7.757530851440047	0.0	131610	1004.7202477121941	0.30014986	-0.3802325581395349
4776.334321098974	300	7.588060943444281	0.0	124011	1169.4699079957668	0.19393964	0.06976744186046512
4777.800486137611	300	7.5391275243380536	0.0	144254	1048.9334191062285	0.09840944	0.06976744186046512
4779.540135646623	300	7.9479185940970325	0.0	149991	1091.2089302410204	0.15567993	0.06976744186046512
4781.777751875071	300	7.843330788258489	0.0	147968	1604.5878058385451	0.13338995	0.06976744186046512
4784.742691872438	300	7.957374933879968	0.0	161857	2385.9558543785197	0.06561731	0.06976744186046512
4788.539100631534	300	7.978662702325946	0.0	145210	1978.712231554022	0.037118837	0.06976744186046512
4792.269614586603	300	7.732253988562572	0.0	172312	2246.408713763374	0.03245997	0.06976744186046512
4795.191830830568	300	7.578198387233095	0.0	167025	2654.0556013294768	0.023190916	0.06976744186046512
4798.9954535341485	300	7.635467366260223	0.0	160064	2442.731020972871	0.012157908	0.06976744186046512
4802.211668879251	300	7.512805563513346	0.0	137507	1622.6618027468774	0.009356724	0.06976744186046512
4803.618246882677	300	7.911293361477989	0.0	118421	1101.5122020353574	0.009342943	0.06976744186046512

