10512.372125441987	750	4.0	8.793419615156727	450283	8793.419615156727	0.027504334	-0.3833220963993937
10515.372486749246	300	4.999638692742964	0.0	155580	3000.361307257036	0.017148342	-0.1318682934772183
10518.001223380294	300	6.370902061693952	0.0	139857	2628.7366310490115	0.006004788	0.5246066848491557
10520.480484344747	300	7.89164109724028	0.0	155432	2479.2609644536724	0.0051730825	0.7273228086410003
10524.390471060122	300	7.981654381865632	0.0	163442	2409.9867153746472	0.0058326656	0.745364345952002
10527.391713555244	300	7.566915708050396	0.0	126289	1914.7386738152368	0.006677214	0.7436805728642621
10531.14357368988	300	7.815055573412617	0.0	153295	2251.8601346377773	0.0054772864	0.740606730525774
10534.73663163044	300	7.8777086812045765	0.0	173849	2437.346892208041	0.006187126	0.7297939538118895
10537.0886420047	300	7.769558989650115	0.0	150710	2108.149691554462	0.0058504427	0.7493602246247328
10541.34480282977	300	7.513398164580063	0.0	139105	2256.160825070052	0.0062748324	0.7029304442941967
10544.929376683162	300	7.928824311189779	0.0	141840	2584.573853390284	0.0061707012	0.7213826022865805
10548.734352399912	300	7.773634061897246	0.0	156148	2155.190249292532	0.0060795117	0.7451593258148548
10551.945773416057	300	7.917816320904159	0.0	160746	2355.8177409930863	0.006299293	0.7428990359129533
10555.753672322224	300	7.791668491097304	0.0	179801	3126.1478298068555	0.006240132	0.6502903132275994
10559.546293661682	300	7.936233369097639	0.0	140051	2855.4351219996643	0.0061081536	0.6952112859753492
10563.732319672967	300	7.750207357812393	0.0	138313	2186.026011285246	0.005586734	0.739183209658655
10567.07687532505	300	7.664535665192556	0.0	143509	2085.6716926198374	0.0056792293	0.7386405937903124
10569.852735351798	300	7.881047617250458	0.0	150616	2283.4880479420976	0.00594569	0.7455921030577841
10574.034662834156	300	7.699120134892761	0.0	165384	2681.9274823576975	0.0058298297	0.6832852254332091
10576.762508661308	300	7.917346999599133	0.0	140881	2281.773135293629	0.0057412386	0.7502455484837904
10580.847787490948	300	7.832068169960175	0.0	157671	2585.2788296389567	0.0056958403	0.709365438857974
10584.91601935488	300	7.7638363060276205	0.0	157812	2568.231863932555	0.00558104	0.7026454166954219
10588.692324714933	300	7.5304753425656	0.0	163927	2733.3609634620207	0.0056124204	0.657318982280977
10592.49522033791	300	7.727579719588443	0.0	137654	2302.8956229771575	0.0056840163	0.7247023707225946
10595.199445539687	300	7.9883871093847905	0.0	146754	2239.1926102036523	0.0055804076	0.7632750592122333
10597.819268117535	300	7.6809920588460265	0.0	153938	2307.3950505387643	0.005720944	0.7185001603956668
10600.277510227728	300	7.608084848905084	0.0	181901	2072.9072099409414	0.0056203976	0.7329469518090017
10602.430091699274	300	7.529461472258336	0.0	111155	1078.6233766467485	0.006364401	0.8226675564566392
10605.224236933009	300	7.684367969839713	0.0	153605	1845.0935024186215	0.0068190033	0.7651471453945013
10607.841542361133	300	7.925241130936633	0.0	149029	1759.12683890308	0.0068652127	0.8034848816166127
10610.20800531482	300	7.991098963203214	0.0	157421	1934.1421677334179	0.007107497	0.7941149412366378
10612.61775673634	300	7.992383616420277	0.0	157488	1998.715346782937	0.007143574	0.787816241921296
10616.924842834984	300	7.664358571467312	0.0	143881	2328.0250449529644	0.007416486	0.7143833924560521
10621.003655388304	300	7.585546018146408	0.0	163444	3078.8125533209045	0.0070526097	0.6295735049317179
10624.560274329171	300	7.661173322218523	0.0	179328	2424.3726959278847	0.0065759406	0.704355338542023
10628.529472036878	300	7.69197561451229	0.0	159914	1969.1977077062324	0.007110441	0.7536760553030837
10631.731142490858	300	7.886862411843985	0.0	131610	1805.1132026683042	0.0071874587	0.7941475513944207
10634.252243809726	300	7.589590325567077	0.0	124011	1797.2720862769088	0.006966812	0.7582269100080854
10636.0032575461	300	7.960998145174777	0.0	144254	1628.5921803922997	0.0067656045	0.8209533344009641
10637.958349595092	300	7.784662870168606	0.0	149991	1676.3352750061724	0.007156951	0.7944065712933515
10639.874105054421	300	7.556163522498495	0.0	147968	1728.4993476701109	0.0076650586	0.7609769125651265
10642.91813689711	300	7.847775647484448	0.0	161857	2208.3878750140466	0.007681219	0.7489939666109375
10645.874728525472	300	7.977301836138992	0.0	145210	1870.4738113454575	0.007789833	0.7987782192098088
10648.541301571979	300	7.7770742168948725	0.0	172312	2200.227619244119	0.007926051	0.7410803513365496
10651.054792614725	300	7.73850138515242	0.0	167025	2038.572831742452	0.008088994	0.7524831687809348
10655.019247948767	300	7.774046051109335	0.0	160064	1964.455334043085	0.008224888	0.7642836864357455
10658.531122860997	300	7.547795353018138	0.0	137507	1726.2506980911962	0.008575462	0.7601685436331542
10661.502157331972	300	7.635090253600942	0.0	118421	1412.7050994171968	0.008312504	0.8023015718270103

