5531.653541635464	750	4.0	2.184991174137217	450283	2184.991174137217	0.13260871	-9.221043444138871
5533.293929410548	750	6.35961222491618	0.0	398865	1640.3877750838199	0.70847183	0.1744186046511628
5535.329893614914	750	7.829319530588549	0.0	350812	1530.2926943276307	0.11566268	0.1744186046511628
5539.136442922148	750	7.578880689211354	0.0	382355	2250.438841377195	0.09065234	0.1744186046511628
5550.682104881487	750	4.0	3.966781270127456	411561	11545.66195933881	0.08655702	-16.8827408568969
5553.555221966993	300	5.126882914494781	0.0	126289	2873.1170855052183	0.068948455	-0.3802325581395349
5555.99491812092	300	6.687186760565981	0.0	153295	2439.6961539287995	0.010847906	0.06976744186046512
5558.924226033403	300	7.757878848083383	0.0	173849	1929.3079124825979	0.021417983	0.06976744186046512
5560.757815429606	300	7.86303089087236	0.0	150710	1394.8479572110223	0.057137616	0.06976744186046512
5564.4964459659695	300	7.723086294487167	0.0	139105	2139.9445963851927	0.07144846	0.06976744186046512
5567.126795438678	300	7.687254628272198	0.0	141840	2035.8316662149705	0.014463112	0.06976744186046512
5568.865284480832	300	7.780268934141059	0.0	156148	906.9856941311402	0.018516798	0.06976744186046512
5570.640025971529	300	7.958649920004569	0.0	160746	821.6190141364892	0.63107896	0.06976744186046512
5573.727694990994	750	7.896376605652582	0.0	434409	2562.2733143519863	0.50804913	-0.2755813953488372
5576.937468703771	750	7.79918756841954	0.0	337059	2097.189037233041	0.18905732	0.1744186046511628
5581.586028141857	750	7.150628130333294	0.0	366214	4648.559438086247	0.2458745	0.1744186046511628
5584.212803220308	300	7.712812695623572	0.0	143509	1937.815434709721	0.443492	-0.3802325581395349
5586.843002181291	300	7.622192994102976	0.0	150616	1590.6197015205967	0.18618579	0.06976744186046512
5588.108137598546	300	7.684414948555981	0.0	165384	937.778045546995	0.17521454	0.06976744186046512
5588.93496826029	300	7.589678355988617	0.0	140881	594.7365925673643	0.55444556	0.06976744186046512
5590.759985419465	300	7.733216830088988	0.0	157671	856.4615258996294	0.51681244	0.06976744186046512
5593.282239590615	750	7.936367542051508	0.0	399894	2296.8492880374793	0.50532776	-0.2755813953488372
5595.410236994673	750	7.8100712911288825	0.0	401853	2126.2962509226245	0.2538573	0.1744186046511628
5597.295471846619	750	7.748304398824287	0.0	343800	1561.766892304596	0.20120257	0.1744186046511628
5598.969415103721	750	7.658066750093261	0.0	359903	1590.237648731026	0.105355464	0.1744186046511628
5601.030320022117	750	7.709467137980866	0.0	379700	1948.5996121123949	0.07436113	0.1744186046511628
5603.028104363224	750	7.856727615569722	0.0	425781	1852.7395224111433	0.13086687	0.1744186046511628
5604.389416755819	750	7.728593809619848	0.0	277716	1128.1338059498742	0.09640917	0.1744186046511628
5605.9070724158555	750	7.966355229924071	0.0	400396	1262.2385796957767	0.08637279	0.1744186046511628
5608.725623235134	750	7.934788322455599	0.0	400508	1531.566907468473	0.026572732	0.1744186046511628
5610.915411963032	750	7.523385957411141	0.0	358218	1911.4023650444578	0.031143218	0.1744186046511628
5612.6543296645605	750	7.643120273573653	0.0	400322	1380.2656838374878	0.13542898	0.1744186046511628
5614.281006948245	750	7.869107617076594	0.0	369834	1274.01265649706	0.04259612	0.1744186046511628
5615.8094670208175	750	7.926209956384457	0.0	412837	1442.8976606921358	0.032913294	0.1744186046511628
5618.305798900596	750	7.735825169935037	0.0	401088	1690.384786449421	0.024180029	0.1744186046511628
5620.441484243136	750	7.7759560498300635	0.0	365161	1959.8691201049742	0.051484052	0.1744186046511628
5622.1737022165435	750	7.987755265343773	0.0	321064	1288.200784486291	0.211486	0.1744186046511628
5623.808041343102	750	7.9925942820251965	0.0	361565	1495.1609833185755	0.097030476	0.1744186046511628
5625.287134248674	750	7.722636838859025	0.0	378327	1269.9574431661715	0.11293685	0.1744186046511628
5627.378619483023	750	7.731461962387499	0.0	390680	1491.174876471527	0.042073913	0.1744186046511628
5629.769376570826	750	7.526238616424365	0.0	345516	1705.2233459631334	0.058772713	0.1744186046511628
5633.6111349434805	750	7.684480243769733	0.0	384505	3341.758372654633	0.20396198	0.1744186046511628
5634.915037794242	300	7.521174823136089	0.0	145210	663.3054206336441	0.6872766	-0.3802325581395349
5636.594156762479	300	7.801914087582579	0.0	172312	719.2607355535087	0.665426	0.06976744186046512
5637.843869720206	300	7.921986792059746	0.0	167025	879.9272955228344	0.612131	0.06976744186046512
5641.850252168331	750	7.915604343935198	0.0	393804	4006.3824481245483	0.67667043	-0.2755813953488372
5644.625116962445	300	7.94125594954348	0.0	137507	2474.348394391718	0.49629658	-0.3802325581395349
5647.136874744998	300	7.530635272127214	0.0	118421	2410.620677416266	0.023793288	0.06976744186046512

