7287.893008266423	750	4.0	2.572266498290951	450283	2572.266498290951	0.05385642	-10.892853306188043
7288.902078424114	300	6.990929842309494	0.0	155580	1009.0701576905071	0.35741246	0.13802392021445156
7292.056571822373	750	7.836436444049975	0.0	350812	2654.493398259518	0.5000751	0.0789313835966507
7299.761662940665	750	4.131345325757787	0.0	382355	7705.091118292189	0.13852116	-0.3327476862870166
7302.68749767495	300	5.205510591473525	0.0	163442	2925.834734284262	0.004705182	-0.22550120170901855
7304.8716549192995	300	7.021353347123906	0.0	126289	2184.1572443496184	0.004705182	0.47344350901264654
7308.074085543707	300	7.8189227227163975	0.0	153295	3202.4306244075083	0.004705182	0.44838314424820847
7312.2357381422835	300	7.657270124139427	0.0	173849	3661.6525985769704	0.004705182	0.38690169758083254
7316.091726864548	300	7.801281401874221	0.0	150710	2855.988722265205	0.004705182	0.4813293369634408
7320.256716333309	300	7.636291933113247	0.0	139105	3164.989468760974	0.004705182	0.43454883545561174
7324.019587614635	300	7.8734206517873915	0.0	141840	2762.871281325855	0.004705182	0.49758456715050914
7327.882703550017	300	7.811285607348143	0.0	156148	2062.1350444392483	0.004705182	0.5616776210733428
7331.464677950781	300	7.700788904887811	0.0	160746	2110.496702460332	0.004705182	0.5462060200845105
7333.549442111805	300	7.659145621077579	0.0	179801	2041.6432838102307	0.004705182	0.5490831478031748
7334.895909299551	300	7.552472503961607	0.0	140051	1106.6731171159722	0.004705182	0.6323127537898247
7336.14936190953	300	7.995643243836334	0.0	138313	1056.8292601252733	0.017091002	0.6799528348684214
7338.62085369194	300	7.813209032308449	0.0	143509	682.4342115278859	0.142239	0.6998328362376153
7344.571857220255	750	5.862205503993782	0.0	372963	5951.003528314666	0.24938384	-0.44074163675456307
7347.848217504515	300	6.5858452197347015	0.0	165384	3276.3602842590803	0.010785738	-0.12769495505916
7350.715910045176	300	7.718152679072602	0.0	140881	1867.6925406620985	0.004705182	0.5721577195771146
7353.983387105653	300	7.736471115643695	0.0	157671	2981.6815634289073	0.004705182	0.4625219879701098
7357.801160448	300	7.918697773296062	0.0	157812	3817.773342347634	0.004705182	0.3964523362686303
7361.559894858362	300	7.811114940162577	0.0	163927	3107.582833133484	0.004705182	0.45711641529026326
7365.521664402204	300	7.849345396321529	0.0	137654	2461.769543841048	0.004705182	0.5253774697641076
7368.281931456174	300	7.815672434621169	0.0	146754	2033.67296170036	0.004705182	0.5649460665371094
7370.995246783083	300	7.742311855452001	0.0	153938	2073.3605791691684	0.004705182	0.5539162643461093
7373.979649082967	300	7.595088136579197	0.0	181901	2147.2237188728036	0.004705182	0.5323594974558292
7375.692724019342	300	7.632139944747371	0.0	111155	962.9481918318262	0.004705182	0.6543533294745971
7379.465770030747	300	7.85909393334266	0.0	153605	2273.046011404711	0.0070377393	0.5451881309512823
7382.361980719398	300	7.932574880991364	0.0	149029	2426.519052351296	0.004705182	0.5369134529058709
7385.464084867454	300	7.866368706112836	0.0	157421	1566.206174878527	0.004705182	0.6165723198821815
7389.434077875146	300	7.6343211653562	0.0	157488	2232.0475407566364	0.0058928574	0.5276533395840628
7392.01057987683	300	7.920042902481558	0.0	143881	1714.2782628746404	0.004705182	0.6069313144530641
7394.394625020937	300	7.669132152332662	0.0	163444	1250.9107501488963	0.005673405	0.6291176163326455
7396.60469570709	300	7.710664010735122	0.0	179328	1458.4681415975415	0.038368873	0.6123593665099816
7399.085878410262	300	7.5908738979271515	0.0	159914	1119.7901128079714	0.12095955	0.6346972327264676
7401.102619119183	300	7.983199948648627	0.0	131610	1107.6739492785248	0.21098869	0.6736706844247662
7402.534893261286	300	7.7915961524184345	0.0	124011	691.6037962301925	0.2714333	0.6968356131246346
7403.766811029019	300	7.910972531988874	0.0	144254	880.62362042956	0.3508977	0.6894237450653772
7407.251479780836	750	7.789285244231307	0.0	390680	3121.6872877575674	0.31822217	0.027673637225476055
7411.40016954129	750	7.64059548377705	0.0	345516	4148.689760454257	0.06569907	0.3606618288410447
7415.311614060106	300	7.729150964961003	0.0	161857	3411.4445188160466	0.65566	-0.031158880523356136
7419.240657362603	300	7.800107662463855	0.0	145210	3929.0433024971485	0.004705182	0.3739109051668478
7423.321935882705	300	7.7188291423617885	0.0	172312	3081.278520102068	0.004705182	0.45086423200571846
7426.950570851195	300	7.706230407580832	0.0	167025	3512.5987347809564	0.004705182	0.406519567769185
7429.844038699277	300	7.712514543395362	0.0	160064	2493.71586418547	0.004705182	0.5090127101562852
7431.851899610198	300	7.778460165382292	0.0	137507	1434.0543780130706	0.004705182	0.6213262010278515
7434.786372645488	300	7.773126828691633	0.0	118421	1005.3333366906588	0.004705182	0.663684965345967

