9221.255962947776	750	4.0	6.619212714537035	450283	6619.212714537035	0.6734512	-28.288196067858088
9223.366925292028	300	5.8890376557490836	0.0	155580	2110.9623442509164	0.019083358	-0.3802325581395349
9225.672987295817	300	7.582975651959863	0.0	139857	1806.0620037892206	0.02794655	0.06976744186046512
9231.566492872005	750	5.689470075772209	0.0	382355	5893.505576187654	0.27869558	-0.2755813953488372
9233.66067784233	300	7.595285105447565	0.0	163442	2094.184970324645	0.015518809	-0.3802325581395349
9237.565664803447	300	7.690298144330486	0.0	126289	1904.98696111708	0.34220892	0.06976744186046512
9241.449021877415	300	7.806941070361474	0.0	153295	2883.3570739690103	0.14016661	0.06976744186046512
9247.460884949836	750	5.795077997940305	0.0	437162	6011.863072421169	0.24697825	-0.2755813953488372
9249.394716769846	300	7.861246177931817	0.0	150710	1933.831820008488	0.33335838	-0.3802325581395349
9251.701318069076	300	7.636928725069758	0.0	139105	1724.317452862059	0.3256622	0.06976744186046512
9254.419140830729	300	7.519159276977069	0.0	141840	2117.7694480926893	0.48473513	0.06976744186046512
9257.518105041654	300	7.794703885544163	0.0	156148	1224.455391432906	0.31200182	0.06976744186046512
9261.334803462358	750	7.978005464840164	0.0	386351	3816.698420703999	0.54222393	-0.2755813953488372
9265.293623181795	750	7.76919922041999	0.0	434409	3708.8062444201737	0.32042414	0.1744186046511628
9268.296772127782	750	7.8976314420354194	0.0	337059	2371.5677783845713	0.21099141	0.1744186046511628
9271.701246598555	750	7.936184823848857	0.0	366214	2961.446618186563	0.17261344	0.1744186046511628
9272.871248585474	300	7.852697689883166	0.0	143509	1083.4871339656916	0.34253854	-0.3802325581395349
9276.935926969354	750	7.788019306001846	0.0	372963	3064.678383881318	0.5240128	-0.2755813953488372
9281.03658768161	750	7.687358593746907	0.0	405596	4100.660712254939	0.18065092	0.1744186046511628
9285.067294358276	750	7.656651917080584	0.0	350713	4030.7066766663224	0.25142038	0.1744186046511628
9289.577197422112	750	7.146748853244698	0.0	386472	4509.903063835886	0.2680472	0.1744186046511628
9293.017137479934	300	7.706808795423651	0.0	157812	2439.940057821048	0.6926489	-0.3802325581395349
9297.032492151298	300	7.691454124058277	0.0	163927	3015.354671365373	0.46474758	0.06976744186046512
9299.705481547748	300	7.943838640023338	0.0	137654	2247.6154840349395	0.3248729	0.06976744186046512
9303.826921151225	300	7.82239903654515	0.0	146754	2621.439603478188	0.44160074	0.06976744186046512
9307.91160105623	750	7.543465894539193	0.0	379700	3778.9331420059575	0.56779265	-0.2755813953488372
9311.23851512736	750	7.787882197473915	0.0	425781	3255.583697065277	0.64910734	0.1744186046511628
9314.202481114002	750	7.786564405683639	0.0	277716	2501.3177917902754	0.34735727	0.1744186046511628
9320.385726358112	750	5.6033191615737605	0.0	400396	6183.2452441098785	0.47296983	0.1744186046511628
9322.651106334713	300	7.33793918497181	0.0	149029	2265.379976601951	0.08070018	-0.3802325581395349
9324.989027108877	300	7.664615472172838	0.0	157421	2173.3237127989723	0.17668605	0.06976744186046512
9328.873993399482	300	7.7796491815687805	0.0	157488	1884.9662906040587	0.30851713	0.06976744186046512
9332.369866489795	300	7.936494350396977	0.0	143881	1843.1548311718027	0.31565267	0.06976744186046512
9336.819381939627	750	7.486978900563658	0.0	412837	4449.5154498333195	0.65983665	-0.2755813953488372
9341.202058462259	750	7.104302377931782	0.0	401088	4382.676522631875	0.6566004	0.1744186046511628
9346.156247947336	750	6.150112892855683	0.0	365161	4954.1894850761	0.65384275	0.1744186046511628
9348.49355834733	300	7.812802492859453	0.0	131610	2337.310399996229	0.19639629	-0.3802325581395349
9351.800591262054	300	7.892491050837096	0.0	124011	1920.3114420223571	0.10530582	0.06976744186046512
9354.412505057962	300	7.514894984731972	0.0	144254	2377.5960661051236	0.26967138	0.06976744186046512
9358.087582732696	300	7.514515002767687	0.0	149991	2000.379981964286	0.16145612	0.06976744186046512
9360.524444081879	300	7.923433098061269	0.0	147968	2091.0819047064188	0.5442583	0.06976744186046512
9364.716105949137	300	7.73177123080268	0.0	161857	2191.6618672585882	0.61601126	0.06976744186046512
9368.316296356346	300	7.810396740564935	0.0	145210	1921.374490237745	0.6313019	0.06976744186046512
9371.993885021853	300	7.896010366297396	0.0	172312	2414.386374267539	0.6356151	0.06976744186046512
9379.137138300175	750	4.752757087975373	0.0	398987	7143.253278322023	0.5755029	-0.2755813953488372
9381.796619012417	300	6.093276375733262	0.0	160064	2659.480712242111	0.02203393	-0.3802325581395349
9385.535846927964	300	6.35404846018691	0.0	137507	3739.227915546352	0.020554949	0.06976744186046512
9389.000495626116	300	6.88939976203384	0.0	118421	3464.6486981530697	0.011619057	0.06976744186046512

