13744.777657901714	750	4.0	7.571061952176263	450283	7571.061952176264	0.004705182	-32.88755330328341
13746.757452324875	300	6.020205576839139	0.0	155580	1979.794423160861	0.0047274064	-0.05248183764214459
13748.164332510236	300	7.927193595526365	0.0	139857	1093.0119813127735	0.009249067	0.6697462050707076
13750.287562650048	300	7.992512618095603	0.0	155432	1434.6809774307612	0.08888204	0.6418663367958365
13752.408711490003	300	7.836212803157912	0.0	163442	1156.29981493769	0.28901944	0.654660415400097
13753.536070385404	300	7.809957896567258	0.0	126289	1026.2549065906553	0.4402239	0.665137841162622
13754.909761539231	300	7.6436643045569985	0.0	153295	1166.2935920102582	0.30312458	0.6351280223939793
13757.268354130012	300	7.9130667805260675	0.0	173849	1730.5975240309297	0.5248724	0.6046279285448777
13761.292376625463	300	7.889044285076465	0.0	150710	3024.0224954496025	0.14988552	0.4729732384806076
13765.351311037164	300	7.830109873375052	0.0	139105	3058.934411701413	0.018210407	0.46380954168593436
13769.30001674307	300	7.88140416746884	0.0	141840	3948.705705906211	0.0061082295	0.37976954729424955
13773.23558207561	300	7.94583883492882	0.0	156148	3935.5653325400203	0.004705182	0.38728549576749044
13776.235495379944	300	7.83849376523472	0.0	160746	2607.3450696940995	0.004705182	0.5097754351578532
13778.710311493736	300	7.962369749359252	0.0	179801	1376.1240158754692	0.004705182	0.6448207470337839
13781.377387525117	300	7.8331778350772945	0.0	140051	1129.1919142819572	0.021086331	0.6570790862838624
13783.427108804362	300	7.722259196804396	0.0	138313	1110.9186382728974	0.039224166	0.6482303668889352
13785.19641762676	300	7.597006148991743	0.0	143509	1125.2530478126541	0.04923897	0.6347411754710094
13787.899919151776	300	7.762283288075992	0.0	150616	1834.7228609157494	0.098194264	0.5797023096196996
13790.091251191801	300	7.656006628713076	0.0	165384	2106.276659362916	0.017193655	0.5423176786086723
13793.286165198593	300	7.8960772345986205	0.0	140881	2759.9293941144556	0.008001073	0.5000594781255822
13797.590301019345	300	7.591941413846504	0.0	157671	3804.1358207521175	0.005032059	0.3663654115718004
13799.668243346528	300	7.967530466968987	0.0	157812	1624.4109468775164	0.004705182	0.6204887789618669
13802.457440845843	300	7.724697440865464	0.0	163927	1742.8330261035228	0.009399813	0.5852736119118461
13804.427421356522	300	7.5228893744320375	0.0	137654	1201.8080664334273	0.0092062745	0.6199518484854017
13806.22810176979	300	7.941635413770037	0.0	146754	1081.2539606620003	0.030511703	0.6723120488156636
13808.097200305443	300	7.836799362646929	0.0	153938	1104.8360511231067	0.14042857	0.6598632488095904
13811.991257759717	300	7.94274190837405	0.0	181901	2394.057454272878	0.37309504	0.5411382008377248
13813.926470865148	300	7.989295310559097	0.0	111155	953.4465978149536	0.013060511	0.6896801051924586
13818.108713783866	300	7.807052391840929	0.0	153605	2682.2429187181674	0.085924655	0.4992593817653862
13820.932173003932	300	7.8223274472896795	0.0	149029	2484.7249445512493	0.006175494	0.5204814209049669
13823.98058492748	300	7.95748859465816	0.0	157421	1364.8388526315202	0.0054159192	0.6454794465826196
13826.669836813544	300	7.904649196634614	0.0	157488	1552.8393980235458	0.029769035	0.6215935389774699
13828.943333162173	300	7.726107333090527	0.0	143881	1178.5418635440883	0.061972015	0.6418384319222551
13830.198422918298	300	7.736039692821734	0.0	163444	990.0676402687943	0.10832213	0.6616418553414043
13834.268012006865	300	7.6664506042540905	0.0	179328	3069.589088567643	0.63746285	0.4469916803922039
13838.177661054535	300	7.756801556584673	0.0	159914	1909.649047669419	0.009074861	0.5716820679593129
13840.669309777686	300	7.783107301954538	0.0	131610	2473.694254630134	0.0062678177	0.5178095056266152
13844.701564522204	300	7.750852557437247	0.0	124011	3532.2547445172904	0.004705182	0.40884890023811793
13848.597487656427	300	7.85492942321273	0.0	144254	3895.923134224516	0.004705182	0.38249957976112503
13852.885543083177	300	7.566873996461938	0.0	149991	3288.055426750793	0.004705182	0.4155606831068663
13855.12636055973	300	7.758559164293208	0.0	147968	1808.3148321687297	0.004705182	0.5819846612805895
13856.650386570656	300	7.827797452371702	0.0	161857	1430.7617119215056	0.004705182	0.6264042384725271
13858.71333303948	300	7.932956362711717	0.0	145210	894.8410896599842	0.004705182	0.6901179672310289
13861.39824120123	300	7.51455496667013	0.0	172312	1418.4013960415878	0.120952606	0.5974903191549401
13864.919253118853	300	7.817302419311909	0.0	167025	1697.25254735822	0.02832855	0.5987449958797201
13868.68820723999	300	7.789705058175196	0.0	160064	1527.5973611367133	0.013992799	0.6130542366296917
13871.897004083421	300	7.860985045059884	0.0	137507	1928.7200131153118	0.013984141	0.5798027524664043
13875.784849179232	300	7.9731399492481065	0.0	118421	2387.8450958117764	0.006386664	0.5446852832142823

