8356.987180313254	750	4.0	3.0006457348380566	450283	3000.645734838057	0.011339663	-12.777803559631842
8359.113302209069	300	5.757261895671289	0.0	155580	1242.7381043287116	0.43936774	-0.3292987842913006
8360.187217539928	300	5.79699619751027	0.0	139857	960.2656981610168	0.49472386	0.15620676682220516
8364.45513153293	750	5.529082204508034	0.0	382355	3767.9139930022366	0.7286501	-0.3504754352948477
8366.518402267046	300	5.568228688465247	0.0	163442	1960.8535160427875	0.7806153	-0.3735026998331237
8369.970566727905	750	5.828354971672022	0.0	318564	2239.873716793225	0.41089192	-0.28257984716349155
8372.893081988183	750	5.908242737416431	0.0	352642	2420.1122342555914	0.7863002	0.15495149137798034
8376.864524725503	750	5.75372288651684	0.0	437162	3154.5198508995904	0.71327007	0.11887704554880495
8381.033437721922	750	5.517727850618141	0.0	374758	3735.995035898699	0.6818399	0.1003748657042295
8382.799807236132	300	5.83100205467303	0.0	139105	1186.7257959451108	0.21110557	-0.3236018037928132
8384.409093460976	300	5.616180834783481	0.0	141840	714.8212198895496	0.13629493	0.20984267929703765
8385.618537213079	300	5.843691413509463	0.0	156148	772.4894212740192	0.33358186	0.19417741637498964
8387.624083323934	750	5.9643955759462495	0.0	386351	1879.2958375632136	0.6298859	-0.2504571752331218
8390.564138347749	750	5.562493157784698	0.0	434409	1901.902418161551	0.68468916	0.19717099911071612
8392.131794229317	300	5.637741515077072	0.0	140051	924.7516427076259	0.7292665	-0.28779428651696404
8393.292702569435	300	5.74873943104985	0.0	138313	889.0020840272235	0.39660907	0.16872851334666455
8395.852592115876	300	5.724747871724055	0.0	143509	1523.9915593257942	0.3293632	0.09842574198137895
8398.79288413653	300	5.672550792954166	0.0	150616	1552.1970787698904	0.13948014	0.09663721318099269
8401.664040964366	300	5.9310199310275005	0.0	165384	1741.5308619266657	0.047830116	0.08613111790281691
8404.452179392687	300	5.97176366647406	0.0	140881	1459.25626455344	0.022933489	0.10279208912349802
8406.434752097985	300	5.9449184290567825	0.0	157671	1026.8452374172766	0.01940556	0.14607848830002887
8407.906006694868	300	5.51715486935497	0.0	157812	927.763559701813	0.06081819	0.16167912441852167
8409.008010779617	300	5.677898245422319	0.0	163927	839.2566239326527	0.071743175	0.1787295991744677
8409.908699790813	300	5.888927522682203	0.0	137654	788.9707227401158	0.16778705	0.19012112322627905
8411.087640223248	300	5.910316479292677	0.0	146754	978.6110433895273	0.13784891	0.15327846646861706
8412.585975833481	300	5.941313278098212	0.0	153938	969.0032011944633	0.082034305	0.1547982502174391
8413.635604520949	300	5.971165181734763	0.0	181901	970.1480963634498	0.083088845	0.15461556906854457
8414.416082911646	300	5.805666305938341	0.0	111155	665.4988757964217	0.11619452	0.22539482102128375
8416.758868872803	300	5.696763039810106	0.0	153605	1608.903266128234	0.08711225	0.09323121107272622
8418.919881810169	300	5.538197947141359	0.0	149029	1158.5650926687467	0.015064348	0.12947049842014144
8420.646530651631	300	5.521097439257626	0.0	157421	1517.1005078837334	0.014646979	0.09887281641559875
8423.210445892888	300	5.758914028419737	0.0	157488	2262.1834108378894	0.008039629	0.06630762089464777
8424.577839435167	300	5.59108314398869	0.0	143881	667.8308844310467	0.004705182	0.22460776148109912
8426.154660268681	300	5.627454041656418	0.0	163444	963.6291023322715	0.02833514	0.1556615503173939
8427.242600062098	300	5.815080044039252	0.0	179328	812.3739976171652	0.019918513	0.18464401918325327
8428.21177354514	300	5.53827621491898	0.0	159914	776.8038291202727	0.06359888	0.19309894516080645
8429.862226174459	300	5.8392346602190885	0.0	131610	699.0415546998917	0.05483669	0.21457951818672225
8432.628710107905	300	5.536698211804801	0.0	124011	1802.5364484142874	0.03428528	0.08321607040565353
8436.52774792074	300	5.637660398969366	0.0	144254	1899.037812835434	0.005920333	0.07898736875388307
8439.706070052578	300	5.649991981985162	0.0	149991	1987.6684169842051	0.004705182	0.07546530332639076
8442.0853094025	300	5.52569927394899	0.0	147968	1624.2927080361724	0.004705182	0.0923478873345158
8442.96282483619	300	5.704414849549874	0.0	161857	821.2844243991159	0.004705182	0.18264074606035044
8444.178516171733	300	5.979684667421702	0.0	145210	724.7301821281736	0.007507371	0.2069735795458722
8446.336730756735	300	5.5910579656287025	0.0	172312	888.6267017929989	0.011916659	0.1687997892673517
8447.85745432754	300	5.945490102831132	0.0	167025	1145.5678627975694	0.013144292	0.13093942739776923
8450.086314151244	300	5.943638078483263	0.0	160064	1501.8520243478692	0.0072794897	0.09987668396633993
8454.320217302986	300	5.70973492674292	0.0	137507	2233.903151740344	0.004705182	0.067147047034309
8455.533326012239	300	5.998636052663629	0.0	118421	711.0988740792909	0.004705182	0.2109411299437303

