8110.329011208298	750	4.0	6.865112348267744	450283	6865.112348267744	0.004705182	-29.781375046085934
8112.389587125862	300	5.939424082436076	0.0	155580	2060.575917563924	0.004705182	-0.06833529918571399
8114.673141330148	300	7.655869878150015	0.0	139857	1783.5542042860604	0.0071649943	0.5745767617167767
8117.443154323759	300	7.835484621153693	0.0	155432	1820.3852569963224	0.011457557	0.5881817828355989
8119.247820145212	300	7.777965664583729	0.0	163442	1557.5189565699638	0.033382285	0.6089321468993703
8120.562456191835	300	7.974221054664428	0.0	126289	1303.7446099193016	0.12651484	0.6531993894480501
8124.5639443092405	300	7.972732937258886	0.0	153295	2001.4881174055413	0.045808252	0.5832818056810241
8128.6937050315455	300	7.7640423006606945	0.0	173849	2708.6906365981918	0.030399995	0.49247483904361605
8131.639054137719	300	7.686902814277877	0.0	150710	2077.1394863828164	0.00824433	0.5482051894387507
8135.694447780595	300	7.631509171402373	0.0	139105	2055.393642875504	0.01630907	0.5450480717075085
8139.359501273514	300	7.9664556784829	0.0	141840	3665.0534929194723	0.013372645	0.41632107472497926
8144.805966910102	300	6.519990041894177	0.0	156148	5446.465636588723	0.004705182	0.09895587280706386
8150.830917553186	300	4.495039398810925	0.0	160746	6024.950643083252	0.004705182	-0.15379646516331114
8157.3429327675285	300	4.0	2.016975815531802	179801	6512.015214342728	0.004705182	-8.923147042763548
8161.967333812057	300	4.0	0.6244010445290232	140051	4624.401044529023	0.004705182	-2.7463141104702298
8165.650067602957	300	4.3172662090997544	0.0	138313	3682.733790900246	0.004705182	0.06331434529572605
8170.294032264356	300	4.0	0.3266984522994835	143509	4643.964661399238	0.004705182	-1.4681493255702307
8175.078058260066	300	4.0	0.7840259957100834	150616	4784.025995710083	0.004705182	-3.4486638956668947
8178.497923364139	300	4.580134895927466	0.0	165384	3419.865104072535	0.004705182	0.11490262858296474
8180.803010203343	300	6.275048056723643	0.0	140881	2305.0868392038224	0.004705182	0.3895178036730171
8183.794920193519	300	7.283138066547975	0.0	157671	2991.909990175667	0.004705182	0.41786531592040477
8187.2525923574485	300	7.825465902617936	0.0	157812	2957.6721639300395	0.004705182	0.47348877891596297
8192.045300915435	300	7.032757344630239	0.0	163927	4792.708557987697	0.004705182	0.2136860255754066
8195.535947100869	300	7.542111159197732	0.0	137654	3490.6461854325084	0.004705182	0.39291815556186843
8199.238612190267	300	7.839446069798824	0.0	146754	3702.665089398907	0.004705182	0.40033509360115876
8203.389614780292	300	7.688443479774392	0.0	153938	4151.002590024432	0.004705182	0.3409671699074174
8206.786369807764	300	7.8094511163205675	0.0	181901	2878.9923634538254	0.004705182	0.4798153172924536
8207.402587606266	300	7.780223492078323	0.0	111155	529.2276242422458	0.004705182	0.7119785986352909
8208.283362346161	300	7.868331185260475	0.0	153605	411.89230681784704	0.11271113	0.7321925975720068
8209.630563474062	750	7.954171894848462	0.0	400508	914.1592904120139	0.5525784	0.2642969674532314
8211.747701404161	1850	7.612123810544031	0.0	873429	1842.0480843044304	0.018556422	-0.45257958848011937
8214.028902555641	1850	7.984068238701024	0.0	954453	2128.0555718430073	0.004705182	0.6546197434077681
8216.001659268695	1850	7.614262595992239	0.0	885062	1869.8056427087854	0.004705182	0.6448505162481883
8218.565681137825	1850	7.998727167600122	0.0	1035329	2115.535428392117	0.004705182	0.6572826965839875
8220.779739295645	1850	7.805941328058918	0.0	1026056	2192.7858395412036	0.004705182	0.6310017958306909
8223.484912728632	1850	7.943990751705143	0.0	943942	2361.9505763537745	0.004705182	0.6273727385615309
8225.709008787615	1850	7.56355417453008	0.0	728962	1880.4365771750638	0.004705182	0.6389066786899842
8227.991049766091	1850	7.984363493195844	0.0	938587	2079.1906813342353	0.004705182	0.6595346510446604
8230.190112645478	1850	7.986257163574228	0.0	908665	1998.1063296216162	0.004705182	0.667825354176195
8232.317118642399	1850	7.523232401995345	0.0	930577	1963.024761578883	0.004705182	0.626766843089285
8234.746795721796	1850	7.715384489468648	0.0	858450	2307.8479125266977	0.004705182	0.6107793882646522
8237.44550789417	1850	7.5969430247158485	0.0	1025005	2618.4414647527988	0.004705182	0.5683199053119746
8239.896553732126	1850	7.896555436049431	0.0	886255	2200.387588666418	0.004705182	0.6389633334315532
8242.227911885631	1850	7.866205555440434	0.0	973972	2030.3498806089972	0.004705182	0.6530458931879639
8245.539829083038	1850	7.5707510931867	0.0	958994	2795.4544622537346	0.004705182	0.5480976019120809
8249.320609421038	1850	7.789970755185482	0.0	982064	3780.7803380012174	0.004705182	0.47066515990665936
8253.115928350679	1850	7.994651825545818	0.0	830730	3795.3189296396654	0.008640251	0.4889120900812848
8257.937915799288	1850	7.172664376937594	0.0	846370	4821.9874486082235	0.17666218	0.3071279972232178

