17354.684654823337	750	4.0	1.4342768133466879	450283	1434.276813346688	0.029893942	-5.885698692433285
17358.096099201608	1850	4.5885556217289025	0.0	957685	3411.444378271098	0.67220724	-0.9005411469368669
17360.94694605166	1850	5.737708771675481	0.0	877771	2850.8468500534213	0.06920537	0.3661259233318995
17365.106864516685	1850	5.5777903066492955	0.0	933276	4159.918465026186	0.007940351	0.21982642494061522
17369.6134220548	1850	5.071232768534727	0.0	996749	4506.557538114569	0.0949944	0.1364057697378927
17374.752719184904	1850	4.0	0.0680643615709223	801058	5139.297130105649	0.20013522	-0.3226523349886434
17377.5057559761	750	5.246963208806563	0.0	352642	2753.036791193437	0.55447644	-0.8301627442874868
17379.8777520515	300	6.8749671334057725	0.0	173849	2371.9960754007907	0.688123	-0.009430216174301564
17381.05421206976	300	7.6554241068808295	0.0	150710	719.5430265249427	0.29364258	0.6809349734935602
17383.12205564396	750	7.604960772751423	0.0	362795	1550.4633341294057	0.08352332	0.16705458939495155
17385.069467354395	750	7.554945080466048	0.0	353220	1550.0156922853737	0.58353597	0.6122852854508403
17388.43459096674	750	7.751081311969147	0.0	405134	2803.863768496902	0.6782155	0.5057788165626315
17391.864193290054	750	7.841910010236541	0.0	386351	2409.1713017326056	0.07472643	0.5539904303143517
17394.72084322181	750	7.75880055514929	0.0	434409	2083.109455087251	0.10800353	0.578597233972004
17396.664108393332	750	7.973938241123782	0.0	337059	1784.8623140255083	0.4384575	0.6291291987422865
17399.85671152646	750	7.831838065156059	0.0	366214	1642.100175967724	0.23336977	0.6297281065481928
17409.56222337317	1850	4.0	1.8736737815553661	966699	9705.511846711424	0.6236252	-9.643394312582329
17411.865174615323	300	5.6970487578476	0.0	150616	2302.9512421524	0.01371693	-1.2159017364727154
17414.394963820672	300	7.167259552497801	0.0	165384	2529.7892053498003	0.011410161	0.45292395363712845
17416.166608484968	300	7.925814836489397	0.0	140881	1741.4447160084042	0.0067221606	0.6047702244519781
17420.0447032928	300	7.621867492567337	0.0	157671	2303.94734392206	0.015805552	0.5192646788830976
17422.319592465607	300	7.786496585666171	0.0	157812	1335.3709069011659	0.008098545	0.6319680628698834
17424.26381802761	300	7.674142885167048	0.0	163927	1612.353700499123	0.008936096	0.593455610118117
17425.104913950552	300	7.844530887800444	0.0	137654	829.6119973666054	0.02029837	0.6881298224077652
17426.254755027858	300	7.765352283333886	0.0	146754	579.1786044665572	0.10601644	0.7055521296015259
17428.10951965133	750	7.828301212815728	0.0	379700	1437.0510705181596	0.15136716	0.19989259097188908
17432.206846487374	1850	7.683494585622473	0.0	1076599	3644.8066271932553	0.6148396	-0.6259859232659604
17434.785704316655	1850	7.5203258324083215	0.0	758197	2163.168753214152	0.010511712	0.6064726832472023
17440.003904322843	1850	6.30212582621631	0.0	972798	5218.200006192012	0.004705182	0.18371640087015373
17445.371258085685	1850	4.934772063378287	0.0	975811	5367.353762838023	0.7134287	0.03719164684236065
17446.61118604532	750	7.694844103742647	0.0	358218	1239.92795963564	0.11567235	-0.4432404987721947
17448.349826898677	750	7.7461089984307	0.0	400322	1448.7351053119469	0.62056804	0.6408130919622244
17453.779084415768	1850	6.316851481339917	0.0	885062	5429.257517090783	0.47594318	-0.9359719889124446
17456.144248099878	750	7.951687797229117	0.0	412837	2365.1636841108007	0.033179216	-0.5310425691805456
17458.87297552239	750	7.529487660595256	0.0	401088	2422.200136633861	0.06584227	0.5226165349613451
17461.102254281075	750	7.988111843193621	0.0	365161	1541.3758174016352	0.10388519	0.6548420739681498
17462.91158452519	750	7.897398182275864	0.0	321064	1090.7136609177583	0.030616056	0.6911769950189669
17466.935887201944	1850	7.873095505523644	0.0	938587	4024.3026767522197	0.6970935	-0.6456862207759986
17470.96023205568	1850	7.848750651786571	0.0	908665	4024.344853737072	0.5112555	0.45196634124576324
17474.29184000408	750	7.701578729928353	0.0	390680	1647.1719218582189	0.69365484	-0.4833166794485579
17475.72683794403	750	7.516297792225617	0.0	345516	1185.2809377027363	0.14234443	0.645038914795404
17485.850496062634	1850	4.0	2.607360326379865	1025005	10123.658118605483	0.53487355	-12.840061082517078
17486.54301332797	300	7.307482734662751	0.0	145210	692.5172653372488	0.0063048126	-0.8998522091823605
17488.63056675185	750	7.576652191818657	0.0	438281	1730.8305428440945	0.60253686	0.14629313492478868
17490.721313621212	750	7.614640250155049	0.0	398987	1462.0119416636076	0.030268285	0.6268313895171542
17492.40230192842	750	7.658513574899173	0.0	393804	1456.1266752558768	0.26971462	0.6316427743188732
17493.91850554265	750	7.747842559759522	0.0	331053	1410.6710151396505	0.36534044	0.6447863582588511
17495.012471346738	750	7.803625990763518	0.0	314107	944.2165689960026	0.23949425	0.69680102251259

