13110.280970675369	750	4.0	4.594934407378574	450283	4594.934407378574	0.024100848	-19.583799347076706
13111.26443338685	300	7.016537288516239	0.0	155580	983.462711483761	0.12801039	-0.3802325581395349
13113.942498832801	300	7.896703077287517	0.0	139857	1119.8342112287223	0.72601414	0.06976744186046512
13118.962599654786	750	6.8766022553020925	0.0	382355	5020.100821985425	0.46577358	-0.2755813953488372
13121.047080732715	300	7.613527797126139	0.0	163442	1263.0744581759532	0.659436	-0.3802325581395349
13122.796664447184	300	7.989439245018096	0.0	126289	1624.088552108041	0.6845428	0.06976744186046512
13126.701226137606	300	7.634906028686052	0.0	153295	2354.533216332045	0.35920352	0.06976744186046512
13130.66580894051	300	7.670323225783417	0.0	173849	2964.582802902635	0.13093117	0.06976744186046512
13134.581918471195	300	7.754213695098223	0.0	150710	3916.1095306851944	0.11485797	0.06976744186046512
13138.55704387705	300	7.779088289242958	0.0	139105	2975.1254058552636	0.027517702	0.06976744186046512
13140.5258825913	300	7.917591962586503	0.0	141840	1861.496326656455	0.021948043	0.06976744186046512
13142.503832634828	300	7.567288134619265	0.0	156148	1350.3038279672385	0.0667351	0.06976744186046512
13145.590617270564	300	7.597718996031272	0.0	160746	1469.5691385879934	0.13239259	0.06976744186046512
13148.806384680654	300	7.908443015708857	0.0	179801	2189.2759803224153	0.14724101	0.06976744186046512
13152.471198848796	300	7.5392816560725295	0.0	140051	1869.1613596363284	0.11494494	0.06976744186046512
13155.306672207369	300	7.989371371490368	0.0	138313	1549.9102845821615	0.077067845	0.06976744186046512
13159.611152511758	300	7.684891067102187	0.0	143509	2804.4803043881793	0.17780906	0.06976744186046512
13164.219789253077	300	7.076254325781696	0.0	150616	4608.636741320492	0.07586156	0.06976744186046512
13169.244370602628	300	6.051672976230258	0.0	165384	5024.581349551438	0.016247304	0.06976744186046512
13173.28282906014	300	6.013214518718629	0.0	140881	4038.4584575116287	0.0052323523	0.06976744186046512
13177.89791577266	300	5.398127806196515	0.0	157671	4615.086712522114	0.0047318814	0.06976744186046512
13182.653363159798	300	4.6426804190593485	0.0	157812	4755.447387137167	0.004705182	0.06976744186046512
13185.545992166628	300	5.75005141222948	0.0	163927	2892.6290068298686	0.004705182	0.06976744186046512
13187.6146433112	300	7.548167342267481	0.0	137654	1201.8840699619986	0.004705182	0.06976744186046512
13189.171234908285	300	7.843255028581349	0.0	146754	1204.9123136861324	0.0065162773	0.06976744186046512
13191.911930310243	300	7.568747007450642	0.0	153938	1274.5080211307056	0.019342292	0.06976744186046512
13194.654173735868	300	7.875718999602472	0.0	181901	2693.02800784817	0.04248736	0.06976744186046512
13196.269160448575	300	7.557833347137139	0.0	111155	817.885652465333	0.023947552	0.06976744186046512
13198.060016524265	300	7.93095580591368	0.0	153605	1126.877541223458	0.12115932	0.06976744186046512
13199.247513251428	300	7.934196776564607	0.0	149029	996.7590293490712	0.36528122	0.06976744186046512
13202.145390829182	750	7.825626803094001	0.0	358218	2608.5699734706072	0.6402004	-0.2755813953488372
13205.186733210385	750	7.704609371636216	0.0	400322	2621.0174314577844	0.70868486	0.1744186046511628
13208.116230393525	750	7.610023302936619	0.0	369834	2094.586068699597	0.70307153	0.1744186046511628
13211.11702340794	750	7.587082376449942	0.0	412837	2522.9409264866767	0.6781075	0.1744186046511628
13214.615061597598	750	7.611989254084852	0.0	401088	2975.0931223650905	0.7013716	0.1744186046511628
13217.854665749002	750	7.503659793030858	0.0	365161	2608.3294610539947	0.61195683	0.1744186046511628
13220.703712080727	750	7.864773962842212	0.0	321064	2138.8858301886467	0.39208248	0.1744186046511628
13222.119261994108	300	7.532079199919954	0.0	124011	832.6947629222589	0.40228254	-0.3802325581395349
13223.760760851277	300	7.99275731806592	0.0	144254	1039.3218818540345	0.1801946	0.06976744186046512
13225.51498762125	300	7.526732515734622	0.0	149991	966.0248023312984	0.2455607	0.06976744186046512
13227.680479848568	300	7.983087328899037	0.0	147968	1043.6451868355846	0.25087422	0.06976744186046512
13228.66227529687	300	7.558113200987142	0.0	161857	924.9741279118955	0.32078344	0.06976744186046512
13230.047028571133	300	7.5891471195517335	0.0	145210	968.9660814354083	0.52212715	0.06976744186046512
13233.377305134456	750	7.976902424803091	0.0	438281	3112.2446947486415	0.5108696	-0.2755813953488372
13236.826403366957	750	7.686369252341188	0.0	398987	3290.5331724619027	0.69984865	0.1744186046511628
13238.692554551493	300	7.637576218591497	0.0	160064	1048.793033749691	0.37985116	-0.3802325581395349
13241.410573871475	750	7.6322456479940595	0.0	331053	2005.3305705974371	0.2153858	-0.2755813953488372
13245.476676055416	750	7.566143464052968	0.0	314107	3566.102183941091	0.6001788	0.1744186046511628

