16050.630964381187	750	4.0	4.997202366246414	450283	4997.202366246414	0.2907535	-21.313551570208418
16052.784326131474	300	5.846638249714482	0.0	155580	2153.3617502855177	0.10138027	-0.3802325581395349
16055.902478244961	300	6.728486136226441	0.0	139857	3118.1521134880413	0.13362817	0.06976744186046512
16060.274095001338	300	6.35686937985117	0.0	155432	4371.6167563752715	0.16429502	0.06976744186046512
16064.70231749241	300	5.928646888778943	0.0	163442	4428.222491072226	0.034016542	0.06976744186046512
16067.75367453244	300	6.877289848750208	0.0	126289	3051.3570400287354	0.010991832	0.06976744186046512
16070.875054701793	300	7.755909679394988	0.0	153295	2621.38016935522	0.008033989	0.06976744186046512
16074.217973554021	300	7.555096673007367	0.0	173849	1700.8130063876204	0.01151571	0.06976744186046512
16076.3271277519	300	7.916572487437436	0.0	150710	1638.5241855699305	0.04521467	0.06976744186046512
16077.98836437898	300	7.676269161001939	0.0	139105	1240.3033264354972	0.054805644	0.06976744186046512
16079.569326496583	300	7.611254700072921	0.0	141840	1065.0144609290187	0.11627313	0.06976744186046512
16081.453445371853	300	7.522169081224042	0.0	156148	1089.0856188488801	0.34680122	0.06976744186046512
16083.513440932318	750	7.704687948252091	0.0	386351	1817.48113297195	0.65224004	-0.2755813953488372
16086.373020210905	750	7.571155556106444	0.0	434409	2133.532392145648	0.14376901	0.1744186046511628
16089.289735026003	750	7.7958216060779595	0.0	337059	2275.3339500284847	0.10622293	0.1744186046511628
16092.954389920083	750	7.6591845534211425	0.0	366214	2636.6370526568176	0.19492728	0.1744186046511628
16094.938009591839	300	7.836383690706522	0.0	143509	1322.8008627146205	0.4140885	-0.3802325581395349
16096.798422398242	300	7.6815867063253425	0.0	150616	1154.7969843811782	0.6427245	0.06976744186046512
16098.601000478206	300	7.963105582152881	0.0	165384	1218.481124172462	0.632501	0.06976744186046512
16100.678311663201	300	7.8414984294030035	0.0	140881	1621.6071527498766	0.6421926	0.06976744186046512
16104.936973997363	300	7.5828360952420955	0.0	157671	2758.662334160908	0.36367637	0.06976744186046512
16107.693240912622	300	7.646885782664318	0.0	157812	2435.950312577778	0.107753776	0.06976744186046512
16111.74482773265	300	7.595298962637493	0.0	163927	3051.5868200268246	0.06522992	0.06976744186046512
16115.4584555407	300	7.881671154586509	0.0	137654	2713.6278080509833	0.040609904	0.06976744186046512
16119.565632777827	300	7.774493917459597	0.0	146754	3607.1772371269135	0.029804029	0.06976744186046512
16123.7482597605	300	7.59186693478791	0.0	153938	3682.626982671687	0.0126073565	0.06976744186046512
16127.374820375288	300	7.965306319998199	0.0	181901	3626.5606147897106	0.006637209	0.06976744186046512
16131.511333689812	300	7.707997766860132	0.0	111155	1757.3085531380668	0.006118103	0.06976744186046512
16135.479079989616	300	7.740251467056296	0.0	153605	3467.7462998038363	0.0070237126	0.06976744186046512
16139.383942643954	300	7.835388812719128	0.0	149029	3904.862654337168	0.005285131	0.06976744186046512
16143.515359786523	300	7.70397167014868	0.0	157421	3631.417142570448	0.0047552437	0.06976744186046512
16147.436184536607	300	7.783146920064148	0.0	157488	2920.824750084531	0.0047103073	0.06976744186046512
16151.52787694763	300	7.6914545090409705	0.0	143881	2091.6924110231776	0.004763944	0.06976744186046512
16154.4450636028	300	7.930735200558592	0.0	163444	2260.7193084823784	0.0059856353	0.06976744186046512
16157.848379521667	300	7.582310852468337	0.0	179328	1848.4243480902549	0.0074695693	0.06976744186046512
16161.661890734196	300	7.76879963993984	0.0	159914	2313.511212528498	0.008547042	0.06976744186046512
16165.501456427988	300	7.833218180197193	0.0	131610	1935.5814597426458	0.008669984	0.06976744186046512
16167.92539465176	300	7.648241194835195	0.0	124011	2184.976985361998	0.011089485	0.06976744186046512
16169.218630335474	300	7.986103943683877	0.0	144254	1162.1372511513173	0.00957831	0.06976744186046512
16170.609901301557	300	7.801017690923534	0.0	149991	1185.086252760343	0.04475122	0.06976744186046512
16171.935977468238	300	7.821071969244765	0.0	147968	979.9457216787686	0.07858358	0.06976744186046512
16173.53275551477	300	7.7557481919788716	0.0	161857	1065.3237772658936	0.21919101	0.06976744186046512
16176.876653335443	300	7.504526468776254	0.0	145210	2251.2217232026173	0.32717705	0.06976744186046512
16178.789821477487	300	7.594280408489461	0.0	172312	1410.2460602867927	0.043234147	0.06976744186046512
16181.818645855872	300	7.5713292316756995	0.0	167025	2022.9511768137622	0.091655076	0.06976744186046512
16183.909831541734	300	7.553673046530045	0.0	160064	2017.656185145655	0.03528312	0.06976744186046512
16187.54736027308	300	7.56667335021546	0.0	137507	2986.999696314583	0.028414696	0.06976744186046512
16188.797727407136	300	7.556754343701971	0.0	118421	1009.919006513489	0.0099507915	0.06976744186046512

