15978.019485813767	750	4.0	5.259051639025879	450283	5259.051639025879	0.009586418	-22.714707925421727
15979.564711876417	300	6.454773937350686	0.0	155580	1545.2260626493135	0.012382756	0.03280270484288017
15981.67481103547	300	7.991863270652231	0.0	139857	1462.9106666984549	0.05175553	0.6389808674279329
15983.212995803373	300	7.706365061337427	0.0	155432	1285.4982093148042	0.103855	0.6292425808953381
15985.25722801929	300	7.8055921993221276	0.0	163442	1400.7728620152986	0.3703249	0.6272658422198607
15986.601528590303	300	7.9851716432181385	0.0	126289	1320.4205561039878	0.26038608	0.6525858016209722
15999.92210934987	4300	4.0	5.335409116349683	2157535	13320.580759567822	0.10684747	-27.659321894494774
16000.897370564035	300	7.024738785837364	0.0	173849	975.2612141626362	0.005350419	-3.4053410355837976
16003.544120196939	750	7.6812249017041045	0.0	374758	2343.5138841332587	0.71848464	0.09509004485766703
16005.206342130905	300	7.931731837706468	0.0	139105	749.4930639976373	0.34305143	0.25453490785172256
16007.378084725678	750	7.617224994404596	0.0	353220	1814.5068433018716	0.1495753	0.14183068397158535
16010.14245998023	750	7.523655219013459	0.0	405134	2093.5697753911372	0.36941826	0.5549181918494739
16013.376843066595	750	7.821866420161847	0.0	386351	2701.7887988516122	0.41820848	0.5227994619162626
16016.05282059376	750	7.5501748337354435	0.0	434409	2271.691586426404	0.12982777	0.5396585542813872
16020.391831904295	1850	7.2111635232010975	0.0	821631	4339.011310534346	0.55554545	-0.7408688016920122
16025.052689455917	1850	6.550305971579242	0.0	923170	4660.857551621856	0.029999878	0.26333827185687025
16031.468383831456	1850	4.134611596040479	0.0	966699	6415.694375538763	0.057209276	-0.14465878324111836
16032.639573726467	300	6.963421701030968	0.0	150616	1171.1898950095106	0.5663156	-0.9808357438752676
16034.517923941428	300	7.689766135022292	0.0	165384	1273.655566008676	0.565559	0.6288291794036862
16036.387610639986	300	7.667270086370303	0.0	140881	1022.4960486519873	0.23458743	0.651779860483595
16038.528233910276	300	7.730553776177665	0.0	157671	1436.7163101926374	0.501467	0.6164489625382162
16040.175290631028	300	7.558978929250312	0.0	157812	1171.5748469273524	0.26703987	0.6264488317547737
16041.95640870318	300	7.726160844386519	0.0	163927	1332.818084863793	0.66772115	0.6264159603143058
16044.915032162244	750	7.975999065598977	0.0	343800	2250.1617787875416	0.65593666	0.1327976090011632
16047.49406683964	750	7.67071252428905	0.0	359903	2305.286541309926	0.07064462	0.5479009506766457
16049.67053773786	750	7.674351147722666	0.0	379700	1996.3613765663845	0.06181866	0.5791436888574892
16053.008691073794	750	7.855329312081889	0.0	425781	3319.021835640776	0.1806342	0.46429700021951964
16055.279696326581	750	7.969392407334375	0.0	277716	1885.9369047475138	0.06781853	0.6185841979194241
16058.779660315666	750	7.501944581812353	0.0	400396	3467.4478255220215	0.06022942	0.41544071293957635
16062.46686424852	750	7.814740648959549	0.0	400508	3187.203932852804	0.593766	0.4735720848108019
16065.196027690235	300	7.895018938309732	0.0	157421	1919.7217106498185	0.36560166	0.13397838423237515
16066.83824367504	300	7.898631849440402	0.0	157488	1496.3870888693293	0.017289884	0.6266595932780687
16068.99909123033	300	7.926122567763603	0.0	143881	1472.5092816767994	0.047377467	0.6316933873755748
16072.00586169388	300	7.876906448794791	0.0	163444	1549.2161189688118	0.036466565	0.6192855953727325
16074.304291477038	300	7.741468658006026	0.0	179328	1635.4377907887645	0.034832217	0.5976273844564539
16077.119175345446	300	7.64552281998726	0.0	159914	1595.9458380187666	0.055541	0.592341682049056
16078.444775170663	300	7.937191913072135	0.0	131610	1208.3309069151253	0.031130116	0.6591766621178962
16080.30753329413	300	7.8444472439910475	0.0	124011	1592.744669081087	0.07164558	0.611808504423091
16082.696743906217	300	7.7198486886397895	0.0	144254	1624.5985553512585	0.013998554	0.5966303609871828
16085.523188312725	300	7.648932513752854	0.0	149991	2070.916174886935	0.015083815	0.5451728353238687
16087.317998172082	300	7.50929165738638	0.0	147968	1639.6408563664743	0.005836849	0.5748597735270915
16090.92946795892	300	7.897821870547894	0.0	161857	1611.4697868384867	0.008996132	0.615073362077581
16094.926318612233	300	7.900971217234961	0.0	145210	1496.8506533129328	0.018705666	0.626838403684872
16096.99235266973	300	7.594698943057676	0.0	172312	1806.2722741772861	0.026731536	0.5664171815995879
16099.047662787365	300	7.671924761899292	0.0	167025	1422.7741811583844	0.0123726865	0.6122000651267161
16101.244722453936	300	7.574662920352846	0.0	160064	2097.261841546445	0.03867233	0.53538973454457
16104.931734900838	300	7.796055676412961	0.0	137507	2278.607243939885	0.0065626884	0.5385645026869204
16107.000859586842	300	7.7356958778919545	0.0	118421	1560.3597985210083	0.004705182	0.6045795469322373

