12900.627250763684	750	4.0	2.752351768226307	450283	2752.351768226307	0.010332017	0.2207846882936484
12901.647150542378	300	6.980100221306277	0.0	155580	1019.8997786937232	0.0637985	0.31070923194349864
12904.353320043809	300	7.858141158220798	0.0	139857	1121.959063085479	0.012360141	0.8589166972384508
12906.678202589912	300	7.957805214011147	0.0	155432	900.3359442096504	0.011505355	0.8933847207019748
12909.966170542557	300	7.966094438496144	0.0	163442	1991.7107755150018	0.014477248	0.785270723971744
12913.274267513709	300	7.5401745462349625	0.0	126289	1925.9198922611815	0.012185565	0.739260668627844
12916.002197541651	300	7.5572980908102	0.0	153295	2482.876455424762	0.0093333125	0.6856792891089696
12917.7523396683	300	7.609753842343094	0.0	173849	1447.5442484671053	0.008816962	0.7956893217681266
12919.980942403396	300	7.511751385287349	0.0	150710	1598.0024570557462	0.01110191	0.7685429501068904
12922.940520344893	300	7.657262577408257	0.0	139105	1854.4888078790918	0.01088413	0.7608608602058793
12926.881653591685	300	7.716129330616154	0.0	141840	2441.1332467921034	0.008878265	0.7094648069158227
12928.6007877632	300	7.614673373063251	0.0	156148	1601.455957552901	0.007924672	0.7809055747261673
12929.877369001424	300	7.680221922933486	0.0	160746	934.4514501297656	0.007835251	0.8556994302825602
12932.224289349182	300	7.627826652650578	0.0	179801	2052.3952702829083	0.010527042	0.7374357040394609
12934.691025669481	300	7.591721064588049	0.0	140051	1536.1055880625283	0.0092322575	0.7846066462514814
12936.525735071884	300	7.52468168180582	0.0	138313	1567.0393827822304	0.009098721	0.7732357859745697
12937.607964504665	300	7.972401956175525	0.0	143509	1052.2797256302945	0.00830452	0.8799926302312155
12941.22599220413	300	7.983362988617733	0.0	150616	2489.0389675577917	0.010286171	0.7376700856770798
12944.791253206598	300	7.5952268581385365	0.0	165384	2388.136130479198	0.008424913	0.6998364590443231
12947.036419786135	300	7.811205966213829	0.0	140881	784.0208919247075	0.007919496	0.8869153364338729
12950.934697295846	300	7.912928456501337	0.0	157671	2898.2775097124927	0.011784109	0.6880495450751556
12954.278263265489	300	7.890857141842398	0.0	157812	2022.0713146589387	0.008250018	0.7729449771481824
12957.708187402604	300	7.871642329277105	0.0	163927	2019.2148125652932	0.008100117	0.7708581377017812
12961.988907179928	300	7.59092255195434	0.0	137654	2280.7197773227654	0.007398369	0.7100466334434181
12963.762484963025	300	7.849848206542074	0.0	146754	1241.0743454122658	0.007492735	0.84598122240173
12966.45160573004	300	7.581539565726364	0.0	153938	2268.3086408157105	0.008324686	0.7101292118395942
12969.118766532758	300	7.853365289467305	0.0	181901	1228.174276259058	0.006818493	0.8477054902722503
12970.311326512245	300	7.8765785011030545	0.0	111155	976.7867883642498	0.010452871	0.8757104186976642
12973.145827676457	300	7.902214514558786	0.0	153605	974.3639865442702	0.008472881	0.8791180264899171
12975.477067381134	300	7.921663208053824	0.0	149029	1480.5513065049613	0.010198309	0.8309006618753065
12977.129462339493	300	7.975809932460695	0.0	157421	1445.8532755931283	0.0100357905	0.8410560645846167
12979.493698908402	300	7.641962575389018	0.0	157488	1333.8473570716776	0.009468859	0.8110358847760515
12981.703577168451	300	7.662218027283046	0.0	143881	979.7445481059714	0.011220587	0.8489471450565296
12983.385398481847	300	7.531374217056516	0.0	163444	1630.843810226529	0.011547085	0.767681683357017
12985.828968319582	300	7.850077997274479	0.0	179328	1681.2962197820386	0.011651261	0.8019874076659574
12988.110202258837	300	7.880597879622874	0.0	159914	969.4801176516046	0.011135233	0.8769373661218323
12989.877747639797	300	7.81770214294417	0.0	131610	1062.895736678704	0.0137632005	0.8598299473233063
12991.102381367096	300	7.972710024935965	0.0	124011	844.9921180082044	0.012140772	0.9007594288324575
12995.130096406005	300	7.94499498602757	0.0	144254	2527.7150389083945	0.013362098	0.7290651078834071
12996.754000386094	300	7.901721301081753	0.0	149991	1543.2736849458183	0.010426369	0.8221661586384822
12999.297036297367	300	7.720518526517821	0.0	147968	1181.2027745639311	0.011284661	0.8359997965509559
13002.334882037798	300	7.902512286656172	0.0	161857	1818.0062398616483	0.01169905	0.7947905676485327
13004.068588484113	300	7.730578813783282	0.0	145210	1171.9334728728893	0.01115315	0.838168889629026
13006.491974965902	300	7.779772040611137	0.0	172312	1950.8067731721458	0.012592612	0.7663555413975819
13010.890677211699	300	7.381069794815668	0.0	167025	4398.702245795469	0.010284452	0.4723374653288378
13014.437281646035	300	7.834465360479953	0.0	160064	3046.6044343357153	0.008739704	0.6635288640864019
13015.731610733797	300	7.781244005970985	0.0	137507	1053.2213545089694	0.0073323194	0.8562958296420137
13017.071190117524	300	7.547008200235234	0.0	118421	734.2358057357509	0.009815607	0.8592728416091638

