18111.656910251957	750	4.0	6.08032816050688	450283	6080.3281605068805	0.5918446	-26.328324619938133
18114.011861752355	300	5.645048499601703	0.0	155580	2354.951500398297	0.062108405	-0.12610684719081738
18116.284940565998	300	7.371969685954002	0.0	139857	2273.078813647701	0.076028086	0.4982985795023408
18119.844379360842	300	7.812530891109549	0.0	155432	2559.4387948444523	0.2994627	0.5120671060326109
18123.678791374496	300	7.978118877455265	0.0	163442	2834.412013654285	0.360738	0.5005078190184348
18127.679544299303	300	7.9773659526506675	0.0	126289	2500.752924804598	0.16554439	0.5338012580216651
18131.10206500973	300	7.897586715661808	0.0	153295	2079.7792369888584	0.39965504	0.5682197831332578
18133.295539869727	300	7.567220012837146	0.0	173849	1830.3667028246616	0.5057702	0.5613628599750894
18135.964601157437	300	7.604243466664901	0.0	150710	1462.9765461722457	0.6979709	0.601665425816999
18139.94044812552	750	7.549362358146189	0.0	362795	3054.8811085187117	0.4305048	0.011261400358639984
18143.690829048526	750	7.798981435138119	0.0	353220	3250.38092300807	0.111968204	0.4657375432700269
18147.848877756285	750	7.640932727376288	0.0	405134	4158.048707761831	0.13863808	0.35975839419608163
18152.27554833755	750	7.214262146110412	0.0	386351	4426.670581265876	0.093536735	0.29182867078265184
18159.765637944838	750	4.0	0.27582746117754686	434409	7490.08960728796	0.17822468	-1.5099477575001063
18161.936345388698	300	5.829292556141458	0.0	140051	2170.707443858542	0.038546547	-0.08994873837433248
18164.15578287996	300	7.563005371882584	0.0	138313	1766.2871842588743	0.06891445	0.5673651477737416
18167.7237875579	300	7.995000693941693	0.0	143509	2068.0046779408904	0.4537099	0.5787734469176391
18171.98868233839	300	7.730105913452144	0.0	150616	2764.8947804895492	0.4546448	0.48358800820410985
18175.268043564713	300	7.788450135357516	0.0	165384	2441.6557780946277	0.11152027	0.5215276071638167
18179.270563886294	300	7.785929813777496	0.0	140881	2002.52032158002	0.5277774	0.5651985689533416
18183.09128132028	300	7.965212379789596	0.0	157671	2820.7174339878998	0.40129358	0.5006350116834448
18187.29139228398	300	7.765101416092089	0.0	157812	2200.1109636975075	0.10264578	0.5434347474167669
18190.124953432412	300	7.6688478779234135	0.0	163927	2596.2535381686757	0.19957772	0.49455597579056587
18193.636332162292	300	7.911812394413443	0.0	137654	1757.0354835099727	0.18151286	0.601863396485371
18195.581462590384	300	7.941418765401555	0.0	146754	1470.393629011887	0.3704367	0.6333772293250753
18199.825524434655	750	7.697356921129911	0.0	379700	4244.061844271644	0.65144694	-0.09341202566107604
18207.78921635784	750	4.0	0.266335002052575	425781	7963.691923182486	0.13997233	-1.5164904148521798
18210.679593537876	300	5.109622819965272	0.0	111155	2890.3771800347286	0.015630616	-0.23118475499978486
18214.041131650818	300	5.748084707022058	0.0	153605	3361.5381129432135	0.0048811045	0.23315184548023848
18216.857636464454	300	6.931579893382999	0.0	149029	2816.5048136390583	0.004705182	0.40156795351242797
18220.076696480104	300	7.7125198777351125	0.0	157421	3219.0600156478863	0.00655782	0.4364788084464033
18224.104661881724	300	7.684554476116169	0.0	157488	3527.9654016189434	0.009201946	0.40289656765577964
18228.152825832276	300	7.63639052556074	0.0	143881	3548.1639505554285	0.031516913	0.3962408769130683
18231.97090882131	300	7.818307536529053	0.0	163444	3318.082989031688	0.008679011	0.43675869540499007
18235.950865582232	300	7.560420718673291	0.0	179328	3257.8868178557623	0.007318264	0.41795640855852484
18239.82632742683	300	7.684958874077778	0.0	159914	2875.4618445955125	0.008191516	0.4681858471288287
18243.03150682277	300	7.921135074935908	0.0	131610	2763.8237991418705	0.010048343	0.5020818836860493
18247.152590039346	300	7.8000518583575325	0.0	124011	2621.083216578376	0.010604123	0.5047015425490624
18249.611608640596	300	7.776761959582136	0.0	144254	2023.2898987753958	0.008927711	0.5622391946826757
18252.157281101834	300	7.581790056355276	0.0	149991	2194.9719032268595	0.02313568	0.5263047234454585
18255.718604552614	300	7.716478700554771	0.0	147968	2365.3113558005048	0.025516381	0.5222347156982265
18259.580884708823	300	7.854198544348303	0.0	161857	2862.280156206469	0.025989056	0.48579352962838607
18263.835142453325	300	7.599940799845381	0.0	145210	2754.2577445029215	0.02028011	0.47212316933487175
18267.20724624675	300	7.73016387237884	0.0	172312	2369.776927466541	0.01195016	0.5231053721200222
18269.95139002717	300	7.929255429450148	0.0	167025	1800.9084429286925	0.027299697	0.5991550128047878
18271.934981743583	300	7.874077235237873	0.0	160064	1555.1781942122748	0.15627337	0.61841707277704
18273.475056618543	300	7.648246563606957	0.0	137507	1225.8306716309173	0.48778212	0.6296153621559583
18276.320350782356	750	7.812721492764736	0.0	314107	2835.52507084222	0.70492876	0.058545624896875426

