5233.917223678227	750	4.0	6.602941104200595	450283	6602.941104200595	0.18602346	-28.627821572190477
5235.538471846804	300	6.378751831422763	0.0	155580	1621.2481685772375	0.04752515	0.017883278782549722
5239.746545174332	750	6.1706785038941945	0.0	350812	4208.073327528568	0.48357695	-0.23675773428538688
5242.096979054688	300	7.820244623539158	0.0	155432	1850.4338803550368	0.6956905	0.13371005313385825
5245.998213909224	300	7.919009769001707	0.0	163442	3401.2348545374525	0.6941973	0.4381362149965341
5248.326580014163	300	7.59679239368227	0.0	126289	1322.2173753194363	0.13568762	0.6150241685250013
5252.2995119814805	750	7.6238604263645815	0.0	352642	3472.9319673176888	0.5743403	-0.023373160442852814
5256.144487531237	750	7.778884876608001	0.0	437162	2844.9755497565798	0.15470275	0.5043437636339979
5260.295360369056	750	7.605476595344959	0.0	374758	3173.408281263042	0.45031065	0.45480974320176304
5263.818314360347	750	7.692731854127133	0.0	362795	2912.7447412178267	0.20546478	0.48927451660537746
5267.43216589579	750	7.820910668542702	0.0	353220	2871.821185584431	0.32066798	0.5057042310461668
5271.276777247669	750	7.976299316663359	0.0	405134	3844.6113518793422	0.26835895	0.42338155120358734
5275.302715187335	750	7.950361376997673	0.0	386351	3525.937939665686	0.14362864	0.4527523357852597
5279.290216680447	750	7.9628598838852644	0.0	434409	3987.5014931124088	0.1470466	0.4077989761587766
5282.990022927857	750	7.957997370337776	0.0	337059	3004.862513547488	0.13740246	0.5055948515722661
5286.034551478887	750	7.988204966504238	0.0	366214	2969.792403833538	0.20814148	0.5120093785511226
5290.139541557136	750	7.8832148882551865	0.0	360831	3104.990078249051	0.2269426	0.4883841948609035
5293.818173303533	750	7.953762103979821	0.0	372963	2929.452784275366	0.20165911	0.512728175222662
5297.785009546571	750	7.684933458721007	0.0	405596	3268.828645258815	0.29870772	0.45291552163973464
5300.808057044003	750	7.83241353274527	0.0	350713	2852.519925975738	0.22064012	0.5087415209672639
5304.89540068406	750	7.745069892688158	0.0	386472	3587.3436400571118	0.2861585	0.42685222336027967
5311.445500034883	750	5.1949705418664305	0.0	399894	6550.099350821727	0.13603523	-0.11487335447188374
5316.034610709141	750	4.605859867608205	0.0	401853	4589.110674258225	0.3381117	0.02452293062432287
5317.558709921445	300	7.081760655303806	0.0	137654	1524.0992123043993	0.3452644	0.09526358537326038
5323.5032005945895	750	5.137269982160142	0.0	359903	5944.490673143663	0.63382006	-0.5098662321944845
5325.841877263389	300	6.798593313360269	0.0	153938	2338.676668799874	0.13554353	-0.013449343871639569
5328.664894303543	300	7.975576273205045	0.0	181901	2323.0170401552236	0.050137475	0.5514025877736717
5330.504121088115	300	7.959645215416927	0.0	111155	1015.9310577881159	0.4961548	0.6805778033049363
5334.9265843291905	300	7.5371819743414346	0.0	153605	1422.4632410754932	0.5755428	0.5992620102641186
5336.3172841481255	300	7.654711648803596	0.0	149029	1382.4703255378386	0.59736013	0.6145736686797623
5343.240905633563	750	4.731090163366578	0.0	358218	6923.621485437017	0.38259163	-0.6468745899410993
5346.812835376586	300	5.1591604203442145	0.0	157488	3571.9297430223633	0.06181661	-0.29457196006801295
5349.786261668631	300	6.185734128299369	0.0	143881	2973.4262920448455	0.0051069604	0.3140872896599151
5352.891882065486	300	7.080113731443708	0.0	163444	3105.620396855661	0.0053202547	0.3869529485951297
5355.9999098473745	300	7.972085949555679	0.0	179328	3108.027781888029	0.010012899	0.4725655659193565
5359.8693683715055	300	7.522784279312258	0.0	159914	2949.3016702434215	0.012854594	0.4451923725777851
5362.361719513856	300	7.76168707308139	0.0	131610	1261.0972062308672	0.032481264	0.6370074887065922
5364.1107743036655	300	7.787786693736118	0.0	124011	973.9003793452725	0.4198736	0.6682392900167105
5367.9502517782685	750	7.560625190167212	0.0	378327	2727.161503568907	0.69023466	0.04511742143924341
5371.936587901028	750	7.574289067406644	0.0	390680	3486.3361227605674	0.14561854	0.4205151234801195
5374.3698925269555	750	7.711962791840452	0.0	345516	2362.3262755661926	0.09392867	0.5461673631286922
5378.5236565172345	1200	7.558198801561412	0.0	641452	4153.76399027904	0.41820413	-0.07370756910181708
5382.76987261165	1200	7.311982707146358	0.0	599477	4246.216094415054	0.77420676	0.34334863712622576
5389.103342749397	1200	4.97851256939955	0.0	634861	6333.470137746808	0.8009269	-0.08997596209307179
5390.704382932754	300	7.377472386041275	0.0	167025	1601.0401833582746	0.602153	-0.33396791623212685
5394.412183504255	750	7.669671814540148	0.0	393804	3707.8005715011263	0.46794274	-0.04245062185736653
5398.486923798313	750	7.594931520482649	0.0	331053	4074.740294057499	0.0850519	0.3636615662919135
5402.562823511695	750	7.519031807101173	0.0	314107	3575.8997133814764	0.18441245	0.40624018931588246

