4901.438685292342	750	4.0	2.184991174137217	450283	2184.991174137217	0.36874834	0.13150088258627826
4903.079073067426	750	6.35961222491618	0.0	398865	1640.3877750838199	0.94203985	0.33343698654887927
4905.115037271792	750	7.829319530588549	0.0	350812	1530.2926943276307	0.9671192	0.4363032012290212
4907.368923040721	300	7.855212458363747	0.0	155432	974.1070722248019	0.85976475	-0.05645992857474602
4911.624148812043	300	7.599986687040887	0.0	163442	4255.22577132286	0.038570233	0.049476590807769394
4915.782025826487	300	7.442109672597038	0.0	126289	4157.877014443849	0.014778065	0.04934415309293
4919.856396803221	300	7.367738695863157	0.0	153295	4074.370976733881	0.008761618	0.05304657081805919
4923.398902739909	300	7.825232759175519	0.0	173849	3542.50593668764	0.006945745	0.13482645377970592
4926.589243968242	300	7.839941314340511	0.0	150710	1985.2914448350084	0.0064678043	0.29146718766278107
4928.601849526463	300	7.5411634079286705	0.0	139105	1298.7779064118408	0.0064164624	0.34144492235435786
4932.196569093242	300	7.860717402743554	0.0	141840	2180.446005185117	0.0068534147	0.27325023715296043
4935.093086345876	300	7.599595657372936	0.0	156148	2261.1217453706176	0.006784905	0.24886255404874674
4936.900912865012	300	7.678380075137449	0.0	160746	921.2155822354875	0.006722811	0.38777719647254183
4938.910369025199	300	7.766957520694238	0.0	179801	911.4225544432122	0.009520607	0.39429258959906865
4940.221522217193	300	7.915397684668831	0.0	140051	851.5598360254066	0.017011017	0.4095563716892613
4942.337955336425	300	7.581977769636805	0.0	138313	833.4199150320251	0.01541911	0.39053161909909784
4945.897340261059	300	7.668792014319871	0.0	143509	1413.1857553169332	0.0161345	0.33798092536329866
4948.456568116818	300	7.982277613899205	0.0	150616	2186.5144004206663	0.014292453	0.2802409108266337
4951.002023862915	300	7.775906425619449	0.0	165384	1706.3711882797559	0.009650747	0.31535703277324
4951.911051037601	300	7.915935150535294	0.0	140881	859.9712750841554	0.0094597405	0.4087488194000403
4953.406371588228	300	7.77780282502322	0.0	157671	638.1323255120741	0.015603183	0.42229944401274383
4954.997986420528	300	7.920589592979652	0.0	157812	857.2132320435687	0.031294513	0.40931552635687135
4956.301326542177	300	7.866120313183674	0.0	163927	1054.4692797959774	0.023785513	0.3861855915943819
4957.25051787076	300	7.59096007936895	0.0	137654	775.1602338147229	0.020161223	0.39691898157908706
4958.236466035742	300	7.815001501362211	0.0	146754	775.9585780067396	0.024532624	0.4108417360344642
4959.021522999797	300	7.612467812821731	0.0	153938	702.5336885404787	0.027258921	0.40552586944731034
4960.006547661257	300	7.7012171627496135	0.0	181901	911.2506500721162	0.03314387	0.3902010076646392
4960.880562985625	300	7.641096501259284	0.0	111155	560.1206614903297	0.032860924	0.42155646517967227
4961.878140864182	300	7.96925481242012	0.0	153605	671.8416888391647	0.037062764	0.430894256892341
4962.5894904055085	300	7.966448155615308	0.0	149029	502.80665680481377	0.045249	0.44762234404547535
4964.610257521695	300	7.8103360017831855	0.0	157421	656.1121538321225	0.07317825	0.42253478472823686
4965.800496484651	300	7.6875440444817595	0.0	157488	1122.7919573014262	0.06181766	0.36819230704996736
4966.672091175536	300	7.635470187367458	0.0	143881	552.0738571143008	0.032231346	0.42200950099903606
4967.333137787523	300	7.509707336758467	0.0	163444	625.7628506089907	0.06388301	0.4067804234865051
4968.109891528592	300	7.848972346913021	0.0	179328	660.7349898454463	0.07782902	0.4244872726975192
4969.5810165384055	300	7.68641916511851	0.0	159914	662.5531817945102	0.08070094	0.41414587964045585
4971.002562784385	300	7.9099320086383464	0.0	131610	776.4871564801638	0.06602475	0.4167220348918803
4972.167421828676	300	7.815032074242552	0.0	124011	594.8999343957947	0.051730447	0.42894951120058006
4973.22985367498	300	7.668795691537598	0.0	144254	646.2363827049548	0.06807016	0.4146760924506044
4974.058503642709	300	7.612568377473512	0.0	149991	556.2273140640857	0.074910685	0.4201627921856859
4974.98517846558	300	7.985442302369418	0.0	147968	627.1260751040942	0.13002378	0.43637753638767923
4976.0567365451125	300	7.789437655487294	0.0	161857	696.0046468821246	0.12799375	0.4172393887797434
4978.673735048635	300	7.758715115551369	0.0	145210	2030.722539935925	0.15197867	0.2818474407283681
4979.6046394191135	300	7.971400864105144	0.0	172312	787.3142514462264	0.068864316	0.4194811288619489
4980.338548941905	300	7.74124118122521	0.0	167025	730.1596828799346	0.13961613	0.4108116055385822
4981.533583407788	300	7.895598949739899	0.0	160064	845.6422314853106	0.1964619	0.4089107112102126
4984.896142331587	300	7.704015504538871	0.0	137507	691.5834452010287	0.17348939	0.4123426245135766
4987.704719397037	300	7.545214759113458	0.0	118421	2158.8007454254125	0.20074084	0.2556958479020499

