12403.262263459443	750	4.0	4.665178135276565	450283	4665.178135276565	0.07848518	-20.101664508924745
12404.761098027331	300	6.501165432110702	0.0	155580	1498.8345678892972	0.019517057	0.0419070892512321
12407.528168494056	300	7.559636450196394	0.0	139857	1441.5289819143081	0.078163795	0.599516705406285
12411.194406215345	300	7.8092883700912985	0.0	155432	3250.3480801050955	0.097098574	0.44266408111485933
12415.484511011518	300	7.519183573918858	0.0	163442	4290.104796172441	0.012982402	0.3107654879335431
12419.277157723229	300	7.726536862207518	0.0	126289	2292.6467117113393	0.004705182	0.5304692897789569
12423.28393669626	300	7.719757889177496	0.0	153295	3006.7789730300224	0.004705182	0.4584035796662273
12427.070689617627	300	7.933004967810033	0.0	173849	3286.752921367463	0.004705182	0.45093146235711146
12431.023008702059	300	7.98068588337831	0.0	150710	3452.3190844317232	0.004705182	0.4389641892245427
12435.610684493695	300	7.393010091742859	0.0	139105	4587.675791635451	0.004705182	0.26886404505312456
12439.77204857326	300	7.231646012176474	0.0	141840	4161.364079566385	0.004705182	0.29596373729748227
12443.414021543407	300	7.589673042029538	0.0	156148	3141.972970146936	0.004705182	0.4323633632259674
12447.23812488969	300	7.765569695746112	0.0	160746	3824.1033462834266	0.004705182	0.38108058161553104
12452.866632133902	300	6.137062451534401	0.0	179801	5628.50724421171	0.004705182	0.04389448936029816
12457.60650449298	300	5.397190092458181	0.0	140051	4739.872359076221	0.004705182	0.061544409086773055
12460.626796741195	300	6.376897844242714	0.0	138313	3020.2922482154663	0.004705182	0.3278004224121103
12462.21997134832	300	7.639450595596656	0.0	143509	1237.4472486460586	0.004705182	0.6276070823779922
12463.803194902028	300	7.8057025504336055	0.0	150616	833.748045163052	0.004705182	0.6839789453269719
12465.186344746357	300	7.86386534438964	0.0	165384	941.8372060439654	0.0431646	0.6787682653095023
12465.91311475913	300	7.651136685746278	0.0	140881	712.7286586433611	0.5701441	0.6812037410474389
12467.869101813865	750	7.695163782994303	0.0	386472	1955.9729027519743	0.36598164	0.13518577641323223
12471.064736561311	750	7.692353475762615	0.0	399894	2002.810307231688	0.23935291	0.5802315406495466
12474.966632838645	750	7.790457198430087	0.0	401853	3401.896277332527	0.44045377	0.44976554021270254
12477.975334941582	750	7.803466577233156	0.0	343800	2986.9906211969314	0.096423276	0.49250827355614757
12481.958266625721	750	7.820534893094575	0.0	359903	2982.9316841385807	0.08967976	0.49455701237001487
12486.030377840789	750	7.741800835101381	0.0	379700	3578.734057993194	0.16683583	0.42739853099962566
12487.925973104031	300	7.67069185856727	0.0	181901	1571.1089765341114	0.56715417	0.14724791721997713
12489.930880274345	300	7.790481416764649	0.0	111155	880.2104418026207	0.1680864	0.6778676539736874
12492.490349304479	300	7.933095241954516	0.0	153605	1357.3861748101333	0.37117732	0.6438768260034776
12494.545295406237	300	7.721663613736627	0.0	149029	1211.4316282178881	0.24075796	0.6381217423365279
12496.335025872131	300	7.56355563655944	0.0	157421	1158.1079771771872	0.14097987	0.6282360320923704
12499.937411715582	750	7.77817396919327	0.0	400322	2785.3816673661686	0.38022637	0.06023472621358694
12502.68649976646	750	7.717131964795764	0.0	369834	2561.0420043975055	0.09460426	0.5267933291106227
12505.839362505125	750	7.989723575703494	0.0	412837	2227.4083890922707	0.085557625	0.5863939479140012
12508.111382102146	750	7.911441061979414	0.0	401088	2078.2825137240807	0.07722911	0.5937717531231288
12510.432089505957	750	7.967955868222318	0.0	365161	1943.4851937570968	0.17218749	0.6126911004703617
12512.247888530312	750	7.5236673990718845	0.0	321064	1444.2884691504337	0.20926043	0.6198474948182302
12514.06738691488	750	7.8046735603912145	0.0	361565	1718.9938386806696	0.60957885	0.6194241253302697
12517.245851657035	750	7.865693448256363	0.0	378327	2438.980112134851	0.86595124	0.5532987326429077
12520.218826404434	750	7.748948351067123	0.0	390680	2116.7450971892395	0.1357893	0.5742853837439497
12522.458808121239	750	7.572072384769548	0.0	345516	1676.8759662975745	0.19853763	0.6012477808633083
12527.146119590916	1850	6.884760915091822	0.0	1025005	4687.311469677727	0.5777393	-0.8071154454878031
12531.040164997261	1850	6.990715508746611	0.0	886255	3894.045406345211	0.01944106	0.3824094128155082
12535.930619660172	1850	6.100260845835915	0.0	973972	4890.454662910696	0.009153504	0.19706119777172526
12540.780709177398	1850	5.250171328612209	0.0	958994	4850.089517223705	0.10420957	0.1192756148294884
12546.076832616931	1850	4.0	0.04595211092077716	982064	5296.123439532987	1.0470055	-0.24325228813575311
12548.277333171478	750	5.799499445453621	0.0	331053	2200.5005545463796	0.39080182	-0.7217268699100435
12550.53788449827	750	7.5389481186616925	0.0	314107	2260.551326791928	0.5450804	0.5396919959570861

