12498.839045124503	750	4.0	4.236019030700693	450283	4236.019030700693	0.007969581	-0.07360190307006936
12499.981754142087	300	6.857290982416554	0.0	155580	1142.7090175834455	0.5256122	-0.13569021535730993
12501.866342288638	300	7.879360914208802	0.0	139857	1477.9300682077526	0.029911924	0.34466705031727485
12503.718655855191	300	7.906533131977576	0.0	155432	1472.8277822312257	0.016131222	0.3468755425254759
12505.859215219401	300	7.540996289584509	0.0	163442	1365.5368423930656	0.016572013	0.33475858385972523
12508.05352801767	300	7.556351256258258	0.0	126289	1984.6450333262512	0.017332762	0.27380745018351604
12511.327964773418	300	7.823966675006037	0.0	153295	2732.3845812522213	0.01081217	0.2157594590626552
12515.401013077786	300	7.750918370638323	0.0	173849	3573.048304367713	0.008440327	0.1271275677281239
12519.520638151256	300	7.631293297167944	0.0	150710	3119.625073470378	0.007741877	0.1649933237259587
12522.083037696257	300	7.517456377134202	0.0	139105	2113.836920033742	0.007403399	0.25845733156751344
12525.850432513753	300	7.750061559637936	0.0	141840	2767.3948174962657	0.006999972	0.20763936572774438
12529.866236989785	300	7.734257083606079	0.0	156148	3015.8044760318567	0.0066672764	0.18181062012219423
12531.589607054433	300	7.558452948529688	0.0	160746	1675.8041350763913	0.0064586424	0.30482289577546634
12533.958200360814	300	7.7729392219740365	0.0	179801	1285.513726555651	0.0066244346	0.3572573287178122
12535.14565009412	300	7.875754197684391	0.0	140051	897.1850242896451	0.007821105	0.40251613492630994
12537.487788363705	300	7.804817422199705	0.0	138313	570.9367754846864	0.010310179	0.4307074113390129
12540.110852880605	300	7.718885906001088	0.0	143509	2085.931516198617	0.020072095	0.2738372175052063
12542.889234790047	300	7.863261399179716	0.0	150616	1355.624506821373	0.009855943	0.35589138676659493
12545.390729119335	300	7.7138930025965635	0.0	165384	1149.3683965831508	0.009962947	0.36718147300397014
12547.240215576674	300	7.900212764128999	0.0	140881	1313.6802384675655	0.012901768	0.3623952739113059
12550.086744116059	300	7.769851541872238	0.0	157671	1630.361222256762	0.0124703515	0.32257959914133866
12552.626012383338	300	7.833301052496352	0.0	157812	2436.5504893758857	0.010259298	0.24592626684343344
12554.062202159339	300	7.556565120197589	0.0	163927	1276.7359322987625	0.008477759	0.3446117267824731
12555.580078715086	300	7.947353778525788	0.0	137654	609.2113416717998	0.0127321305	0.4357884769906818
12557.01461746976	300	7.6744169795762485	0.0	146754	772.9367989495402	0.019989822	0.4023573813285615
12558.968941587395	300	7.5630559463218665	0.0	153938	1111.361033254381	0.022059772	0.36155489331967855
12562.145267955184	300	7.541374247616648	0.0	181901	1521.6816987052184	0.016006809	0.3191677206055187
12563.468341830543	300	7.907159653979365	0.0	111155	1134.2145936372842	0.014679438	0.38077601900998187
12565.452653775179	300	7.834433332021639	0.0	153605	1572.7263219577255	0.013296206	0.3323794510555799
12566.88829262445	300	7.767406732726627	0.0	149029	1067.0265992950117	0.010786401	0.378760260865913
12568.93618608491	300	7.857766036983168	0.0	157421	1909.6406957434594	0.014349556	0.30014630773710205
12571.126066320912	300	7.571952391840514	0.0	157488	1285.8136451426535	0.012107488	0.3446656599757668
12574.936442949323	300	7.761575763430434	0.0	143881	3810.3766284100807	0.013397379	0.10406082237339409
12580.121340625068	300	6.576678087686042	0.0	163444	5184.897675744392	0.008133097	-0.10744738709406149
12585.495335675705	300	5.202683037049839	0.0	179328	5373.995050636203	0.0071817287	-0.21223181524800527
12590.258235430216	300	4.439783282539276	0.0	159914	4762.899754510563	0.0067464705	-0.1988035202923516
12594.78396957567	300	4.0	0.08595086291366988	131610	4525.734145452946	0.0063135484	-0.20257341454529454
12598.792501704615	300	4.0	0.0085321289444978	124011	4008.532128944498	0.0060321507	-0.15085321289444975
12603.343227418593	300	4.0	0.5507257139771182	144254	4550.725713977118	0.005591139	-0.20507257139771184
12608.01134066777	300	4.0	0.6681132491778835	149991	4668.1132491778835	0.0056092	-0.21681132491778837
12612.323668653977	300	4.0	0.31232798620727226	147968	4312.327986207272	0.0055240365	-0.18123279862072722
12617.048645576571	300	4.0	0.7249769225964956	161857	4724.976922596496	0.005638405	-0.2224976922596496
12621.203291411219	300	4.0	0.15464583464619044	145210	4154.64583464619	0.005819308	-0.16546458346461906
12626.198950271792	300	4.0	0.9956588605724283	172312	4995.658860572428	0.005930179	-0.24956588605724284
12631.080017007438	300	4.0	0.8810667356480417	167025	4881.066735648042	0.0060036993	-0.2381066735648042
12635.316887170009	300	4.0	0.2368701625712929	160064	4236.870162571293	0.0060324287	-0.1736870162571293
12637.019391059743	300	6.2974961102668665	0.0	137507	1702.5038897331335	0.006150031	0.2233431179183658
12639.457597865807	300	7.662088300579289	0.0	118421	1135.4078096875774	0.008549741	0.3653397378174479

