16553.33012285464	750	4.0	1.5985734190571195	450283	1598.5734190571195	0.12826835	-6.608603757559184
16555.14192532548	750	6.188197529158977	0.0	398865	1811.8024708410228	0.26823723	0.4545555777918441
16559.310840448008	1850	6.019282406628822	0.0	877771	4168.915122530155	1.0450859	-0.8385791164582561
16563.183587821895	1850	6.146535032742186	0.0	933276	3872.7473738866365	0.21846685	0.3032858705901197
16566.51033743771	1850	6.819785416926208	0.0	996749	3326.749615815978	0.08438377	0.422686773181912
16569.37159099929	1850	7.958531855347031	0.0	801058	2361.2535615791758	0.021719638	0.6288420380530786
16573.31384887776	1850	7.712423759966852	0.0	905515	3246.1080953801793	0.66526926	0.5166683963464206
16577.492611941845	1850	7.533660695882029	0.0	1060487	4178.763064084824	0.0120045245	0.40619674816536055
16580.81336580961	1850	7.515740152187726	0.0	852833	3017.9205436943025	0.015947286	0.5205561271835184
16584.352968574247	1850	7.976137387547344	0.0	913888	3539.6027646403822	0.013049111	0.5127016705478566
16588.501566565872	1850	7.827539395923555	0.0	939819	3648.5979916237884	0.018706746	0.4874994195906386
16592.468519833037	1850	7.8605861287592935	0.0	917428	3966.953267164262	0.021153498	0.45884467822642033
16596.53930425645	1850	7.569187543151791	0.0	946851	3791.398585607502	0.030391255	0.44835269608063405
16600.108977938078	1850	7.889043616440611	0.0	1036454	2680.14392671118	0.028407574	0.5902646783168921
16604.289358065325	1850	7.708663489192188	0.0	821631	3680.380127248424	0.033640765	0.4728792627560817
16608.515602076182	1850	7.482419478334226	0.0	923170	4226.244010857962	0.023618821	0.39651662713808283
16612.753919741055	1850	7.244101813460538	0.0	966699	4238.317664873688	0.047944315	0.3723709113407107
16616.336815324586	1850	7.66120622993119	0.0	885714	3582.8955835293486	0.05044263	0.47805990113193175
16620.234780515355	1850	7.763241039162838	0.0	987708	3897.9651907683515	0.032169033	0.45637390860174315
16623.979114921967	1850	7.813740092553358	0.0	923755	3449.5009466094803	0.030552985	0.5060809252105838
16628.246854810946	1850	7.5460002035731994	0.0	891604	3767.7398889801584	0.021212762	0.4484867575377869
16632.036280799206	1850	7.552573812435785	0.0	955231	2993.426391137414	0.031692013	0.5265508247647017
16637.522262489856	1850	6.066592121785428	0.0	968026	5485.9816906503565	0.010870725	0.13426784143538528
16640.302193572647	1850	7.286661038994902	0.0	874175	2779.9310827905265	0.22431177	0.5223059441438288
16644.633059858217	1850	6.955794753427604	0.0	897976	4330.866285567298	0.013339943	0.3353661618757871
16649.751627872753	1850	5.837226738889244	0.0	905935	5118.568014538359	0.06242833	0.1489325261270542
16655.2717629448	1850	4.317091666841883	0.0	1076599	5520.135072047362	0.5007785	-0.0375389353934098
16657.67315748445	1200	5.915697127194935	0.0	487160	2401.394539646947	1.2113916	-0.2565633065607983
16662.69839875267	1850	4.890455858973253	0.0	972798	5025.241268221683	0.7543038	-0.5828625895356444
16663.669665061658	300	7.508881532020772	0.0	149029	881.5743269524795	1.1183374	-0.8993730485714626
16665.740176458854	750	7.898471781940534	0.0	358218	1610.409750080239	0.7288941	0.18931072130997706
16668.349703649634	1200	7.793759000108594	0.0	620283	2604.712781831941	0.58207107	0.10387049282110972
16672.222363599623	1850	7.85983631108832	0.0	885062	3433.9226890202735	0.34125906	-0.13792443477572047
16676.251224235646	1850	7.684774590061581	0.0	1035329	3675.061721026739	0.02855967	0.47111176925579556
16680.081674746198	1850	7.616448830282883	0.0	1026056	3568.325759778698	0.017129058	0.47520893211580717
16683.923429843537	1850	7.774693732944535	0.0	943942	3841.755097338348	0.013333832	0.46309725294403786
16687.396555356456	1850	7.685070853041551	0.0	728962	3089.6228799029855	0.018928306	0.529684169022046
16691.234024041976	1850	7.613087879288943	0.0	938587	3571.9829737526065	0.02434133	0.4745197153048347
16695.309810718547	1850	7.537301202720498	0.0	908665	4075.786676568445	0.019387018	0.4168447899033797
16699.310818496608	1850	7.536293424659712	0.0	930577	3501.007778060786	0.037978325	0.47422567995225606
16703.302425308757	1850	7.544686612508697	0.0	858450	3991.6068121510166	0.023371933	0.4259736305641248
16707.794581213	1850	7.052530708270127	0.0	1025005	4492.15590423857	0.05197939	0.3285481473495804
16711.73148153821	1850	7.115630383057609	0.0	886255	3936.900325212518	0.06064818	0.39014712180275224
16715.504459155305	1850	7.342652765963073	0.0	973972	3772.977617094536	0.06232921	0.4283905590798436
16719.990948419756	1850	6.856163501511257	0.0	958994	4486.489264451816	0.031497836	0.3102142409602692
16724.261718156187	1850	6.585393765079677	0.0	982064	4270.76973643158	0.09032947	0.30572429401122814
16730.2145494941	1850	4.632562427165595	0.0	830730	5952.831337914082	0.08857532	-0.05044413706944828
16733.13098487203	1200	5.71612704923489	0.0	550906	2916.4353779307053	0.78403497	-0.3272762408081762

