12676.473572723597	750	4.0	4.2446647119615655	450283	4244.664711961565	0.030542275	0.07155339392012255
12677.88836085713	300	6.5852118664659365	0.0	155580	1414.7881335340633	0.004705182	0.2224627760633492
12679.695196500821	300	7.821520534123352	0.0	139857	1263.6913323425845	0.004705182	0.8402218518184851
12681.503476970365	300	7.90395245027067	0.0	155432	1417.5680838526823	0.004705182	0.8350122030052243
12682.812191394367	300	7.799951412014789	0.0	163442	1104.001038255881	0.004705182	0.853527700469465
12684.118458651095	300	7.72417446222283	0.0	126289	1075.776949791958	0.004705182	0.8469937844016278
12685.421046102203	300	7.558125856788132	0.0	153295	1166.048605434698	0.004705182	0.8174642799563737
12687.415059965972	300	7.649388409690426	0.0	173849	1408.7374470977077	0.004705182	0.8044637577365513
12689.26942550525	300	7.809843886536319	0.0	150710	1339.5445231541075	0.004705182	0.8311947947281733
12690.64721978646	300	7.553357168194126	0.0	139105	1256.486718342192	0.004705182	0.8078316695648056
12692.766465943141	300	7.904387856987301	0.0	141840	1148.969311206826	0.004705182	0.8619258407698277
12695.103343577115	300	7.556087462736861	0.0	156148	1348.30039425044	0.004705182	0.7989874166628604
12697.392280437703	300	7.680907709504936	0.0	160746	1375.1797532319254	0.004705182	0.811711275351888
12699.080036229758	300	7.578908295656369	0.0	179801	1101.9994138485677	0.004705182	0.8264352465884622
12700.59840382558	300	7.537602720198843	0.0	140051	1041.3055754575248	0.004705182	0.8274045520289127
12702.887530680004	300	7.941570327017882	0.0	138313	1096.0323931809605	0.004705182	0.871810523258564
12704.17191164671	300	7.660927021836689	0.0	143509	1280.643305181193	0.004705182	0.8186978664374976
12705.978820113605	300	7.8793417050015195	0.0	150616	1281.585316835169	0.004705182	0.8455717439205432
12707.85186820589	300	7.505479148039087	0.0	165384	1373.8625569624332	0.004705182	0.7901824949875251
12710.276823654924	300	7.50259419118336	0.0	140881	1502.8849568557273	0.004705182	0.7769240438577392
12711.901238094775	300	7.581422245946643	0.0	157671	1421.171945236717	0.004705182	0.7948283956999175
12713.601798374799	300	7.542763353243119	0.0	157812	1538.658892703525	0.004705182	0.7783064135360002
12716.520305994474	300	7.9794602561654	0.0	163927	2063.303097077721	0.004705182	0.7797617948852213
12720.946023075627	300	7.55374317501202	0.0	137654	2425.7170811533806	0.004705182	0.69095629428373
12724.862765397089	300	7.560832787505976	0.0	146754	3492.9103875060423	0.004705182	0.5851123316619765
12728.715945523187	300	7.707652661407745	0.0	153938	2353.1801260982324	0.004705182	0.7172134884264177
12732.462346638413	300	7.96125154618136	0.0	181901	3246.4011152263856	0.004705182	0.6592037288244679
12736.005272650875	300	7.781495175340222	0.0	111155	1679.7563708411385	0.004705182	0.793673340371178
12739.046135059938	300	7.847648724619372	0.0	153605	2933.846450720851	0.004705182	0.6764324376313663
12741.176148208206	300	7.686150234655681	0.0	149029	1661.4984899636902	0.004705182	0.7837267062854034
12743.138058245124	300	7.969452478849908	0.0	157421	1216.6977558057733	0.004705182	0.8631866496073982
12745.151617507161	300	7.580278954887679	0.0	157488	1389.1735239622283	0.004705182	0.7978870734937719
12747.012672395396	300	7.61694443230692	0.0	143881	963.3345225807593	0.004705182	0.8449981302515981
12748.379874977163	300	7.632203286250224	0.0	163444	984.7411460566963	0.004705182	0.8447415077829421
12750.649967292167	300	7.628387865604153	0.0	179328	1503.8154206460722	0.0047172206	0.7923629830398422
12751.837106002664	300	7.517956943034787	0.0	159914	1110.430922569366	0.004749165	0.8180663156387338
12753.641872076758	300	7.583927828451788	0.0	131610	934.0291145829995	0.0047663283	0.8438520478291259
12755.366844655355	300	7.516809995406866	0.0	124011	1067.117833044922	0.0048289606	0.8222560087740215
12757.38162646602	300	7.668346467352329	0.0	144254	1848.463528054537	0.0051000887	0.7628319372776688
12760.64901242678	300	7.887812690276387	0.0	149991	1780.5337770759415	0.005301084	0.7967228266491133
12762.847244110457	300	7.9121228972800655	0.0	147968	1475.6897929963213	0.005560089	0.8302088528090903
12765.065644954515	300	7.624193420592137	0.0	161857	1287.9294766879282	0.0058281957	0.813433681288147
12767.785697921254	300	7.689402620907396	0.0	145210	1434.7907996847418	0.0064015556	0.8067990536639862
12771.085113772717	300	7.772325774202818	0.0	172312	1917.0768467045789	0.0075065056	0.7688091292899188
12774.295104268413	300	7.513500081234177	0.0	167025	2258.825692968641	0.00836764	0.7026765413485369
12777.237318143683	300	7.877975520963548	0.0	160064	1635.5245602706286	0.008560275	0.8100091342210018
12778.656783452263	300	7.926587505172234	0.0	137507	951.3880157913133	0.00920635	0.8844250033295997
12780.214935824579	300	7.566549989409539	0.0	118421	860.0375157626951	0.012486225	0.8491055326894927

