3626.9102052753037	750	4.0	11.415819972284071	450283	11415.81997228407	0.019247055	-0.6455621321121281
3629.7332943476777	300	5.176910927625635	0.0	155580	2823.0890723743646	0.004705182	-0.09225292811483854
3632.029696859603	300	6.880508415700065	0.0	139857	2296.4025119255693	0.004705182	0.6207621679127868
3635.1120312132102	300	7.798174062092836	0.0	155432	2082.334353607229	0.004705182	0.7554749161402852
3638.9179076373257	300	7.992297637977527	0.0	163442	3805.8764241153094	0.004705182	0.6070895182652986
3643.07487349539	300	7.835331779912842	0.0	126289	2656.965858064684	0.004705182	0.702599700177911
3647.1099326205403	300	7.800272654762541	0.0	153295	4035.0591251503006	0.004705182	0.5604615562364648
3652.4500194615025	300	6.460185813800578	0.0	173849	5340.0868409619625	0.004705182	0.26449569948564167
3657.65303246894	300	5.257172806362817	0.0	150710	5203.013007437761	0.004705182	0.12966476604734478
3662.466575115205	300	4.4436301600977	0.0	139105	4813.542646265117	0.004705182	0.06816213572994417
3667.0390129177267	300	4.0	0.12880764242361784	141840	4572.437802521318	0.004705182	0.03749675579437978
3671.2220799188344	300	4.0	0.18306700110761084	156148	4183.067001107611	0.004705182	0.07643383593575054
3676.7284371688693	300	4.0	1.5063572500347573	160746	5506.357250034757	0.004705182	-0.05589518895696405
3682.8279633333354	300	4.0	2.0995261644660888	179801	6099.526164466089	0.004705182	-0.11521208040009728
3687.4601771081307	300	4.0	0.6322137747958132	140051	4632.213774795813	0.004705182	0.03151915856693027
3690.3961936160026	300	5.06398349212802	0.0	138313	2936.01650787198	0.004705182	0.332510961900789
3692.3988070596515	300	7.061370048479296	0.0	143509	2002.613443648724	0.004705182	0.6724724064375958
3694.8642093960525	300	7.605879715695003	0.0	150616	1455.4903327842937	0.004705182	0.7944163675099005
3697.339803478688	300	7.883038628485756	0.0	165384	1222.8410872092472	0.004705182	0.8519026330961001
3699.0216755220035	300	7.868479114091337	0.0	140881	1014.5595143944203	0.004705182	0.8709330992902328
3700.059538036161	300	7.838204173922757	0.0	157671	1030.2749401685787	0.004705182	0.8656234519493793
3702.7105166624983	300	7.671508580998734	0.0	157812	1166.695592924023	0.004705182	0.8313991630101842
3703.9669494777104	300	7.915433766399446	0.0	163927	1256.0748145992877	0.004705182	0.8525791499910007
3705.242608472477	300	7.527783231372218	0.0	137654	887.6505350272295	0.004705182	0.8415576250067465
3706.490516663284	300	7.877833417838838	0.0	146754	649.9498135333798	0.004705182	0.9085490631501467
3707.9350305412836	300	7.994555591475839	0.0	153938	883.2778263629989	0.004705182	0.8996281718773024
3708.972993775402	300	7.961192004734903	0.0	181901	1033.3635867409353	0.004705182	0.8805001299767456
3709.5884154274936	300	7.920781069377688	0.0	111155	540.4109353572156	0.004705182	0.9248057796406486
3712.1363473930514	300	7.644320444965782	0.0	153605	776.4606244119069	0.004705182	0.8670656887080972
3713.072112591724	300	7.922173492202416	0.0	149029	722.1469527633678	0.004705182	0.9068041030092111
3713.8126719038364	300	7.718702983100851	0.0	157421	703.4705091015638	0.004720439	0.8835488544792726
3714.94913101031	300	7.954017759869668	0.0	157488	764.6852232311833	0.0047584614	0.9064821485934671
3716.4189046909805	300	7.845017880155436	0.0	143881	608.9998797142331	0.0047960654	0.9085922593345759
3718.256296453923	300	7.8367088801625355	0.0	163444	1008.3089999928985	0.005005475	0.8676354191866235
3720.1835775537515	300	7.692609764223013	0.0	179328	1144.0991159395235	0.0050445553	0.8362642141573489
3723.1306879277895	300	7.955645559648492	0.0	159914	1236.9642045745213	0.00529793	0.8594552380109917
3724.2757142007126	300	7.80820552191858	0.0	131610	647.4400377299116	0.005282094	0.9002029512578683
3725.263501491494	300	7.698104946624788	0.0	124011	610.1005752937923	0.005964077	0.8903425689026054
3726.1677885313397	300	7.549804755945381	0.0	144254	648.3001906794065	0.006867278	0.868211699196743
3727.589068379173	300	7.89715828511204	0.0	149991	652.6464708333401	0.008382237	0.9106654757411815
3728.413503503382	300	7.619257492507837	0.0	147968	777.900792604202	0.010082735	0.8638271012159886
3729.6061618660865	300	7.926195433957493	0.0	161857	693.0620585503435	0.010360541	0.9102091892709765
3730.3380894949673	300	7.725029814594211	0.0	145210	701.1656193632828	0.0137227075	0.8845605294376511
3731.592886366567	300	7.973012359553435	0.0	172312	752.0174550407747	0.01532066	0.9100942249626345
3732.654892210882	300	7.533399141175441	0.0	167025	939.6132183779941	0.018412426	0.8370547637955016
3734.0650140869043	300	7.609534506632288	0.0	160064	923.8646345431546	0.019696664	0.8480302013608289
3735.1564516326926	300	7.786944335478037	0.0	137507	822.5901711542507	0.021638114	0.8800627785636015
3736.0318252541283	300	7.618681164077026	0.0	118421	668.263171401011	0.023599423	0.8747197029627273

