4945.862761372505	750	4.0	1.4326655545084757	450283	1432.6655545084757	0.0050937226	-5.898712030193394
4947.342835877724	750	5.641295529414785	0.0	398865	1358.7044705852145	0.6537534	0.2759982086748282
4950.241686179498	750	5.782555448294275	0.0	350812	1358.7400811205089	0.53342324	0.27599097517661336
4952.598508495827	750	5.954199405236839	0.0	382355	1828.356043057436	0.5569841	0.2051022837832575
4954.206306902369	750	5.574533267052048	0.0	411561	1379.6661381847914	0.585575	0.2718048878791666
4955.533656126353	750	5.994924898938043	0.0	318564	1079.6083681140033	0.49783444	0.34734817835387616
4957.238564973338	750	5.756340874781108	0.0	352642	1238.5840241569344	0.5394096	0.30276508713670097
4959.362326832473	750	5.5276223422771675	0.0	437162	1728.7185325039404	0.5351981	0.21692368824023422
4961.9356338357575	750	5.598490432450575	0.0	374758	1929.1319098265922	0.5798881	0.19438795143547669
4963.562779871747	750	5.732005042234414	0.0	362795	1366.4853902161608	0.655049	0.274426644210722
4965.130109461185	750	5.778670579952243	0.0	353220	1453.3344622821712	0.60809773	0.2580273225002437
4966.8342503941085	750	5.953597667518843	0.0	405134	1325.0729124333984	0.62139225	0.2830032947480152
4968.796260594452	750	5.502126572806694	0.0	386351	1451.4710947121482	0.57843304	0.25835857246221566
4970.444001543335	300	5.753525665486122	0.0	179801	748.6009073205723	0.65355563	-0.24962621133216753
4972.779830696082	750	5.615181114673626	0.0	337059	2138.344550812496	0.6351768	-0.27463069393680584
4974.436862348297	750	5.850407584733774	0.0	366214	1264.773529939852	0.69863975	0.2964957687071721
4976.077846380213	750	5.6010445917633955	0.0	360831	1249.362992970378	0.66644716	0.3001529596362001
4977.677697183401	750	5.801929738291588	0.0	372963	1299.1148534718066	0.66679	0.28865808053678627
4979.315191125441	750	5.988550723030177	0.0	405596	1313.379015261411	0.68587095	0.2855230635197572
4981.668170750103	750	5.999118431338251	0.0	350713	1989.4322916919264	0.6265988	0.18849598529491982
4982.648162952667	300	5.760896010841052	0.0	157671	738.2224204971989	0.7221094	-0.24680920568766557
4983.570345933364	300	5.57068934952662	0.0	157812	690.2066613144314	0.460667	0.21732621315815703
4984.49608669412	300	5.9688070954389385	0.0	163927	601.8822540876813	0.36839586	0.24921818010296118
4985.09118669473	300	5.918186348464065	0.0	137654	550.6207469748732	0.5341129	0.2724198113204133
4985.794414647705	300	5.848812070318798	0.0	146754	569.3742781452679	0.4895748	0.26344709579895986
4987.810828389705	300	5.547531984263431	0.0	153938	1801.2800860553668	0.36131057	0.08327411220566248
4988.622900697517	300	5.8840627298798065	0.0	181901	663.4692543836258	0.06306983	0.22608432720722313
4989.609748823902	300	5.97494014570215	0.0	111155	409.1225841776558	0.29826373	0.3666382786017615
4990.408776299018	300	5.909289217397147	0.0	153605	565.6509283050038	0.35558718	0.26518121423309804
4991.833407671566	300	5.808661771178724	0.0	149029	600.6274462184224	0.3442425	0.2497388371850251
4993.640734710014	300	5.83200028186999	0.0	157421	976.6614893087328	0.3062267	0.1535844319060516
4994.823610143041	300	5.580895254075236	0.0	157488	751.1050277947542	0.08016968	0.1997057594467185
4995.836263505321	300	5.970453804152074	0.0	143881	610.441449923162	0.11428737	0.24572381187234404
4996.994432422824	300	5.867475358829348	0.0	163444	602.9784453227257	0.13595273	0.24876511119683076
4997.921895010857	300	5.706339238877186	0.0	179328	661.1361199521627	0.18081312	0.22688217369042463
4999.249080693657	300	5.630909636283053	0.0	159914	575.429602594134	0.17994726	0.2606748059602332
5000.572553922389	300	5.535051081094456	0.0	131610	1095.8585551885972	0.1621937	0.1368789788515955
5001.41569012719	300	5.56729031070094	0.0	124011	467.76077039351446	0.031122856	0.32067674224541975
5002.241113846664	300	5.562266158617968	0.0	144254	505.0241520829719	0.081386976	0.29701549793475235
5003.356536724697	300	5.514754488996466	0.0	149991	547.5116696215002	0.116520874	0.273966763308801
5004.024807598783	300	5.904574675259951	0.0	147968	610.1798137365162	0.103072	0.24582917465173965
5004.973292119856	300	5.974378011647233	0.0	161857	930.196663612719	0.08703924	0.16125622233198147
5005.977636996633	300	5.751349444738953	0.0	145210	723.0285669082805	0.028331084	0.20746068255838113
5006.7670661291195	300	5.5822930334306475	0.0	172312	669.056411308305	0.030466065	0.22419634198958321
5007.459937684549	300	5.951043668754406	0.0	167025	631.2493646762416	0.036714282	0.23762400153374058
5008.775805099219	300	5.863920980496536	0.0	160064	587.1226882578698	0.050569482	0.25548322863332884
5009.831960682819	300	5.870215590047552	0.0	137507	493.705390448984	0.054769747	0.3038249184672411
5011.021834456443	300	5.7915037759707335	0.0	118421	578.7118140768189	0.053269234	0.259196367434256

