8625.181534489198	750	4.0	1.26305294249572	450283	1263.05294249572	0.010239338	0.3697145708667071
8625.622439434177	300	7.559095055021564	0.0	155580	440.9049449784362	0.004705182	0.4400983147614734
8626.324638627493	300	7.659974430709388	0.0	139857	399.1206243121761	0.004705182	0.906732516276081
8627.218861619971	300	7.914402133144282	0.0	155432	745.5722975651073	0.004705182	0.9035020239634052
8628.356701214008	300	7.774807664501692	0.0	163442	639.594468642589	0.004705182	0.8968638108379351
8629.311626079903	300	7.731467818100456	0.0	126289	543.3398464012358	0.004705182	0.9011380193394535
8629.989610605599	300	7.633268112700778	0.0	153295	598.1997053996778	0.004705182	0.8835271280069745
8631.31129896324	300	7.957316358328004	0.0	173849	675.9517543727735	0.004705182	0.9157627797395284
8632.59660488765	300	7.727531692955608	0.0	150710	729.7846653723951	0.004705182	0.8820075365428639
8633.450995669435	300	7.928096917283945	0.0	139105	799.434775671663	0.004705182	0.8998066973417485
8634.587238916694	300	7.752453268109239	0.0	141840	675.643649174707	0.004705182	0.890498752709364
8635.375974758677	300	7.543385150911419	0.0	156148	709.0681171978199	0.004705182	0.8613422656338637
8637.32219897389	300	7.860106867546739	0.0	160746	683.278283364681	0.004705182	0.9030274851004236
8638.144268751255	300	7.575545030638235	0.0	179801	784.5618369085045	0.004705182	0.8577637355184353
8638.956168222072	300	7.523349265459208	0.0	140051	552.195765179026	0.004705182	0.8745556317403278
8639.565259234376	300	7.988655559675073	0.0	138313	534.693705784136	0.004705182	0.9337580957249373
8640.515692426516	300	7.845637655016048	0.0	143509	643.0179046590258	0.004705182	0.9052669816274558
8641.5404953924	300	7.546943839662857	0.0	150616	798.6938153531905	0.004705182	0.852819093924459
8642.600050301966	300	7.945220859997058	0.0	165384	601.7229796657995	0.004705182	0.9216922028986633
8643.286773513177	300	7.935775319489919	0.0	140881	509.4455405071375	0.004705182	0.9297536878635169
8644.529249746618	300	7.868176033322154	0.0	157671	567.5992861677666	0.004705182	0.915591700150685
8645.809137035598	300	7.870670771870082	0.0	157812	997.5052614520712	0.004705182	0.8729091327619549
8646.773740192068	300	7.599560221747804	0.0	163927	771.1105501222771	0.004705182	0.8620740657724095
8648.19826437156	300	7.519044482824173	0.0	137654	580.5157389236322	0.004705182	0.8711921146210224
8650.38341624196	300	7.673472777459757	0.0	146754	845.5717053644145	0.004705182	0.8637540748597134
8652.222425809057	300	7.8387580001290695	0.0	153938	834.714777330688	0.004705182	0.8852478502140543
8654.196820453613	300	7.958708172884028	0.0	181901	880.049827245043	0.004705182	0.895524822457379
8654.86606537713	300	7.8762581244325505	0.0	111155	582.4500484514776	0.004705182	0.9151045351687139
8656.448447178815	300	7.948464556122155	0.0	153605	927.7935683103952	0.004705182	0.8894856493983382
8657.925132142305	300	7.7024162340633175	0.0	149029	746.0483220588371	0.0047075655	0.8772801171314735
8659.185296414453	300	7.837652476205536	0.0	157421	864.7637578577818	0.0047351	0.8821064510081917
8660.31300402419	300	7.5414988234816684	0.0	157488	796.1536527238678	0.0047529787	0.8524008036259064
8661.332270204102	300	7.982642759532941	0.0	143881	558.8560639487276	0.004771215	0.9305994479754488
8662.571616888636	300	7.798174480247984	0.0	163444	684.4682792849563	0.005008062	0.8952615752029282
8663.876094458961	300	7.52837487870776	0.0	179328	769.7996015402236	0.0053516813	0.8534157701834921
8664.875158021356	300	7.726182110405062	0.0	159914	802.1927683026985	0.005752205	0.874600090711241
8666.519361293638	300	7.672515909308655	0.0	131610	1053.6662010964067	0.005913005	0.8428264789458871
8667.909967533145	300	7.562481249148553	0.0	124011	610.0346601601022	0.006016002	0.8736034431082623
8668.713226714219	300	7.951137505285853	0.0	144254	611.3437438627011	0.007139174	0.9214606659883647
8669.690608085106	300	7.743404562447448	0.0	149991	707.732942838406	0.009432689	0.8861725623492831
8670.54610450252	300	7.930480548764495	0.0	147968	312.9240136829513	0.011452868	0.9487520850782183
8671.58125478413	300	7.8091915713241455	0.0	161857	621.2889774403498	0.016261367	0.9029398066927492
8672.3309746361	300	7.761262263925931	0.0	145210	547.9293073982141	0.016224016	0.9043578504477048
8673.15390206188	300	7.715693890320131	0.0	172312	545.5683736058003	0.01848662	0.8989675295883235
8674.495721951327	300	7.893463471684734	0.0	167025	822.2304186353974	0.020371027	0.8932508752807755
8675.341978864737	300	7.610129707384986	0.0	160064	783.3337642997494	0.02379835	0.8621567789604263
8676.325476320671	300	7.639842525473363	0.0	137507	470.28718191162216	0.027183017	0.8971301356743757
8677.664219354247	300	7.512076193196975	0.0	118421	627.7663322763862	0.03169367	0.8656066672386231

