8379.893232228713	750	4.0	4.316718207694552	450283	4316.718207694552	0.02425774	0.0643480443468239
8380.688640257118	300	7.204591971595131	0.0	155580	795.4080284048688	0.004705182	0.36087683272102133
8381.806248294317	300	7.6918510853501685	0.0	139857	1012.740886244963	0.004705182	0.8493063615954015
8384.276555038425	300	7.974131284018273	0.0	155432	1217.7198013318946	0.004705182	0.8636621460771391
8386.368817420918	300	7.689293516460356	0.0	163442	1784.8377675579159	0.004705182	0.7717808855419306
8388.392889181736	300	7.650969957818282	0.0	126289	1038.3235586420742	0.004705182	0.8417004233541718
8392.121818831734	300	7.922040307820589	0.0	153295	2228.9296499976926	0.004705182	0.7561093887554393
8396.341785952938	300	7.539395721005436	0.0	173849	2882.6445868151527	0.004705182	0.643492036131854
8398.842089879789	300	7.712904981875126	0.0	150710	2326.49073913031	0.004705182	0.7205309411763803
8400.979053953975	300	7.786329567241057	0.0	139105	1926.5754146340687	0.004705182	0.7695883476056555
8403.862069044617	300	7.880016261098035	0.0	141840	1406.3133061430221	0.004705182	0.8331822337210832
8405.609572019299	300	7.834615661204018	0.0	156148	1545.4005998940163	0.004705182	0.8136678054484223
8408.692738358266	300	7.804083726815119	0.0	160746	1530.531934388898	0.004705182	0.8113848356676121
8410.92608625629	300	7.503727022992934	0.0	179801	1800.356703822184	0.004705182	0.7473167420711624
8414.702813681008	300	7.726999598275023	0.0	140051	2276.727424717911	0.004705182	0.7272475618604693
8418.473692991687	300	7.956120287597049	0.0	138313	2770.879310677973	0.004705182	0.7061223429683721
8421.526591675221	300	7.959969877277528	0.0	143509	1496.1504103195202	0.004705182	0.8340705492044064
8424.621560861699	300	7.855859463546578	0.0	150616	2104.1104137309494	0.004705182	0.7604198369687367
8428.50211073101	300	7.975309594236945	0.0	165384	2880.549869309633	0.004705182	0.697524627495583
8431.216677500419	300	7.9137304685610745	0.0	140881	2061.5791256758716	0.004705182	0.7718184094416816
8435.305977516833	300	7.8244304521468475	0.0	157671	3589.3000164142277	0.004705182	0.6080202765549
8437.49017382935	300	7.948476197512526	0.0	157812	1875.9542546343212	0.004705182	0.7946710181506789
8439.84013372904	300	7.887617276608393	0.0	163927	2060.8589209041334	0.004705182	0.7686661841669782
8444.071198612492	300	7.626635324276471	0.0	137654	1260.981952331923	0.004705182	0.8164299402417929
8447.359176634016	300	7.722687736173282	0.0	146754	1903.947588103188	0.004705182	0.7639931516618035
8449.515130122665	300	7.546726208559363	0.0	153938	1175.9615276139189	0.004705182	0.8150654513698182
8452.036181773045	300	7.606196368437668	0.0	181901	1440.529840121694	0.004705182	0.7959515144958957
8454.506453179802	300	7.941321503687487	0.0	111155	1664.8748647501804	0.004705182	0.8148955534091635
8456.07777998987	300	7.8883563741564355	0.0	153605	1052.9651295310514	0.004705182	0.8695468210920673
8457.755539367141	300	7.9986575452901745	0.0	149029	1389.6988288662608	0.004705182	0.8494925477094188
8459.962903028387	300	7.964006021868796	0.0	157421	1034.651523421379	0.004705182	0.8807187883860308
8461.624481843151	300	7.869572621400667	0.0	157488	1094.433400468129	0.004705182	0.8630807281216776
8462.91203254734	300	7.509370057453176	0.0	143881	860.2025639474904	0.004705182	0.8420289123157412
8464.51731134606	300	7.845404761713604	0.0	163444	1163.9652957395715	0.0047306893	0.8531434867379399
8465.887795851733	300	7.690819164867023	0.0	179328	1154.58559684658	0.0047505945	0.8349944773396378
8467.331301129674	300	7.737016028310501	0.0	159914	953.8031365565216	0.0047744326	0.8607767384495113
8468.642625537763	300	7.991204937959179	0.0	131610	745.811090351323	0.004831463	0.9129611338806431
8469.407008888558	300	7.811769840429399	0.0	124011	679.4350975297807	0.005093201	0.8974435385011714
8470.880794725796	300	7.622351124442421	0.0	144254	689.4187159869783	0.005819409	0.8730572855292451
8471.77320585352	300	7.8483290547070395	0.0	149991	774.022069735381	0.006923127	0.892498877386969
8473.928040496407	300	7.695106233257164	0.0	147968	1153.2228214498757	0.008267079	0.8356600874124573
8475.53928660096	300	7.595289096698685	0.0	161857	1099.8171365584788	0.0085397	0.8286760431504478
8478.163944394144	300	7.86367469360547	0.0	145210	1231.6144030932146	0.009987399	0.8486343994345091
8481.706214396949	300	7.794061463748403	0.0	172312	3069.613229857067	0.011024472	0.6562392381323698
8483.882833422143	300	7.777080337623473	0.0	167025	2016.98112612493	0.0116727725	0.7594057563865346
8484.936032752188	300	7.820299593136632	0.0	160064	956.78074448684	0.011061602	0.8707621586853794
8486.179613841448	300	7.521718279285713	0.0	137507	798.5813138509175	0.013457214	0.849715695891036
8488.855427379096	300	7.941311446165928	0.0	118421	580.4068331197852	0.01847488	0.9233411147507811

