15017.790850002788	750	4.0	6.212365695121308	450283	6212.365695121308	0.004705182	-26.652809011016057
15019.797939256801	300	5.992910745984942	0.0	155580	1507.089254015058	0.018972676	-0.3504703937737046
15022.531993349005	300	5.710611203052114	0.0	139857	2282.2995429328284	0.07883448	0.06572318715327137
15026.384664550142	300	5.857940001914361	0.0	155432	2352.6712011377526	0.046227932	0.06375731548354906
15030.226023406165	300	5.539473420507219	0.0	163442	1818.4665814071423	0.036583755	0.08248708089203868
15033.014245651364	300	5.691808482914818	0.0	126289	1847.664937592401	0.3877475	0.08118355062550325
15035.131712934111	300	5.82335348579427	0.0	153295	1868.4549971205486	0.008167254	0.08028023165190654
15037.133115022752	300	5.817158550887534	0.0	173849	1506.1949349067354	0.07134706	0.09958870297840174
15039.298330197564	300	5.622154487898913	0.0	150710	1195.0040629886207	0.08341311	0.1255225857767049
15042.494716981308	300	5.969066651937418	0.0	139105	1153.087835961497	0.16204686	0.13008549333531316
15045.192195089976	300	5.8219771001465395	0.0	141840	2647.089551790878	0.22487363	0.05666600886189063
15048.873189173093	300	5.62667430362491	0.0	156148	2195.3027965216297	0.024261987	0.0683277041498189
15052.532845846708	300	5.967017630008424	0.0	160746	3159.656673616486	0.014024363	0.04747351231306809
15057.062053506264	300	5.437809970453654	0.0	179801	4529.20765955477	0.006834254	0.03311837550295614
15060.5543866823	300	5.945476794415646	0.0	140051	3492.333176038008	0.004705182	0.04295122843066549
15064.734312083698	300	5.765551393021184	0.0	138313	3679.925401394463	0.004705182	0.04076169586023655
15068.795137542422	300	5.704725934297965	0.0	143509	3560.8254587232186	0.004705182	0.042125063904082646
15071.742133465603	300	5.950047915118195	0.0	150616	2254.6780191797698	0.004705182	0.06652834627561081
15074.752711798761	300	5.965917614690705	0.0	165384	1484.1303004274903	0.004705182	0.10106929287596504
15076.810993138695	300	5.815000932489125	0.0	140881	1150.9166822015793	0.004705182	0.13033089390368918
15078.382249284756	300	5.888055240775598	0.0	157671	1426.945691713527	0.0058622546	0.10511962779737938
15081.04333614047	300	5.609667021040124	0.0	157812	1278.3882197354744	0.006889142	0.11733524893638192
15083.184800802272	300	5.5952839794802784	0.0	163927	1514.3830415598463	0.007788484	0.09905023754458901
15086.88962009745	300	5.890464684301549	0.0	137654	1704.8192951787298	0.0087291	0.08798586479177214
15089.8632380683	300	5.6996061947370835	0.0	146754	2690.858489564466	0.0065119006	0.05574429148976859
15094.281288634998	300	5.281555628037728	0.0	153938	4418.050566699356	0.004705182	0.033951625889167274
15099.702318652362	300	4.0	0.1394743893252962	181901	5421.030017363024	0.004705182	-0.5720698557591658
15103.422881873672	300	4.279436778687903	0.0	111155	3720.563221312097	0.004705182	0.04031647658633277
15108.162758758903	300	4.0	0.4604401065416778	153605	4739.876885229581	0.004705182	-1.9482460665388692
15112.257194544387	300	4.0	0.09443578548273626	149029	4094.4357854827363	0.004705182	-0.36943879331535545
15115.733637968415	300	4.523556575970396	0.0	157421	3476.443424029604	0.004705182	0.043147545265135506
15118.285387893648	300	5.971806650737989	0.0	157488	2551.749925232407	0.004705182	0.05878318973060747
15122.450071241206	300	5.807123303180117	0.0	143881	2164.6833475578715	0.004705182	0.06929419962010856
15126.158610266293	300	5.577650189281436	0.0	163444	2229.473113898682	0.004705182	0.0672804704685112
15129.906541871476	300	5.8297185840968915	0.0	179328	3747.9316051845444	0.004705182	0.04002207505401213
15133.720402197403	300	5.716287169820765	0.0	159914	2613.431414276127	0.004705182	0.05739580506326288
15135.810128900675	300	5.871638259510059	0.0	131610	1844.6489103107062	0.004705182	0.08131628688883379
15139.76615194728	300	5.915615212904868	0.0	124011	2456.0230466051908	0.004705182	0.061074345457521564
15143.694807342948	300	5.986959817237696	0.0	144254	2428.655395667173	0.004705182	0.06176257046084288
15146.805650732325	300	5.561416183166164	0.0	149991	2425.5436340715314	0.004705182	0.06184180646884886
15148.285288348168	300	5.614247262397003	0.0	147968	1447.1689207691613	0.004705182	0.10365065048541529
15152.302264968297	300	5.5969932853696465	0.0	161857	2017.2539770273563	0.004705182	0.07435850998843554
15154.971927216331	300	5.592023487903174	0.0	145210	1504.969797466472	0.004705182	0.09966977427222537
15157.647316067114	300	5.961675368795888	0.0	172312	2130.3481191072856	0.004705182	0.07041102750045233
15161.996410034068	300	5.612581401841725	0.0	167025	3349.093966954163	0.004705182	0.044788232722062934
15164.852768366094	300	5.781469485142891	0.0	160064	1831.1119166988344	0.004705182	0.08191743968900767
15166.764878307726	300	5.7280377884916485	0.0	137507	1053.4316966512413	0.004705182	0.14239176633552575
15168.254280314948	300	5.637675893370038	0.0	118421	1090.3618951216104	0.004705182	0.1375690040812277

