4401.902891359531	750	4.0	5.84241140162946	450283	5842.41140162946	0.083406985	-25.28149088087748
4403.636172105263	300	6.266719254268797	0.0	155580	1733.2807457312028	0.0047104266	-0.0041032438320903475
4406.024440247734	300	7.565431185188647	0.0	139857	1201.2880690801505	0.014908477	0.6240985466230661
4408.146690413583	300	7.802796143734529	0.0	155432	1262.6350414541164	0.07214241	0.6408105006974625
4410.351022136794	300	7.655437901525991	0.0	163442	1147.358242208539	0.3771613	0.6381547796757241
4411.36689042013	300	7.8409905433095535	0.0	126289	814.4473582164375	0.70132124	0.6893055240779986
4414.779913893381	750	7.695189269244253	0.0	352642	2145.8012740653016	0.69456923	0.11620539236288252
4418.497878373112	750	7.794818019270451	0.0	437162	2900.3712499738012	0.17235571	0.5003377769892833
4421.576295557976	750	7.579406084618238	0.0	374758	2215.411934652213	0.2617222	0.5481000611054672
4425.498817658215	750	7.6568839843789425	0.0	362795	2422.5221002392964	0.19042361	0.5348463818515012
4429.833979774308	750	7.321721868285047	0.0	353220	4335.162116093896	0.15735234	0.3113226396277037
4433.41718129875	300	7.7385203438442565	0.0	156148	2583.2015244407908	0.3687148	0.05256723244917949
4437.1965489280965	300	7.959152714497032	0.0	160746	2279.3676293472254	0.021781486	0.5541867423668644
4441.019578795871	300	7.974267081276408	0.0	179801	2484.885633220623	0.017270377	0.5350897172324616
4445.4514426524765	300	7.54240322466979	0.0	140051	2931.8638566066184	0.013082049	0.4488245000833497
4448.169684695237	300	7.5532863060692765	0.0	138313	2489.116918600514	0.004796626	0.49414670303381586
4450.130848029105	300	7.982267120165423	0.0	143509	1571.0191859038541	0.004705182	0.6272463749437198
4452.502153954558	300	7.666686264770786	0.0	150616	1315.5808553946365	0.010522676	0.6224151863063203
4455.433027614578	300	7.794111988890129	0.0	165384	1872.5742758806575	0.024239494	0.5789807173246694
4458.288585501488	300	7.865482727954957	0.0	140881	1428.6292609351713	0.012209506	0.6302447348559075
4459.8254198657605	300	7.700529806355997	0.0	157671	1164.9529215989596	0.018611964	0.6407354596378162
4460.984319228369	300	7.722020889288924	0.0	157812	978.5089170670738	0.12317693	0.6614484016360135
4462.124855852359	300	7.6269477524139875	0.0	163927	1095.073136874937	0.6438072	0.6406410804635077
4463.20338035219	300	7.720417341406612	0.0	137654	906.5304110073758	0.6802036	0.6684919089069207
4464.867453766845	300	7.954377659440124	0.0	146754	766.0396819664876	0.67445314	0.70505993254263
4468.508262037113	750	7.877990428800633	0.0	379700	3076.3872306394906	0.18714555	0.04074161936741416
4472.494860386804	750	7.571901706869298	0.0	425781	3306.088721931335	0.43329632	0.4383100773549756
4474.123759153664	300	7.732707089819585	0.0	111155	839.1946170497116	0.6961386	0.2264083907766704
4477.160495212077	300	7.93919114001792	0.0	153605	1293.5159498016653	0.36873287	0.6508505857309985
4478.118831341162	300	7.581633211281111	0.0	149029	857.5579287368093	0.25415528	0.6600310243749883
4481.717779757139	750	7.982684795303701	0.0	358218	3098.948415977409	0.5153551	0.048562454485322815
4483.213000330983	300	7.774937797044668	0.0	157488	1207.7469982590337	0.57612526	0.19361790698397816
4484.598533066644	300	7.920908231506109	0.0	143881	854.0295655385592	0.1512291	0.6930394731043584
4487.021226243887	300	7.675313237446673	0.0	163444	1245.594994059437	0.67450786	0.6302441285202398
4490.027671546977	750	7.680639596493302	0.0	401088	2494.6736409533714	0.35894737	0.07991773287334691
4493.842369342332	750	7.865941801138188	0.0	365161	2814.697795355114	0.22132629	0.515750868572495
4495.955826459528	300	7.652447961785445	0.0	131610	1213.4938393527423	0.57304007	0.18125343480921563
4498.227753451299	300	7.771466133322016	0.0	124011	1380.9818284634298	0.049907297	0.6259602723219941
4500.598006992187	300	7.731811954031489	0.0	144254	2039.6541792905261	0.009198706	0.556276276699498
4502.274724686535	300	7.843752835656476	0.0	149991	888.0591183750141	0.004705182	0.6822102218897605
4503.660573517515	300	7.905157684152548	0.0	147968	938.5951515039291	0.18724251	0.6830669061401113
4505.078875307353	300	7.854633652972063	0.0	161857	1050.5240311804841	0.1651091	0.6670110218383799
4507.168746429405	300	7.9585869662747974	0.0	145210	896.0466866972656	0.35583025	0.6924643827122808
4509.83205851664	300	7.83384311633443	0.0	172312	1124.7438499403675	0.5658284	0.6575879268071269
4511.17779936671	300	7.590256857947319	0.0	167025	1243.5862583871108	0.4451679	0.622258227358086
4514.891248255461	300	7.8768079691964195	0.0	160064	2213.4488887509	0.1660209	0.5528528396194798
4519.266350469269	300	7.501705755387942	0.0	137507	2375.102213808477	0.004705182	0.5005834859571733
4522.822892021782	300	7.94516420287488	0.0	118421	2056.541552513062	0.004705182	0.5751229396560924

