13299.374233633094	750	4.0	2.7720774829579558	450283	2772.077482957956	0.010548331	-11.78465557271809
13301.45825735772	300	5.915976275372986	0.0	155580	1084.0237246270135	0.56971806	-0.3116266447013313
13302.354108671965	300	5.616101136212689	0.0	139857	799.875139160298	0.716987	0.18752926882746812
13304.259784194368	750	5.851251529333363	0.0	382355	1264.8496068793254	0.77331626	-0.15352206463090012
13305.530572556901	750	5.661270267679694	0.0	411561	1189.98126165367	0.52784777	0.3151310126336589
13307.616579745476	750	5.628670214282033	0.0	318564	2032.6000533976621	0.4309267	0.1844927630367597
13309.843439318327	750	5.516943981144305	0.0	352642	2111.7262331377274	0.71202576	0.1775798368725111
13313.580812739789	750	5.779570559681133	0.0	437162	3737.373421463172	0.63446105	0.10033784631913728
13317.503013600397	750	5.857369699072539	0.0	374758	3922.2008606085947	0.7159568	0.0956095858746542
13319.971237117938	300	5.810611827495814	0.0	139105	1046.7578715767245	0.6606918	-0.3067003849953801
13321.738317293495	300	5.742804543597758	0.0	141840	1067.8072838980556	0.28250346	0.14047478628580007
13325.52810171018	300	5.953020126912657	0.0	156148	2289.784416685102	0.1623982	0.06550835043988705
13329.552333627616	300	5.928788209476135	0.0	160746	3524.2319174365216	0.0895378	0.042562465670280845
13332.263197282136	300	5.62000096175779	0.0	179801	2308.7872477183455	0.0069081197	0.06496917381549001
13333.875055540406	300	5.790110093222856	0.0	140051	829.8908685349337	0.004970059	0.18074665680417215
13335.097630641189	300	5.629806261548326	0.0	138313	660.3038316745296	0.0618267	0.22716815018262154
13340.02632043062	750	4.701116472117762	0.0	360831	4928.689789430565	0.3029551	-0.3739148706814178
13341.966743197157	300	5.781385608569161	0.0	150616	1919.730863548601	0.06911989	-0.37186404727445665
13342.52410534554	300	5.7280504811232476	0.0	165384	553.3351274459125	0.0061139707	0.27108345839594694
13343.318351411173	300	5.767940863373609	0.0	140881	460.10961774963914	0.26618123	0.3260092686904449
13344.358509508897	300	5.7999301100040865	0.0	157671	468.0107533695221	0.54305977	0.3205054561675128
13345.315979468596	300	5.6072687641804535	0.0	157812	692.6613458236334	0.67303795	0.2165560427247997
13347.47392032843	300	5.795702712703716	0.0	163927	1311.5660514767367	0.27107415	0.11436709560384696
13351.548985156107	300	5.720637885025409	0.0	137654	2575.064827678307	0.19558054	0.058250960670081786
13353.438042705291	300	5.731828856949901	0.0	146754	1488.809028075508	0.016205935	0.10075167276080788
13356.49769389064	300	5.692127567729407	0.0	153938	1539.7012892204946	0.012022764	0.09742149405872134
13360.605959658647	300	5.583861799723437	0.0	181901	3608.2657680059688	0.011509987	0.04157121721188911
13364.41527059774	300	5.77455086063119	0.0	111155	3309.310939092248	0.004705182	0.04532665644321272
13368.704330598424	300	5.485490859946108	0.0	153605	4289.060000685082	0.004705182	0.03497269797485716
13371.128185069816	300	5.811856964256737	0.0	149029	1673.6338956893705	0.004705182	0.08962533585531555
13372.717118066763	300	5.762500720133875	0.0	157421	1049.3562441228617	0.004705182	0.14294478242265796
13373.684862788488	300	5.528416716682885	0.0	157488	734.0840034509914	0.004705182	0.20433628752954325
13374.657969766953	300	5.95369362508728	0.0	143881	574.7230915956047	0.010352232	0.26099525526902834
13376.150706409413	300	5.681517185292887	0.0	163444	772.1764397943929	0.0903524	0.19425612110094997
13377.69918969365	300	5.642555606006837	0.0	179328	1038.9615792860488	0.036202632	0.14437492491596912
13378.604494892808	300	5.924663959404122	0.0	159914	717.8916466027154	0.041307185	0.2089451809473564
13379.38316440065	300	5.8790359432596055	0.0	131610	545.6280161445178	0.07545487	0.2749125696659063
13380.558702652566	300	5.897787534650557	0.0	124011	481.2484086090483	0.08943438	0.31168934237838797
13381.89483120652	300	5.561868155326972	0.0	144254	835.919379323584	0.11131741	0.17944314213815477
13382.605344929063	300	5.861715933871387	0.0	149991	700.1522214555865	0.036062453	0.21423912601199266
13383.497859303545	300	5.745639506673897	0.0	147968	616.0764271974892	0.042813726	0.24347628537313934
13384.304980596231	300	5.740297786472571	0.0	161857	505.34172020132655	0.05193148	0.2968288467064237
13385.077687621431	300	5.984834041114891	0.0	145210	755.4637453576802	0.109489575	0.19855353869957232
13386.26266170111	300	5.730968645697552	0.0	172312	753.8653954173384	0.042387936	0.1989745131051682
13388.064161993394	300	5.675772918185776	0.0	167025	1055.1957275117775	0.032718193	0.14215372190115866
13389.385364171376	300	5.9983240875806585	0.0	160064	677.4488306051163	0.015372366	0.2214189370819576
13390.25715058605	300	5.919307601933094	0.0	137507	579.016485647563	0.02654427	0.25905998139628506
13391.102676861039	300	5.957929328451353	0.0	118421	461.37827348174113	0.028534248	0.3251128382531784

