17101.55403790787	750	4.0	1.8710689380755445	450283	1871.0689380755446	0.6832626	-7.871177829073678
17102.222208937932	300	7.331828969935454	0.0	155580	668.1710300645457	0.67171335	-0.3802325581395349
17103.73022527324	750	7.972440791119934	0.0	350812	1359.3881788155206	0.10539395	-0.2755813953488372
17105.209794448358	750	7.896970277039076	0.0	382355	1075.4705140808585	0.09570882	0.1744186046511628
17107.133646119357	750	7.63709373390747	0.0	411561	1259.8765431316056	0.09301249	0.1744186046511628
17109.95651459403	750	7.71264711295336	0.0	318564	2424.446620954109	0.07670912	0.1744186046511628
17111.50069853371	750	7.594766074724505	0.0	352642	1117.8810382288557	0.06475736	0.1744186046511628
17112.940128403367	750	7.933202581122808	0.0	437162	1161.5634936016966	0.048964605	0.1744186046511628
17114.67818462938	750	7.6231076942920115	0.0	374758	1310.0948868307973	0.04211109	0.1744186046511628
17116.449330003245	750	7.886515700802201	0.0	362795	1236.5919934898106	0.03896052	0.1744186046511628
17117.57790842445	750	7.929503175586611	0.0	353220	957.0125252155907	0.0347459	0.1744186046511628
17119.16877793653	750	7.87485130078946	0.0	405134	1554.6518747971513	0.03336786	0.1744186046511628
17121.065015351513	750	7.914841402390481	0.0	386351	1460.0098983989787	0.035255995	0.1744186046511628
17123.865458027507	750	7.512733875135878	0.0	434409	1902.1075272546022	0.03405399	0.1744186046511628
17125.612366280537	750	7.958447289642231	0.0	337059	1554.2865854936476	0.047001068	0.1744186046511628
17127.676484058982	750	7.967699248484881	0.0	366214	1490.748041157349	0.047944356	0.1744186046511628
17131.54284010013	750	7.666206087008893	0.0	360831	2301.493161475987	0.04073377	0.1744186046511628
17135.221441669397	750	7.987604517741179	0.0	372963	3678.6015692677147	0.15825441	0.1744186046511628
17138.570594919263	300	7.849760122025335	0.0	165384	2637.8443957158443	0.5841453	-0.3802325581395349
17142.29404327889	300	7.683690364538437	0.0	140881	1166.0697574868977	0.21004757	0.06976744186046512
17148.02215068821	750	5.9555829552139015	0.0	386472	5728.107409324536	0.30050707	-0.2755813953488372
17150.213443767312	300	7.682679411844131	0.0	157812	1272.9035433697713	0.0394277	-0.3802325581395349
17152.09742571184	300	7.744883245594981	0.0	163927	1437.7961662491489	0.10463478	0.06976744186046512
17154.003577427357	300	7.9949002579276565	0.0	137654	1249.9829876673239	0.11638428	0.06976744186046512
17155.786678062497	300	7.711434237531487	0.0	146754	1283.4660203961707	0.14511628	0.06976744186046512
17158.339834511393	300	7.8496733633555955	0.0	153938	1361.7608741758895	0.19950765	0.06976744186046512
17160.32708654178	300	7.521745149822622	0.0	181901	1327.9282135329736	0.1571191	0.06976744186046512
17162.64810464063	300	7.795897989524125	0.0	111155	1225.847160298497	0.2542742	0.06976744186046512
17166.195901560495	300	7.639585013365526	0.0	153605	1656.3129761586	0.27702022	0.06976744186046512
17169.385002661602	300	7.615776396667392	0.0	149029	2023.8086166981343	0.2249226	0.06976744186046512
17171.962635703425	300	7.984606127459083	0.0	157421	1631.1702692083086	0.10340806	0.06976744186046512
17173.385554127715	300	7.571378311121733	0.0	157488	1413.2278163373503	0.1421888	0.06976744186046512
17176.983679539004	300	7.967160928454915	0.0	143881	1104.2173826668156	0.15442368	0.06976744186046512
17179.155707391154	300	7.658101069190014	0.0	163444	1309.0598592649023	0.29589874	0.06976744186046512
17180.65138192249	300	7.696747780964288	0.0	179328	1461.3532882257266	0.28308663	0.06976744186046512
17183.694487708508	300	7.687355476009656	0.0	159914	1509.3923049546322	0.2355193	0.06976744186046512
17187.25216362261	750	7.565374206994469	0.0	321064	2621.981269015186	0.16950455	-0.2755813953488372
17190.851644917788	750	7.578480991944965	0.0	361565	2986.8932150495048	0.37835652	0.1744186046511628
17194.441865398283	750	7.988260511446331	0.0	378327	3090.2204804986336	0.3030625	0.1744186046511628
17196.32430951902	300	7.82844272139348	0.0	149991	1659.8177900528515	0.31067973	-0.3802325581395349
17198.84040388949	300	7.681708663497512	0.0	147968	1646.734057895968	0.05549819	0.06976744186046512
17201.361423283935	300	7.615879075063951	0.0	161857	1565.8295884335598	0.03289988	0.06976744186046512
17202.910868935032	300	7.733751195519949	0.0	145210	882.127879544001	0.026969258	0.06976744186046512
17204.5262584406	300	7.87471529951302	0.0	172312	1359.0358960069302	0.09985037	0.06976744186046512
17206.475477960306	300	7.608282349441202	0.0	167025	1266.4329500718177	0.10746527	0.06976744186046512
17209.16297092739	300	7.740929222216117	0.0	160064	1367.3531272250846	0.13878436	0.06976744186046512
17211.49263581077	300	7.736166662455693	0.0	137507	1004.7625597604249	0.1354232	0.06976744186046512
17213.175508552697	300	7.63218146280312	0.0	118421	1103.985199652572	0.17931786	0.06976744186046512

