3.998697299309292	750	4.0	3.998697299309292	450283	3998.697299309292	0.5	-17.169148830668746
5.380675892396672	300	6.61802140691262	0.0	155580	1381.9785930873804	0.30634204	0.06484020922317787
7.950041137001228	300	7.678676706968678	0.0	139857	1439.3446999439418	0.5491003	0.6111928957566048
12.079730132228509	750	7.548987711741396	0.0	382355	3129.688995227282	0.2959956	0.003744551538770513
22.079995608182305	750	4.0	2.4512777642123984	411561	10000.265475953795	0.16017853	-11.115401647416551
24.65647409897676	300	5.423521509205544	0.0	126289	2576.4784907944563	0.017526586	-0.16958177482195336
26.892217405123862	300	7.187778203058441	0.0	153295	2235.743306147103	0.04046067	0.484303487363844
30.151290883603984	300	7.92870472457832	0.0	173849	2259.0734784801216	0.118837446	0.5532855032699104
32.545420277004425	300	7.747275206899782	0.0	150710	2181.4295176785386	0.6507306	0.5435870988025013
34.62626058077712	300	7.603205035774386	0.0	139105	1644.0701711253955	0.2999063	0.5834561131495427
38.969393828659754	750	7.260071787891748	0.0	353220	4343.133247882638	0.41724014	-0.14540836496765536
42.82323109750492	750	7.406234519046575	0.0	405134	3853.837268845173	0.22888969	0.36758956456318
46.39409602218406	750	7.8353695943674415	0.0	386351	3570.864924679134	0.25014564	0.4371915454410047
48.978752659308434	300	7.8653440580823775	0.0	179801	1470.0255362850642	0.08967715	0.1760917601855799
53.20097382084897	750	7.643122896541836	0.0	337059	3722.221161540541	0.15898508	-0.04644804487092685
57.19465050928997	750	7.649446208100839	0.0	366214	3993.676688440997	0.10471976	0.3770150284772152
61.11794958386758	750	7.726147133523225	0.0	360831	3923.299074577614	0.0994004	0.3914353424911704
64.99066872163358	750	7.85342799575722	0.0	372963	3872.719137766004	0.09220231	0.40874426611556625
70.45351025809211	750	6.390586459298704	0.0	405596	5462.841536458516	0.084868446	0.10893183942592133
77.2756737677863	750	4.0	0.43157705039549	350713	6822.163509694194	0.6943971	-2.112878381377885
80.11489546938857	300	5.160778298397717	0.0	157671	2839.2217016022832	0.03463858	-0.22114543329542036
82.4890279235525	300	6.786645844233801	0.0	157812	2374.1324541639156	0.012776297	0.4318551198944806
85.67186935271717	300	7.603804415069128	0.0	163927	2182.8414291646723	0.0402089	0.5296366782947524
88.72011284292135	300	7.608556543241055	0.0	137654	1495.2478718280727	0.10520873	0.5988534318515708
92.77242626948345	300	7.55624311667897	0.0	146754	3052.3134265620847	0.3575379	0.43811164867265284
95.73223080138146	300	7.618995306349069	0.0	153938	1937.247810329902	0.17825866	0.5556581810026978
98.81601896084305	300	7.868379639902327	0.0	181901	2250.615666446742	0.25187898	0.5483249254243394
101.10831383617	300	7.963818458246269	0.0	111155	1404.5611816560574	0.28417906	0.6421164703587198
102.9960949837752	300	7.533794745779109	0.0	153605	1430.0237124671598	0.44683415	0.5981799384650742
105.54495241152132	300	7.888244687475066	0.0	149029	1145.550058304043	0.6492934	0.6607435200028466
110.70345495971863	750	6.729742139277767	0.0	358218	5158.502548197299	0.17049536	-0.2779901359748685
115.86938112602404	750	5.563815972972363	0.0	400322	5165.926166305404	0.56536186	0.05904576257735539
117.26850250891454	300	7.883123299499499	0.0	143881	1180.692673472864	0.4014055	0.20673631898037387
120.44800192688807	750	7.812587992721569	0.0	412837	3070.5353067779306	0.4710514	0.035031751770015884
123.65732541827904	750	7.717408307623876	0.0	401088	2595.1796850976916	0.120392226	0.523406159356864
126.88326923718647	750	7.611508310816785	0.0	365161	2605.8999968070907	0.38367382	0.5121411312254905
129.65623783382102	750	7.570045852049698	0.0	321064	2541.4624587670883	0.4285585	0.5145940755023206
133.3669649847389	750	7.859318701131811	0.0	361565	2710.727150917887	0.41514164	0.5255104519938469
137.43316265885113	750	7.662336560968388	0.0	378327	3196.982140163423	0.38402525	0.4579251946511418
141.39272201856215	750	7.7027772012573825	0.0	390680	3459.559359711005	0.1845795	0.435559931015288
145.5266190985135	750	7.568880121306021	0.0	345516	3133.897079951361	0.12876299	0.4552384104539101
148.80324747190144	750	7.726901983417636	0.0	384505	2841.978137888386	0.11000761	0.4996400913339488
151.42879557822138	750	7.6264530145074225	0.0	372093	2600.4489689102134	0.2672295	0.5141246789999381
155.45179706844374	750	7.603451524285073	0.0	438281	3523.0014902223493	0.36794847	0.41965550687825526
159.37609156855714	750	7.515354535544391	0.0	398987	3088.0969887406823	0.1611484	0.4546665201469962
164.0943249720621	750	6.7971211320394165	0.0	393804	4718.233403504974	0.1977149	0.22252208434066761
169.25975941957876	750	5.631686684522751	0.0	331053	5165.434447516666	0.21466643	0.06562756880366694
171.72290841539197	300	7.168537688709524	0.0	118421	2463.148995813227	0.252819	0.009710996676847217

