6222.978817285354	750	4.0	4.746018619318359	450283	4746.018619318359	0.009774235	0.021418003184443257
6224.2799723763455	300	6.698844909008274	0.0	155580	1301.1550909917264	0.032133676	0.2478565694034791
6227.202921651042	300	7.510957131585015	0.0	139857	1187.8877774232599	0.008681777	0.8094563500465017
6229.527097170418	300	7.781400020414154	0.0	155432	1229.5571111708612	0.009114912	0.8386815173775002
6231.446117774562	300	7.854199017793641	0.0	163442	1427.2010026205132	0.010475217	0.8279057596670627
6232.867459355194	300	7.719438032989982	0.0	126289	1134.7609848036595	0.011725873	0.8405105649246568
6234.956293797625	300	7.988311028638927	0.0	153295	1231.127004351055	0.009751869	0.8640722259622968
6238.382671382604	300	7.568976045789361	0.0	173849	1919.3349828495657	0.011287256	0.7434753358018551
6241.794397832985	300	7.9816340930632865	0.0	150710	1587.3419527260744	0.010208145	0.8276263171196312
6243.9108757548875	300	7.755587299889747	0.0	139105	1226.04679317354	0.010852567	0.8358454032072559
6245.105370774211	300	7.838555449942205	0.0	141840	917.0318499475414	0.011093236	0.8769911336934196
6246.611279095816	300	7.604332830928401	0.0	156148	1234.222619013805	0.012680702	0.8163521420664
6249.215908018162	300	7.917861201950174	0.0	160746	1186.471628978227	0.012002188	0.8598391886630257
6251.707934491923	300	7.85092660220333	0.0	179801	1566.9345997468447	0.011748071	0.8135283485429992
6253.697642801995	300	7.738618422324531	0.0	140051	1112.3081798787985	0.011860542	0.8451240847707744
6256.572969417242	300	7.934655194147763	0.0	138313	1303.9632281767692	0.011493018	0.8501636150783178
6258.720797506831	300	7.776422799938413	0.0	143509	1158.2323942093499	0.011146003	0.8451994421425774
6261.327148255602	300	7.983045339993365	0.0	150616	1793.3774599450471	0.011856222	0.8071970157552005
6263.865631026488	300	7.825290603762345	0.0	165384	2157.7547362310197	0.010766038	0.7512810091382262
6266.047229828248	300	7.604855129609858	0.0	140881	1720.4354741524871	0.009383107	0.7677953457696275
6268.407000900324	300	7.765551352726136	0.0	157671	1839.3037768837225	0.009226918	0.7757499854961974
6271.118338529666	300	7.75011619040175	0.0	157812	1515.4351623243856	0.008649843	0.8062310379401914
6274.0509851821325	300	7.9767440881764795	0.0	163927	1773.3721022252703	0.009289816	0.8084195239142032
6276.6883168446875	300	7.77271546047003	0.0	137654	1704.0286277064508	0.008637085	0.7901620664984194
6280.187938545372	300	7.949556127552213	0.0	146754	2323.1593329178177	0.008114563	0.7500838513496956
6282.842451421519	300	7.910530882911585	0.0	153938	2039.0252446406273	0.007104391	0.7736787385858559
6287.0307077377565	300	7.722274566674241	0.0	181901	3188.256316237345	0.006968376	0.6355112640201546
6291.1933370736515	300	7.559645230779574	0.0	111155	3662.6293358946673	0.0068561025	0.5679938069229028
6296.451828190505	300	6.301154113925801	0.0	153605	5258.491116853773	0.005627628	0.25301932376479586
6302.0155594514645	300	4.737422852965504	0.0	149029	5563.731260960297	0.005040981	0.02941841992733918
6307.843435973691	300	4.0	1.090453669260508	157421	5827.876522226012	0.0047192783	-0.08804711617608957
6312.860669862753	300	4.0	1.0172338890623651	157488	5017.233889062365	0.004705182	-0.006982852859724831
6316.854071210948	300	4.006598651805338	0.0	143881	3993.401348194662	0.004705182	0.09621514938537207
6322.172226747464	300	4.0	1.311556884711037	163444	5318.155536516375	0.004705182	-0.03707501760512594
6327.4058616646025	300	4.0	1.233634917137716	179328	5233.634917137716	0.004705182	-0.028622955667259975
6330.212017721994	300	5.1938439426089085	0.0	159914	2806.1560573910915	0.004705182	0.36153112512786467
6332.494014130241	300	6.911847534361776	0.0	131610	2281.9964082471324	0.004705182	0.6260722791978565
6335.790780106082	300	7.615081558521291	0.0	124011	2296.7659758404834	0.004705182	0.7114249723365679
6339.851265941562	300	7.554595723040691	0.0	144254	3060.4858354805997	0.004815588	0.6275846845866062
6344.491567285858	300	6.914294378744604	0.0	149991	4640.301344296087	0.0047064926	0.3905439021484985
6347.9701671213625	300	7.4356945432398565	0.0	147968	3478.5998355047477	0.004705182	0.5710923285156759
6353.310884239631	300	6.094977424971433	0.0	161857	5340.717118268423	0.004710069	0.21933969352521754
6355.792768452016	300	7.613093212586569	0.0	145210	2481.8842123848635	0.004705182	0.6926676438068582
6357.691956716256	300	7.516401373418497	0.0	172312	1596.6918391680717	0.0051576784	0.769248154823313
6358.125125966228	300	7.586065032468505	0.0	167025	430.3363409499932	0.0062982924	0.8944852098597733
6358.697946610726	300	7.67607112673036	0.0	160064	409.99390573814395	0.017491885	0.9076326779761247
6359.32344835625	300	7.7947336088479355	0.0	137507	381.3375178824246	0.028814893	0.9251498003707508
6359.896946148697	300	7.980066811945926	0.0	118421	314.6667969020102	0.030207893	0.954700317505052

