2076.232829139936	750	4.0	2.4304790559882594	450283	2430.4790559882595	0.11247945	-10.2689885600562
2079.079592585557	750	5.153236554379288	0.0	398865	2846.763445620712	0.63029516	0.25144329156824646
2081.3511069427536	750	6.88172219718222	0.0	350812	2271.514357197067	0.24610509	0.4753369391683397
2084.963441851632	1200	7.2693872883039	0.0	617681	3612.33490887832	0.5503613	-0.04736310256259413
2093.1709185329646	1850	4.0	0.9380893930283964	996749	8207.476681332297	0.98601735	-5.020577925378446
2094.173850616607	300	6.997067916357413	0.0	126289	1002.9320836425863	0.70882475	-0.9607714756668779
2097.4254469657376	750	7.745471567226723	0.0	352642	3251.5963491306898	0.25699028	0.010465614091015485
2104.0480901564642	750	5.122828376500035	0.0	437162	6622.643190726688	0.116269186	-0.1290715051712522
2108.8483991496732	300	4.32251938329135	0.0	150710	4800.308993208685	0.59136707	-0.49793755085407937
2112.195044147355	300	4.975874385609597	0.0	139105	3346.6449976817535	0.012979524	0.16031502200837522
2115.032318693481	300	6.138599839483888	0.0	141840	2837.2745461257095	0.0650952	0.3231657345340407
2118.664029196198	300	6.506889336766715	0.0	156148	3631.7105027171733	0.027869724	0.2791704282001691
2122.624623788717	300	6.546294744247635	0.0	160746	3960.5945925190804	0.011130332	0.25007483518586854
2126.1504560231524	300	7.020462509812177	0.0	179801	3525.8322344354574	0.027366992	0.3391902658842848
2127.3692554539757	300	7.805115816452715	0.0	140051	1215.3466933594611	0.04528065	0.6457626066842515
2130.7165001753433	300	7.628219791100906	0.0	138313	2176.896025351808	0.6887014	0.5325812268080796
2133.111412899135	300	7.590937786763287	0.0	143509	1037.2820043376191	0.20036773	0.6429541929477443
2138.0753981816033	750	6.626952504294614	0.0	372963	4963.985282468672	0.38267082	-0.2684320304457903
2139.638711452512	300	7.791103879351187	0.0	165384	1335.8486249434284	0.46314597	0.18236374840223032
2141.547701881414	750	7.585340940183211	0.0	350713	1705.7629391679775	0.20875575	0.14963619735415773
2144.4560331768666	1200	7.937789042123329	0.0	601738	2647.5518980598804	0.70236063	0.11344963903335642
2148.715111100468	1850	7.678711118521872	0.0	955231	4259.077923601458	0.5308161	-0.23787346713800656
2152.607630822193	1850	7.786191396796786	0.0	968026	3892.519721725086	0.068396874	0.45912745392586973
2156.2882493871425	1850	7.702070711982001	0.0	874175	3584.1206848147845	0.034226034	0.48187064458121764
2160.5342686581407	1850	7.456051440984052	0.0	897976	4246.019270997949	0.03348205	0.39200114708568595
2164.95932311644	1850	7.0309969826847025	0.0	905935	4425.05445829935	0.06792631	0.3331856459939574
2171.147667236337	1850	4.842652862787765	0.0	1076599	6188.344119896938	0.09860617	-0.05377396827738301
2179.3005300180203	1850	4.0	3.3102099188958993	758197	8152.862781683664	1.1626265	-14.565234796643846
2182.623341243101	750	4.677188774919053	0.0	400396	3322.811225080947	0.61274207	-0.9419816347758777
2185.322374458073	750	5.978155559947103	0.0	400508	2699.0332149719493	0.690837	0.3456157213363488
2190.5824938267792	750	4.718036191241367	0.0	358218	5260.119368705736	0.1578972	-0.03178083815659832
2194.995716970643	750	4.304813047377447	0.0	400322	4413.22314386392	0.44799662	0.013135579640350614
2195.738698909838	300	7.561831108182046	0.0	143881	742.9819391954002	0.27194428	0.21958264804315597
2198.488193788771	750	7.8855572985811575	0.0	412837	2176.2738096008893	0.40110376	0.13148128142404433
2202.7571810916183	1200	7.616569995733507	0.0	690253	4268.98730284765	0.37240887	-0.0796116055266502
2208.2264566157464	1200	6.147294471605172	0.0	598727	5469.275524128335	0.49104723	0.10894010678325161
2209.9143274657654	750	7.5141010662494665	0.0	321064	1633.1934053557059	0.18059227	0.15003623061865368
2213.8337837190174	1200	7.594644812996838	0.0	575591	3919.4562532526284	0.400494	-0.046768824719460644
2219.470443444578	1200	5.957985087436622	0.0	605884	5636.6597255602155	0.59033215	0.07398043984506497
2222.2505403660466	750	7.177888165968198	0.0	390680	2780.0969214684246	0.14738646	0.0029849991778175267
2225.614018473863	750	7.81441005815216	0.0	345516	2863.4781078160377	0.33398646	0.5059128475675809
2228.8081964225385	750	7.554505276694577	0.0	384505	2759.9047814575833	0.40193617	0.49125404491283603
2231.827604797081	750	7.886937635032113	0.0	372093	2667.567641662464	0.3146698	0.5324847571949707
2236.9324497869716	1200	6.782092645141346	0.0	634861	5104.844989890767	0.4713019	-0.24351678267845062
2239.8088000993853	750	7.905742332727589	0.0	398987	2876.350312413758	0.38678765	0.06341646398415607
2243.2634119882505	750	7.989954391387577	0.0	393804	2915.787941340011	0.50038105	0.5175782089653103
2245.3774132472527	750	7.6523657451488365	0.0	331053	1837.58864623874	0.42655402	0.5929048415090873
2249.5696970857416	1200	7.460081906660288	0.0	550906	4192.283838488548	0.7257947	-0.08700341833870479

