9690.477565561141	750	4.0	2.54228302815134	450283	2542.28302815134	0.004705182	-10.760926037573755
9691.316986387717	300	7.160579173426026	0.0	155580	839.4208265739742	0.38034993	0.17131779731616367
9693.157811095087	750	7.761018794787975	0.0	350812	1399.56037863805	0.17343898	0.19716564974323514
9697.380235508905	1850	7.538594380970532	0.0	933276	4222.424413817443	0.7809509	-0.6976945139219044
9701.351121235213	1850	7.567708654661801	0.0	996749	3970.885726308731	0.012341358	0.43026163728588623
9707.926224879244	1850	4.992605010630269	0.0	801058	6575.103644031532	0.0075193923	-0.07801685333246089
9711.22237243759	300	5.696457452284478	0.0	153295	3296.147558345792	0.26512483	-1.315278281935202
9715.22346441686	300	5.695365473015674	0.0	173849	4001.091979268804	0.004705182	0.16412217170712046
9718.916292962449	300	6.002536927427134	0.0	150710	3692.82854558854	0.004705182	0.2245141222096912
9721.604204543688	300	7.314625346188678	0.0	139105	2687.911581238456	0.004705182	0.4512958438334527
9725.08329183135	300	7.68391060533935	0.0	141840	2130.7147408493283	0.004705182	0.5425596604270857
9726.84963960441	300	7.834922968364958	0.0	156148	1348.9876369743913	0.004705182	0.6352674851084151
9729.299211826834	300	7.918816910895279	0.0	160746	1916.1060574696778	0.02339737	0.5866305318879019
9731.118240878697	300	7.661035419742124	0.0	179801	1757.7814911531548	0.005457764	0.5776512223722281
9732.180336785148	300	7.665611323170604	0.0	140051	995.4240965715211	0.00842469	0.6543273978185313
9734.396048662702	300	7.931091284584116	0.0	138313	1234.5200385864873	0.08396361	0.655970556415255
9736.460720875204	300	7.904351045366377	0.0	143509	1026.7402392177382	0.12428932	0.6741747574542497
9738.217383057088	300	7.794985902917448	0.0	150616	1609.3651424489296	0.5333189	0.6053857459019565
9741.356224902156	300	7.539213590699713	0.0	165384	1255.7723122177335	0.15808232	0.6161266485699991
9743.49419911227	300	7.726761151919132	0.0	140881	1312.4524387805811	0.54649466	0.6285103052157311
9744.771310777613	300	7.560966228764403	0.0	157671	1165.7949231547288	0.24267602	0.6272181040047209
9746.859678608647	300	7.782440684340792	0.0	157812	1278.5255444236107	0.6850592	0.6372622139322954
9750.647267598399	750	7.994851694589486	0.0	401853	3287.588989751306	0.6897179	0.030869475211588004
9754.735810753606	750	7.906308539381358	0.0	343800	3088.5431552081277	0.14502046	0.49225167774886314
9758.973800463365	750	7.668318829622406	0.0	359903	3237.9897097589533	0.3466178	0.45440023795641765
9762.633827132518	750	7.645287560909461	0.0	379700	3023.031268712944	0.69701236	0.4736792958564486
9764.480007229584	300	7.6606952984984895	0.0	181901	1484.5922624109726	0.59886056	0.15493740818405655
9765.41322420577	300	7.994880694231848	0.0	111155	665.8146042666422	0.098745994	0.7189809041744447
9768.780720764813	750	7.619833634171022	0.0	400396	2875.0470600608264	0.6646473	0.03602774688503585
9772.139821365166	750	7.856508002484269	0.0	400508	3263.3256316867532	0.17133489	0.4699800709270181
9773.917811609714	750	7.535400426544149	0.0	358218	1321.1075759401194	0.32755738	0.633294901579935
9775.965476416222	750	7.860009324093004	0.0	400322	1675.3911024511447	0.70413035	0.6291105300979006
9779.30339764238	1850	7.9321855915437265	0.0	885062	2927.8237325492764	0.96676165	-0.5303508373533048
9783.678910104773	1850	7.556673129151048	0.0	1035329	4375.512462392679	0.004705182	0.3887367816059208
9790.09984042745	1850	5.1357428064715	0.0	1026056	6420.930322679548	0.0053283055	-0.048822343086572406
9791.486179920734	750	7.749403313189367	0.0	365161	886.3394932821332	0.83254087	-0.40263026523579337
9796.720299254897	1850	6.515283979025226	0.0	728962	5234.11933416414	0.010825094	-0.8973588136156245
9806.08047028542	1850	4.0	2.844887051496281	938587	9360.171030521507	0.039166156	-12.685077291709272
9807.100382951023	300	6.980087334396751	0.0	144254	1019.9126656032487	0.10808514	-0.9641039344817347
9808.609576601959	300	7.759031829053056	0.0	149991	1221.0555053436956	0.2304553	0.6407560884919473
9810.48888636852	300	7.678446133071338	0.0	147968	1080.5856959817174	0.39802825	0.6470466031489973
9814.185445052175	300	7.981887449414638	0.0	161857	1696.5586836567002	0.068086125	0.61465588142032
9815.27180174862	300	7.736350473308066	0.0	145210	745.5369761065713	0.09745835	0.6861248347382505
9818.25237302179	750	7.666474658893307	0.0	438281	2069.8758144147596	0.03428751	0.12103412392895815
9821.202060249763	750	7.5419787172843975	0.0	398987	2624.4959416089105	0.08590253	0.5035892330918268
9822.87989105535	750	7.505659024172003	0.0	393804	1536.3196931123953	0.052993156	0.6089110455461966
9824.928832424106	750	7.7319439245321755	0.0	331053	1773.7150996398273	0.92436266	0.6069516878122956
9826.664231767954	750	7.651857325165702	0.0	314107	1080.0865993664738	0.62390125	0.6686061101859365

