10808.944007303277	750	4.0	2.855960794164828	450283	2855.9607941648283	0.109256566	0.06440392058351718
10809.75301928748	300	7.1909880157968455	0.0	155580	809.011984203154	0.76437175	-0.08146444743301257
10810.931672967004	300	7.679147574754576	0.0	139857	511.8404410422698	0.05994179	0.428762679317934
10812.461541466271	300	7.752619901426171	0.0	155432	926.5276733284048	0.08848281	0.3918859765062952
10813.909019534789	300	7.635551308786222	0.0	163442	1117.0685926399497	0.04988453	0.3655150975351439
10815.192966831453	300	7.528782364993649	0.0	126289	1106.7689437925726	0.03537079	0.3598720034328458
10816.320312100857	300	7.8436989496268765	0.0	153295	685.0834153667719	0.025976587	0.4217228428150026
10817.490972708534	300	7.994499520356991	0.0	173849	849.1994292698851	0.0439368	0.4147362770953234
10818.504781148502	300	7.973325899126998	0.0	150710	521.1736212299922	0.037352048	0.44621550657243814
10819.800775711159	300	7.796646012868074	0.0	139105	676.6798862589229	0.06710577	0.4196223871783623
10821.382681372264	300	7.5803505872637835	0.0	141840	716.2954256042899	0.053366058	0.4021423691435575
10823.018643580059	300	7.595174539117641	0.0	156148	985.1760481461432	0.044748947	0.3761808038802382
10824.81048766309	300	7.6496456585253325	0.0	160746	945.5288805923078	0.034381595	0.3835499655986025
10825.90651352842	300	7.624790312729981	0.0	179801	1024.855345795351	0.030231304	0.3740638599660887
10827.561757598894	300	7.562753518210677	0.0	140051	1062.0367945193057	0.03186431	0.36646841543623676
10829.79175731762	300	7.974357277774292	0.0	138313	1088.396240436384	0.0199619	0.38955770581725485
10830.879022368355	300	7.9115265392024305	0.0	143509	1062.8307385718613	0.019356871	0.3881873348429658
10832.308964271417	300	7.678772734202588	0.0	150616	1232.7538049998418	0.01808624	0.3566479153876776
10833.819623429285	300	7.672037142349826	0.0	165384	1006.735591852764	0.01658231	0.37882876221158773
10836.690577709987	300	7.63352184695677	0.0	140881	1038.5152953930567	0.018837262	0.37324358589549245
10838.639503153132	300	7.775278627588415	0.0	157671	1858.2432193683544	0.016926898	0.3001305922874405
10840.043219579531	300	7.743761488126895	0.0	157812	1031.5171394615209	0.012083598	0.38083337906177883
10842.945404299799	300	7.793768790561142	0.0	163927	1449.9926975657522	0.015568832	0.34211127965349614
10845.10807972202	300	7.843527143252524	0.0	137654	1450.2416473086178	0.01357766	0.345196281722421
10847.575052675431	300	7.981257501552915	0.0	146754	1362.2696416996098	0.0109299	0.3626016296770962
10849.443723484354	300	7.684273752947018	0.0	153938	1796.9837486058977	0.010458376	0.30056873469859885
10851.380869157068	300	7.821544461199583	0.0	181901	1862.7292917474356	0.010211356	0.30257359965023034
10853.683487155684	300	7.832443613874762	0.0	111155	989.1008473248204	0.009985835	0.3906176411346906
10855.279114604791	300	7.891388474465579	0.0	153605	941.0551394091837	0.009585462	0.3991062657131803
10856.555081320723	300	7.895691290849696	0.0	149029	995.6971836158828	0.015834492	0.3939109873165177
10861.501346993029	300	6.94942561854324	0.0	157421	4946.265672306456	0.016225323	-0.060287466071693
10864.700377417297	300	7.503178013219546	0.0	157488	2446.2476053236956	0.008493612	0.22432386529385204
10865.740569316953	300	7.509473410864901	0.0	143881	993.7046023546442	0.0073254285	0.3699716279435919
10866.821187665913	300	7.5374079230355475	0.0	163444	972.0654878293534	0.009977153	0.3738814464067864
10867.887434593371	300	7.518560889871511	0.0	179328	1018.8470331640377	0.01588396	0.36802535230056566
10869.250962047974	300	7.860497071717018	0.0	159914	658.0638181544922	0.01726908	0.4254746851668644
10871.437985762966	300	7.859717122944922	0.0	131610	500.7799487720969	0.029788937	0.4411543253068479
10872.047580507922	300	7.888041605076586	0.0	124011	471.6755178683373	0.060404256	0.44583504853045286
10872.887079676671	300	7.8872516202463485	0.0	144254	500.78998483023753	0.070169635	0.442874227782373
10873.54898287007	300	7.94565460550583	0.0	149991	441.5970147405188	0.103295416	0.45244371137006245
10874.181963363217	300	7.954317443762608	0.0	147968	491.3371617432228	0.22142088	0.4480111240608407
10874.922276897774	300	7.784982299184641	0.0	161857	669.3351445779666	0.24140863	0.4196278792412434
10875.474409465705	300	7.734405229209871	0.0	145210	550.5770699747692	0.19606455	0.42834261982814004
10877.425045900049	300	7.534864818516775	0.0	172312	1199.5404106930962	0.25995225	0.3509750100879888
10879.40247198679	300	7.8816997869693495	0.0	167025	1153.165031547425	0.16806975	0.37728973353084183
10881.161021563657	300	7.774555502134686	0.0	160064	1107.1442848346635	0.14138833	0.37519529039995153
10881.991539929093	300	7.689998922431012	0.0	137507	584.5565797036733	0.13940512	0.4221692746815709
10883.002605317988	300	7.982447154351274	0.0	118421	707.5517680797387	0.2681883	0.4281477703389807

