8040.050039601535	750	4.0	6.819045761582508	450283	6819.045761582508	0.6078776	-29.147478170153622
8041.997015268648	300	6.053024332886424	0.0	155580	1946.975667113577	0.017989049	-0.3802325581395349
8044.532132472954	300	7.517907128580474	0.0	139857	1535.1172043059482	0.03469589	0.06976744186046512
8046.874003818876	300	7.537540700570771	0.0	155432	1980.3664280097041	0.31616902	0.06976744186046512
8048.708614234483	300	7.840987994673256	0.0	163442	1196.5527058975144	0.085724615	0.06976744186046512
8050.164672812593	750	7.631987570023135	0.0	318564	1209.0004246501203	0.64246607	-0.2755813953488372
8052.337014920409	750	7.899345573745082	0.0	352642	1732.641996278054	0.15808813	0.1744186046511628
8054.519137181852	750	7.808134551241936	0.0	437162	2091.2110225031465	0.04155172	0.1744186046511628
8056.295527109143	750	7.725395159366592	0.0	374758	1582.7393918753442	0.043165967	0.1744186046511628
8058.089070011009	750	7.540448947541027	0.0	362795	1684.9462118255651	0.04419274	0.1744186046511628
8060.119420146406	750	7.984572277313689	0.0	353220	1555.876670227337	0.047530245	0.1744186046511628
8062.436757069158	750	7.758140562822213	0.0	405134	1726.4317144914767	0.04007489	0.1744186046511628
8065.933181770532	750	7.950380759065539	0.0	386351	2307.7598037566736	0.042380273	0.1744186046511628
8074.976745462332	750	4.0	1.09318293273364	434409	9043.56369179918	0.038742278	-4.526268006103488
8076.921272340237	300	6.05547312209478	0.0	140051	1944.52687790522	0.18551303	-0.3802325581395349
8079.461001514897	300	7.515743947434036	0.0	138313	1539.7291746607455	0.23944652	0.06976744186046512
8081.945769929847	300	7.961602070500108	0.0	143509	1554.1418769339268	0.6785649	0.06976744186046512
8084.173848684266	300	7.592876014759071	0.0	150616	868.726055741037	0.49934953	0.06976744186046512
8090.138760479328	750	5.627964219697086	0.0	405596	5964.911795061985	0.16393416	-0.2755813953488372
8092.168495087375	300	7.598229611650135	0.0	140881	1529.7346080469517	0.42362282	-0.3802325581395349
8095.4463739434605	300	7.716289782190597	0.0	157671	1881.9398294595378	0.58280134	0.06976744186046512
8097.240445372737	300	7.532223528415183	0.0	157812	1184.0662537754151	0.68105173	0.06976744186046512
8098.300315230286	300	7.897291182591036	0.0	163927	634.932345824147	0.62193763	0.06976744186046512
8100.547519033385	750	7.576158032154708	0.0	343800	1821.1331504363284	0.116088465	-0.2755813953488372
8102.643949342538	750	7.835978194359232	0.0	359903	1740.179837795477	0.09707159	0.1744186046511628
8104.827940157065	750	7.722108056173827	0.0	379700	1613.8701381854034	0.030750178	0.1744186046511628
8107.334663076596	750	7.783806987029377	0.0	425781	1938.3010691444506	0.04096072	0.1744186046511628
8108.834484428097	750	7.953107188771916	0.0	277716	1330.6997982574615	0.045786936	0.1744186046511628
8110.883380266957	750	7.708220060264372	0.0	400396	1744.8871285075436	0.038796593	0.1744186046511628
8114.167235582204	750	7.863296700616587	0.0	400508	2344.9233596477848	0.0433203	0.1744186046511628
8122.040491452	750	4.0	0.009959169180358912	358218	7873.255869796946	0.04079796	0.13159417717561947
8124.498178529436	300	5.542312922564793	0.0	157488	2457.6870774352064	0.16979632	-0.3802325581395349
8126.249007426839	300	7.791484025160998	0.0	143881	1750.8288974037953	0.09911426	0.06976744186046512
8130.37871675347	750	7.661774698530655	0.0	412837	4129.709326630344	0.680697	-0.2755813953488372
8134.038163942117	750	7.742257753490328	0.0	401088	2419.516945040327	0.69654334	0.1744186046511628
8140.09296132889	750	5.687460366716323	0.0	365161	6054.797386774006	0.097051755	0.1744186046511628
8142.182550215621	300	7.597871479986011	0.0	131610	1589.5888867303115	0.1444524	-0.3802325581395349
8145.244030195225	300	7.819289696288783	0.0	124011	1278.5817836972303	0.5015035	0.06976744186046512
8147.756719949742	300	7.559393897884412	0.0	144254	1259.8957984043695	0.61172885	0.06976744186046512
8148.689391663034	300	7.764455057443967	0.0	149991	794.9388404404447	0.4161185	0.06976744186046512
8151.157993517914	750	7.829020547380351	0.0	345516	1935.4345100636174	0.21408035	-0.2755813953488372
8153.511337864535	750	7.52893214182812	0.0	384505	1800.0884055522315	0.08380499	0.1744186046511628
8154.961425797969	750	7.645516045545224	0.0	372093	1383.4160962828948	0.040876977	0.1744186046511628
8157.587883029046	750	7.7156233342329505	0.0	438281	1929.892711312273	0.040876187	0.1744186046511628
8159.680911877615	750	7.922391222330249	0.0	398987	1793.2321119027022	0.05521752	0.1744186046511628
8161.986668823598	750	7.699411170121446	0.0	393804	1722.9800522088015	0.04180655	0.1744186046511628
8164.720917929862	750	7.548674978026991	0.0	331053	1650.736192094455	0.04584141	0.1744186046511628
8171.165564031057	750	5.104028876831492	0.0	314107	6444.646101195499	0.047854654	0.1744186046511628

