21598.66766970462	750	4.0	1.3915974527875299	450283	1391.5974527875298	0.004705182	-5.69790950597299
21599.97899624852	750	6.688673456098364	0.0	398865	1311.3265439016354	0.5600415	0.5527745562824794
21603.270889849606	1850	7.39677985501317	0.0	877771	3291.8936010851944	0.27591333	-0.6182912445052549
21606.859411896352	1850	7.694927625758595	0.0	933276	3201.8522292545745	0.21620598	0.5194099598411241
21611.77871447545	2850	6.775625046658	0.0	1472558	4919.302579100596	0.46671963	-0.6873327856935577
21614.317671892077	1850	7.56413255096116	0.0	801058	2211.4924956968407	0.089626476	-0.39414324376293264
21618.739626108232	2850	7.142178334804194	0.0	1388403	4421.954216156966	0.683053	-0.6023167722078762
21622.753517057798	1850	7.128287385238778	0.0	1060487	4013.8909495654148	0.011918747	-0.6163336895593492
21625.923023228064	1850	7.958781214975243	0.0	852833	3169.5061702635358	0.011053888	0.5480407783367582
21630.119782206497	1850	7.762022236542622	0.0	913888	3696.7589784326215	0.011183312	0.4763772186759413
21634.683576972588	1850	7.198227470451824	0.0	939819	4563.794766090798	0.02061912	0.33540774273979435
21638.17041922908	1850	7.551491352422857	0.0	917428	3146.736118028967	0.063034266	0.5111156640495387
21642.329394178167	1850	7.39251640333687	0.0	946851	4158.974949085987	0.01609644	0.39459025854841745
21646.40176016449	1850	7.320150417014684	0.0	1036454	4072.365986322186	0.04018274	0.3962858450905159
21649.769978004682	1850	7.62176508635358	0.0	821631	3198.385330661103	0.033651583	0.5127146708123003
21653.53988873695	1850	7.756725879586571	0.0	923170	3365.0392067670095	0.026325513	0.5090394153705281
21657.607914391872	1850	7.6887002246638225	0.0	966699	4068.0256549227483	0.018444302	0.43219322272903554
21661.54885585422	1850	7.747758762315245	0.0	885714	3940.941462348577	0.032742687	0.45058609442194403
21665.404893151663	1850	7.891721464871219	0.0	987708	3856.037297444025	0.045233443	0.4729330872467866
21669.53802393302	1850	7.565094149200366	0.0	923755	3826.6273156708544	0.027221723	0.44443582918041097
21673.506009937457	1850	7.597108144761202	0.0	891604	3467.986004439165	0.03731122	0.48338134433834395
21677.24562883402	1850	7.679543412493247	0.0	955231	3417.5647322679547	0.027792096	0.49635796125102083
21680.722670302217	1850	7.947049750992633	0.0	968026	3232.493661500614	0.017485207	0.5406128622600618
21684.458125691406	1850	7.711595912043809	0.0	874175	3235.453838948825	0.010593468	0.5176541406711641
21687.87499462448	1850	7.723162211129217	0.0	897976	2988.433700914592	0.015473731	0.5434694241155278
21691.379520911174	1850	7.815116760160809	0.0	905935	3408.0454509684077	0.010685683	0.5103589806213514
21695.7394346445	1850	7.455203026833449	0.0	1076599	4359.913733327359	0.014513532	0.3805300400112055
21699.147090743198	1850	7.729572185461522	0.0	758197	2725.630841371926	0.02353334	0.5703666774999698
21702.749582497687	1850	7.739338927380752	0.0	972798	3490.23325808077	0.014431244	0.49484649601508696
21705.85214788045	1850	7.714185474701675	0.0	975811	3025.153452679076	0.014141949	0.5389334276937604
21709.60039177685	1850	7.513769563045364	0.0	873429	3200.415911656312	0.00731488	0.5021169189072046
21713.698755835252	1850	7.415405504640733	0.0	954453	4098.364058404631	0.012243991	0.4028544500438583
21717.698140566023	1850	7.416020773874914	0.0	885062	3999.3847307658193	0.026926436	0.4128116031818938
21721.710106961968	1850	7.4040543779268555	0.0	1035329	4011.966395948058	0.044380046	0.41040165723776395
21725.17218106433	1850	7.726788902177499	0.0	1026056	3177.265475749357	0.025937006	0.5249353198326758
21729.017501591592	1850	7.881468374916307	0.0	943942	3345.320527261192	0.008442128	0.5230178925191166
21732.86560600043	1850	7.742480699936375	0.0	728962	3138.9876749799323	0.010855785	0.5302734535610101
21740.32849878338	1850	4.279587916983058	0.0	938587	7462.892782953318	0.024171252	-0.23542448570819385
21743.08231422239	1200	5.525772477976725	0.0	605884	2753.8154390063332	0.766291	-0.32933609417484283
21745.510203679438	1200	7.097883020926455	0.0	587506	2427.88945705027	0.7715479	0.5045739588734067
21749.329174009934	1850	7.278912690430022	0.0	858450	3818.9703304964332	0.48390782	-0.23234376812205393
21753.44677911681	1850	7.161307583556312	0.0	1025005	4117.605106873711	0.06706162	0.37647312692163726
21756.700271956266	1850	7.907814744100485	0.0	886255	3253.492839455826	0.03581568	0.5347365297520571
21760.241520876927	1850	7.569081685612682	0.0	973972	3338.7330584878036	0.016993858	0.49360905988224596
21764.627756596576	1850	7.182845965960489	0.0	958994	4386.235719652193	0.013604337	0.3516831598175155
21768.926235943713	1850	6.884366618823061	0.0	982064	4298.479347137428	0.042806335	0.3317298152951205
21772.87796368059	1850	6.9326388819473275	0.0	830730	3951.727736875733	0.051278017	0.37105123738015666
21776.87034897243	1850	6.9402535901079245	0.0	846370	3992.3852918394036	0.08650719	0.36771840633587377

