680.6154847588265	750	4.0	4.127748728925795	450283	4127.748728925795	0.46280032	-17.574900929729754
684.9455682912026	750	4.0	0.33008353237607296	398865	4330.083532376073	0.17288467	-1.244940584565951
685.8829613527579	300	7.06260693844462	0.0	139857	937.3930615553796	0.12775905	-0.3802325581395349
688.1872181405932	750	7.958091196405596	0.0	382355	2104.515742039024	0.7123463	-0.2755813953488372
691.4317745079082	750	7.930683502296277	0.0	411561	2527.4076941093194	0.18055886	0.1744186046511628
694.3960758504112	750	7.862107196247638	0.0	318564	2068.576306048639	0.2733432	0.1744186046511628
698.0298378427618	750	7.933088737349484	0.0	352642	2929.0184588981547	0.44694835	0.1744186046511628
701.7090851393841	300	7.530836855764508	0.0	173849	1902.2518815849762	0.6851704	-0.3802325581395349
707.8000162866915	750	5.439905708457121	0.0	374758	6090.931147307387	0.38237017	-0.2755813953488372
709.6043543645748	300	7.6355676305739415	0.0	139105	1804.33807788318	0.055177517	-0.3802325581395349
711.4996568074437	300	7.924048710203404	0.0	141840	1211.5189203705377	0.066618666	0.06976744186046512
713.0331790806932	300	7.614179306227878	0.0	156148	1309.8694039755262	0.22517416	0.06976744186046512
714.922736562157	300	7.791227071633059	0.0	160746	1322.952234594819	0.24985	0.06976744186046512
717.345592263005	750	7.823101844643421	0.0	434409	1968.1252269896383	0.3446659	-0.2755813953488372
718.0638015081215	300	7.721362392264364	0.0	140051	601.7394523790575	0.3711978	-0.3802325581395349
719.4438915315368	750	7.954552248325486	0.0	366214	1266.810143938877	0.3373146	-0.2755813953488372
721.3718640038479	750	7.64220606155815	0.0	360831	1312.3461867673354	0.035667643	0.1744186046511628
722.5552961272691	750	7.978303109269445	0.0	372963	1163.902952288705	0.037558418	0.1744186046511628
724.1178484486492	750	7.846791481695684	0.0	405596	1131.5116275737626	0.032626793	0.1744186046511628
725.7838252943027	750	7.734323482072046	0.0	350713	1112.4679996236366	0.029782288	0.1744186046511628
727.7617765033656	750	7.702102209955506	0.0	386472	1532.2212721165397	0.027997967	0.1744186046511628
730.112371763421	750	7.879669624651	0.0	399894	2322.432585304506	0.027311064	0.1744186046511628
731.3992124151396	750	7.665330559917149	0.0	401853	1214.339064733851	0.06836123	0.1744186046511628
733.148547761243	750	7.896913694657811	0.0	343800	1268.4168652593385	0.029328741	0.1744186046511628
734.6108494933364	750	7.996222064233076	0.0	359903	1400.6916304247354	0.031023806	0.1744186046511628
738.9492033524874	750	7.657868205082112	0.0	379700	3838.3538591509637	0.028600808	0.1744186046511628
741.5893377376007	750	7.73778308363537	0.0	425781	2420.0851214467416	0.49936765	0.1744186046511628
743.9179964626608	750	7.90347834343859	0.0	277716	1334.3047401967794	0.5836456	0.1744186046511628
746.9270703584791	750	7.541118330461015	0.0	400396	2862.3600129775746	0.34143764	0.1744186046511628
748.2484100168197	300	7.71880550971118	0.0	149029	822.3128207498366	0.70690423	-0.3802325581395349
749.8874072799307	300	7.803820229951047	0.0	157421	914.9852797601325	0.7051121	0.06976744186046512
752.8045323214855	750	7.742263748849026	0.0	400322	2561.556481102022	0.64494205	-0.2755813953488372
753.6698004478807	300	7.6024139368778485	0.0	143881	639.8498119711778	0.706841	-0.3802325581395349
755.8815819855082	750	7.654232363776029	0.0	412837	1448.1815731018198	0.6184452	-0.2755813953488372
758.1161538531671	750	7.943746350209507	0.0	401088	1710.4860135665222	0.070906594	0.1744186046511628
759.740242463988	750	7.958744990845207	0.0	365161	1485.0013593643005	0.0722978	0.1744186046511628
761.4804529819197	750	7.693183405107659	0.0	321064	1265.5615857375478	0.05153251	0.1744186046511628
765.2644489168923	750	7.663509865718475	0.0	361565	2029.673539389183	0.07436679	0.1744186046511628
768.0583815221785	750	7.54870469386705	0.0	378327	2614.8051718514257	0.32193807	0.1744186046511628
769.3905387580984	300	7.927189797624538	0.0	149991	621.5148962425128	0.6766943	-0.3802325581395349
771.4299869470185	750	7.602786868003099	0.0	345516	1324.402929621439	0.599979	-0.2755813953488372
774.9939285356857	750	7.908338803818899	0.0	384505	3194.4480641842006	0.16356672	0.1744186046511628
777.2870830809622	750	7.6715082789220235	0.0	372093	1736.830524896875	0.69831693	0.1744186046511628
779.2535224293915	750	7.776450638897338	0.0	438281	1895.057640024684	0.5415623	0.1744186046511628
781.2982781449062	750	7.924763587342186	0.0	398987	1851.6870515551534	0.5235023	0.1744186046511628
782.8722706038785	750	7.559301699835855	0.0	393804	1365.4618875063318	0.40895015	0.1744186046511628
783.9799511016497	750	7.729726703183278	0.0	331053	829.574996652577	0.1282584	0.1744186046511628
785.1411525325461	750	7.773178714294352	0.0	314107	956.5479888889257	0.031942576	0.1744186046511628

