2158.0902577213087	750	4.0	2.600378850967279	450283	2600.378850967279	0.015362119	0.23598198001955123
2158.8784636554687	300	7.21179406583987	0.0	155580	788.2059341601297	0.004705182	0.3624862984958984
2159.801542660805	300	7.9645470606403865	0.0	139857	747.2470051994825	0.004705182	0.9095260433000855
2161.4481877918856	300	7.839140471323379	0.0	155432	1125.4065893170075	0.004705182	0.85622589346526
2164.066746299435	300	7.870480493220501	0.0	163442	1468.6599781028783	0.004705182	0.8257701670281024
2166.1056186884202	300	7.680993520501394	0.0	126289	1189.4869727191071	0.004705182	0.830291148651016
2169.261086834029	300	7.807952208280099	0.0	153295	1373.041312221294	0.004705182	0.8276115466893245
2172.1333902941337	300	7.703013794821081	0.0	173849	2104.9384134590177	0.004705182	0.7414648899610514
2174.7252280935336	300	7.530777509044194	0.0	150710	1172.236285776888	0.004705182	0.8134687591224956
2176.573683847046	300	7.721350322299595	0.0	139105	1309.4271867445984	0.004705182	0.8232800587488743
2178.3922965957277	300	7.7265582933426	0.0	141840	994.7920289569956	0.004705182	0.855386612672559
2182.4193123090363	300	7.699542580033682	0.0	156148	2027.0157133089183	0.004705182	0.7488285624475628
2186.5601839055835	300	7.558670983486746	0.0	160746	4140.871596546936	0.004705182	0.5200492886811825
2190.251117693062	300	7.867737196008111	0.0	179801	3690.9337874786343	0.004705182	0.6032040659371571
2192.092386332841	300	7.628423784648172	0.0	140051	1739.3134113599394	0.004705182	0.7688176189615157
2194.31170707861	300	7.669741011673368	0.0	138313	1458.6827729748036	0.004705182	0.8019821998400269
2198.3633334569927	300	7.618114633290614	0.0	143509	2051.6263783827553	0.004705182	0.7363134316248645
2200.249242386258	300	7.941292282246292	0.0	150616	1676.8223510443224	0.004705182	0.813697196752519
2201.962236629251	300	7.824338521410351	0.0	165384	1116.9537608359415	0.004705182	0.8552435512488759
2203.4211194029463	300	7.58791738994086	0.0	140881	736.4211314694911	0.004705182	0.8641054449275688
2206.475096965755	300	7.8721594391998355	0.0	157671	1215.7579507410246	0.004705182	0.8512676724353404
2209.096774498909	300	7.860430435706765	0.0	157812	1511.7290034930702	0.004705182	0.8202223646671272
2210.7476139340984	300	7.594984940042246	0.0	163927	1265.4454956645193	0.004705182	0.8120756524357737
2212.1943283325395	300	7.7593247248840305	0.0	137654	835.6602151582146	0.004705182	0.8753455280206578
2215.4863245733845	300	7.513853686553373	0.0	146754	745.471038330657	0.004705182	0.8540556671373665
2217.6609313780605	300	7.884812909322424	0.0	153938	1129.0407772309497	0.004705182	0.8615017379421455
2219.514093477779	300	7.656014906785609	0.0	181901	1228.798002536814	0.004705182	0.8232758884621587
2220.460202358623	300	7.820142524454639	0.0	111155	835.8723823309699	0.004705182	0.882833601330407
2222.3430218926674	300	7.863850915688861	0.0	153605	1456.291608765777	0.004705182	0.8261884373449139
2223.454917030577	300	7.626167409873422	0.0	149029	737.6835058154401	0.004705182	0.8687020106072105
2225.9200575086156	300	7.690702962900859	0.0	157421	1435.4644469725622	0.004705182	0.8068922446480412
2227.411152435288	300	7.669993515098064	0.0	157488	1020.7094478027947	0.0047098305	0.8458107094379878
2228.9461905670014	300	7.8426671936759975	0.0	143881	1327.3263214220665	0.0047294977	0.8364693714084883
2230.360802535833	300	7.719217094905931	0.0	163444	1123.4500987700662	0.004731524	0.8416143738802344
2232.218595073056	300	7.815901718825091	0.0	179328	903.315376080841	0.0047569117	0.8755656815737989
2233.9736381612906	300	7.915618836279063	0.0	159914	900.2828825460283	0.0047992836	0.8881811941283092
2234.680117243492	300	7.774759326522364	0.0	131610	640.8595097566991	0.004844132	0.8967313383437701
2235.8260298218365	300	7.739612899572485	0.0	124011	535.1464269498795	0.0055278623	0.9029630500714089
2237.071357464658	300	7.507332153859037	0.0	144254	732.2807457134478	0.00609964	0.8545694702848865
2238.0826445660027	300	7.968212051740695	0.0	149991	539.1201021183435	0.0072502466	0.9307912570686498
2239.227837246728	300	7.9616992159912625	0.0	147968	506.5128357494318	0.010152889	0.9332478314197603
2240.1609169759513	300	7.784499264367701	0.0	161857	677.1999516235611	0.013380642	0.8942999029104788
2241.039700535286	300	7.828047354500084	0.0	145210	456.45190986761713	0.015362242	0.9217516730604409
2242.181647905381	300	7.8832394176863705	0.0	172312	944.8079368137131	0.018143084	0.8797307399622629
2243.007551345746	300	7.828857485644483	0.0	167025	554.3819320418888	0.019440431	0.9120586992847884
2243.8691133942675	300	7.868837215545278	0.0	160064	460.02027009920624	0.023766872	0.9264312391911412
2244.4958346147255	300	7.976247485027193	0.0	137507	392.58973051808414	0.027907329	0.9464364445443261
2244.760283407087	300	7.7260887813163155	0.0	118421	250.15870371087868	0.03988645	0.9297919736493435

