12952.613610012306	750	4.0	6.08032816050688	450283	6080.3281605068805	0.01916885	-25.970992485528424
12954.968561512705	300	5.645048499601703	0.0	155580	2354.951500398297	0.059927892	-0.3802325581395349
12957.241640326352	300	7.371969685954002	0.0	139857	2273.078813647701	0.06935514	0.06976744186046512
12960.801079121196	300	7.812530891109549	0.0	155432	2559.4387948444523	0.27893087	0.06976744186046512
12964.63549113485	300	7.978118877455265	0.0	163442	2834.412013654285	0.20293061	0.06976744186046512
12968.636244059655	300	7.9773659526506675	0.0	126289	2500.752924804598	0.10584711	0.06976744186046512
12972.05876477009	300	7.897586715661808	0.0	153295	2079.7792369888584	0.030404363	0.06976744186046512
12974.252239630085	300	7.567220012837146	0.0	173849	1830.3667028246616	0.03141786	0.06976744186046512
12976.921300917798	300	7.604243466664901	0.0	150710	1462.9765461722457	0.13356051	0.06976744186046512
12978.796158419755	300	7.8498570912085395	0.0	139105	1254.3863754563613	0.20728189	0.06976744186046512
12980.862193335113	300	7.557075106178025	0.0	141840	1292.7819850305143	0.35775983	0.06976744186046512
12983.10851617818	300	7.790540140259709	0.0	156148	1766.5349659183162	0.38455775	0.06976744186046512
12987.462668622673	750	7.436387695767155	0.0	386351	4354.152444492554	0.36710936	-0.2755813953488372
12991.3392390182	300	7.559817300240071	0.0	179801	3376.5703955270837	0.3470267	-0.3802325581395349
12994.32066927074	300	7.7593575755025705	0.0	140051	2300.4597247374995	0.06187815	0.06976744186046512
12996.655721855308	300	7.582316604320562	0.0	138313	2177.0409711820084	0.06609088	0.06976744186046512
13000.49153816452	300	7.5284141849083825	0.0	143509	2053.9024194121803	0.046521463	0.06976744186046512
13004.322884324938	300	7.697068024490094	0.0	150616	2831.346160418289	0.033566326	0.06976744186046512
13007.621838848512	300	7.624220811661738	0.0	165384	2572.8472128283556	0.0158302	0.06976744186046512
13011.545553404385	300	7.700506255789994	0.0	140881	1923.714555871745	0.013650077	0.06976744186046512
13015.398167044406	300	7.847892615768262	0.0	157671	2852.613640021732	0.028590485	0.06976744186046512
13019.523362220401	300	7.6215128239902405	0.0	157812	2226.3797917780203	0.023629094	0.06976744186046512
13022.234531181988	300	7.520335944705883	0.0	163927	2601.176879284357	0.0251114	0.06976744186046512
13025.618594383908	300	7.763300461195912	0.0	137654	1757.0354835099727	0.017386867	0.06976744186046512
13027.479378317386	300	7.771422315512798	0.0	146754	1491.8781456831139	0.027564738	0.06976744186046512
13030.126834768698	300	7.61714695990437	0.0	153938	1654.2753556084292	0.056444626	0.06976744186046512
13034.121133292907	300	7.62284843569455	0.0	181901	2994.2985242098202	0.06172635	0.06976744186046512
13037.917737938396	300	7.826243790206063	0.0	111155	2296.6046454884877	0.027151333	0.06976744186046512
13041.776293815255	300	7.967687913347623	0.0	153605	3858.555876858439	0.019094858	0.06976744186046512
13045.898487097704	300	7.845494630899346	0.0	149029	3122.1932824482774	0.011001392	0.06976744186046512
13049.670787498711	300	7.801761228698817	0.0	157421	3043.7334022005284	0.00969536	0.06976744186046512
13053.5257897205	300	7.838543602707647	0.0	157488	3463.2176259911694	0.007954471	0.06976744186046512
13057.29442525443	300	7.785118086142446	0.0	143881	3553.4255165652007	0.005548847	0.06976744186046512
13061.051521966867	300	7.694174767105306	0.0	163444	3590.943319037141	0.0047516674	0.06976744186046512
13064.809408784722	300	7.936287949249543	0.0	179328	3257.8868178557623	0.0047075655	0.06976744186046512
13068.690633961574	300	7.707695509452385	0.0	159914	2728.592439797158	0.004721273	0.06976744186046512
13072.543142361334	300	7.855187109693484	0.0	131610	2852.5083997589018	0.0047552437	0.06976744186046512
13076.677097510244	300	7.585780103644771	0.0	124011	2769.4070060487147	0.0047284253	0.06976744186046512
13078.770571994908	300	7.581316908904648	0.0	144254	2004.4631947401235	0.004705182	0.06976744186046512
13082.397981308182	300	7.953907595630178	0.0	149991	2127.4093132744692	0.004934066	0.06976744186046512
13085.578135257143	300	7.572040989487699	0.0	147968	2381.8666061424797	0.006160654	0.06976744186046512
13089.49104209921	300	7.659134147421064	0.0	161857	2912.9068420666354	0.005990629	0.06976744186046512
13093.594262725	300	7.555913521629644	0.0	145210	2603.22062579142	0.0056561306	0.06976744186046512
13096.42054563766	300	7.9599794420387004	0.0	172312	2595.9340795909434	0.0052591986	0.06976744186046512
13099.059431485231	300	7.57571094908676	0.0	167025	1884.2684929519403	0.006409769	0.06976744186046512
13100.856784304042	300	7.519343212242242	0.0	160064	1556.3677368445178	0.008124018	0.06976744186046512
13103.306999633527	300	7.79472804558143	0.0	137507	1224.6151666608116	0.011604708	0.06976744186046512
13105.686036267989	300	7.708009781112989	0.0	118421	1086.7182644684426	0.020118676	0.06976744186046512

