3787.034060936534	750	4.0	3.7572090788844412	450283	3757.209078884441	0.09177405	0.05767909211155586
3788.2647955504585	300	6.76926538607515	0.0	155580	1230.7346139248493	0.60542965	0.08523759740332347
3790.943369251579	300	7.703950358079697	0.0	139857	1065.3150279954539	0.07998511	0.6426776695237052
3794.7294297430312	300	7.712549439376089	0.0	155432	1991.400918703609	0.068547346	0.5509053411089637
3797.8555748580984	300	7.5368066395964854	0.0	163442	2675.742799779603	0.06579024	0.4653801657227979
3800.5679644317443	300	7.515812986567568	0.0	126289	1520.9936530289176	0.053226866	0.5788134476408042
3802.5869900450534	300	7.6519981736214016	0.0	153295	1363.814812946166	0.041027226	0.6077753410900647
3806.410374297359	300	7.828613921315642	0.0	173849	2823.384252305759	0.043817647	0.4789942786173703
3808.451927561474	300	7.567134839442518	0.0	150710	1761.4790818731244	0.042367797	0.5597559549484725
3810.516712666918	300	7.959779306291603	0.0	139105	1107.355533150915	0.036846507	0.6633529842217668
3812.8701059775817	300	7.9567974514060475	0.0	141840	2002.9818548855553	0.040535565	0.5735003666606826
3817.2143616547455	300	7.612541774242231	0.0	156148	4344.2556771638165	0.038049065	0.3058941198286754
3821.0631509855134	300	7.76375244347431	0.0	160746	3348.7893307679215	0.032102995	0.4201459920510845
3826.5234198039475	300	6.303483625039858	0.0	179801	5460.2688184344515	0.023412742	0.066986900691681
3830.4320481265786	300	6.3948553024085415	0.0	140051	3908.628322631317	0.022910347	0.23103684589609896
3833.423556123068	300	7.403347305919072	0.0	138313	2991.507996489469	0.017183922	0.4208247258516829
3836.9551669870743	300	7.871736441912709	0.0	143509	3031.6108640063635	0.014808739	0.4623652825753747
3841.9218095649135	300	6.905093864073637	0.0	150616	4966.642577839073	0.016281975	0.1748561204972539
3847.785580594042	300	5.041322834944771	0.0	165384	5863.771029128866	0.0136528015	-0.09610845721450756
3852.7703526985892	300	4.056550730397917	0.0	140881	4984.772104546854	0.012632001	-0.10397765192348796
3862.795649661173	750	4.0	5.96874623218533	386472	10025.296962583247	0.012473246	-1.0191296962583245
3866.0764096768517	300	4.7192399843209625	0.0	157812	3280.7600156790377	0.09654293	-0.3191299130926901
3868.574631568856	300	6.221018092316545	0.0	163927	2498.2218920044184	0.010105518	0.3551718202773422
3870.8381168729	300	7.957532788272514	0.0	137654	1763.48530404403	0.012303904	0.597521533255099
3874.974694968353	300	7.8209546928197815	0.0	146754	2636.5780954527327	0.018032787	0.4969300343314505
3879.137018472828	300	7.658631188344654	0.0	153938	3162.3235044751273	0.016387504	0.4285695326190049
3883.831985325047	300	6.963664336126039	0.0	181901	4694.966852218616	0.014908468	0.20771967146639575
3887.3892725420633	300	7.40637711910975	0.0	111155	3557.2872170162896	0.016351953	0.3645414531317942
3892.2115564848186	300	6.5840931763544015	0.0	153605	4822.283942755348	0.015361919	0.15807466712493073
3897.3358567259133	300	5.459792935259224	0.0	149029	5124.300241095178	0.013169313	0.018534838844441737
3902.9671371934123	300	4.0	0.1714875322398584	157421	5631.280467499082	0.013510828	-0.17412804674990823
3906.550279663938	300	4.416857529474331	0.0	157488	3583.142470525668	0.013159373	0.07122514768881194
3911.519409614999	300	4.0	0.5522724215863837	143881	4969.129951060715	0.011946097	-0.1079129951060715
3917.4920223010954	300	4.0	1.9726126860967907	163444	5972.612686096791	0.012669888	-0.20826126860967908
3923.2700013845943	300	4.0	1.7779790834987517	179328	5777.979083498752	0.01195662	-0.1887979083498751
3927.030481343742	300	4.239520040852274	0.0	159914	3760.479959147726	0.010596756	0.03624532805811109
3928.9695550930173	300	6.300446291576833	0.0	131610	1939.073749275442	0.011285077	0.41881102692830285
3930.4723751678184	300	7.543966563633657	0.0	124011	1256.4797279431755	0.013095595	0.6080027755190556
3932.8246769597663	300	7.790985874588565	0.0	144254	1252.9806890450936	0.019840134	0.6323753073992286
3934.3949223794975	300	7.695523663674452	0.0	149991	1095.4622109141128	0.026514612	0.6388434552009291
3936.042344700863	300	7.704204097900205	0.0	147968	991.3195657742476	0.03545736	0.6501018919433702
3937.7351684618643	300	7.5708436666954055	0.0	161857	1133.3604312047994	0.04575567	0.6229285034656482
3941.327048630536	300	7.959635180257608	0.0	145210	1111.2084864377978	0.05337687	0.6629536726362727
3943.078839642633	300	7.819075601326393	0.0	172312	1140.559578931215	0.052230872	0.6463491443358702
3944.0919223267438	300	7.938149870853635	0.0	167025	880.9257304727568	0.05773789	0.6838925018932404
3945.468920986159	300	7.500729041965031	0.0	160064	937.4208288886026	0.07120051	0.6357038164422391
3946.564600896911	300	7.752678006352118	0.0	137507	748.0510356129116	0.072955474	0.6791428325564524
3947.6969389732267	300	7.610323487264069	0.0	118421	642.354519088049	0.08035532	0.6758685072276259

