1213.9418524712446	750	4.0	3.478694088168143	450283	3478.694088168143	0.004705182	-14.85058550553518
1216.0508007708686	300	5.794872832282032	0.0	155580	1205.1271677179675	0.24057224	-0.3255318077476915
1217.895800436089	300	5.509283589469822	0.0	139857	785.58924281221	0.45996988	0.19093947807003833
1218.9762703348335	300	5.558753875146718	0.0	155432	950.5297143231032	0.772251	0.15780674474423861
1222.747583740776	750	5.787440469204354	0.0	411561	3771.313405942365	0.7690207	-0.3505651454453184
1227.0009212987704	750	5.534102911209849	0.0	318564	3753.337557994505	0.55366665	0.09991107759579482
1230.9386893566339	300	5.596334853346458	0.0	153295	2437.7680578633913	0.37594938	-0.3884683052531794
1233.9295200571908	300	5.742099101428879	0.0	173849	2854.235751917578	0.041601665	0.05255347246604441
1238.0328349188455	300	5.638784239774006	0.0	150710	2103.3148616548738	0.019776395	0.07131599872877854
1241.700342327778	300	5.971276830841349	0.0	139105	2667.5074089326567	0.03760431	0.056232271182339144
1246.0990416680727	300	5.5725774905468155	0.0	141840	2898.6993402945336	0.009091185	0.051747346789252954
1249.8263424092495	300	5.8452767493700755	0.0	156148	2727.3007411767394	0.004705182	0.0549994350587387
1251.979904623616	300	5.7352042686858	0.0	160746	1110.0724806842754	0.0049011232	0.13512631166888886
1254.4520098865066	300	5.525896580381683	0.0	179801	1209.3076883041185	0.014550102	0.12403791148500312
1258.0920549782861	300	5.885851488602233	0.0	140051	2640.045091779449	0.059607115	0.05681721136774094
1260.8886705262157	300	5.838964947670298	0.0	138313	2046.8865409319349	0.008658861	0.07328202956071318
1263.4951377240536	300	5.9955958522502755	0.0	143509	1343.3690954200224	0.006580838	0.11165955842768624
1266.9906953400548	300	5.989366190808614	0.0	150616	1506.229661441662	0.009813881	0.09958640693374081
1270.3698649267417	300	5.84444528894497	0.0	165384	2144.9209018636448	0.01590813	0.06993264873761564
1272.3135447934205	300	5.659729736167214	0.0	140881	1184.715552777757	0.009026092	0.12661267056746303
1273.8700532917549	300	5.840957648700443	0.0	157671	1318.7720874667702	0.0105603505	0.11374217078565489
1276.4904123457366	300	5.904646284243387	0.0	157812	1436.3113644570562	0.017262863	0.10443418029815693
1278.4472210206834	300	5.703265815332397	0.0	163927	1701.3804689109895	0.014381734	0.08816370161814023
1280.754554273558	300	5.897313282413043	0.0	137654	1305.9525329193548	0.009885557	0.11485869219510354
1283.9088499444977	300	5.96585586887069	0.0	146754	1431.4574135423509	0.008667398	0.10478830776306719
1285.9536134464847	300	5.699893189375843	0.0	153938	1265.9626794948474	0.010655791	0.11848690520628458
1288.4729372947656	300	5.989631724131555	0.0	181901	1710.2614652442887	0.009857984	0.08770588769511593
1290.9407582467722	300	5.700252363146463	0.0	111155	1289.3793609850923	0.009591166	0.11633504036034767
1293.7588442201932	300	5.815430195946909	0.0	153605	1384.8221671995552	0.0055876374	0.10831715692660829
1297.2042651517345	300	5.599351676286855	0.0	149029	1716.0785196600527	0.0067198724	0.08740858782482419
1300.3129395610938	300	5.8396857060478915	0.0	157421	1759.665970238964	0.004751295	0.08524345105090024
1302.175362602243	300	5.642978309533363	0.0	157488	1696.7073965145296	0.004729199	0.0884065221311219
1305.824349440226	300	5.681342765359301	0.0	143881	1461.6355441740611	0.004705182	0.1026247621015277
1307.8910277176574	300	5.681679293048034	0.0	163444	1999.6634723112668	0.004705182	0.07501262191213895
1310.4970985886623	300	5.597151283605746	0.0	179328	2084.528009442288	0.004705182	0.0719587356564867
1313.0516026668752	300	5.915670675280436	0.0	159914	1681.4806083253102	0.004705182	0.08920709478142255
1315.7386449637988	300	5.613661242762415	0.0	131610	1802.0094325180212	0.004705182	0.08324040778765453
1318.577343250728	300	5.9268284550006065	0.0	124011	1186.832787761808	0.004705182	0.1263868015332454
1321.8658891802313	300	5.623488306832733	0.0	144254	1303.3401481678727	0.004705182	0.11508891229266399
1325.1000003514237	300	5.604035592904319	0.0	149991	2019.4527139284137	0.004705182	0.07427755003394314
1327.3027051012361	300	5.5500124656299725	0.0	147968	1554.0231272743465	0.004705182	0.09652366001984157
1328.6131872786896	300	5.939112178672319	0.0	161857	1110.9002869576518	0.004705182	0.13502561999582785
1331.428036616272	300	5.826478469628939	0.0	145210	1112.6337090433803	0.004705182	0.134815257510908
1334.5675191014054	300	5.9478450363317945	0.0	172312	1878.6334332971448	0.004705182	0.0798452733467745
1337.5560701646386	300	5.633994064133411	0.0	167025	2813.850972198384	0.004705182	0.053307727197367934
1339.0691657317925	300	5.734796268573695	0.0	160064	1399.1977955597154	0.004705182	0.10720428553848323
1341.0263525375017	300	5.583151694516469	0.0	137507	1151.6445740572265	0.004705182	0.1302485188390653
1342.013368159128	300	5.7274150950290315	0.0	118421	855.736599487439	0.004705182	0.17528758275600878

