10777.291818916156	750	4.0	4.751626329382562	450283	4751.626329382562	0.0110333	0.020857232178022878
10778.936273832856	300	6.35554508329921	0.0	155580	1644.4549167007901	0.032097314	0.17113870079135807
10780.842075020108	300	7.920685050724276	0.0	139857	1434.860032574934	0.0077212146	0.8353490143121042
10783.030222198908	300	7.542082138803949	0.0	155432	1378.6029119203265	0.007803332	0.7942279007646931
10786.008558021633	300	7.6876863417799175	0.0	163442	1354.3957970240328	0.0089547215	0.8146266416638035
10789.1928925479	300	7.9974890867472	0.0	126289	1190.197255032717	0.011190295	0.8692984332817952
10792.646556721751	300	7.802725563939959	0.0	153295	2194.763522807242	0.009208458	0.7447939818580952
10795.556019713984	300	7.787444417144388	0.0	173849	2515.2811467955703	0.008663519	0.71085542703922
10798.298562571319	300	7.888263968446053	0.0	150710	1899.1804486983342	0.0081032235	0.7849138796655521
10799.696684638582	300	7.955884129583512	0.0	139105	932.3798388625414	0.008674037	0.8899431312683316
10802.450909879992	300	7.596642551578067	0.0	141840	1859.2415780054457	0.010905079	0.752900712668191
10804.777263418096	300	7.890957685727393	0.0	156148	1705.6848658506742	0.009520821	0.8045960363747795
10806.603490716541	300	7.843178401232859	0.0	160746	1547.7792844945343	0.008877026	0.8144871948759718
10809.030981343842	300	7.993657080257855	0.0	179801	1849.5213209750036	0.008810827	0.8028928815176147
10812.077951808866	300	7.50915646275821	0.0	140051	1484.5006174996447	0.009008189	0.7795727340150385
10815.31090669785	300	7.538913913428259	0.0	138313	1470.2425493299506	0.008949713	0.7846727501773632
10817.308766587372	300	7.83634018139484	0.0	143509	1202.5737320334188	0.008619079	0.8481634220405877
10819.119051182584	300	7.768840981631289	0.0	150616	1567.4991997635518	0.010475775	0.8033366199805492
10821.414423303155	300	7.867547580921757	0.0	165384	1401.293400709533	0.009063432	0.8321446924767162
10822.993655557291	300	7.604970818534146	0.0	140881	1262.5767623876104	0.009729525	0.813595501278852
10825.528062146586	300	7.561095288861417	0.0	157671	1543.8755296727281	0.010040232	0.7800482289896981
10828.790220176368	300	7.650281789480123	0.0	157812	1410.813499381295	0.009586623	0.8043664598194153
10832.547515276932	300	7.592306447149124	0.0	163927	3057.9753423310003	0.00997177	0.6324919491289942
10836.31682613386	300	7.822995590222034	0.0	137654	3769.31085692709	0.00822298	0.5898420273575835
10841.298198537823	300	6.841623186258602	0.0	146754	4981.372403963432	0.007101722	0.34746394506186173
10845.623021774678	300	6.516799949404376	0.0	153938	4324.823236854226	0.005702714	0.3730123154939507
10849.380237744543	300	6.75958397953988	0.0	181901	3757.215969864495	0.0052938806	0.4597500507182122
10851.312498056457	300	7.599474946003986	0.0	111155	1660.1090335358956	0.005346238	0.7731636882718685
10854.986327883887	300	7.618635661977755	0.0	153605	1980.839284026232	0.0053513027	0.7434564734689854
10858.692987075912	300	7.911976469954218	0.0	149029	2706.659192023536	0.0056097675	0.7070938332444041
10862.961291046102	300	7.6436724997645396	0.0	157421	3268.3039701896782	0.004952221	0.6178013510971274
10865.516986640288	300	7.629801626980207	0.0	157488	2513.8708727843327	0.004753716	0.6915319976469362
10869.24098963171	300	7.905798635559597	0.0	143881	1724.0029914206089	0.004943543	0.8045966642768847
10873.599220271371	300	7.5475679958962845	0.0	163444	2858.2306396633116	0.00587772	0.6469424772572869
10877.436671598676	300	7.710116668591347	0.0	179328	3837.4513273049374	0.005772167	0.5690906039851202
10881.499103744509	300	7.647684522759558	0.0	159914	3062.432145831789	0.0056114113	0.6388839056851052
10882.801967435325	300	7.993223533163022	0.0	131610	1154.4609895965377	0.005458262	0.8723453837665034
10884.902310851816	300	7.787253237526376	0.0	124011	1205.9702956366464	0.006698841	0.8417629068420456
10886.81037068909	300	7.610409883818071	0.0	144254	1176.8433537083056	0.0075670737	0.8228404139396012
10888.975635287128	300	7.958385845581961	0.0	149991	1652.0240382361087	0.008771914	0.8182876029898353
10891.918496027745	300	7.693575645673812	0.0	147968	1764.8101999081487	0.0083178915	0.7743123649904647
10893.963439371153	300	7.885129325323661	0.0	161857	1308.44632035015	0.007997317	0.8436002521190438
10895.934829517142	300	7.797682697357785	0.0	145210	1587.4466279658766	0.009955289	0.8049030189608484
10898.473730810067	300	7.7352038764088755	0.0	172312	2062.4788209489097	0.0097002685	0.7496854201492382
10901.314643673597	300	7.552958642631103	0.0	167025	1682.2452337777713	0.010398755	0.7652066113078009
10903.488036407382	300	7.705596138114642	0.0	160064	1847.3625045164604	0.010242999	0.7675413277204948
10906.914261578766	300	7.900498633555839	0.0	137507	1805.097504558803	0.010337532	0.7958328115794076
10908.775190824295	300	7.590597868205062	0.0	118421	1309.9007653507754	0.009486236	0.8070884453171362

