12442.288733285088	750	4.0	6.275717151967713	450283	6275.717151967713	0.004705182	-27.1880361823658
12444.463416003446	300	5.825317281643536	0.0	155580	2174.6827183564637	0.004705182	-0.09072889058423694
12446.549340507845	300	7.7393927772440305	0.0	139857	2085.924504399506	0.006855335	0.5523789071753116
12450.476306343648	300	7.812426941441434	0.0	155432	3926.9658358025963	0.008785866	0.3753043966612242
12452.59028435159	300	7.5070829521331905	0.0	163442	1805.343989308242	0.0048324056	0.5580768698022156
12456.346718458912	300	7.733182917340295	0.0	126289	1773.9000347928968	0.024623904	0.5829836479505909
12460.278349813121	300	7.8015515631304355	0.0	153295	2931.63135420986	0.008548689	0.47379107710180296
12463.315367524407	300	7.645125435156469	0.0	173849	2656.4261279739653	0.005921357	0.48625540430476843
12467.227790429584	300	7.732702529977243	0.0	150710	2412.422905179226	0.0052780947	0.519085123073629
12469.909400237511	300	7.9734048559588375	0.0	139105	1759.297674018406	0.005692362	0.6075655229703775
12471.475670661743	300	7.51142568694825	0.0	141840	1461.9791690105872	0.01372507	0.5928313450718723
12473.081111314754	300	7.930851026202609	0.0	156148	1580.574660745642	0.023379598	0.6213419690527272
12477.470658289592	300	7.541304051363595	0.0	160746	2889.5469748390133	0.042564776	0.452950391560329
12481.706778080708	300	7.305184260249211	0.0	179801	4236.119791114384	0.0062188264	0.29556630742389944
12485.080872993094	300	7.931089347861605	0.0	140051	3374.0949123876067	0.004705182	0.4420128826233654
12488.074943022571	300	7.661368168426181	0.0	138313	2769.7211794354243	0.004705182	0.4764892809890195
12491.011476314767	300	7.9952759663998805	0.0	143509	2666.0922020263	0.004705182	0.5189911898010169
12494.869945794868	300	7.891261790533175	0.0	150616	3604.014175866706	0.004705182	0.4151875078993456
12498.805551855721	300	7.95565572968067	0.0	165384	3935.6060608525063	0.004705182	0.3882263103902876
12503.087005654068	300	7.674201931333124	0.0	140881	3281.4537983475457	0.004705182	0.4265512835949318
12506.848099248762	300	7.913108336640041	0.0	157671	2761.093594693083	0.004705182	0.5015823213026114
12509.64080091625	300	7.743061862860219	0.0	157812	2670.0464737798234	0.004705182	0.4943198639640124
12513.672860710893	300	7.711002068216687	0.0	163927	3532.0597946435314	0.004705182	0.4050327396282904
12517.49662774008	300	7.8872350390306805	0.0	137654	2823.7670291860068	0.004705182	0.49282464308617996
12521.531022603553	300	7.852840175557396	0.0	146754	3534.394863473284	0.004705182	0.4184513143372635
12525.445663824761	300	7.906957967308148	0.0	153938	2945.8822082492475	0.004705182	0.48251147979783837
12529.58199030598	300	7.770631486088065	0.0	181901	4136.326481220083	0.004705182	0.3503454712864119
12531.594054810927	300	7.647142066555114	0.0	111155	1623.4894195329505	0.004705182	0.5897431782493086
12534.364863941159	300	7.521024944144511	0.0	153605	1626.117122410604	0.004705182	0.5773414893199156
12536.967838247152	300	7.651883890060082	0.0	149029	1869.1410540844279	0.004705182	0.565634420781227
12540.62005454244	300	7.999667594773986	0.0	157421	2152.216295286097	0.004705182	0.5708014797764371
12544.61974290315	300	7.9999792340628755	0.0	157488	3499.688360711111	0.004705182	0.43608426887529717
12547.95475904633	300	7.545340102426062	0.0	143881	2954.639131636814	0.004705182	0.4468296504551687
12551.515530529128	300	7.98456861962772	0.0	163444	2560.7714827983414	0.004705182	0.5284926672347332
12554.500117472651	300	7.752849399536935	0.0	179328	2731.719220090784	0.004705182	0.4890946510383348
12558.348725158718	300	7.904241713470137	0.0	159914	3848.6076860667977	0.004705182	0.3919774894481006
12561.673091362465	300	7.552796230845423	0.0	131610	2351.4454826247147	0.004705182	0.5078666763252793
12565.407509404055	300	7.818378189256471	0.0	124011	2234.4180415889514	0.004705182	0.5451319905558505
12568.42757579331	300	7.522014432982929	0.0	144254	2296.363756273542	0.004705182	0.5104120653767424
12570.422696931852	300	7.5813051947048695	0.0	149991	1940.709238278059	0.004705182	0.5516843214466858
12572.247090657489	300	7.936314253517463	0.0	147968	1644.9909411874057	0.004705182	0.6154261829452217
12574.812024492816	300	7.988548694579835	0.0	161857	1947.7655589376282	0.004705182	0.5901763464301752
12576.862254759157	300	7.797017756602312	0.0	145210	1691.5309379775222	0.004705182	0.5973647346121596
12581.009430404702	300	7.649842111056352	0.0	172312	2147.17564554596	0.004705182	0.5376344380486113
12583.815527003162	300	7.92973128928243	0.0	167025	2220.1108217739215	0.004705182	0.5572805769785303
12587.981193464224	300	7.569890975593944	0.0	160064	2359.8403136884863	0.004705182	0.5086725821378317
12590.323848005366	300	7.951476716709265	0.0	137507	2118.4142588846785	0.004705182	0.5695432557636573
12594.196162545299	300	7.652439645371269	0.0	118421	1799.0370713379957	0.004705182	0.572698311146224

