4813.532243917937	750	4.0	6.6911010369313795	450283	6691.10103693138	0.016032081	-0.17309023857685885
4815.371306438242	300	6.160937479695716	0.0	155580	1839.0625203042848	0.022572612	0.12764936742704314
4817.599513085837	300	7.791915958355676	0.0	139857	1369.0215213400395	0.0069246492	0.8260334993299535
4819.7499993409965	300	7.631265370064298	0.0	155432	1160.6505882913782	0.0074203303	0.827034757254233
4822.4474563156655	300	7.632454697113415	0.0	163442	1998.8106729508831	0.009740023	0.7433655972736251
4826.177036805942	300	7.7419876838838135	0.0	126289	1890.4670132296023	0.00934647	0.7677242106041313
4830.236941268425	300	7.682083221401595	0.0	153295	4059.9044624822186	0.0067980867	0.5433839471289057
4834.790547586549	300	7.128476903277022	0.0	173849	4553.606318124574	0.006577827	0.42565893069374583
4838.608498163171	300	7.310526326655403	0.0	150710	3817.9505766216193	0.005938365	0.5217024953180921
4843.386903876076	300	6.5321206137508	0.0	139105	4778.405712904602	0.005898894	0.32954573961653666
4848.346796596337	300	5.572227893489183	0.0	141840	4959.892720261618	0.005080689	0.19287724891530567
4852.579887492685	300	5.339136997142093	0.0	156148	4233.090896347089	0.0049177734	0.236777252548444
4857.120255861924	300	4.7987686279025485	0.0	160746	4540.368369239545	0.004705182	0.13932918925468563
4861.234415769214	300	4.68460872061271	0.0	179801	4114.159907289839	0.004705182	0.16785449336575725
4863.767890714133	300	6.151133775694512	0.0	140051	2533.4749449181977	0.004705182	0.5069976428830393
4866.075053722734	300	7.843970767093168	0.0	138313	2307.163008601344	0.004705182	0.7386466573934628
4869.16025039729	300	7.8399375218340905	0.0	143509	2504.0332452590783	0.004705182	0.7184616412219695
4873.121378459721	300	7.878809459403215	0.0	150616	3461.1280624308747	0.004721129	0.6275517519790303
4877.494951612542	300	7.505236306582687	0.0	165384	3873.573152820528	0.004705182	0.5401814513026597
4879.220651502163	300	7.905318755546801	0.0	140881	1099.917551035886	0.004705182	0.8669459566124067
4880.6472931126655	300	7.759889076687789	0.0	157671	1145.4296788590136	0.006098616	0.8444382632471108
4882.569657219781	300	7.7493130128019	0.0	157812	1010.5760638858893	0.0076048514	0.8566177779097103
4884.967496411971	300	7.551287476471599	0.0	163927	1198.0255363302992	0.009262361	0.8134222389707289
4886.290506071306	300	7.869689431784434	0.0	137654	1181.5980446871654	0.009291866	0.8543786865012575
4887.354173659523	300	7.503561435499417	0.0	146754	866.1279962850176	0.008975909	0.8407191674203683
4889.145872603809	300	7.511481788072348	0.0	153938	992.0796474270699	0.011250431	0.8291019433860172
4890.1506248931455	300	7.54391524383354	0.0	181901	967.5665442388065	0.011386642	0.8355578745166621
4891.553397256152	300	7.9161219638795846	0.0	111155	627.7932799539559	0.015094465	0.9154922765145843
4893.008339486774	300	7.571140356594029	0.0	153605	844.9816072855558	0.014598141	0.8511779049525529
4895.297877232624	300	7.966351890837588	0.0	149029	1104.7884657564407	0.015212742	0.8739947430805758
4897.2900285825035	300	7.782650845945154	0.0	157421	1183.7010448924348	0.0147106135	0.8434215658258593
4900.118802036483	300	7.717489166947849	0.0	157488	2065.161678997304	0.0140992645	0.7472298652878641
4901.61862334945	300	7.869384459956756	0.0	143881	848.1047069910929	0.012940715	0.8876903648160428
4902.983949314317	300	7.8625797660097945	0.0	163444	1006.8046939469621	0.014744729	0.8709801775448474
4904.070891793028	300	7.823369171615794	0.0	179328	1039.2105943940005	0.015032232	0.8628981804200545
4905.355886602129	300	7.554737694722587	0.0	159914	1268.6314768932057	0.015450732	0.8067876499604301
4906.30040882466	300	7.6906582355620845	0.0	131610	864.0794591605022	0.014721365	0.8640252208591876
4907.207226898908	300	7.527470661122836	0.0	124011	663.1875744392487	0.013676045	0.8639653274190627
4908.505279041783	300	7.9552598445895235	0.0	144254	1072.210816533312	0.01640896	0.8758829518391017
4910.263446744459	300	7.854096579922399	0.0	149991	1101.1632646671246	0.014341521	0.860496885262527
4911.352779535578	300	7.90293246986733	0.0	147968	951.1641100550685	0.016227754	0.8815266614538727
4912.585018842891	300	7.610897114242811	0.0	161857	792.0353556245186	0.015998721	0.8613813730203508
4913.821373789494	300	7.927821611785562	0.0	145210	1183.0755024572481	0.019020556	0.8614086321667829
4915.930184722622	300	7.805055919794224	0.0	172312	1622.765691991339	0.01594865	0.8022814984338172
4917.485709940231	300	7.940315850558502	0.0	167025	1364.7400692357214	0.0151638985	0.844784863045462
4919.3675479587255	300	7.809789410497769	0.0	160064	1130.5264400607318	0.015685305	0.8520898767768457
4921.316707171581	300	7.92586558878687	0.0	137507	883.9238217108989	0.015986057	0.8910822863408752
4922.920688937589	300	7.931492458354525	0.0	118421	994.3731304323459	0.016820403	0.880732115815637

