523.6652751476676	750	4.0	6.650702047500183	450283	6650.702047500184	0.20677471	-28.837969722708667
526.8736071890446	300	4.7916679586228605	0.0	155580	3208.33204137714	0.046439387	-0.2935837636357494
529.6267049680132	300	6.038570179654275	0.0	139857	2753.0977789685853	0.017995793	0.3219554410010498
533.2161942952316	300	6.449080852435839	0.0	155432	3589.4893272184354	0.029778257	0.2778284123899138
536.7105175603616	300	6.9547575873057905	0.0	163442	3494.323265130049	0.02457698	0.3360169881634032
539.5575861527681	300	7.899195511649753	0.0	126289	1555.5620756560363	0.017410168	0.6207963477378292
544.8344504727086	750	6.622331191709351	0.0	352642	5276.864319940403	0.64375997	-0.30016474086487116
552.7927015742004	750	4.0	1.3359199097823684	437162	7958.251101491719	0.64452183	-6.115161435921214
554.7986537195133	300	5.994047854687044	0.0	150710	2005.9521453129564	0.02571629	-0.057615320815116
557.166760521448	300	7.625941052752143	0.0	139105	1868.106801934901	0.06527879	0.5632408179527649
561.6530888857299	750	7.139612688470383	0.0	353220	4486.32836428176	0.48382974	-0.17132220400396186
566.0855562638495	750	6.707145310350764	0.0	405134	4432.467378119619	0.66612816	0.24243841015931256
568.9894871842291	300	7.803214389971145	0.0	160746	1903.9309203796197	0.6528528	0.12672116948807624
571.1503647987491	300	7.704479414066851	0.0	179801	2098.734975904294	0.41646552	0.547737408509506
574.6973976332197	300	7.557034306589419	0.0	140051	1647.4451074774304	0.6974251	0.5786746335234743
577.852982510162	300	7.699035674414899	0.0	138313	1857.9986321745196	0.49524486	0.5712870766558666
580.8079227642507	300	7.655358717404315	0.0	143509	2043.6769570105844	0.66263103	0.5485152866323857
583.3865361051171	300	7.831683647860266	0.0	150616	1823.6750695440498	0.6694418	0.5874869535128874
587.1662948049783	750	7.824273509840767	0.0	405596	3507.4101380194993	0.6893418	-0.007530986839803966
591.0065573335659	750	7.9403164645178475	0.0	350713	2883.957045322919	0.09534782	0.5159835907959132
596.2513699824225	750	6.6955038156612465	0.0	386472	5244.812648856601	0.18438923	0.16008337578096066
601.3898583668436	750	5.557015431240179	0.0	399894	5138.488384421067	0.5239277	0.061134980772442504
603.0141811780368	300	7.609657341114762	0.0	163927	1447.358090125417	0.5608305	0.15374836308811626
606.8778194775356	750	7.746019041615989	0.0	343800	2863.6382994987734	0.66514397	0.04931411409626535
611.4936605358241	750	7.130177983327408	0.0	359903	4615.841058288582	0.08289362	0.26481842533242467
617.0125123991367	750	5.611326120014849	0.0	379700	5518.851863312559	0.36190477	0.028326099382727454
620.6455009585858	300	5.978337560565757	0.0	181901	3632.9885594490916	0.44851798	-0.2218310961763585
622.877484808418	300	7.746353710733531	0.0	111155	2231.9838498322274	0.02569637	0.5384429705172095
625.1770433599664	300	7.531708582233797	0.0	153605	2214.6451284997324	0.024150107	0.5195170012119827
627.4435668934727	300	7.520903531505046	0.0	149029	1510.8050507287508	0.030090671	0.5888610103813745
631.2504609215691	300	7.714009503408551	0.0	157421	1806.8940280964944	0.37101686	0.5778387853924711
635.2807445729461	300	7.683725852031604	0.0	157488	3030.283651376947	0.61610067	0.4525849866551449
639.1741686684397	300	7.790301756538003	0.0	143881	3393.4240954936017	0.09548043	0.4265289961003463
643.0120350797458	300	7.952435345231883	0.0	163444	3337.8664113061204	0.018890258	0.44769030962360795
647.1969752836075	300	7.767495141370169	0.0	179328	3684.9402038617136	0.017585155	0.3951822222220576
651.4060568599772	300	7.558413565000515	0.0	159914	3709.0815763696546	0.01049112	0.3726437418487543
655.351594244008	300	7.612876180969799	0.0	131610	1445.5373840307159	0.006796105	0.6042402507499729
656.6563577621421	300	7.917367272059102	0.0	124011	1195.5089089106968	0.09677127	0.6585507173321249
661.034861708013	750	7.538863326188151	0.0	378327	2878.50394587095	0.5171874	0.027888572675707546
664.6167344077415	750	7.956990626459514	0.0	390680	3081.8726997286376	0.08671326	0.49779693269352365
669.7693546778072	750	6.804370356393896	0.0	345516	5152.620270065618	0.15734196	0.17978114389837618
678.1704433486304	750	4.0	1.5967183144293322	384505	8401.088670823228	0.6141468	-7.28087833283631
681.3706227879928	300	4.799820560637598	0.0	145210	3200.1794393624027	0.005114453	-0.2919838060777005
685.6287742689951	300	4.541669079635219	0.0	172312	4258.151481002379	0.004705182	0.027371611660813033
689.2900365166943	300	4.880406831936172	0.0	167025	3661.262247699046	0.004705182	0.11966443474269467
691.433139372054	300	6.737303976576342	0.0	160064	2143.1028553598294	0.004705182	0.45020886804478166
693.1832652575318	300	7.765259195905168	0.0	137507	1472.0447806711736	0.006067748	0.6162565522085752
695.3134461664456	300	7.6092092363516715	0.0	118421	1156.049959553497	0.34348094	0.6328360455444977

