10526.659649355845	750	4.0	8.793419615156727	450283	8793.419615156727	0.046015635	-0.5421326591900915
10529.660010663101	300	4.999638692742964	0.0	155580	3000.361307257036	0.054074246	-0.4026749914990358
10532.288747294151	300	6.370902061693952	0.0	139857	2628.7366310490115	0.0056391554	0.1701914366812034
10534.768008258603	300	7.89164109724028	0.0	155432	2479.2609644536724	0.005281101	0.28018519306238276
10538.677994973978	300	7.981654381865632	0.0	163442	2409.9867153746472	0.00659619	0.2927384482593699
10541.6792374691	300	7.566915708050396	0.0	126289	1914.7386738152368	0.004855584	0.31634208530185864
10545.431097603736	300	7.815055573412617	0.0	153295	2251.8601346377773	0.0048968606	0.29813868080474343
10549.024155544295	300	7.8777086812045765	0.0	173849	2437.346892208041	0.00507429	0.2835058242847145
10551.376165918557	300	7.769558989650115	0.0	150710	2108.149691554462	0.0058447244	0.30966618862791845
10555.632326743627	300	7.513398164580063	0.0	139105	2256.160825070052	0.0052679097	0.27885502370948134
10559.216900597017	300	7.928824311189779	0.0	141840	2584.573853390284	0.005271953	0.2719778550405654
10563.02187631377	300	7.773634061897246	0.0	156148	2155.190249292532	0.0051326333	0.30521682486955715
10566.233297329914	300	7.917816320904159	0.0	160746	2355.8177409930863	0.005187543	0.2941654668874339
10570.04119623608	300	7.791668491097304	0.0	179801	3126.1478298068555	0.00511682	0.20924821864312848
10573.833817575538	300	7.936233369097639	0.0	140051	2855.4351219996643	0.005144336	0.24535479429886853
10578.019843586822	300	7.750207357812393	0.0	138313	2186.026011285246	0.004843843	0.30066907966498246
10581.364399238906	300	7.664535665192556	0.0	143509	2085.6716926198374	0.004882399	0.3053500307427835
10584.140259265656	300	7.881047617250458	0.0	150616	2283.4880479420976	0.0050433986	0.29910039221417645
10588.322186748013	300	7.699120134892761	0.0	165384	2681.9274823576975	0.004872077	0.24788598112526034
10591.050032575164	300	7.917346999599133	0.0	140881	2281.773135293629	0.0048545487	0.3015405948758154
10595.135311404803	300	7.832068169960175	0.0	157671	2585.2788296389567	0.004825479	0.2658600985888478
10599.203543268737	300	7.7638363060276205	0.0	157812	2568.231863932555	0.004875426	0.26330030366370333
10602.97984862879	300	7.5304753425656	0.0	163927	2733.3609634620207	0.0048554656	0.23220233349438046
10606.782744251766	300	7.727579719588443	0.0	137654	2302.8956229771575	0.0048533417	0.2875678911067944
10609.486969453543	300	7.9883871093847905	0.0	146754	2239.1926102036523	0.0047905366	0.3102386542464167
10612.106792031393	300	7.6809920588460265	0.0	153938	2307.3950505387643	0.0047928714	0.28420621955423275
10614.565034141586	300	7.608084848905084	0.0	181901	2072.9072099409414	0.0047898013	0.3030983029927062
10616.71761561313	300	7.529461472258336	0.0	111155	1078.6233766467485	0.005069689	0.3976127252817037
10619.511760846866	300	7.684367969839713	0.0	153605	1845.0935024186215	0.0052173934	0.3306473688033525
10622.129066274989	300	7.925241130936633	0.0	149029	1759.12683890308	0.005248905	0.3542986077234641
10624.495529228676	300	7.991098963203214	0.0	157421	1934.1421677334179	0.00534041	0.3409131893570916
10626.905280650197	300	7.992383616420277	0.0	157488	1998.715346782937	0.005269552	0.3345361622782061
10631.21236674884	300	7.664358571467312	0.0	143881	2328.0250449529644	0.0055304803	0.2811036271516431
10635.29117930216	300	7.585546018146408	0.0	163444	3078.8125533209045	0.00520637	0.20109909173229257
10638.847798243027	300	7.661173322218523	0.0	179328	2424.3726959278847	0.0050362507	0.2712697839761018
10642.816995950734	300	7.69197561451229	0.0	159914	1969.1977077062324	0.0051087374	0.3187124260666275
10646.018666404714	300	7.886862411843985	0.0	131610	1805.1132026683042	0.0051984037	0.3473013014036512
10648.539767723583	300	7.589590325567077	0.0	124011	1797.2720862769088	0.005044549	0.32950590765048393
10650.290781459955	300	7.960998145174777	0.0	144254	1628.5921803922997	0.0050127883	0.3695868869644261
10652.24587350895	300	7.784662870168606	0.0	149991	1676.3352750061724	0.0053596077	0.3537916228151532
10654.161628968279	300	7.556163522498495	0.0	147968	1728.4993476701109	0.005939805	0.3342940063193774
10657.205660810967	300	7.847775647484448	0.0	161857	2208.3878750140466	0.00626208	0.3045309113966059
10660.16225243933	300	7.977301836138992	0.0	145210	1870.4738113454575	0.0064746332	0.3464177045543737
10662.828825485834	300	7.7770742168948725	0.0	172312	2200.227619244119	0.0066854334	0.30092809756175015
10665.34231652858	300	7.73850138515242	0.0	167025	2038.572831742452	0.0072134677	0.3146827743280135
10669.306771862624	300	7.774046051109335	0.0	160064	1964.455334043085	0.0076273885	0.3243160657202575
10672.818646774855	300	7.547795353018138	0.0	137507	1726.2506980911962	0.008126024	0.3339958606847465
10675.789681245828	300	7.635090253600942	0.0	118421	1412.7050994171968	0.008445465	0.37080635183857175

