6811.829174508481	750	4.0	2.572266498290951	450283	2572.266498290951	0.0047826204	-10.892853306188043
6812.838244666172	300	6.990929842309494	0.0	155580	1009.0701576905071	0.23358253	0.13802392021445156
6815.99273806443	750	7.836436444049975	0.0	350812	2654.493398259518	0.61809474	0.0789313835966507
6823.697829182723	750	4.131345325757787	0.0	382355	7705.091118292189	0.6346969	-0.3327476862870166
6826.6236639170065	300	5.205510591473525	0.0	163442	2925.834734284262	0.004705182	-0.22550120170901855
6828.8078211613565	300	7.021353347123906	0.0	126289	2184.1572443496184	0.005375915	0.47344350901264654
6832.010251785765	300	7.8189227227163975	0.0	153295	3202.4306244075083	0.00700018	0.44838314424820847
6836.171904384341	300	7.657270124139427	0.0	173849	3661.6525985769704	0.0056035435	0.38690169758083254
6840.027893106606	300	7.801281401874221	0.0	150710	2855.988722265205	0.004705182	0.4813293369634408
6844.192882575367	300	7.636291933113247	0.0	139105	3164.989468760974	0.004705182	0.43454883545561174
6847.955753856692	300	7.8734206517873915	0.0	141840	2762.871281325855	0.004705182	0.49758456715050914
6851.818869792075	300	7.811285607348143	0.0	156148	2062.1350444392483	0.004705182	0.5616776210733428
6855.400844192838	300	7.700788904887811	0.0	160746	2110.496702460332	0.0053771827	0.5462060200845105
6857.4856083538625	300	7.659145621077579	0.0	179801	2041.6432838102307	0.0060908454	0.5490831478031748
6858.832075541608	300	7.552472503961607	0.0	140051	1106.6731171159722	0.007946438	0.6323127537898247
6860.085528151588	300	7.995643243836334	0.0	138313	1056.8292601252733	0.05020905	0.6799528348684214
6862.557019933997	300	7.813209032308449	0.0	143509	682.4342115278859	0.2141135	0.6998328362376153
6868.508023462312	750	5.862205503993782	0.0	372963	5951.003528314666	0.26334292	-0.44074163675456307
6871.784383746572	300	6.5858452197347015	0.0	165384	3276.3602842590803	0.012372709	-0.12769495505916
6874.652076287234	300	7.718152679072602	0.0	140881	1867.6925406620985	0.004705182	0.5721577195771146
6877.91955334771	300	7.736471115643695	0.0	157671	2981.6815634289073	0.007701182	0.4625219879701098
6881.737326690058	300	7.918697773296062	0.0	157812	3817.773342347634	0.004705182	0.3964523362686303
6885.49606110042	300	7.811114940162577	0.0	163927	3107.582833133484	0.004705182	0.45711641529026326
6889.457830644261	300	7.849345396321529	0.0	137654	2461.769543841048	0.004705182	0.5253774697641076
6892.218097698231	300	7.815672434621169	0.0	146754	2033.67296170036	0.004705182	0.5649460665371094
6894.93141302514	300	7.742311855452001	0.0	153938	2073.3605791691684	0.004705182	0.5539162643461093
6897.915815325025	300	7.595088136579197	0.0	181901	2147.2237188728036	0.004705182	0.5323594974558292
6899.6288902614	300	7.632139944747371	0.0	111155	962.9481918318262	0.004705182	0.6543533294745971
6903.401936272805	300	7.85909393334266	0.0	153605	2273.046011404711	0.00744027	0.5451881309512823
6906.298146961455	300	7.932574880991364	0.0	149029	2426.519052351296	0.004705182	0.5369134529058709
6909.400251109511	300	7.866368706112836	0.0	157421	1566.206174878527	0.004705182	0.6165723198821815
6913.370244117204	300	7.6343211653562	0.0	157488	2232.0475407566364	0.005148406	0.5276533395840628
6915.946746118887	300	7.920042902481558	0.0	143881	1714.2782628746404	0.004705182	0.6069313144530641
6918.330791262994	300	7.669132152332662	0.0	163444	1250.9107501488963	0.004705182	0.6291176163326455
6920.540861949147	300	7.710664010735122	0.0	179328	1458.4681415975415	0.01003879	0.6123593665099816
6923.02204465232	300	7.5908738979271515	0.0	159914	1119.7901128079714	0.016266745	0.6346972327264676
6925.038785361241	300	7.983199948648627	0.0	131610	1107.6739492785248	0.065041564	0.6736706844247662
6926.471059503344	300	7.7915961524184345	0.0	124011	691.6037962301925	0.02921144	0.6968356131246346
6927.702977271077	300	7.910972531988874	0.0	144254	880.62362042956	0.6959261	0.6894237450653772
6931.187646022893	750	7.789285244231307	0.0	390680	3121.6872877575674	0.6803366	0.027673637225476055
6933.300920116805	300	7.914138891304965	0.0	147968	1875.1463529263415	0.560122	0.14027623755562016
6937.296040885744	300	7.9190181223654	0.0	161857	2995.1207689395656	0.0064141657	0.4787484275772227
6941.241147564592	300	7.97391144351819	0.0	145210	3945.10667884721	0.004705182	0.38903338212496985
6945.417314378668	300	7.797744629441931	0.0	172312	3176.166814076258	0.004705182	0.4489711093523166
6949.366766599689	300	7.848292408421592	0.0	167025	3449.4522210203404	0.004705182	0.42650785074507314
6952.133125446119	300	7.847100044640798	0.0	160064	2501.1923637807936	0.004705182	0.5212190700784725
6954.006400855796	300	7.913045666627728	0.0	137507	1434.0543780130706	0.004705182	0.6342802109095711
6956.78365450291	300	7.919029273401883	0.0	118421	994.0163932258453	0.004705182	0.6788599384487307

