2031.1806693590302	750	4.0	6.240793125191714	450283	6240.793125191714	0.036749072	-26.660991833673208
2033.7888828914238	300	5.39178646760646	0.0	155580	2608.2135323935404	0.021415224	-0.3802325581395349
2036.3170621824281	300	6.863607176602174	0.0	139857	2528.179291004286	0.015156054	0.06976744186046512
2039.6025191388383	300	7.578150220191981	0.0	155432	2285.456956410193	0.07673694	0.06976744186046512
2043.4252598212208	300	7.755409537809281	0.0	163442	3322.740682382701	0.047332615	0.06976744186046512
2047.6583004932409	300	7.522368865789316	0.0	126289	2233.0406720199644	0.37274426	0.06976744186046512
2050.6649008676573	300	7.893280884582324	0.0	153295	2629.0879812069916	0.12285206	0.06976744186046512
2055.0049545130205	300	7.553227239219327	0.0	173849	3840.053645362998	0.5519292	0.06976744186046512
2058.985263509515	300	7.572918242724774	0.0	150710	2980.3089964945516	0.24397087	0.06976744186046512
2063.048267151878	300	7.509914600361618	0.0	139105	2563.0036423631545	0.3177914	0.06976744186046512
2066.5916334044973	300	7.966548347742626	0.0	141840	3043.366252618993	0.21331844	0.06976744186046512
2070.6473013471505	300	7.910880405089553	0.0	156148	3555.6679426530727	0.3002745	0.06976744186046512
2077.18915799395	750	5.369023758289834	0.0	386351	6541.856646799719	0.27393353	-0.2755813953488372
2079.739683339382	300	6.818498412858094	0.0	179801	2550.5253454317394	0.025342055	-0.3802325581395349
2082.78189593124	300	7.618539511245963	0.0	140051	2199.9589016121313	0.045752242	0.06976744186046512
2085.4909572243773	300	7.650135705049939	0.0	138313	2468.403806196023	0.12548935	0.06976744186046512
2089.0848028974765	300	7.833541588121407	0.0	143509	1816.594116928532	0.089824334	0.06976744186046512
2093.932458641502	750	6.985885844095615	0.0	372963	4847.655744025791	0.6439855	-0.2755813953488372
2097.277590743245	300	7.555773433772156	0.0	165384	2430.1124103234606	0.5474339	-0.3802325581395349
2100.7473797108655	300	7.938388843371744	0.0	140881	2617.3845904004124	0.49177468	0.06976744186046512
2103.510481616352	300	7.86304003628845	0.0	157671	2575.3488070832937	0.47020757	0.06976744186046512
2106.4183126006105	300	7.633001169660941	0.0	157812	1730.0388666275087	0.25322467	0.06976744186046512
2108.1650669720984	300	7.623519980732191	0.0	163927	1509.4811889287512	0.66327804	0.06976744186046512
2110.181844626216	300	7.5187677926531	0.0	137654	1604.752188079091	0.62690914	0.06976744186046512
2113.7791273098005	300	7.896139174330079	0.0	146754	2622.62861832302	0.6939794	0.06976744186046512
2119.747661883214	750	5.92760460091646	0.0	379700	5968.534573413619	0.69645864	-0.2755813953488372
2123.6873412171535	300	5.987925266976685	0.0	181901	3939.679333939776	0.28632084	-0.3802325581395349
2125.725286360474	300	7.9499801236565375	0.0	111155	2037.9451433201477	0.025894511	0.06976744186046512
2130.122179285431	300	7.553087198699345	0.0	153605	2396.892924957194	0.20993833	0.06976744186046512
2133.8466908680884	300	7.828575616041866	0.0	149029	3724.511582657478	0.0944195	0.06976744186046512
2138.625473256578	300	7.0497932275519615	0.0	157421	4778.782388489904	0.24323687	0.06976744186046512
2143.977975181658	300	5.697291302471758	0.0	157488	5352.501925080203	0.031667735	0.06976744186046512
2148.49188116874	300	5.183385315390082	0.0	143881	4513.905987081675	0.005773807	0.06976744186046512
2152.6358665814178	300	5.039399902712276	0.0	163444	4143.985412677806	0.004705182	0.06976744186046512
2158.728918529751	300	4.0	1.0536520456210892	179328	6093.0519483333655	0.004705182	-4.460936354310218
2164.5229925652957	300	4.0	1.794074035544828	159914	5794.074035544828	0.004705182	-7.644750910982294
2167.922603784517	300	4.600388780778603	0.0	131610	3399.6112192213973	0.004705182	0.06976744186046512
2171.0018114587656	300	5.52118110652981	0.0	124011	3079.2076742487934	0.004705182	0.06976744186046512
2174.518440245428	300	6.004552319867554	0.0	144254	3516.628786662256	0.004705182	0.06976744186046512
2177.8543204433577	300	6.668672121937465	0.0	149991	3335.880197930088	0.00486987	0.06976744186046512
2180.534444758641	300	7.988547806654702	0.0	147968	2680.1243152827637	0.012130569	0.06976744186046512
2184.9346517424306	300	7.588340822864919	0.0	161857	2900.206983789783	0.09565583	0.06976744186046512
2187.473653309854	300	7.628929321399661	0.0	145210	1959.4115014652568	0.09209217	0.06976744186046512
2191.454429361262	300	7.64815326999165	0.0	172312	3980.7760514080105	0.19554111	0.06976744186046512
2195.7463234372735	300	7.356259193979937	0.0	167025	4291.894076011713	0.11818716	0.06976744186046512
2199.2313705459947	300	7.87121208525896	0.0	160064	2985.0471087209776	0.04713376	0.06976744186046512
2202.5783721766757	300	7.551364830467888	0.0	137507	1819.8472547910712	0.14267321	0.06976744186046512
2206.1546347949857	300	7.975102212157517	0.0	118421	1576.2626183103712	0.0942404	0.06976744186046512

