16421.01959437615	750	4.0	4.8551176236478435	450283	4855.117623647843	0.036294024	-20.937398257758367
16422.51680647716	300	6.502787898988277	0.0	155580	1497.2121010117223	0.016708234	0.04222550024918931
16424.79374608567	300	7.7154829141477315	0.0	139857	1287.3049848405465	0.0726412	0.6299395072028511
16426.448131810277	300	7.613107344594838	0.0	155432	1102.375569552893	0.1821575	0.6385786819635573
16428.3818798406	300	7.922238368809916	0.0	163442	1190.868975784922	0.68773293	0.6594835593309349
16430.199409729536	300	7.544912999309751	0.0	126289	877.3253695001663	0.7098973	0.6545199175007731
16431.548478973353	300	7.620480689571319	0.0	153295	924.4323097384314	0.7038791	0.6570827009119484
16434.656952039346	750	7.638562599763387	0.0	437162	2481.918089807933	0.32752115	0.0771433284722784
16438.46141925197	750	7.834095387138023	0.0	374758	3304.467212625364	0.37271178	0.46370867272940325
16442.515084381936	750	7.622773864110848	0.0	362795	2711.3215230271744	0.10332467	0.5026833011147771
16445.0201429106	750	7.801416474795846	0.0	353220	2321.357389315003	0.09778508	0.5588742720177858
16448.83183831423	750	7.989721071168637	0.0	405134	3311.6954036272095	0.1187959	0.4779650053961356
16452.83364679098	750	7.641514999382391	0.0	386351	3848.2060717862464	0.112364024	0.3907987021464945
16454.393632054725	300	7.733323608092813	0.0	179801	1408.191391289578	0.6760781	0.16956805394828842
16456.017413203565	300	7.707329969899158	0.0	140051	1025.9936381936545	0.4498198	0.6552859115705633
16459.231840801964	750	7.919009988025002	0.0	366214	2788.3199818741555	0.49281612	0.07349652417877778
16462.739696374174	750	7.633135967280989	0.0	360831	2785.8740207440133	0.22868322	0.4962254157368744
16464.93259740436	750	7.987676223171959	0.0	372963	2145.4597441090295	0.20322998	0.5943917523673765
16469.072351258288	750	7.8479223692439115	0.0	405596	3639.7538539280467	0.1132272	0.4315108715908878
16473.019155410846	750	7.901118216683803	0.0	350713	3446.804152560109	0.3755689	0.4559260034614937
16475.9677844144	300	7.653803332540072	0.0	157671	1747.3148841437308	0.6975467	0.12800178633010462
16478.771735114286	300	7.852485123400898	0.0	157812	2301.3182091391736	0.017167691	0.5417248055906831
16480.511600780745	300	7.848868506893108	0.0	163927	1003.6166165077908	0.006588539	0.671146861339351
16481.507810757324	300	7.923888048380021	0.0	137654	924.9804585130876	0.31105924	0.6862311946213927
16483.691749310117	750	7.907533454717944	0.0	359903	2016.3545936620756	0.69979745	0.1495884334188512
16487.052714348338	750	7.62584293422434	0.0	379700	2281.690520493605	0.091202684	0.5459418029099787
16490.18457399286	750	7.609550442173975	0.0	425781	3016.292492050365	0.078148775	0.4709134345838185
16493.709485706706	750	7.559878094987369	0.0	277716	2549.6723471866067	0.09207026	0.5127944283038485
16499.646951902625	750	5.622411899069779	0.0	400396	5937.46619591759	0.51843405	-0.012468314844557127
16501.559494388435	300	7.709869413257908	0.0	149029	1912.5424858118704	0.004705182	0.11687545116395748
16504.118014627646	300	7.968233322347289	0.0	157421	1241.6360909106209	0.008081093	0.658833915200206
16508.423530027747	300	7.6627179222471025	0.0	157488	2805.5154001001856	0.04012624	0.47303977428617694
16511.176494858857	300	7.522435276393005	0.0	143881	1640.2826458540962	0.004705182	0.5760606830827951
16512.749271075554	300	7.987388274671225	0.0	163444	1535.0470017217813	0.0053714486	0.6313365103957834
16515.442974676826	300	7.744401081524248	0.0	179328	1742.987193146978	0.014092323	0.5871546933699161
16516.878563626742	300	7.841964806127149	0.0	159914	1402.4362753970984	0.013186331	0.6306004062809696
16518.874115117516	300	7.725765369500368	0.0	131610	1116.1994366267807	0.014397625	0.6480397602236161
16521.11720688842	300	7.8188955681218015	0.0	124011	1406.8698013785674	0.10680432	0.6279366128900211
16525.143609722923	300	7.792492733621108	0.0	144254	3526.4028345006946	0.03589134	0.4134420062734973
16528.67653947404	300	7.792340222076539	0.0	149991	3000.1525115445697	0.004705182	0.46605235915686144
16532.931369204063	300	7.537510492050078	0.0	147968	2254.8297300264594	0.004705182	0.516056981577772
16536.709882603558	300	7.758997092557883	0.0	161857	3778.5133994921953	0.004705182	0.38500695564933174
16540.882527266327	300	7.586352429790001	0.0	145210	2672.6446627678824	0.004705182	0.47897658120197595
16545.05554123307	300	7.413338463044785	0.0	172312	4173.013966745215	0.004705182	0.31228685675025414
16549.840188520116	300	6.628691176000098	0.0	167025	4784.647287044688	0.004705182	0.17560031742099041
16555.224900387875	300	5.243979308239978	0.0	160064	5384.711867760119	0.004705182	-0.017686256653445698
16559.455318685697	300	5.0135610104192185	0.0	137507	4230.41829782076	0.004705182	0.075565073143817
16562.588625451743	300	5.880254244373587	0.0	118421	3133.3067660456304	0.004705182	0.2686964507375561

