8859.909839205593	750	4.0	4.316718207694552	450283	4316.718207694552	0.0074865227	-18.47501674346085
8862.222923781674	750	5.686915423919082	0.0	398865	2313.084576080918	0.08885984	0.16212117960484013
8865.064638540089	750	5.995959403219078	0.0	350812	2190.9560207000036	0.65330374	0.1711581594778834
8869.150865569989	750	5.909732373320505	0.0	382355	3586.227029898573	0.61325157	0.10456672064361912
8873.064614233854	750	5.99598370945565	0.0	411561	3413.748663864855	0.76798093	0.10984991483686031
8877.172783035652	750	5.887814907656534	0.0	318564	4108.168801799116	0.5716672	0.0912815461321292
8881.165368906577	300	5.895229036733555	0.0	153295	1992.585870922978	0.19022763	-0.37472093565005604
8884.38796860173	300	5.864673712637514	0.0	173849	3030.5553240960417	0.03085855	0.04949587912398273
8886.768674191066	300	5.525343179798922	0.0	150710	1839.330532838592	0.0126188565	0.08155141086496771
8889.590689342938	300	5.545023060610243	0.0	139105	1480.320119188679	0.011543366	0.1013294341241614
8891.149476520792	300	5.606477026175657	0.0	141840	1438.5460344345847	0.025448125	0.10427194987816775
8893.435898083715	300	5.6183868068744465	0.0	156148	1488.0902193012105	0.011513287	0.10080033996220888
8896.457707398306	300	5.956647830939768	0.0	160746	1661.7389759346784	0.048238836	0.09026688437372031
8898.154981187927	300	5.7630460911065	0.0	179801	1693.6017398332674	0.020747725	0.08856863834750624
8902.086126068441	300	5.831901210591781	0.0	140051	3431.1448805147193	0.0319519	0.043717186310564045
8905.71448587762	300	5.700129728253654	0.0	138313	1631.771482338127	0.0058622775	0.09192463627631764
8909.212344881464	300	5.69949447080212	0.0	143509	2000.6352574515347	0.007901662	0.0749761854097654
8913.290415870111	300	5.6214234821551345	0.0	150616	2578.070988646985	0.006878934	0.058183037108191706
8917.26800634963	300	5.515275562265401	0.0	165384	2106.147919889733	0.004705182	0.07122006891512786
8920.807494720402	300	5.975787191492464	0.0	140881	3039.488370772937	0.0054956526	0.049350410892296075
8923.756517259844	300	5.951741434623255	0.0	157671	2524.04575686921	0.004705182	0.059428399660257286
8926.245392366278	300	5.524792253642216	0.0	157812	1926.9491809810377	0.004705182	0.07784325683339134
8928.835998345965	300	5.805452264674262	0.0	163927	1719.3399889679552	0.004705182	0.0872427797657626
8933.007195419466	300	5.595486623133846	0.0	137654	2709.965641540415	0.004705182	0.055351255270799704
8935.126749596415	300	5.661325312639954	0.0	146754	1434.1613104938922	0.004705182	0.1045907450594546
8936.795593197092	300	5.7345999648281065	0.0	153938	1426.7253478118464	0.004705182	0.10513586250503884
8939.058763001978	300	5.554074193318819	0.0	181901	1680.525771509288	0.00492963	0.08925778023938562
8940.27583420399	300	5.7718605375014755	0.0	111155	782.2136558173422	0.0049484246	0.19176346370898323
8942.826042773388	300	5.574185001898562	0.0	153605	1197.6755356029137	0.010980447	0.12524260164042636
8945.835463977306	300	5.935740935837947	0.0	149029	1138.4440660606156	0.007158447	0.13175877890869817
8947.859967392505	300	5.833977783165427	0.0	157421	1101.7631526725202	0.013026757	0.13614541350030507
8949.33506523389	300	5.827799055737436	0.0	157488	1006.17872742799	0.013943177	0.14907888222148402
8951.114903237696	300	5.852339639312033	0.0	143881	975.4594164254027	0.017112505	0.15377369624425694
8952.552023858485	300	5.7359686321088885	0.0	163444	1116.3710072031438	0.02085245	0.13436393370318403
8954.173675837328	300	5.570517425480055	0.0	179328	1165.4512066288323	0.0145173995	0.12870551692497526
8955.299422102107	300	5.650744603198669	0.0	159914	919.7728222813867	0.014796054	0.16308374890654292
8957.098283528283	300	5.714300706858708	0.0	131610	936.443896339961	0.022002548	0.16018044496447323
8958.16029871715	300	5.964501862843369	0.0	124011	749.7988440153398	0.012912167	0.20005365598687322
8959.086606328092	300	5.652456196298317	0.0	144254	812.0456665450502	0.018468115	0.18471867553729307
8960.524940956617	300	5.940419863734245	0.0	149991	712.036332564071	0.018743161	0.21066340738518785
8962.151227554134	300	5.5754257129564175	0.0	147968	864.9941507778288	0.0321209	0.17341157725184092
8964.27276909256	300	5.555301215111882	0.0	161857	1020.124497844535	0.01752618	0.14704087620377854
8967.626330082048	300	5.5792291786600225	0.0	145210	1476.072036451859	0.011032858	0.10162105662577677
8970.414295193521	300	5.888991165940974	0.0	172312	2690.2380127190486	0.004995497	0.05575714836041351
8972.409532532436	300	5.920236026859595	0.0	167025	968.7551390813798	0.004705182	0.15483788828437825
8973.70534882857	300	5.535568940711582	0.0	160064	884.6670861480133	0.005360091	0.16955530769560423
8974.619461702463	300	5.869087108756437	0.0	137507	666.4818319551462	0.0063340412	0.22506239901539418
8975.89916589845	300	5.543050550731434	0.0	118421	826.0365580250028	0.012413947	0.18159002594103074

