13194.167245246175	750	4.0	2.148641230861048	450283	2148.641230861048	0.004705182	-9.064628388288938
13196.536098182127	750	5.631147064048715	0.0	398865	2368.8529359512845	0.7741703	0.15830446639753404
13199.07765050651	750	5.784117951883809	0.0	350812	1847.0291121649057	0.6044589	0.20302874358079928
13201.39904229296	300	5.970683626597145	0.0	155432	1813.4343252866636	0.5923647	-0.36728401855617887
13202.565611973958	300	5.621377616830258	0.0	163442	849.3060097668871	0.6473917	0.1766147869849304
13204.143193585029	750	5.561218542010252	0.0	318564	1560.1590748200053	0.7454265	-0.20963989438495975
13206.717089161186	750	5.872982136507399	0.0	352642	1688.2364055028536	0.63132346	0.2221252893123718
13209.449353571354	750	5.974679454750895	0.0	437162	1898.3026817565046	0.61456484	0.19754489292140254
13211.668729716117	750	5.51197222752426	0.0	374758	1962.707227226634	0.613535	0.19106262757787193
13213.845724478462	750	5.9518093623197785	0.0	362795	1560.1628652044817	0.709132	0.2403595216649711
13216.183772657212	750	5.561201211966238	0.0	353220	1890.6081503535402	0.59121716	0.1983488751647853
13218.182867962445	750	5.700373497247383	0.0	405134	1860.8277147188548	0.70235544	0.20152322379649062
13219.904242382543	750	5.523820173054136	0.0	386351	1676.5533241932474	0.6655054	0.22367317197050618
13221.526104607361	300	5.575299603848576	0.0	179801	948.5205692055586	0.69190437	-0.291858990864443
13223.36390663538	300	5.988069384294798	0.0	140051	1087.230219553777	0.507476	0.1379652600730352
13224.019922120882	300	5.940347598227257	0.0	138313	547.72178606754	0.40129107	0.2738616644719393
13224.722145043075	300	5.773382943897613	0.0	143509	666.9646543296427	0.61553156	0.22489947409696395
13226.84358961281	750	5.990289745311997	0.0	372963	1783.0931985856173	0.5655015	-0.23969130705144467
13228.399663675838	750	5.571428418421412	0.0	405596	1418.8613268905854	0.7056333	0.26429644172613204
13230.677603336144	750	5.836064956338862	0.0	350713	1235.36346208255	0.6891139	0.30355438825091424
13232.781847838516	750	5.705230861464766	0.0	386472	1630.834094874096	0.69699234	0.22994368414216335
13235.376750672716	750	5.83948466246249	0.0	399894	2365.7461990022766	0.7008343	0.1585123544352101
13238.799816357507	750	5.667530051817639	0.0	401853	3171.9546106448506	0.71382034	0.11822363369940007
13241.429653815187	300	5.7531669172484055	0.0	137654	914.3631345692338	0.2905811	-0.28595139137945824
13244.2451630002	300	5.508149514948642	0.0	146754	1745.0174022997628	0.06523695	0.08595902814626068
13245.924348310355	300	5.963802703526514	0.0	153938	1544.3468114221287	0.011472569	0.09712844219354515
13248.210479318761	300	5.653156395990427	0.0	181901	1810.646307536087	0.011587016	0.08284334680698562
13252.136243055726	300	5.72739265902532	0.0	111155	3425.763736965108	0.007858848	0.04378585667816233
13255.292793576396	300	5.779741608107867	0.0	153605	2447.6510509174527	0.004705182	0.06128324539716375
13256.93528588473	300	5.792945289317486	0.0	149029	986.7963187903805	0.004705182	0.15200705266500253
13257.901160655087	300	5.582855912911487	0.0	157421	710.0893764059978	0.004998061	0.21124101413712268
13260.045943262692	300	5.878357277583522	0.0	157488	704.4986353279651	0.033822205	0.21291737482240905
13261.97943906571	300	5.64675130971303	0.0	143881	1731.6059678704917	0.100144625	0.08662478807720224
13262.915998177232	300	5.939416719525041	0.0	163444	707.334590187988	0.0062728347	0.21206371366644822
13263.74460808253	300	5.959724041543572	0.0	179328	479.6926779814695	0.0444066	0.31270020762291995
13264.439668283983	300	5.5566524974750715	0.0	159914	403.07154406850077	0.28857034	0.3721423707710509
13265.7191615923	300	5.557900138509958	0.0	131610	498.75235896511447	0.35869032	0.30075045722338495
13269.00365189008	300	5.731025497795448	0.0	124011	1326.8746407145104	0.20464686	0.1130476047980134
13272.050763715468	300	5.591277466133837	0.0	144254	2639.7480316616106	0.023048833	0.0568236052081006
13274.70569362248	300	5.5424944189921375	0.0	149991	2048.7830471416996	0.004848156	0.07321419425510581
13277.771900122894	300	5.6824645652192265	0.0	147968	1360.0298537729102	0.004705182	0.11029169660054103
13281.753977547061	300	5.5145141669574675	0.0	161857	2167.950398261759	0.004705182	0.06918977487689225
13286.091290399434	300	5.17720131458344	0.0	145210	4337.312852374027	0.004705182	0.03458362472467199
13290.76268729772	300	4.505804416297007	0.0	172312	4671.3968982864335	0.004705182	0.03211030945690424
13293.402732014181	300	5.865759699835464	0.0	167025	2140.0447164615434	0.004705182	0.07009199333368019
13294.911052922846	300	5.613039939516421	0.0	160064	1252.7197603190423	0.004705182	0.11973946987297307
13295.781185669155	300	5.905774245533368	0.0	137507	707.2656939830529	0.004705182	0.21208437122866336
13296.602156150137	300	5.956722488206931	0.0	118421	449.05175732643795	0.004705182	0.33403721854484936

