22960.735426776104	750	4.0	4.997202366246414	450283	4997.202366246414	0.004705182	-20.73797017485958
22962.88878852639	300	5.846638249714482	0.0	155580	2153.3617502855177	0.004705182	-0.15000000000000002
22966.00694063988	300	6.728486136226441	0.0	139857	3118.1521134880413	0.004705182	0.3
22970.378557396256	300	6.35686937985117	0.0	155432	4371.6167563752715	0.004705182	0.3
22974.806779887327	300	5.928646888778943	0.0	163442	4428.222491072226	0.004705182	0.3
22977.858136927356	300	6.877289848750208	0.0	126289	3051.3570400287354	0.004705182	0.3
22980.479517096708	300	8.255909679394989	0.0	153295	2621.38016935522	0.004705182	0.3
22982.18353593557	300	10.551890840533298	0.0	173849	1704.0188388616891	0.004705182	0.3
22983.664186061204	300	13.071240714897634	0.0	150710	1480.6501256356646	0.004705182	0.3
22985.019201880226	300	15.716224895873086	0.0	139105	1355.0158190245468	0.004705182	0.3
22986.52088443028	300	18.214542345823435	0.0	141840	1501.6825500496527	0.031366885	0.3
22987.88513698893	300	20.850289787169828	0.0	156148	1364.2525586536055	0.1323032	0.3
22990.991648262043	750	21.74377851405695	0.0	386351	3106.5112731128793	0.5709871	0.3
22994.223403078333	750	22.512023697768207	0.0	434409	3231.754816288743	0.005282694	0.75
22996.798452939474	750	23.936973836626038	0.0	337059	2575.049861142167	0.010026554	0.75
22999.24781486452	750	25.48761191157832	0.0	366214	2449.36192504772	0.012361147	0.75
23001.17754635598	750	27.557880420120945	0.0	360831	1929.7314914573728	0.049319703	0.75
23002.872508005537	750	29.862918770562096	0.0	372963	1694.9616495588484	0.63362706	0.75
23006.085170199418	1200	30.65025657668075	0.0	639204	3212.6621938813464	0.18789086	0.75
23009.021644394037	1200	31.71378238205985	0.0	586839	2936.474194620899	0.004705182	1.2
23013.040995913336	1200	31.69443086276178	0.0	601738	4019.3515192980717	0.004705182	1.2
23017.370281731874	1200	31.365145044220462	0.0	616206	4329.285818541316	0.0065086023	1.2
23022.47591219345	1200	30.259514582644982	0.0	656471	5105.630461575481	0.008497627	1.2
23026.17419067896	1200	30.561236097134465	0.0	536667	3698.278485510518	0.018410258	1.2
23031.476849829374	1200	29.258576946721313	0.0	587236	5302.65915041315	0.0073378193	1.2
23040.674016947698	1200	24.061409828397448	0.0	590335	9197.167118323865	0.054546896	1.2
23048.63807678163	750	20.09734999446546	0.0	425781	7964.059833931987	0.016258165	0.3
23055.386229100626	750	17.34919767547126	0.0	277716	6748.152318994201	0.06889026	0.75
23062.997249166732	750	13.738177609365557	0.0	400396	7611.020066105702	0.68995893	0.75
23066.077208677445	300	14.658218098652906	0.0	149029	3079.959510712652	0.0055999835	-0.15000000000000002
23069.942428405775	300	14.792998370322499	0.0	157421	3865.2197283304063	0.004705182	0.3
23073.926729685532	300	14.808697090564307	0.0	157488	3984.301279758192	0.004705182	0.3
23077.185919923544	300	15.549506852552895	0.0	143881	3259.190238011411	0.004705182	0.3
23080.191753487896	300	16.54367328820195	0.0	163444	3005.833564350947	0.004705182	0.3
23082.779053108305	300	17.956373667793663	0.0	179328	2587.2996204082847	0.004705182	0.3
23085.094913160825	300	19.64051361527554	0.0	159914	2315.860052518125	0.029497098	0.3
23086.94178435706	300	21.793642419039752	0.0	131610	1846.8711962357897	0.6312603	0.3
23090.97229289984	750	21.763133876256067	0.0	361565	4030.5085427836857	0.07851111	0.3
23095.743939817916	750	20.991486958182932	0.0	378327	4771.646918073131	0.004705182	0.75
23102.263908012344	750	18.471518763753043	0.0	390680	6519.968194429891	0.004705182	0.75
23106.272413858336	750	18.463012917764363	0.0	345516	4008.505845988678	0.006372272	0.75
23108.78663226238	750	19.948794513718617	0.0	384505	2514.218404045749	0.004705182	0.75
23113.04129507082	1200	19.69413170528015	0.0	599477	4254.662808438467	0.37730294	0.75
23117.528574537493	1200	19.206852238607144	0.0	634861	4487.279466673003	0.014601313	1.2
23123.977868474027	1200	16.757558302075694	0.0	630203	6449.293936531451	0.00908716	1.2
23127.121301785122	750	17.61412499097887	0.0	393804	3143.4333110968264	0.5388721	0.3
23130.27509307938	750	18.460333696719893	0.0	331053	3153.791294258978	0.64735556	0.75
23137.127069243925	1200	15.608357532172533	0.0	550906	6851.976164547359	0.4412732	0.75

