7864.788528835826	750	4.0	7.229722006325715	450283	7229.722006325715	0.28686348	-30.91338602254941
7867.271096802571	300	5.517432033254713	0.0	155580	2482.567966745287	0.015955662	-0.3802325581395349
7869.521774778574	300	7.266754057251941	0.0	139857	2250.6779760027725	0.012937924	0.06976744186046512
7872.805589382652	300	7.982939453173061	0.0	155432	3283.8146040788806	0.1123755	0.06976744186046512
7877.20653188248	300	7.581996953345817	0.0	163442	3900.9424998272434	0.031289876	0.06976744186046512
7880.497827247379	300	7.765211802135669	0.0	126289	2816.785151210147	0.22551468	0.06976744186046512
7884.468928957043	300	7.7941100924714775	0.0	153295	2971.101709664192	0.060384117	0.06976744186046512
7887.587371934594	300	7.587694484323161	0.0	173849	2206.415608148317	0.25352532	0.06976744186046512
7890.2457039158435	300	7.719542254699418	0.0	150710	1868.1522296237438	0.35386753	0.06976744186046512
7892.213181160492	300	7.580893517738388	0.0	139105	1138.6487369610293	0.56064266	0.06976744186046512
7896.244890713094	750	7.544452895131373	0.0	353220	2536.440622607014	0.6928278	-0.2755813953488372
7900.763142224364	750	7.026201383860821	0.0	405134	4518.251511270552	0.18876374	0.1744186046511628
7904.036732981499	750	7.661166254525607	0.0	386351	2865.0351293352132	0.5519978	0.1744186046511628
7907.88064442199	750	7.817254814034901	0.0	434409	3843.9114404907064	0.23719989	0.1744186046511628
7911.974724880392	750	7.601448204829078	0.0	337059	3215.8066092058243	0.41066414	0.1744186046511628
7917.347485056371	750	6.228688028850871	0.0	366214	5372.7601759782065	0.5263171	0.1744186046511628
7923.002480565359	750	4.573692519862537	0.0	360831	5654.995508988333	0.4833202	0.1744186046511628
7925.842446011547	300	5.733727073674487	0.0	150616	2839.9654461880514	0.019855484	-0.3802325581395349
7929.67815432192	300	5.8980187633014	0.0	165384	3835.7083103730865	0.025715318	0.06976744186046512
7931.937330570095	300	7.638842515127489	0.0	140881	1759.1762481739113	0.008518605	0.06976744186046512
7935.172323489726	750	7.571785710310254	0.0	386472	3067.056804817235	0.27819437	-0.2755813953488372
7938.769274908103	300	7.922278077579842	0.0	157812	2149.5076327304114	0.5115958	-0.3802325581395349
7945.593068515098	750	5.098484470584805	0.0	401853	6823.793606995037	0.54734254	-0.2755813953488372
7949.715025951367	300	4.976527034314278	0.0	137654	4121.957436270527	0.09862052	-0.3802325581395349
7952.895477242846	300	5.796075742835586	0.0	146754	3180.4512914786915	0.0051575294	0.06976744186046512
7955.129858530825	300	7.561694454856164	0.0	153938	2234.3812879794223	0.011053953	0.06976744186046512
7958.858324267754	300	7.833228717927275	0.0	181901	2728.4657369288884	0.031950966	0.06976744186046512
7961.605381994366	300	7.547946489320351	0.0	111155	1785.2822286069252	0.40893236	0.06976744186046512
7964.329648436493	300	7.996701021759852	0.0	153605	1551.2454675604988	0.2284977	0.06976744186046512
7968.532248012674	750	7.651911639952621	0.0	400508	3844.789381807232	0.6936617	-0.2755813953488372
7972.906744986643	750	7.277414665983544	0.0	358218	4374.496973969077	0.5014422	0.1744186046511628
7976.848374105195	750	7.335785547431588	0.0	400322	3941.6291185519563	0.6801256	0.1744186046511628
7978.938749062145	300	7.552566288903376	0.0	143881	1283.2192585282114	0.6968148	-0.3802325581395349
7982.9871197274715	300	7.504195623576589	0.0	163444	2548.370665326787	0.41927677	0.06976744186046512
7986.808279754081	300	7.6830355969677155	0.0	179328	3321.1600266088726	0.36446783	0.06976744186046512
7990.773980499651	300	7.717334851396973	0.0	159914	1965.7007455707442	0.3496536	0.06976744186046512
7997.9927342434785	750	4.498581107569814	0.0	321064	7218.753743827158	0.6797295	-0.2755813953488372
8000.760153285412	300	5.7311620656364575	0.0	124011	2767.419041933356	0.014296466	-0.3802325581395349
8003.774470792881	300	6.716844558167464	0.0	144254	3014.317507468993	0.01422187	0.06976744186046512
8006.063457284918	300	7.648789993327819	0.0	149991	2068.054564839645	0.034885533	0.06976744186046512
8009.8315438211575	300	7.7552126459069255	0.0	147968	1893.577347420893	0.036238246	0.06976744186046512
8011.732946990835	300	7.991765736527701	0.0	161857	1763.4469093792252	0.5362868	0.06976744186046512
8013.373482410661	300	7.925476061414287	0.0	145210	1066.2896751134135	0.3739217	0.06976744186046512
8018.07308279548	750	7.225875676594835	0.0	438281	4699.600384819452	0.5668451	-0.2755813953488372
8021.832892984929	750	7.466065487146323	0.0	398987	3759.810189448511	0.6395102	0.1744186046511628
8025.099799187682	750	7.974440550009276	0.0	393804	2991.6249371370477	0.57528627	0.1744186046511628
8029.237723612998	750	7.5131190798593686	0.0	331053	2961.321470149907	0.3754673	0.1744186046511628
8033.230993839952	750	7.519848852905343	0.0	314107	3493.2702269540264	0.6966087	0.1744186046511628

