11984.274254485155	750	4.0	2.287148895543779	450283	2287.148895543779	0.03129213	0.20468511044562213
11985.300929762117	300	6.973324723036945	0.0	155580	1026.6752769630546	0.73546183	0.12548830161903746
11986.277802578763	300	7.591800334213279	0.0	139857	881.5243888236656	0.1201736	0.6501501436198749
11987.323915322806	300	7.736418142706298	0.0	155432	855.3821915069828	0.09099029	0.6668284452274892
11988.357742905519	300	7.894869632419926	0.0	163442	841.5485102863722	0.12120129	0.6836212207242006
11990.362477979648	300	7.8836416935160685	0.0	126289	1011.2279389038578	0.121563986	0.6655613608040519
11992.052916354813	300	7.795176025897978	0.0	153295	1588.46566761809	0.079173245	0.5992343017567694
11995.61933408315	300	7.997953539351043	0.0	173849	2797.2224865469348	0.06289432	0.49807873304719547
11998.706256575262	300	7.604089861741785	0.0	150710	2893.863677609259	0.056996558	0.4501113712934626
12001.927450074778	300	7.965022600285429	0.0	139105	2139.067261456355	0.04433296	0.5606917217321226
12006.264005447705	300	7.628467227357458	0.0	141840	4336.555372927971	0.036488168	0.3082129005677157
12009.946967915232	300	7.945504759830292	0.0	156148	3182.9624675271652	0.03247762	0.4544040911407794
12013.76849882993	300	7.640561294038389	0.0	160746	2804.9434657919032	0.024619084	0.462550239266043
12017.664890943222	300	7.744169180745073	0.0	179801	2896.392113293316	0.020071246	0.4634812414981268
12020.833999779405	300	7.841104610502547	0.0	140051	1903.064570242526	0.020497825	0.5722409663471201
12024.213274916918	300	7.594489079366855	0.0	138313	1746.615531135692	0.020076495	0.5639025098548576
12027.140948588672	300	7.8069821420276	0.0	143509	1787.5069373392541	0.021201715	0.5804783195782588
12030.951914027499	300	7.996016703201011	0.0	150616	3810.965438826589	0.024076547	0.3965160805036395
12034.660499252552	300	7.957290134395844	0.0	165384	3038.7265688051684	0.02148572	0.4699738086894791
12039.010242326432	300	7.592347911279616	0.0	140881	3864.942223116227	0.018943677	0.3518616120603201
12042.84770559537	300	7.754884642341385	0.0	157671	3337.4632689382315	0.017325316	0.42041620457387663
12046.966614514757	300	7.635975722954999	0.0	157812	3118.908919386385	0.016460344	0.43070774711873516
12051.218577922908	300	7.384012314804553	0.0	163927	4251.963408150446	0.015607698	0.2928988567996982
12055.034011725145	300	7.568578512566907	0.0	137654	3315.4338022376464	0.014517549	0.404500880123367
12058.746437611904	300	7.856152625808049	0.0	146754	2712.425886758858	0.012624572	0.492768254183947
12060.458815548407	300	7.955461763824889	0.0	153938	1400.6908619831595	0.012255961	0.6335995703336545
12062.704402735642	300	7.668511736066086	0.0	181901	1286.9500277588036	0.01847275	0.6170677635565465
12063.709772108617	300	7.880145605317494	0.0	111155	788.366130748593	0.027772903	0.6875075470422669
12065.866596106518	300	7.780235194480954	0.0	153605	1099.9104108365393	0.030275226	0.6466368315796188
12068.281367034337	300	7.891306566603174	0.0	149029	888.9286278777796	0.034555256	0.6785367008143808
12072.28614332314	300	7.501839558172342	0.0	157421	1889.4670084308325	0.044142686	0.540607196189177
12075.444890588198	300	7.930120575328907	0.0	157488	1071.7189828434343	0.03855049	0.6640323276663928
12076.8568873443	300	7.727636338385211	0.0	143881	1202.4842369436944	0.041579664	0.6312642102135922
12081.856852033705	750	6.727671648980907	0.0	412837	4999.964689404304	0.04285685	-0.25133040107703725
12084.160496148495	300	7.590588205367876	0.0	179328	2137.0834436130303	0.39518887	0.07447635861072294
12086.950611017906	300	7.648811072749728	0.0	159914	941.7771326181486	0.029697724	0.6496691635630962
12089.2860680317	300	7.715251458250003	0.0	131610	1433.5596144997248	0.036267903	0.6069522428648404
12092.364620109993	300	7.79692403775126	0.0	124011	918.3274204987428	0.040557526	0.6664181206214358
12095.730046898814	300	7.894322981736221	0.0	144254	2402.6010560150385	0.040684946	0.5274628043723437
12098.026518979734	300	7.977499888680153	0.0	149991	1916.8230930560674	0.034941554	0.5841295548685381
12101.910164914538	300	7.9055013247100065	0.0	147968	3071.9985639701454	0.033521883	0.4616101474310337
12105.881703727699	300	7.9339625115497565	0.0	161857	2971.53881316025	0.031372927	0.4744239729321888
12109.67473171845	300	7.754041698670142	0.0	145210	2179.9208128796154	0.028275825	0.5360884739077098
12113.480657156942	300	7.948116260177585	0.0	172312	3305.9254384925566	0.028260935	0.44236176245301445
12117.481316018117	300	7.94745739900491	0.0	167025	3500.6588611726756	0.025050325	0.42282434593595997
12119.70905208054	300	7.788435116062254	0.0	160064	2159.022282942656	0.023214214	0.5415230867427886
12121.111739031827	300	7.826448415660045	0.0	137507	961.9867004022077	0.020471571	0.6649234383827186
12122.339442045248	300	7.952947096392199	0.0	118421	873.5013192678464	0.034199305	0.6860739731973567

