4127.924536029987	750	4.0	6.602941104200595	450283	6602.941104200595	0.004705182	-28.627821572190477
4129.545784198564	300	6.378751831422763	0.0	155580	1621.2481685772375	0.004705182	0.017883278782549722
4131.609955002023	300	7.743761037482851	0.0	139857	1634.990793939913	0.015363151	0.5978927283126698
4133.678730870651	300	7.728963136527558	0.0	155432	2014.797900955293	0.019744895	0.5584877025591413
4137.548054278569	300	7.859639728608847	0.0	163442	3369.323407918711	0.03138041	0.4356129247244054
4139.936685884	300	7.536974623239145	0.0	126289	1322.6651053697015	0.00823627	0.6092218660517034
4142.789990552709	300	7.723305543665534	0.0	153295	1813.6690795736113	0.017202543	0.5780560348523172
4145.0007528046945	300	7.962742221790757	0.0	173849	1260.5633218747766	0.026698362	0.6564126673354267
4147.307574628458	300	7.619430774963672	0.0	150710	1343.3114468270862	0.22917534	0.615093731709909
4148.94163402839	300	7.894156239616212	0.0	139105	1225.274535347461	0.3160506	0.6533400660173234
4151.099322802314	300	7.649704242045925	0.0	141840	1244.4519975702854	0.31577098	0.6278935327947475
4153.99218140427	300	7.69989337214543	0.0	156148	1449.810869900495	0.39293307	0.612188407280095
4156.224276023461	300	7.755369938127729	0.0	160746	1444.5234340177014	0.21939981	0.6180568343951165
4159.047944881945	300	7.972321077622077	0.0	179801	1783.0488605056519	0.34242904	0.605086089405454
4161.349984672333	300	7.661611195717182	0.0	140051	1310.7098819048947	0.14254451	0.6224138023994206
4162.849974627794	300	7.612281176978602	0.0	138313	1049.3300187385803	0.26022846	0.6438037174580667
4165.394881423364	300	7.75515776665516	0.0	143509	1357.123410323441	0.5316143	0.6267764150153434
4167.692423415517	300	7.580278420301125	0.0	150616	1174.8793463540358	0.25752893	0.6281684824172565
4171.408028925549	750	7.864672910269422	0.0	405596	3215.605510031702	0.45732194	0.02553796489370863
4172.586075612051	300	7.8447836639839625	0.0	140881	1019.8892462854598	0.68487084	0.21912642751538836
4175.230347152949	300	7.506726546892838	0.0	157671	1338.0571170911244	0.56479454	0.6047712526080526
4177.938800998481	300	7.9556068932309865	0.0	157812	2051.1196536618518	0.23884967	0.5766702505446865
4182.240276685889	300	7.6541312058232	0.0	163927	3301.475687407786	0.032272637	0.422617264185749
4185.193827512682	300	7.901760660565152	0.0	137654	1752.3705452580466	0.0051825074	0.60136239932235
4188.053863021026	300	7.7373330900611945	0.0	146754	1664.4275705039583	0.0063322214	0.5943303532954889
4191.806242808488	300	7.98495330259942	0.0	153938	3252.379787461775	0.009454427	0.4593688629485549
4195.909321208829	300	7.881874902257772	0.0	181901	2603.0784003416475	0.004705182	0.5143775866176316
4197.783780748152	300	7.895178152567736	0.0	111155	986.696749690036	0.004705182	0.6772962048845086
4201.706243989227	300	7.972714911492243	0.0	153605	1422.4632410754932	0.008209132	0.6411825583131777
4203.161410871011	300	7.590244585954404	0.0	149029	1382.4703255378386	0.010080352	0.6083686394495265
4206.828323164859	300	7.923332292106774	0.0	157421	2166.912293847631	0.010014926	0.561984518904985
4211.148036827758	300	7.603618629207355	0.0	157488	3819.713662899419	0.004705182	0.3659315728175814
4214.835421024871	300	7.91623443209381	0.0	143881	3187.384197113544	0.004705182	0.4592541513572508
4219.157943285114	300	7.593712171850464	0.0	163444	3322.522260243346	0.004705182	0.4146972051250025
4222.791029226882	300	7.960626230083422	0.0	179328	3133.0859417670417	0.004705182	0.46895673870133286
4226.673631951047	300	7.5104823195593395	0.0	159914	2950.1439105240825	0.004705182	0.44392407072016726
4229.175883958683	300	7.750585660562707	0.0	131610	1259.8966589966326	0.004705182	0.6360590196578613
4230.933171533162	300	7.778119595141896	0.0	124011	972.4660654208102	0.004705182	0.667452252008231
4233.210859803853	300	7.586686242825688	0.0	144254	1191.433352316208	0.005381123	0.627129842137235
4234.867706189431	300	7.931390466223707	0.0	149991	1155.2957766019802	0.00543213	0.6639217791919392
4237.308950528087	300	7.796543601384228	0.0	147968	1134.8468648394796	0.010267098	0.6529875039387834
4238.86006380045	300	7.629185707110842	0.0	161857	1167.357894273386	0.014872067	0.6336280104470848
4240.6838736587	300	7.719158491031249	0.0	145210	910.027216079594	0.0423651	0.6680210625976537
4243.990779630346	300	7.962596725792635	0.0	172312	1756.5617652386131	0.23746452	0.6067988188412402
4245.765207829231	300	7.815554844053948	0.0	167025	1647.041881738687	0.0124639515	0.6035978563054166
4248.315208669875	300	7.799247477305646	0.0	160064	1516.3073667483013	0.008364679	0.6151017049271208
4250.999899418818	300	7.678748844781827	0.0	137507	1620.4986325238187	0.0064457827	0.5930844458464202
4253.6536416482195	300	7.5689738122902055	0.0	118421	1609.7750324916224	0.004705182	0.5835908322306145

