15422.805712738782	750	4.0	5.4395307625425735	450283	5439.530762542574	0.11212447	-0.11055307625425737
15429.27194963806	750	4.0	2.4662368992774155	398865	6466.236899277415	0.5374549	-0.21322368992774154
15431.47628126913	300	5.7956683689300945	0.0	139857	2204.3316310699056	0.39309618	-0.10680441422853884
15433.723714008123	300	7.54823562993597	0.0	155432	1747.4327389941247	0.029849654	0.5593226411118607
15435.736562039958	300	7.940577706259595	0.0	163442	1107.6579236763746	0.042810258	0.6614553895661082
15437.46779849616	300	7.992554527489363	0.0	126289	948.023178770232	0.061886624	0.6824736099213173
15438.627834139481	300	7.854143258695178	0.0	153295	1138.411268794185	0.05362598	0.6499743050286876
15441.07245388295	300	7.757645664822689	0.0	173849	1596.4975938724883	0.05034428	0.5947812815167577
15443.096059481624	300	7.82490387353501	0.0	150710	1932.7417912876788	0.05378007	0.5676977225725118
15445.351015851973	300	7.622857549102951	0.0	139105	1202.0463244320583	0.048066538	0.6211182642070563
15448.428670441092	300	7.755485339502022	0.0	141840	1867.3722096009294	0.0464581	0.5674837283064788
15450.586452095582	300	7.731735711566284	0.0	156148	2023.749627935738	0.043815855	0.5495363351562473
15454.54303298279	300	7.775154824356244	0.0	160746	2956.5808872100383	0.04211261	0.460475717947641
15456.670801796725	300	7.716576836120931	0.0	179801	1558.5779882353136	0.03473878	0.5945792984892292
15458.805929881584	300	7.818608278090653	0.0	140051	1397.9685580302773	0.03552829	0.6205627992412883
15460.956760884303	300	7.516772473346769	0.0	138313	1301.8358047438844	0.034266986	0.6008225425585849
15462.512675518436	300	7.928312822066077	0.0	143509	1088.4596512806925	0.03557308	0.6621824568178568
15464.136822103226	300	7.824967006747624	0.0	150616	1103.3458153184527	0.040475473	0.6506434598743611
15466.04041817421	300	7.613569336941586	0.0	165384	1211.397669806037	0.04138703	0.6192798510369656
15467.986639584275	300	7.591557813398331	0.0	140881	1022.011523543255	0.04435953	0.6360778449986623
15471.305676052438	300	7.714144536927763	0.0	157671	1877.4132764705682	0.045160573	0.5624592285691681
15473.401296622817	300	7.6821458857342115	0.0	157812	1531.998651193551	0.04096158	0.593888822268297
15476.117300779933	300	7.865954719068161	0.0	163927	1316.1911666660512	0.038546972	0.6333449797627735
15477.593456616445	300	7.79278329123864	0.0	137654	1073.1714278295208	0.039605495	0.6505310322900056
15480.764115691989	300	7.823946000736978	0.0	146754	1468.837290501661	0.041215576	0.613995019521505
15483.545655641861	300	7.519086894477639	0.0	153938	2304.859106259338	0.03819904	0.5007452898620166
15487.125406305795	300	7.939336230543843	0.0	181901	3079.7506639337967	0.033161215	0.46412538202700904
15489.760185184194	300	7.570162545132047	0.0	111155	1869.173685411795	0.029955802	0.5492809389729121
15491.485585430102	300	7.980265085422241	0.0	153605	1089.8974597098054	0.023761949	0.6670910335863324
15493.30298371922	300	7.854317329211742	0.0	149029	1125.9477562104978	0.031448275	0.6512375846447922
15495.357511841365	300	7.702778467794058	0.0	157421	1151.5388614176836	0.035869803	0.6339413198512038
15497.241692908687	300	7.8471826360451775	0.0	157488	1355.5958317488808	0.037283882	0.6275789281805055
15500.46646243313	300	7.814090391460735	0.0	143881	2033.0922445844424	0.036356255	0.5566110661111123
15502.359848218613	300	7.933236129098763	0.0	163444	1380.8542623619721	0.03256852	0.6334217873186575
15505.78541053602	300	7.621720793955937	0.0	179328	2311.515335142826	0.036118202	0.5100608136979323
15507.884596146512	300	7.57915148939205	0.0	159914	2042.5693045638884	0.034654357	0.532815551886988
15511.444290914453	300	7.56761222978548	0.0	131610	2511.53925960657	0.034508493	0.484796363385981
15512.626429816162	300	7.970620523547659	0.0	124011	1096.99170623782	0.029069215	0.6654436752912278
15514.856620051538	300	7.5330990751460085	0.0	144254	1437.5214484016508	0.03207688	0.5888417402177842
15516.70816758732	300	7.658659633942361	0.0	149991	1374.4394412036477	0.035483308	0.6073607052805299
15518.468541000067	300	7.5320270416567325	0.0	147968	1126.6325922856286	0.03678964	0.6198263705725544
15519.919871786751	300	7.848232044197255	0.0	161857	1183.794997459478	0.04248086	0.6448610665522352
15521.267246687152	300	7.788312469558454	0.0	145210	1059.919574638801	0.04596921	0.6514214302006796
15523.312268811085	300	7.514529051372748	0.0	172312	1273.7834181857052	0.05043979	0.6034096084274292
15526.44215357209	300	7.65520603809381	0.0	167025	1859.3230132789397	0.053002585	0.5585364858767291
15528.42115848775	300	7.595984492277263	0.0	160064	1559.2215458165465	0.049993798	0.5827873372923091
15530.962160428373	300	7.545375159187359	0.0	137507	1050.6093330899039	0.047619577	0.6287268009219803
15532.242545420524	300	7.6153789620784735	0.0	118421	929.9961971088852	0.051573955	0.647595984351243

