5527.016908819255	750	4.0	2.572266498290951	450283	2572.266498290951	0.004705182	-10.914960115152594
5528.687315642468	300	5.990929842309494	0.0	155580	1009.0701576905071	0.68305063	-0.3013482944106582
5534.960911179742	750	4.0	0.28266569496481314	350812	6273.5955372743065	0.78216505	-1.6056881535558407
5537.840935825939	300	5.119975353803644	0.0	155432	2880.0246461963557	0.08157691	-0.3979171123767622
5541.223506229525	300	5.73740495021715	0.0	163442	2882.5704035864937	0.012915051	0.05203689034389933
5543.992328368415	300	5.541757507041286	0.0	126289	2195.6474431758647	0.059762567	0.06831697887846444
5547.699770383411	300	5.834315492045744	0.0	153295	3707.4420149955417	0.0084844865	0.04045916278482386
5551.702345720516	300	5.831740154941463	0.0	173849	3002.57533710428	0.023730136	0.049957114529776234
5555.818401237021	300	5.715684638436209	0.0	150710	3116.055516505254	0.004705182	0.04813778162984378
5559.92342100755	300	5.610664867906707	0.0	139105	3105.019770529501	0.0052969726	0.04830887114590591
5562.462396546314	300	5.773310761199153	0.0	141840	2337.354106707555	0.004705182	0.06417512843669763
5566.316778678459	300	5.781930411154782	0.0	156148	1991.3803500443696	0.005267261	0.07532463599766759
5568.460899698629	300	5.7913708493205664	0.0	160746	1990.5595618342154	0.004925563	0.07535569539139106
5570.719625251771	300	5.513788739967145	0.0	179801	1777.5821093534212	0.006624202	0.08438428762908796
5571.634574231121	300	5.786886062785777	0.0	140051	726.902677181368	0.007719217	0.20635499731771356
5572.581169801089	300	5.652611395487151	0.0	138313	634.2746672986276	0.08969059	0.23649060530645058
5576.31637562678	300	5.616168967375659	0.0	143509	2536.4424281114916	0.34324387	0.05913794783494554
5579.975373977674	300	5.957170616481448	0.0	150616	3158.998350894212	0.022317763	0.047483405604672055
5584.173815231643	300	5.758729362512924	0.0	165384	3198.4412539685236	0.006347547	0.04689784432147528
5587.633014273802	300	5.812231342654479	0.0	140881	1446.4980198584456	0.004705182	0.10369872474120567
5591.664168987367	300	5.781076629089765	0.0	157671	3531.1547135647143	0.007002156	0.04247902235033322
5595.4934621805805	300	5.951783435875201	0.0	157812	3329.2931932145643	0.004705182	0.04505460807889048
5598.649774355799	300	5.91020172220642	0.0	163927	3041.581713668781	0.004705182	0.04931644588928987
5601.888441801431	300	5.85823330166477	0.0	137654	2051.96842054165	0.004705182	0.07310054019272143
5604.381662077493	300	5.874972714329634	0.0	146754	1983.260587335136	0.004705182	0.07563302621848182
5606.755843338413	300	5.742861842382599	0.0	153938	1632.1108719470346	0.004705182	0.09190552099016212
5608.600685896658	300	5.696475834196779	0.0	181901	1546.3860081858204	0.004705182	0.09700036032786928
5609.8451725945115	300	5.873460698299692	0.0	111155	823.0151358970858	0.004706016	0.18225667239582433
5613.965810564112	300	5.752822728700067	0.0	153605	3120.6379695996256	0.0059469873	0.048067094440706566
5616.699862878115	300	5.976851313476717	0.0	149029	1775.9714152233491	0.004705182	0.08446081885903313
5617.970954296846	300	5.720346111000597	0.0	157421	1256.50520247612	0.004705182	0.11937873373258139
5621.389056194227	300	5.718588279937609	0.0	157488	2501.757831062989	0.004919229	0.059957841697357836
5622.616893232974	300	5.622841817223158	0.0	143881	1095.7464627144504	0.004705182	0.13689298127270316
5624.099778372306	300	5.877444445073073	0.0	163444	1245.3973721500838	0.005541065	0.12044348523157425
5625.814432810579	300	5.773861181027916	0.0	179328	1103.5832640451576	0.0047674906	0.13592087238635592
5627.474357986193	300	5.954434185334743	0.0	159914	1319.4269956931732	0.009517936	0.11368571394220724
5628.814372878875	300	5.5396758289549215	0.0	131610	914.7583563798222	0.007809273	0.16397773133620613
5629.711973697713	300	5.653503673186311	0.0	124011	886.1721557686094	0.0058202026	0.16926733594997637
5630.7504661639505	300	5.64497172860222	0.0	144254	1008.5319445840895	0.008903654	0.1487310350510105
5632.941584392516	300	5.624392899146016	0.0	149991	1020.5788294562053	0.0071769897	0.14697541793995908
5635.974027143179	300	5.8484412758693765	0.0	147968	1775.95162327664	0.008096091	0.08446176012567798
5640.482596530375	300	5.339871888673359	0.0	161857	4508.569387196017	0.004705182	0.033269977041051696
5643.887979454503	300	5.9344889645464045	0.0	145210	3405.3829241269555	0.004705182	0.04404790983629419
5648.029712208883	300	5.792756210165607	0.0	172312	2141.732754380797	0.004705182	0.07003674930645909
5652.090282161305	300	5.732186257742624	0.0	167025	3060.569952422983	0.004705182	0.04901047920216574
5654.48287739759	300	5.617261621856966	0.0	160064	1614.9246358856594	0.004705182	0.09288359138675024
5655.869066941867	300	5.898002149917618	0.0	137507	1219.2594719393471	0.004705182	0.12302549494359134
5659.257429743364	300	5.93228584733826	0.0	118421	1465.7163025793582	0.004705182	0.10233904046508248

