6924.292025032119	750	4.0	4.717391294739914	450283	4717.391294739914	0.004705182	-20.205289479662124
6925.949276418718	300	5.545069863471299	0.0	155580	1454.9301365287008	0.0594559	-0.3469022661405014
6929.699561664156	300	5.761087956386853	0.0	139857	1283.9819070844458	0.13659684	0.11682407608110844
6932.171716754866	300	5.673162003908304	0.0	155432	1587.9259524785482	0.2924326	0.09446284303488414
6935.868608387107	300	5.976270371667233	0.0	163442	2196.891632241072	0.24296197	0.06827828819530049
6940.002609362303	750	5.842269396471984	0.0	318564	3634.0009751952493	0.49725598	-0.3468079528432565
6941.990987817641	300	5.925641075036574	0.0	153295	1416.6283214354096	0.17250095	-0.3441147810400887
6945.307608880899	300	5.628205619859444	0.0	173849	1797.43545517713	0.13829252	0.08345223166036753
6946.7640336858385	300	5.844586045279829	0.0	150710	1283.6195745796151	0.07625907	0.11685705248700724
6949.228179485027	300	5.803915741816232	0.0	139105	1540.6703034635982	0.18123284	0.09736022019946988
6951.041589108406	300	5.683948687538737	0.0	141840	1619.967054277495	0.12795642	0.092594475674013
6952.837568606795	300	5.922680146594373	0.0	156148	1761.2685409443648	0.022524774	0.08516588839971691
6955.936028869963	300	5.560805531883662	0.0	160746	1861.8746147107115	0.0461106	0.08056396430503256
6958.48905645583	300	5.662584515478013	0.0	179801	2398.2210164056487	0.016836615	0.0625463620633321
6962.274478991996	300	5.702276632275861	0.0	140051	2460.3078832021515	0.013697137	0.06096797926151067
6966.3580190800285	300	5.6187365442433785	0.0	138313	3083.540088032483	0.0063132765	0.048645386704121184
6970.126183153898	300	5.850572470374431	0.0	143509	2268.164073868948	0.004705182	0.06613278189533076
6973.309573380448	300	5.687286683432156	0.0	150616	2663.285786942275	0.004705182	0.05632140596230019
6975.513761462348	300	5.605244933835999	0.0	165384	2082.041749596158	0.004705182	0.07204466482436996
6977.778697150443	300	5.663850213040853	0.0	140881	1441.3947207951458	0.004705182	0.10406587302973641
6979.225495564374	300	5.777221523074753	0.0	157671	1386.6286899660986	0.00556197	0.10817603954499695
6981.707443046821	300	5.696332600933858	0.0	157812	1580.888922140895	0.00622002	0.09488332665198562
6984.534942349618	300	5.943112229688466	0.0	163927	1753.2203712453925	0.0072739376	0.08555684297316724
6987.525970801676	300	5.544737493285465	0.0	137654	1898.3747364030007	0.00571579	0.07901495796568424
6989.0390849371215	300	5.87450732628997	0.0	146754	1170.2301669954961	0.004705182	0.1281799121493484
6991.453563419858	300	5.96871002624687	0.0	153938	1405.7973000431002	0.008059566	0.10670101585442024
6994.529574506085	300	5.875045093379903	0.0	181901	2593.6649328669673	0.008674595	0.05783322205547732
6995.768334991034	300	5.896837865585083	0.0	111155	978.2072277948198	0.004705182	0.15334174164521988
6997.396534811842	300	5.603014650759069	0.0	153605	1293.8232148260133	0.0061798003	0.11593546806174074
6999.879910239055	300	5.618515235142733	0.0	149029	1484.4994156163352	0.005842543	0.10104416237693359
7001.514893972784	300	5.740461393076584	0.0	157421	1378.0538420661496	0.0057189846	0.1088491577187589
7004.043123583223	300	5.919811433689036	0.0	157488	1320.6499593875499	0.0063401363	0.11358043737006765
7007.025224818759	300	5.927550703446717	0.0	143881	1492.2607302423185	0.005414189	0.10051862718095013
7009.273251242587	300	5.838457787178962	0.0	163444	1589.0929162677558	0.0055381795	0.09439347344917974
7011.627634566302	300	5.960732869602668	0.0	179328	1877.7249175762947	0.004705182	0.07988390556888122
7015.842167898221	300	5.746199537683354	0.0	159914	2714.533331919314	0.004705182	0.055258116832163674
7018.288511617937	300	5.863623475353421	0.0	131610	1882.5760623299325	0.004705182	0.07967805551206017
7020.52188629017	300	5.89382005843014	0.0	124011	1969.803416923281	0.004705182	0.07614973083674072
7023.1948766379755	300	5.86911042168236	0.0	144254	1524.7096367477784	0.004705182	0.09837938738286692
7026.113999684532	300	5.513689306432561	0.0	149991	1355.421115249799	0.004705182	0.11066671332795017
7028.251793590292	300	5.9816432762063565	0.0	147968	1532.0460302262047	0.004705182	0.09790828541741183
7030.85652514394	300	5.737151513649423	0.0	161857	1744.4917625569328	0.004705182	0.0859849288024968
7032.774022361742	300	5.923522795293327	0.0	145210	1313.6287183560971	0.004705182	0.11418751577516757
7035.485411342588	300	5.7397625210933985	0.0	172312	1683.7602741999285	0.004705182	0.08908631608574767
7037.392149868163	300	5.640207607128839	0.0	167025	1599.5549139645589	0.004705182	0.09377608651660428
7039.4620282606675	300	5.633860178182128	0.0	160064	1506.347428946711	0.004705182	0.09957862118494475
7041.699389438456	300	5.736945090567062	0.0	137507	1396.9150876150657	0.004705182	0.10737946875217232
7043.919025845883	300	5.707349979439598	0.0	118421	1529.5951111274653	0.004705182	0.09806516699012913

