20358.06569391543	750	4.0	2.7720774829579558	450283	2772.077482957956	0.7118126	-11.772021638722864
20360.618631550155	750	5.44706236527567	0.0	398865	2552.9376347243297	0.6974022	0.3091069461957755
20362.35970097477	750	7.705992940661611	0.0	350812	1741.069424614059	0.20947963	0.6077184431553991
20364.57788829769	750	7.7449415265102	0.0	382355	1461.0514141514122	0.93077826	0.6394690905580149
20368.34965985052	1850	7.827623699718315	0.0	996749	3417.317826791885	0.55588543	-0.5893644495885919
20372.47223795529	1850	7.7050455949474435	0.0	801058	4122.5781047708715	0.37835738	0.4283112385057093
20377.56031346558	1850	6.616970084657525	0.0	905515	5088.075510289918	0.0454712	0.22703297384147314
20386.922883798044	1850	4.0	2.7456002478047066	1060487	9362.570332462232	0.25951022	-12.258383966029573
20387.68875930931	300	7.234124488733353	0.0	150710	765.8755112666468	0.40231	-0.9142488496423979
20391.669983430573	1200	7.252900367471779	0.0	560821	3981.224121261574	0.8172423	-0.5358389089661273
20395.525722441125	750	7.397161356916784	0.0	353220	3855.739010554995	0.76905966	-0.08347391193829196
20403.756140705336	750	4.0	0.8332569072944989	405134	8230.418264211283	0.2861144	-3.980927241495332
20404.999689045326	300	6.756451660012156	0.0	160746	1243.548339987844	0.12868968	0.09200730621979968
20407.984290036096	750	7.7718506692382014	0.0	434409	2484.6009907739544	0.20955317	0.0897041689515127
20409.40571799256	750	7.90567864681715	0.0	337059	1366.1720224210517	0.67793185	0.6644281631410178
20413.07500417656	1200	7.753663574286848	0.0	587876	1652.0150725303029	0.70934486	0.19528103272341218
20420.05988136031	1850	4.768786390535858	0.0	966699	6984.877183750989	0.032903537	-0.7905370079002042
20421.194105426155	750	7.6345623246916	0.0	372963	1134.2240658442588	0.9667015	-0.43847230022556577
20424.299692225617	1850	7.8849550053426505	0.0	987708	2749.60731934895	0.18699433	-0.5170751944856047
20426.989518809725	1850	7.648031481945072	0.0	923755	2236.9235233975774	0.016442243	0.6113890224404267
20433.410469454742	2850	5.2270808369285575	0.0	1415116	6420.9506450165145	0.68162805	-0.9865467603566276
20444.438540369618	1850	4.0	5.800990077948168	955231	11028.070914876726	0.0070097307	-26.563110293887906
20445.983968990928	300	6.454571378687929	0.0	163927	1545.428621312071	0.2009629	-1.067237047528552
20449.868630516077	750	6.569909853537725	0.0	343800	3884.6615251502035	0.6610565	-0.16599007570837648
20460.177287396116	750	4.0	3.7387470265004086	359903	10308.656880038134	0.5275932	-16.68235861566343
20462.345652643922	300	5.831634752196203	0.0	153938	2168.365247803797	0.031652488	-0.08948907969438616
20464.303399417575	300	7.6472798890238805	0.0	181901	1684.3548631723236	0.109556146	0.5836698994571141
20466.73497910566	750	7.853185928723966	0.0	277716	1794.093960299914	0.10863785	0.16658348463074407
20469.015434665576	750	7.581701046157134	0.0	400396	1771.4848825668316	0.5689026	0.5927136590117915
20471.63557822003	1200	7.586114631604588	0.0	641447	2495.5864145525443	0.62160563	0.0947971193429496
20476.441410201358	1850	6.780282650273791	0.0	873429	4805.831981330798	0.2886771	-0.3790236502681238
20480.593546685748	1850	6.62814616588694	0.0	954453	4152.1364843868505	0.32337764	0.3217025871535517
20484.147654577322	1850	7.074038274313217	0.0	885062	3554.1078915737226	0.105003424	0.42442307667945767
20488.225653157006	1850	6.996039694627654	0.0	1035329	4077.9985796855635	0.042505823	0.3645265545196079
20493.160046363042	1850	6.0616464885937695	0.0	1026056	4934.393206033885	0.033911455	0.18895066699231194
20497.163129052562	1850	6.05856379907258	0.0	943942	4003.0826895211894	0.15823606	0.28178500621802144
20499.708330636728	1850	7.513362214903131	0.0	728962	2545.2015841694492	0.08435453	0.5675991439268935
20503.342673470866	1850	7.579845475637123	0.0	938587	3433.5167392660082	0.017189873	0.48516671902170416
20506.58213738075	1850	7.690526644629546	0.0	908665	2889.3188310075766	0.018833142	0.5502397001509625
20510.573574159396	1850	7.699089865985311	0.0	930577	3991.4367786442353	0.008750409	0.4408521253295297
20514.75125673719	1850	7.521407288191482	0.0	858450	4177.682577793828	0.02409153	0.40512539215696786
20519.6488615659	1850	6.623802459480376	0.0	1025005	4897.604828711107	0.05874886	0.2467376659644307
20522.97805698453	1850	7.294607040847282	0.0	886255	3329.1954186330936	0.14073956	0.4681443224119884
20526.54870461559	1850	7.6873155616484725	0.0	973972	3107.291479198809	0.025938386	0.5281333648875274
20530.16658351428	1850	7.635054126231361	0.0	958994	3552.261435417112	0.009899288	0.478606145767911
20534.159367136563	1850	7.642270503948435	0.0	982064	3992.7836222829264	0.014297802	0.4352485117683288
20538.080890937887	1850	7.720746702625933	0.0	830730	3421.523801322502	0.021447867	0.49992791859244967
20543.32519048936	1850	6.476447151152626	0.0	846370	5244.299551473307	0.025702408	0.1978850751313278

