9380.106441523096	750	4.0	6.619212714537035	450283	6619.212714537035	0.004705182	-28.699416657670813
9382.217403867347	300	5.8890376557490836	0.0	155580	2110.9623442509164	0.0061194953	-0.07822369359711798
9384.523465871136	300	7.582975651959863	0.0	139857	1806.0620037892206	0.008764815	0.5653098283350035
9387.894878546145	300	7.865387740844166	0.0	155432	2717.587911115697	0.011829108	0.5013397272187732
9391.220099200435	300	7.599689809944733	0.0	163442	2265.6979308994323	0.012373884	0.5209549926275008
9395.122007904969	300	7.697781105411282	0.0	126289	1901.9087045334513	0.0061889626	0.5667753157049019
9399.008578438474	300	7.811210571906154	0.0	153295	2886.5705335051284	0.0054404745	0.4792268499188306
9402.91998517629	300	7.589508250463567	0.0	173849	2721.7023214425885	0.004705182	0.4743745667179159
9405.334084630897	300	7.662310755196803	0.0	150710	1927.1974952667636	0.004705182	0.5608323744708296
9407.339621352863	300	7.9379933023347435	0.0	139105	1724.317452862059	0.005169941	0.6076551421649796
9409.756457756674	300	7.820184744529903	0.0	141840	2117.8085578048403	0.007038939	0.5569668219651033
9412.840991706502	300	7.702431749869272	0.0	156148	1117.7529946606292	0.0048944904	0.6456385165907073
9415.349264668157	300	7.9716856703248125	0.0	160746	1730.7460795444601	0.08645276	0.6102552088155966
9417.110044671808	300	7.8650591810561705	0.0	179801	1606.6264892686418	0.03680759	0.6124042451445426
9418.993596907047	300	7.755359777728026	0.0	140051	1109.6994033281444	0.069655426	0.6515382595138699
9421.002086874298	300	7.563041243456974	0.0	138313	1192.3185342710533	0.20456326	0.6247654654529746
9422.216000879027	300	7.894169890782228	0.0	143509	1168.8713526747447	0.2902364	0.6589816982250852
9423.379764181122	300	7.734809623011952	0.0	150616	1159.3602677702759	0.4334559	0.6445941969518769
9425.492448766792	300	7.650668837789701	0.0	165384	1584.14078522225	0.6418799	0.5940174974835717
9427.535154016665	300	7.783588060627528	0.0	140881	1867.0807771621742	0.4195165	0.5785171269507505
9429.746793737999	300	7.51058052216501	0.0	157671	1773.007538462518	0.045019254	0.5616471600405002
9433.518029874202	300	7.739344385961267	0.0	157812	2271.2361362037436	0.03246642	0.5338430862780513
9437.537682062632	300	7.719692197532302	0.0	163927	3019.652188428966	0.012274251	0.4571099352296383
9440.187077617935	300	7.969754597333405	0.0	137654	2249.9376001988967	0.004705182	0.5581501887451931
9444.316569069888	300	7.84026314537952	0.0	146754	2629.4914519538856	0.0048212656	0.5077311018136645
9446.209361328984	300	7.648341771910633	0.0	153938	1691.9213734688879	0.004705182	0.5830154558813136
9447.692793863658	300	7.762060904386631	0.0	181901	1386.2808675240005	0.0047323457	0.6245251042720183
9449.059818147054	300	7.822124610763891	0.0	111155	939.9362936227398	0.020487785	0.674940762748024
9452.755694939558	300	7.892730213897603	0.0	153605	2429.3943968662884	0.071525976	0.5327908232435945
9457.119168750505	300	7.529256402950436	0.0	149029	2363.473810947167	0.005269896	0.5043981078800311
9460.056126676678	300	7.835755505156729	0.0	157421	2193.5008977937073	0.004705182	0.550896291653904
9463.927025951767	300	7.964856230067351	0.0	157488	1870.8992750893788	0.004705182	0.5955825477513352
9467.73769199358	300	7.6217013988955475	0.0	143881	1843.1548311718027	0.0051522357	0.5653279434504487
9471.354440192277	300	7.822082962367398	0.0	163444	1799.61843652815	0.005080016	0.588968539751235
9475.234080513326	300	7.750827682926961	0.0	179328	2071.2552794404364	0.009587661	0.5549464525454693
9478.788072831661	300	7.808023953565102	0.0	159914	1942.8037293618604	0.006225929	0.5732968146386935
9481.334644250437	300	7.980332605662514	0.0	131610	2327.691347902588	0.0047595478	0.5513929594894311
9484.974147052357	300	7.560021163640156	0.0	124011	1920.3114420223571	0.004705182	0.5516754885086164
9487.52986108588	300	7.626759922326663	0.0	144254	2433.2612413134943	0.004705182	0.506804191156886
9491.09307382302	300	7.626379940362376	0.0	149991	2000.379981964286	0.004705182	0.550055743389033
9493.889284360135	300	7.549690972891422	0.0	147968	2076.6889674709555	0.004705182	0.5350434431773804
9497.619332221886	300	7.819643111140893	0.0	161857	2230.0478617505296	0.004705182	0.5456907587314948
9501.15007881292	300	7.889054588821933	0.0	145210	1930.5885223189598	0.004705182	0.5823176275410695
9504.754246204633	300	7.972049927322613	0.0	172312	2417.0046614993207	0.004705182	0.5416644107767048
9507.898676949557	300	7.533415843468101	0.0	167025	2938.634083854511	0.004705182	0.44728243154143976
9511.883938698806	300	7.548154094219968	0.0	160064	2985.261749248134	0.004705182	0.4440382386531186
9515.66520166439	300	7.766891128636056	0.0	137507	2781.2629655839114	0.004705182	0.48549180912681134
9519.432180355274	300	7.999912437753425	0.0	118421	3266.9786908826322	0.004705182	0.4593488066362401

