14192.775387321019	750	4.0	4.997202366246414	450283	4997.202366246414	0.340786	-0.14972023662464146
14194.928749071303	300	5.846638249714482	0.0	155580	2153.3617502855177	0.43614662	-0.29992128442139665
14198.04690118479	300	6.728486136226441	0.0	139857	3118.1521134880413	0.016275493	0.10871517216534843
14202.418517941167	300	6.35686937985117	0.0	155432	4371.6167563752715	0.009254369	-0.039857339396829006
14206.84674043224	300	5.928646888778943	0.0	163442	4428.222491072226	0.008607086	-0.07228181855853866
14209.898097472269	300	6.877289848750208	0.0	126289	3051.3570400287354	0.0076554758	0.12469491154401446
14213.019477641623	300	7.755909679394988	0.0	153295	2621.38016935522	0.0061206208	0.2226063380266648
14216.36239649385	300	7.555096673007367	0.0	173849	1700.8130063876204	0.005994906	0.3021122414241984
14218.47155069173	300	7.916572487437436	0.0	150710	1638.5241855699305	0.0066149384	0.33093336190784667
14220.13278731881	300	7.676269161001939	0.0	139105	1240.3033264354972	0.00674846	0.3557364899190715
14221.713749436412	300	7.611254700072921	0.0	141840	1065.0144609290187	0.0075489534	0.3692019726616557
14223.597868311683	300	7.522169081224042	0.0	156148	1089.0856188488801	0.00977751	0.3612270056916146
14224.48960488062	300	7.788817444016288	0.0	160746	733.3516372077537	0.012386804	0.4134659265302426
14225.72966907702	300	7.922977845080519	0.0	179801	865.839598935769	0.022649754	0.4086021554239555
14227.100436033821	300	7.994706679713819	0.0	140051	928.2711653666996	0.025837991	0.40684205094544373
14228.990868674637	300	7.8957382168722505	0.0	138313	1098.96846284157	0.020329174	0.38358679227035863
14231.114087205448	300	7.634861092903104	0.0	143509	1260.8771239691469	0.016321447	0.3510911059095293
14232.653662586206	300	7.991244120245039	0.0	150616	1143.616972658065	0.016086705	0.38509106024950845
14234.536958141327	300	7.827575551535258	0.0	165384	1163.6685687097822	0.016795143	0.37285661509997536
14236.88093228387	300	7.6404019353201145	0.0	140881	1687.173616215143	0.016132873	0.30880775933599286
14240.600739338126	300	7.92059488106376	0.0	157671	2719.8070542563546	0.0120516075	0.22305647464084954
14243.420535003901	300	7.534000800317901	0.0	157812	2386.5940807458596	0.009032058	0.23221564194528285
14246.966535042377	300	7.9880007618409365	0.0	163927	3046.0000384769637	0.0081546595	0.19465004376736217
14251.025893231576	300	7.928642572641194	0.0	137654	2559.3581891997414	0.007365355	0.2396043418701005
14255.133317941412	300	7.821217862806089	0.0	146754	3607.424709835106	0.006701999	0.1280836454418699
14259.31958309163	300	7.634952712588984	0.0	153938	3686.2651502171047	0.006342821	0.10855802951510102
14262.958033965322	300	7.9965018388973395	0.0	181901	3638.450873691644	0.006056355	0.13593627756191928
14267.07095872665	300	7.735389802907681	0.0	111155	1761.1120359896584	0.0057917815	0.30735065908276427
14271.029618029845	300	7.776730499714159	0.0	153605	3458.6593031935217	0.0057397923	0.14017972591278272
14274.939780817565	300	7.86656771199376	0.0	149029	3910.1627877203982	0.0057991752	0.10064420322757017
14279.07467111858	300	7.731677410979346	0.0	157421	3634.8903010144145	0.0055937907	0.11974080808476767
14283.004176032417	300	7.802172497143322	0.0	157488	2929.5049138360237	0.005475768	0.1946852896878552
14287.095868443439	300	7.7104800861201435	0.0	143881	2091.6924110231776	0.0055311797	0.2727357642801912
14289.995904231553	300	7.9488234226260825	0.0	163444	2261.656663494061	0.0058205375	0.27063579756472406
14293.382295840629	300	7.599817118399536	0.0	179328	1849.0063042265472	0.005926748	0.29008793947731626
14297.192604829868	300	7.7895081291604615	0.0	159914	2310.308989239074	0.006387626	0.25581335914862147
14301.012617380584	300	7.853348996345885	0.0	131610	1936.1591328145767	0.006402492	0.29721839899016017
14303.427431832963	300	7.662868488607157	0.0	124011	2190.480507738728	0.0065296507	0.25988122976407446
14305.206040222904	300	7.500731237455839	0.0	144254	1162.1372511513173	0.0066443454	0.3525819772258582
14306.51809580357	300	7.847939030517777	0.0	149991	1152.7922069380627	0.010685484	0.3752169687135548
14307.783102038595	300	7.875067604869964	0.0	147968	972.8714256478117	0.016590895	0.3949045827395916
14309.293627940417	300	7.8258720821470416	0.0	161857	1049.1955227229237	0.025126971	0.3841974528618977
14312.631790107444	300	7.542456240683057	0.0	145210	2283.4158414639837	0.03754832	0.24306193089629272
14314.502329094796	300	7.634559871788735	0.0	172312	1407.8963688943227	0.024343345	0.3363703550973637
14317.479379057928	300	7.6173561709519415	0.0	167025	2017.2037008367934	0.03842309	0.274364390600817
14319.519247002718	300	7.602345386704456	0.0	160064	2015.0107842474865	0.033994004	0.2736455082442798
14323.108103393888	300	7.615345690389873	0.0	137507	2986.999696314583	0.03928982	0.17725913601790871
14324.284420591564	300	7.6181154819799755	0.0	118421	997.230208409897	0.02875516	0.37640919678275875

