2142.243397507133	750	4.0	5.693969597015465	450283	5693.969597015464	0.004705182	-24.418210116777537
2144.5467341023077	300	5.6966634048252285	0.0	155580	1803.336595174772	0.02626374	-0.3668208528561122
2146.5578052193305	300	5.7197809185591755	0.0	139857	1476.8824862660526	0.04847089	0.1015652913450409
2149.9018195849835	300	5.584867993910762	0.0	155432	1634.9129246484142	0.1267023	0.09174800549837069
2153.1467862765367	300	5.836935430636551	0.0	163442	1747.93256327421	0.14498024	0.08581566769316402
2156.2366646874543	300	5.935513232067293	0.0	126289	1401.4221985692584	0.6252165	0.10703412587094609
2158.3930698463787	300	5.501538792179239	0.0	153295	1433.9744398880534	0.03406439	0.10460437496480766
2161.2874954407707	300	5.665541316351315	0.0	173849	1835.9974758279236	0.1775729	0.08169945872739236
2163.9581630672833	300	5.9144215909773665	0.0	150710	1751.1197253739485	0.11158034	0.08565947709141804
2165.6864263897755	300	5.890063837400052	0.0	139105	1524.3577535773159	0.08948504	0.09840209730818412
2169.707482414227	300	5.8690078129487935	0.0	141840	1521.0560244512585	0.06651188	0.09861569698204543
2173.0990935821205	300	5.7456831067352105	0.0	156148	2123.324706213584	0.0643019	0.0706439290990436
2176.0826517924447	300	5.588047241963282	0.0	160746	2157.635864771929	0.025614038	0.06952053516029945
2179.3918413957927	300	5.716413579665603	0.0	179801	1871.633662297679	0.01198776	0.08014388874362041
2181.934895938501	300	5.818664212086357	0.0	140051	1897.749367579246	0.01567253	0.07904099590945395
2186.0202127458165	300	5.73334740477128	0.0	138313	2085.3168073150773	0.010441179	0.07193151634025842
2188.950806064134	300	5.9233617415847055	0.0	143509	2309.9856631865746	0.007382852	0.06493546795138039
2192.7821307787453	300	5.988003249994453	0.0	150616	1935.3584915902532	0.005505857	0.07750502072447953
2194.966792889722	300	5.663655320316722	0.0	165384	1824.3479296777305	0.005730113	0.08222115834368139
2198.7585452766552	300	5.807936193649503	0.0	140881	1855.7191266672187	0.005898008	0.08083119791376657
2202.0510614008463	300	5.559694790337111	0.0	157671	2748.241403312393	0.005326133	0.05458035812254645
2205.6123475775616	300	5.998408613621674	0.0	157812	3561.2861767154377	0.004705182	0.042119614250811066
2209.862151404709	300	5.748604786474436	0.0	163927	4249.803827147238	0.004705182	0.03529574683937597
2212.964536683453	300	5.520094495173125	0.0	137654	2728.510291301311	0.004705182	0.054975053778690476
2215.111858156906	300	5.753371218767683	0.0	146754	1766.7232764054422	0.004705182	0.08490293981137133
2216.98327282203	300	5.997963075329658	0.0	153938	1755.408143438025	0.004705182	0.08545021313745305
2219.6052955102627	300	5.959954987055964	0.0	181901	1538.0080882736943	0.004705182	0.09752874587829016
2221.9084043396315	300	5.915407772351191	0.0	111155	1544.5472147047728	0.004705182	0.09711583988623568
2224.74470359157	300	5.506539030214019	0.0	153605	1908.8687421371728	0.004705182	0.07858057324154187
2228.4665095481478	300	5.784733073636709	0.0	149029	2221.8059565773087	0.004705182	0.06751264643788918
2232.5205735311447	300	5.730669090639582	0.0	157421	4054.0639829971283	0.004705182	0.036999909382068145
2237.5882391837663	300	4.663003438018247	0.0	157488	5067.665652621335	0.004705182	0.029599427089750878
2241.9633719721323	300	4.287870649652218	0.0	143881	4375.132788366029	0.004705182	0.03428467369010305
2247.2588110240386	300	4.0	1.007568402254059	163444	5295.439051906277	0.004705182	-4.304217866557388
2251.2298281770463	300	4.028982846992057	0.0	179328	3971.017153007943	0.004705182	0.03777369732245525
2253.61130202531	300	5.647508998728519	0.0	159914	2381.473848263538	0.004705182	0.06298620499627705
2255.7067784135434	300	5.751785204882343	0.0	131610	1895.7237938461758	0.004705182	0.07912545091585817
2259.566648737894	300	5.89191488053189	0.0	124011	1859.870324350453	0.004705182	0.08065078410904075
2261.5187321502685	300	5.705684666713318	0.0	144254	1686.2302138185735	0.004705182	0.08895582511258392
2263.1770684862	300	5.674443141026039	0.0	149991	1031.2415256872791	0.004705182	0.14545574073933001
2266.4858144861428	300	5.91361755117623	0.0	147968	1260.825589849809	0.004705182	0.11896966654830363
2268.958256037301	300	5.941356952143753	0.0	161857	1472.2605990324782	0.004705182	0.10188413661180304
2270.8407565902976	300	5.93519717520833	0.0	145210	1506.1597769354225	0.004705182	0.09959102765657732
2272.1894128589834	300	5.639039447895968	0.0	172312	1296.1577273123628	0.004705182	0.11572665643943755
2276.261093794989	300	5.567358511890547	0.0	167025	2071.6809360054203	0.004705182	0.07240497192064113
2280.051181165969	300	5.544404551090001	0.0	160064	3022.9539608005457	0.004705182	0.04962033889536202
2283.569019179012	300	5.939052192158516	0.0	137507	2105.3523589314855	0.004705182	0.07124698123031929
2286.1216319871755	300	5.973988596132046	0.0	118421	2465.06359602647	0.004705182	0.06085035706250773

