3739.7890343330128	750	4.0	3.7572090788844412	450283	3757.209078884441	0.02676985	0.12029895722783496
3741.0197689469373	300	6.76926538607515	0.0	155580	1230.7346139248493	0.004705182	0.26359356809277645
3743.698342648058	300	7.703950358079697	0.0	139857	1065.3150279954539	0.004705182	0.8455428677641263
3747.4844031395096	300	7.712549439376089	0.0	155432	1991.400918703609	0.004705182	0.7539960237067194
3750.6105482545768	300	7.5368066395964854	0.0	163442	2675.742799779603	0.004705182	0.6638625360022277
3753.3229378282226	300	7.515812986567568	0.0	126289	1520.9936530289176	0.004705182	0.7767453241874542
3755.3419634415322	300	7.6519981736214016	0.0	153295	1363.814812946166	0.004705182	0.8092782536954366
3759.1653476938377	300	7.828613921315642	0.0	173849	2823.384252305759	0.004705182	0.6851283939049027
3761.2069009579527	300	7.567134839442518	0.0	150710	1761.4790818731244	0.004705182	0.7590335886305475
3763.271686063397	300	7.959779306291603	0.0	139105	1107.355533150915	0.004705182	0.8729265067571677
3765.6250793740605	300	7.9567974514060475	0.0	141840	2002.9818548855553	0.004705182	0.7829956992581866
3769.969335051224	300	7.612541774242231	0.0	156148	4344.2556771638165	0.004705182	0.5063624101819616
3773.818124381992	300	7.76375244347431	0.0	160746	3348.7893307679215	0.004705182	0.6245793153420407
3779.2783932004263	300	6.303483625039858	0.0	179801	5460.2688184344515	0.004705182	0.23312918279917072
3783.1870215230574	300	6.3948553024085415	0.0	140051	3908.628322631317	0.004705182	0.3995750681325285
3786.178529519547	300	7.403347305919072	0.0	138313	2991.507996489469	0.004705182	0.6158075371611151
3789.710140383553	300	7.871736441912709	0.0	143509	3031.6108640063635	0.004705182	0.6696301528247828
3794.6767829613923	300	6.905093864073637	0.0	150616	4966.642577839073	0.004705182	0.35677377365179136
3800.540553990521	300	5.041322834944771	0.0	165384	5863.771029128866	0.004705182	0.03693755509417784
3805.525326095068	300	4.056550730397917	0.0	140881	4984.772104546854	0.004705182	0.0032457524273289406
3810.449624372239	300	4.0	0.8677475467734576	157671	4924.298277171374	0.004705182	0.0023107083293742448
3814.228406182247	300	4.221218189991989	0.0	157812	3778.7818100080117	0.004705182	0.14417658804380973
3817.582002686179	300	4.86762168606026	0.0	163927	3353.5965039317284	0.004705182	0.2665077945576737
3820.338550852452	300	6.111073519787087	0.0	137654	2756.5481662731722	0.004705182	0.4797440043354127
3822.6430341078735	300	7.806590264365126	0.0	146754	1804.4832554219606	0.004705182	0.7842991905493584
3826.5208134368254	300	7.6418837519357945	0.0	153938	2164.7065124293304	0.004705182	0.7279402367577668
3830.4907073283293	300	7.671989860431695	0.0	181901	3969.8938915040994	0.004705182	0.5511387576442112
3834.6025276059886	300	7.56016958277268	0.0	111155	2111.820277659015	0.004705182	0.72313945548988
3839.1605903334785	300	7.002106855282742	0.0	153605	4558.062727489938	0.004705182	0.40961013824863873
3843.8915077181105	300	6.271189470651	0.0	149029	4730.917384631743	0.004705182	0.30207690517447905
3849.0945432369613	300	5.068153951800456	0.0	157421	5203.035518850544	0.004705182	0.1063239954346924
3855.070931892475	300	4.0	0.9082347037137152	157488	5976.388655514171	0.004705182	-0.10289832950490546
3858.2614721060886	300	4.8094597863868	0.0	143881	3190.5402136132006	0.004719247	0.2756320626022112
3863.5715708463254	300	4.0	0.5006389538501625	163444	5310.098740236962	0.0047229417	-0.03626933797718451
3870.086988629082	300	4.0	2.515417782756962	179328	6515.417782756962	0.0047426093	-0.1568012422291845
3875.258629000231	300	4.0	1.1716403711489092	159914	5171.640371148909	0.0047148364	-0.02242350106837926
3878.5566079166188	300	4.702021083612571	0.0	131610	3297.978916387429	0.0047285445	0.2516225302167354
3881.003677228556	300	6.254951771675107	0.0	124011	2447.069311937464	0.0047465423	0.528456812696754
3883.454041346737	300	7.8027379498107585	0.0	144254	1452.2138218643486	0.004737841	0.8190504812595402
3885.2377014560952	300	7.92498311029015	0.0	149991	1377.7548395206088	0.0047939206	0.841590223252174
3887.205094793015	300	7.819239110248935	0.0	147968	1105.7440000412157	0.0047794986	0.8557348932796245
3888.3687637769153	300	7.72822919123839	0.0	161857	1091.0099190105443	0.0048113214	0.8459711326259897
3890.6405251877004	300	7.713678018290452	0.0	145210	1014.5511729479381	0.00504258	0.85182034607925
3894.052458213917	300	7.841316628600824	0.0	172312	1372.3613896896265	0.006063502	0.831799107728945
3895.3673868778365	300	7.698638200904419	0.0	167025	1142.6784276964047	0.00786031	0.8371506255880992
3896.895929596259	300	7.855491959804666	0.0	160064	843.1462410997542	0.010237923	0.8864708778419914
3898.5740064029355	300	7.559151685628047	0.0	137507	796.3402741766192	0.015613403	0.8545617741309435
3899.8086267539566	300	7.917709823867296	0.0	118421	641.4418617607519	0.0191827	0.9143234744433696

