5576.509800741466	750	4.0	5.84241140162946	450283	5842.41140162946	0.08403215	-25.28149088087748
5578.243081487199	300	6.266719254268797	0.0	155580	1733.2807457312028	0.07146847	-0.0041032438320903475
5580.63134962967	300	7.565431185188647	0.0	139857	1201.2880690801505	0.434273	0.6240985466230661
5584.558061799145	750	7.638719015713168	0.0	382355	2926.712169475479	0.3577206	0.03267897572128148
5588.186776085027	750	7.861208056180309	0.0	411561	2777.5109595328595	0.1904994	0.5190139237371386
5590.401431874709	750	7.8444818674644665	0.0	318564	2016.726188715842	0.58105874	0.5934824858435758
5593.886114439431	1200	7.526105275885497	0.0	561791	3318.376591578971	0.8390995	0.006742131868027246
5598.329718570956	1200	7.082501144360605	0.0	709534	4443.604131524891	0.7364069	0.3015219680472039
5600.988244590734	750	7.933193229706145	0.0	374758	2149.3079146544605	0.7574661	0.13876288428794073
5604.985054175567	1200	7.936383644873808	0.0	560821	3996.809584832338	0.5468066	-0.021611400751769316
5613.146172661719	1200	4.0	0.22473484127848042	607410	8161.118486152288	0.56850475	-1.3332835789858846
5615.3628597012275	300	5.7833129604911955	0.0	156148	2216.687039508805	0.40567037	-0.5489722871068337
5620.7136237812165	750	4.432548880502574	0.0	386351	5350.764079988622	0.42178607	-0.5183237925553227
5624.5266128375815	300	4.61955982413675	0.0	179801	3812.989056365824	0.29716998	-0.3706150717878311
5627.398435279092	300	5.7477373826264735	0.0	140051	2871.822441510276	0.024645537	0.2820899822494508
5629.158671876549	300	7.9875007851687245	0.0	138313	1760.2365974577497	0.018084029	0.6088283800874709
5631.410355572596	300	7.916481599264869	0.0	143509	1571.0191859038541	0.6524645	0.6209144426038031
5635.749336644157	750	7.577500527703814	0.0	372963	3838.9810715610556	0.6423759	-0.0644402646385076
5639.763079972735	750	7.563757199125985	0.0	405596	4013.7433285778293	0.2250598	0.36676069841672093
5643.481188340604	750	7.641397551382926	0.0	350713	3422.3596477430588	0.09471336	0.43337204004526425
5646.851044421293	750	7.534343780500234	0.0	386472	2607.053770882693	0.09661353	0.5045985786839908
5649.603929468164	750	7.954302454869066	0.0	399894	2580.041325631168	0.21660721	0.5477213304840384
5654.175378834324	1200	7.382853088709326	0.0	656471	4571.449366159741	0.5906467	-0.1323533339987994
5657.357133863331	1200	7.909122165605088	0.0	536667	2973.730923104238	0.7543423	0.5280725165664513
5662.2848330954475	1850	6.9814229334890685	0.0	897976	4927.699232116019	0.6105732	-0.37185039085893357
5669.629842140034	1850	4.0	0.3635861110973765	905935	7345.009044586445	0.6736077	-1.813967049400476
5672.596218668634	750	5.03362347140011	0.0	425781	2966.3765285998907	0.622082	-0.8720309140667298
5673.563745969311	300	7.628414262364507	0.0	111155	905.2092090356015	0.42329335	0.2097686265233503
5677.451514648936	750	7.740645582739267	0.0	400396	3387.7686796252406	0.11469368	-0.0036161255372390566
5681.5418790574195	750	7.650281174255755	0.0	400508	3590.364408483512	0.1962654	0.4174266229293918
5684.634246014121	750	7.704323214279924	0.0	358218	2945.9579599758313	0.15600531	0.48706887652718767
5688.112154906766	750	7.93857332332037	0.0	400322	2765.7498909595543	0.31133267	0.5276365268794339
5692.13223304968	1200	7.918495180406795	0.0	584349	4020.0781429135754	0.65449595	-0.025660041918123322
5697.053772833894	1200	6.996955396191924	0.0	670129	4921.53978421487	0.56444436	0.245494525749392
5700.326297732588	750	7.7244304974981715	0.0	401088	2272.5248986937527	0.6347717	0.10634753188018842
5705.308212192521	1200	6.742516037565839	0.0	598727	4981.914459932333	0.6872412	-0.2350330238552621
5708.542841214154	750	7.507887015932467	0.0	321064	3234.6290216333714	0.33426914	-0.010705440526609322
5713.094745775541	750	6.955982454545322	0.0	361565	4551.904561387145	0.10992196	0.2544455542583484
5715.7818026071645	300	7.95982894546356	0.0	144254	1996.1535090817633	0.30574805	0.13257324240468715
5718.821454363289	750	7.5804547666721485	0.0	390680	2379.3741787914114	0.6724465	0.08180477355000099
5721.910882675542	750	7.965879385212355	0.0	345516	2114.5753814597942	0.26353502	0.5953822178129616
5726.007920318273	1200	7.868841742481336	0.0	641452	3597.0376427310184	0.7377008	0.011864807372003572
5730.079856329507	1200	7.7969057312482635	0.0	599477	3571.936011233073	0.38234383	0.45745104638627526
5734.359123072304	1200	7.517638988450919	0.0	634861	4279.266742797345	0.37784085	0.3598382268057869
5741.28397862678	1200	4.592783433975654	0.0	630203	6924.855554475264	0.5437445	-0.186241378397354
5744.03557527823	300	5.8411867825248915	0.0	160064	2751.5966514507622	0.678923	-0.5968928261115678
5746.410677492038	300	7.466084568716415	0.0	137507	2375.102213808477	0.018848764	0.4971549056132918
5749.967219044551	300	7.909543016203352	0.0	118421	2056.541552513062	0.08833513	0.5716943593122108

