14096.60421300072	750	4.0	6.3928079957343495	450283	6392.80799573435	0.07368675	-0.20588079957343497
14097.673300610459	300	6.93091239026107	0.0	155580	1069.0876097389298	0.51421535	0.11712246897899611
14100.086745677509	300	7.9451376737770625	0.0	139857	1485.7747164840077	0.06918907	0.6240871671264185
14103.181400962223	300	7.771645254399002	0.0	155432	2173.4924193780603	0.04979156	0.5384432590524969
14105.192375496974	300	7.991739367240846	0.0	163442	1279.9058871581562	0.057168227	0.6492060647483566
14107.333681905824	300	7.521620462762221	0.0	126289	970.1189044786244	0.061346084	0.6344656995557636
14111.189313773793	750	7.665988594792238	0.0	352642	3355.6318679699825	0.059479203	0.004354204046546906
14113.6871736226	300	7.8354683708607915	0.0	173849	1330.520223931447	0.41735232	0.1789472766730673
14115.51262073748	300	7.731414611558058	0.0	150710	1104.0537593027339	0.0474061	0.6414746950437479
14118.25248887303	300	7.797177231121466	0.0	139105	1434.2373804365916	0.04869384	0.6148517476829035
14119.909819101968	300	7.501327570509282	0.0	141840	1295.8496606121832	0.048538018	0.5999191401708095
14121.172481917583	300	7.5557364039139845	0.0	156148	945.5911665952968	0.046381295	0.6402362486211054
14123.408272478866	300	7.806376947782732	0.0	160746	1249.3594561312525	0.05453507	0.6342342125587455
14127.515024506678	300	7.699624919969609	0.0	179801	2606.7520278131237	0.052996308	0.48811332068573215
14129.879323408219	300	7.534066988032709	0.0	140051	1665.557931936899	0.04446994	0.5661322213924911
14132.029969533398	300	7.543114505592599	0.0	138313	990.9524824401118	0.038386814	0.6344726374248691
14133.15717373857	300	7.599359148078315	0.0	143509	943.7553575142849	0.043892194	0.6446621413991875
14135.799685015429	300	7.614827900076485	0.0	150616	984.5312480018285	0.050382808	0.6420888884822553
14138.425409376827	300	7.620955824406572	0.0	165384	1493.8720756699133	0.04960562	0.5917507463565478
14140.050371977022	300	7.549400581371745	0.0	140881	1071.5552430348275	0.045688957	0.6270236822349194
14141.768604332392	300	7.641988115618132	0.0	157671	1407.4124657536115	0.04595614	0.6024420976685023
14143.397668365045	300	7.712866025050124	0.0	157812	929.1220905680101	0.042808697	0.6571640118793236
14146.284221068126	300	7.939560658851282	0.0	163927	1273.3053661988417	0.04951753	0.6447917374534031
14147.300663409362	300	7.777963199575588	0.0	137654	661.5974592756927	0.04734993	0.6902471752311568
14151.287073681719	300	7.791552927219052	0.0	146754	1486.4102723565356	0.05611318	0.6090874949363994
14153.105550637234	300	7.927941950319044	0.0	153938	1363.6109769000082	0.046562318	0.6346312569785262
14155.936926313503	300	7.744687177891774	0.0	181901	2183.2547724272704	0.040833823	0.5348453508072479
14157.609004050311	300	7.5877087424089185	0.0	111155	1156.9784354828541	0.03990006	0.622206831650982
14159.881997533854	300	7.688761632300637	0.0	153605	898.9471101082808	0.03451658	0.6578373577304089
14161.346261728317	300	7.528652793285666	0.0	149029	1160.1088390149714	0.045878403	0.6161506002455338
14163.33593816679	300	7.680892218273381	0.0	157421	1347.7605750122864	0.042593285	0.6121907107258577
14165.83375400985	300	7.732942209474459	0.0	157488	1447.9500087989222	0.04304444	0.6072336289914988
14169.936774056208	300	7.629922163114116	0.0	143881	3103.020046360343	0.03801841	0.4317079257268135
14174.218462356284	300	7.348233863038782	0.0	163444	4281.688300075333	0.034325484	0.2864469131729882
14178.933016499004	300	6.633679720319302	0.0	179328	4714.55414271948	0.02775877	0.17366993852910406
14182.377083348607	300	7.1896128707158855	0.0	159914	3444.0668496034164	0.02274773	0.35478316671677823
14185.567635779538	300	7.999060439783501	0.0	131610	2190.5524309323837	0.019556407	0.5588533846757071
14187.522676213892	300	7.803414019581705	0.0	124011	1195.646420201795	0.018400818	0.6393173713841414
14190.249420551912	300	7.874738886147789	0.0	144254	1428.675133433918	0.023954917	0.6229508433344806
14191.568768505489	300	7.6290994591529655	0.0	149991	1245.6394269948232	0.027246416	0.6173659797031436
14194.012950541943	300	7.86886273771651	0.0	147968	1260.2367214364554	0.03163062	0.6392232290992851
14195.149943915394	300	7.8023387565002595	0.0	161857	1066.5239812162501	0.036292158	0.6521250459480253
14196.52473654757	300	7.555177069528658	0.0	145210	747.161686971601	0.047797553	0.6600248013145019
14198.204879890178	300	7.628920856328205	0.0	172312	926.2562132004521	0.064460106	0.6492869319578727
14200.070221423608	300	7.893193668816224	0.0	167025	1235.7271875119804	0.06978368	0.6440403655411798
14201.812406981317	300	7.6419080914197295	0.0	160064	1251.2855773964955	0.06413591	0.6180470041509192
14204.184525309689	300	7.816298888891455	0.0	137507	1325.609202528273	0.061281696	0.6275741466918667
14205.677583891378	300	7.903024184968243	0.0	118421	913.2747039232137	0.058004335	0.6772416315958403

