6565.875994033909	750	4.0	6.865112348267744	450283	6865.112348267744	0.6718936	-0.3365112348267745
6567.936569951473	300	5.939424082436076	0.0	155580	2060.575917563924	0.2973191	-0.28484358660413767
6570.220124155759	300	7.655869878150015	0.0	139857	1783.5542042860604	0.013389144	0.3001364469557699
6572.99013714937	300	7.835484621153693	0.0	155432	1820.3852569963224	0.008948593	0.30767926312247357
6574.794802970823	300	7.777965664583729	0.0	163442	1557.5189565699638	0.010056546	0.3303709583794867
6576.109439017446	300	7.974221054664428	0.0	126289	1303.7446099193016	0.010412541	0.36801435492459655
6580.110927134851	300	7.972732937258886	0.0	153295	2001.4881174055413	0.009240759	0.29814699683812623
6584.240687857156	300	7.7640423006606945	0.0	173849	2708.6906365981918	0.008838224	0.21438358013147424
6587.18603696333	300	7.686902814277877	0.0	150710	2077.1394863828164	0.008289621	0.2727174772540857
6591.241430606205	300	7.631509171402373	0.0	139105	2055.393642875504	0.008127973	0.2714299589250979
6594.906484099125	300	7.9664556784829	0.0	141840	3665.0534929194723	0.007935114	0.13139813061323402
6600.352949735713	300	6.519990041894177	0.0	156148	5446.465636588723	0.007185602	-0.13714718604048626
6606.377900378796	300	4.495039398810925	0.0	160746	6024.950643083252	0.006855591	-0.3215551018826424
6612.8899155931385	300	4.0	2.016975815531802	179801	6512.015214342728	0.006813245	-0.4012015214342728
6617.514316637667	300	4.0	0.6244010445290232	140051	4624.401044529023	0.0061755916	-0.2124401044529023
6621.197050428568	300	4.3172662090997544	0.0	138313	3682.733790900246	0.0055030156	-0.09844424102128996
6625.841015089967	300	4.0	0.3266984522994835	143509	4643.964661399238	0.005315311	-0.2143964661399238
6630.625041085677	300	4.0	0.7840259957100834	150616	4784.025995710083	0.005350923	-0.22840259957100828
6634.04490618975	300	4.580134895927466	0.0	165384	3419.865104072535	0.0052178297	-0.05572807941178687
6636.349993028954	300	6.275048056723643	0.0	140881	2305.0868392038224	0.0052670194	0.16168181962484546
6639.341903019129	300	7.283138066547975	0.0	157671	2991.909990175667	0.005429033	0.1560051301416817
6642.7995751830595	300	7.825465902617936	0.0	157812	2957.6721639300395	0.005577268	0.19332440252061706
6647.592283741046	300	7.032757344630239	0.0	163927	4792.708557987697	0.0055226414	-0.039723521759379654
6651.08292992648	300	7.542111159197732	0.0	137654	3490.6461854325084	0.005570684	0.1223173289066074
6654.785595015878	300	7.839446069798824	0.0	146754	3702.665089398907	0.005438498	0.1196988704225358
6658.9365976059025	300	7.688443479774392	0.0	153938	4151.002590024432	0.005385125	0.06542745848345632
6662.333352633374	300	7.8094511163205675	0.0	181901	2878.9923634538254	0.005350579	0.2001914584246529
6662.949570431876	300	7.780223492078323	0.0	111155	529.2276242422458	0.0054342076	0.43334120583067065
6663.830345171771	300	7.868331185260475	0.0	153605	411.89230681784704	0.007310408	0.450581468396995
6664.634514956448	300	7.975687566461163	0.0	149029	392.6436187993114	0.04067112	0.45921611102389154
6665.372848453955	300	7.562283862645812	0.0	157421	413.4037038153509	0.075788714	0.4313023710338282
6665.959103093358	300	7.6166214637907395	0.0	157488	445.662398855073	0.0901498	0.43147260160141393
6667.526118463786	1200	7.878409884350243	0.0	584349	1238.211579440497	0.12826954	-0.3314205401721595
6668.928232701149	1200	7.976754732662251	0.0	670129	1401.6551516879906	0.13700321	0.5583816556225917
6670.728801518208	1200	7.501699780970918	0.0	690253	1475.0549516913354	0.12313389	0.5213507411415488
6672.566140282715	1200	7.9757873124003105	0.0	598727	1525.9124685706063	0.11278645	0.5458954601679588
6673.942265354167	1200	7.753437948643672	0.0	487812	1222.3493637566394	0.12995948	0.5623549354145655
6675.504303869047	1200	7.939306612050912	0.0	575591	1314.1313365927604	0.13066219	0.5647935295939059
6677.156794397573	1200	7.567014941431862	0.0	605884	1372.291670619051	0.11181401	0.5357092667775862
6678.769642476893	1200	7.7906902782249166	0.0	587506	1276.3246632069465	0.108599804	0.5592856760683627
6680.297210635028	1200	7.80016788821408	0.0	566904	1490.5223900108351	0.09612974	0.5384582540122964
6682.260191514723	1200	7.752200375428538	0.0	641452	1547.967512785542	0.112170026	0.5297157721857295
6684.146643865037	1200	7.756480855226404	0.0	599477	1495.719520202134	0.09563285	0.5352081014314369
6685.753621475809	1200	7.908358536396175	0.0	634861	1348.1223188302288	0.09331632	0.559460176641738
6687.6816250783095	1200	7.7837843811171	0.0	630203	1624.5741552790755	0.07559106	0.5240291082919113
6690.525740678772	1200	7.703441203996272	0.0	638661	2580.3431771208293	0.08516407	0.42343075753768417
6693.281455621741	1200	7.692470039682854	0.0	538612	2510.9711643134183	0.13174936	0.4296822610488365
6697.080729027992	1200	7.893196633431493	0.0	550906	3299.27340625136	0.1490408	0.3633974489643323

