7396.515926175318	750	4.0	4.799754461958953	450283	4799.754461958953	0.004705182	-20.69380034632725
7397.937916403097	300	6.578009772220171	0.0	155580	1421.9902277798294	0.006611049	0.05698787971900823
7400.243678546947	300	7.87600108330937	0.0	139857	1202.0086889108015	0.047763705	0.6539191959052643
7402.169644601758	300	7.734894845379334	0.0	155432	1641.1062379300347	0.13056499	0.5964278026871559
7405.940771000178	300	7.9317614544594015	0.0	163442	1803.1333909199325	0.15458077	0.5991737258061571
7409.908771668004	300	7.963760786632671	0.0	126289	2968.000667826731	0.1746163	0.48576697078225833
7414.1479983752	300	7.724534079437273	0.0	153295	3739.226707195398	0.0071744844	0.3856185200765849
7418.122804662412	300	7.749727792224994	0.0	173849	3474.8062872122787	0.0048220605	0.41448548601833246
7420.660749969426	300	7.775768468834801	0.0	150710	2473.9593233901933	0.004705182	0.5170766275897218
7422.463244968599	300	7.916514032560804	0.0	139105	1359.2544362739975	0.005945286	0.6420940393089687
7426.398817081428	300	7.845348290995276	0.0	141840	2071.1657415655277	0.03455206	0.5640531239891156
7429.810833411619	300	7.956543263831525	0.0	156148	2388.8050271637508	0.009837328	0.5429918399458932
7434.1250194167615	300	7.642357258688697	0.0	160746	3314.1860051428284	0.0065777637	0.4202129764068371
7438.139705454146	300	7.6276712213048246	0.0	179801	3514.686037383872	0.004705182	0.39874942512864436
7441.810273551404	300	7.957103124047181	0.0	140051	2670.5680972576447	0.004705182	0.514869420128652
7446.187814531608	300	7.579562143843254	0.0	138313	2877.5409802039258	0.004705182	0.4578333765962142
7448.625643282898	300	7.845743994006009	0.0	143509	2233.818149837245	0.004705182	0.547825970033589
7452.54986300331	300	7.71563941547626	0.0	150616	2630.104578529749	0.004707804	0.4956746112674916
7455.568477282034	300	7.648389885205343	0.0	165384	2567.249530270917	0.004705182	0.4954872711612761
7457.7007481906585	300	7.517936805120383	0.0	140881	1630.4530800849589	0.004705182	0.5766106566059706
7460.21353363617	300	7.837453006133901	0.0	157671	1680.4837989864827	0.005359537	0.6023613879635437
7462.4041657335565	300	7.663287737802849	0.0	157812	2174.165268331052	0.0071884273	0.5362296328682163
7464.312018261572	300	7.807594883572836	0.0	163927	1855.6928542300143	0.0053130724	0.5819666036697361
7466.37313201342	300	7.663117820692041	0.0	137654	1644.4770628807958	0.006278335	0.5891820986951474
7468.337222023564	300	7.919391212553324	0.0	146754	1743.7266081387174	0.0067965137	0.6039237540186497
7470.37958865293	300	7.828389613173693	0.0	153938	1591.001599379631	0.0071952096	0.6104372458875905
7472.222301085533	300	7.627715878264114	0.0	181901	1700.6737349095781	0.009258028	0.5801549536599645
7474.99892206244	300	7.825424686658477	0.0	111155	1802.2911916056391	0.011514973	0.5890229090647188
7478.858720292303	300	7.965626456795568	0.0	153605	3359.798229862908	0.0051627215	0.446766787485845
7481.32758608687	300	7.833257552593377	0.0	149029	2132.36890420219	0.004705182	0.5567690601948005
7485.437029055527	300	7.571784594447267	0.0	157421	3261.4729581461106	0.004705182	0.4186915806929955
7489.162775669199	300	7.846037980775915	0.0	157488	2225.746613671352	0.004705182	0.5486614202162067
7491.079652539018	300	7.9594578674578385	0.0	143881	1886.5801133180755	0.004705182	0.593494865294574
7492.627003537268	300	7.5459307370829425	0.0	163444	1413.5271303748957	0.004705182	0.6009976998490076
7495.083489429333	300	7.614599705988771	0.0	179328	2431.3310310941715	0.0050110715	0.505826777316614
7498.5687748057535	300	7.964534452763717	0.0	159914	3150.0652532250524	0.004705182	0.4676349785007822
7500.937346182059	300	7.942858793209092	0.0	131610	1521.675659554624	0.004705182	0.6283876306098737
7505.178721140416	300	7.7014838348513805	0.0	124011	2241.3749583577114	0.004705182	0.5331850823061035
7509.3471796377335	300	7.533025337534073	0.0	144254	2668.4584973173087	0.004705182	0.47426240354814775
7512.085406080164	300	7.80727669303135	0.0	149991	2725.748644502723	0.004705182	0.49493039843547765
7515.310836716991	300	7.925800259081745	0.0	147968	1881.4764339496055	0.004705182	0.5907656495655411
7519.455408253346	300	7.781228722727314	0.0	161857	2644.571536354431	0.004705182	0.5005409620346355
7522.156240273322	300	7.73007557285493	0.0	145210	1551.1531498723837	0.004705182	0.6049592509483146
7523.529756477337	300	7.608156996399215	0.0	172312	1121.9185764557149	0.004705182	0.6361479045439792
7525.667567874164	300	7.790050073765524	0.0	167025	1318.1069226336924	0.008086808	0.6340364886289036
7528.807489690354	300	7.719941397768216	0.0	160064	1570.108675997308	0.0065830364	0.602088272283227
7530.096250533193	300	7.7454674989442065	0.0	137507	974.4738988240099	0.004705182	0.6641086667101254
7531.389712459506	300	7.800880045794998	0.0	118421	944.5874531492069	0.013637296	0.6724308328890263

