13008.691233473866	750	4.0	3.3429362672757508	450283	3342.9362672757507	0.017726116	0.16172623838870404
13009.879355130985	300	6.811878342882704	0.0	155580	1188.1216571172963	0.004705182	0.27311636704784026
13011.086734758657	300	7.7087175103186985	0.0	139857	1103.160832564006	0.004705182	0.8423468967113993
13012.59387406006	300	7.992257233345608	0.0	155432	1216.4602769730911	0.004705182	0.8660261441423436
13014.77692343089	300	7.52107216504549	0.0	163442	1471.1850683001173	0.004705182	0.7823755434851823
13016.001418902784	300	7.844756585113981	0.0	126289	676.3155799315103	0.004705182	0.9018284267143529
13017.090713336585	300	7.789199309444279	0.0	153295	1055.5572756697024	0.004705182	0.8570444940603058
13018.604766844868	300	7.934041086668824	0.0	173849	855.158222775455	0.004705182	0.8949682905935441
13019.609463154557	300	7.7111405841288345	0.0	150710	722.9005025399888	0.004705182	0.8806721112712671
13020.661929625177	300	7.995805290541361	0.0	139105	715.3352935874734	0.004705182	0.9165767278885243
13021.473381303602	300	7.69864493969725	0.0	141840	797.1603508441123	0.004705182	0.871703265324967
13024.162714712362	300	7.651123942006543	0.0	156148	1047.5209976907051	0.004705182	0.8407996921715282
13027.370017911024	300	7.78337859115889	0.0	160746	1867.745350847653	0.004705182	0.7751069913236901
13030.521778738377	300	7.782277034590921	0.0	179801	2501.1015565679686	0.004705182	0.7116353594554845
13032.915590157503	300	7.960700993820872	0.0	140051	1321.5760407700486	0.004705182	0.8516182585172206
13035.962905062004	300	7.848161192597141	0.0	138313	1612.539801223732	0.004705182	0.8086263779823883
13039.314280371098	300	7.5198611659897105	0.0	143509	1828.3000266074305	0.004705182	0.7465145232849981
13041.89365334996	300	7.976712293950837	0.0	150616	2043.1488720388725	0.004705182	0.7814379212389965
13046.086530763718	300	7.783834880192915	0.0	165384	2692.8774137579217	0.004705182	0.6926501239123471
13050.052444619969	300	7.817921023941408	0.0	140881	2465.9138562515072	0.004705182	0.719555161021365
13052.851967526844	300	7.710667196920251	0.0	157671	2607.2538270211576	0.004705182	0.6921783287991534
13053.88150988861	300	7.752030555965197	0.0	157812	958.6366409550537	0.004705182	0.8621472604544674
13055.106692492485	300	7.699892171683078	0.0	163927	1052.1383842821206	0.004705182	0.8463594600997876
13056.356811634996	300	7.701354753123255	0.0	137654	998.537418559824	0.004705182	0.8519001443996229
13057.57399119085	300	7.718555799023707	0.0	146754	982.7989540995484	0.004705182	0.8555978368799796
13058.604420065425	300	7.85553159111139	0.0	153938	863.0242079123175	0.004705182	0.8844879745139713
13060.308871952184	300	7.967008057315113	0.0	181901	888.5235337962766	0.004705182	0.8957022544064906
13061.357658123887	300	7.8155791434437125	0.0	111155	651.4289138714014	0.004705182	0.9007144987954786
13062.719342605562	300	7.653415545522282	0.0	153605	662.1635979214293	0.004705182	0.8796183808172358
13064.495159495324	300	7.630267490017288	0.0	149029	1023.1480555049949	0.004705182	0.8406618003750214
13066.1515447782	300	7.808409342208477	0.0	157421	1321.85814780881	0.004707923	0.8327863063309783
13068.725785425697	300	7.54355256699402	0.0	157488	1264.8567752144577	0.004718532	0.8057840710161019
13072.510445687647	300	7.75889230504224	0.0	143881	2784.6602619517794	0.004732239	0.6803921316364325
13075.340554033673	300	7.610860151145858	0.0	163444	2648.0321538963826	0.0047420133	0.6757771292888917
13078.9680363015	300	7.983377883321603	0.0	179328	2127.482267824255	0.004755363	0.7738275947280064
13081.800239784772	300	7.812055328663031	0.0	159914	2671.3225546585722	0.004767282	0.6982900425664951
13085.629533548527	300	7.827849016092512	0.0	131610	1984.2063125705185	0.0047876034	0.7689517435676456
13088.544994710568	300	7.8626620556636535	0.0	124011	1465.1869604288586	0.004799403	0.8251521113575986
13091.041795045341	300	7.944399089583871	0.0	144254	2418.262966079783	0.0048256237	0.7399367386927128
13093.286980205921	300	7.926075093139371	0.0	149991	1518.323996444499	0.004825266	0.8276681367705956
13095.203994814125	300	7.7659983951056	0.0	147968	1160.0766980337703	0.0048425472	0.8437278905587537
13097.592694649611	300	7.595117494447154	0.0	161857	1170.8809006584472	0.0049650334	0.8215484786822651
13099.421333184797	300	7.894707675267993	0.0	145210	1200.409819179161	0.005890253	0.8555865594223636
13102.807852703312	300	7.670562207014189	0.0	172312	1224.1454682538038	0.006585694	0.8255373248713942
13105.081602667293	300	7.729874341155202	0.0	167025	1940.6878658589867	0.008278098	0.7612064677477234
13108.85036922965	300	7.892022066037248	0.0	160064	1337.8522751179535	0.009620252	0.8415107165205368
13112.98577150111	300	7.756619794578533	0.0	137507	2135.4022714587154	0.010849412	0.7450373394726089
13114.17022000447	300	7.6275538127469895	0.0	118421	1129.0659818315432	0.013448195	0.8297349448198951

