5859.826951798505	750	4.0	7.229722006325715	450283	7229.722006325715	0.01682046	-0.3857628983069901
5862.30951976525	300	5.517432033254713	0.0	155580	2482.567966745287	0.064007126	-0.31853357366587653
5864.560197741253	300	7.266754057251941	0.0	139857	2250.6779760027725	0.0057097403	0.2639880519082016
5867.844012345332	300	7.982939453173061	0.0	155432	3283.8146040788806	0.0053344835	0.2054359763456608
5872.24495484516	300	7.581996953345817	0.0	163442	3900.9424998272434	0.0061351857	0.1186642805316217
5875.536250210059	300	7.765211802135669	0.0	126289	2816.785151210147	0.004773718	0.2385309434426971
5879.507351919723	300	7.7941100924714775	0.0	153295	2971.101709664192	0.0047465423	0.22490543074328062
5882.625794897273	300	7.587694484323161	0.0	173849	2206.415608148317	0.004799285	0.28847306538559847
5885.284126878523	300	7.719542254699418	0.0	150710	1868.1522296237438	0.005381448	0.3305398888865717
5887.251604123171	300	7.580893517738388	0.0	139105	1138.6487369610293	0.0050181313	0.3948246920927789
5889.444834336721	300	7.963692564656845	0.0	141840	1117.2009530815433	0.0058881976	0.42089441091313107
5892.459416470834	300	7.639416189834945	0.0	156148	2324.2763748219004	0.0066514444	0.27991959531272653
5893.986063303092	300	7.841245619951076	0.0	160746	1298.1705698838687	0.0058411453	0.3951445151887879
5897.112213568775	300	7.667408675547169	0.0	179801	1673.8369444039063	0.0068094237	0.34671306871154
5899.226627704921	300	7.766358296712975	0.0	140051	1401.050378834194	0.007614098	0.38017607659137415
5903.162135630901	300	7.83085037073335	0.0	138313	1935.5079259796253	0.007835178	0.3307610765031043
5905.655136080641	300	7.973785968409747	0.0	143509	2357.064402323602	0.0063641015	0.2975389037234816
5909.853036131062	300	7.617803881106698	0.0	150616	2355.982087303049	0.006026064	0.2753982547690963
5913.6992778478325	300	7.771562164337055	0.0	165384	3846.241716769643	0.0057350863	0.13598218452433414
5916.656303702454	300	7.737129143720491	0.0	140881	2534.433020616564	0.0051745446	0.2650109903511068
5919.553051816253	300	7.850051489523594	0.0	157671	1387.077654196897	0.0050852187	0.3868041736057674
5923.221436172069	300	7.775694498466717	0.0	157812	2074.3569910568763	0.005522768	0.31342892797871474
5926.27066126302	300	7.6880957021710925	0.0	163927	2587.598796295625	0.005301752	0.2566298226863633
5930.269977771442	300	7.539250561887227	0.0	137654	2648.845140283866	0.004919883	0.24120236701979764
5934.626167745062	300	7.1830605882670895	0.0	146754	4356.189973620138	0.004761561	0.04820601033491184
5937.909627660354	300	7.6096612586508545	0.0	153938	2573.399329616235	0.0048107523	0.2531476166342874
5941.607605248779	300	7.911683670225055	0.0	181901	2697.9775884258	0.004787229	0.2595661914767185
5944.314753507899	300	7.607128699215387	0.0	111155	1804.5549710096682	0.004828049	0.3298737675302274
5945.896776187657	300	7.552413931891589	0.0	153605	1554.714767323798	0.004846868	0.351438114941077
5947.367830063872	300	7.795540945001103	0.0	149029	1256.8729868904873	0.004868716	0.3964177313037528
5949.524861719976	300	7.864115604611222	0.0	157421	1931.42534038988	0.0053379405	0.33324841217944595
5952.554707935623	300	7.661995664145272	0.0	157488	1702.1199404659508	0.0051616244	0.343546455892717
5954.364601125555	300	7.855912230769209	0.0	143881	1306.083433376064	0.0054316814	0.39526989201570173
5958.401463197051	300	7.819050159272969	0.0	163444	2536.8620714962403	0.0060535846	0.26988814873516903
5962.632254061406	300	7.588259294918688	0.0	179328	3230.7908643542814	0.005709298	0.18607084042722233
5966.5970801205385	300	7.623433235786157	0.0	159914	1964.8260591325309	0.0052312175	0.31486569225361427
5970.468661648527	300	7.751851707798156	0.0	131610	2871.5815279880017	0.005376545	0.2322162998688171
5974.408520890833	300	7.8119924654916835	0.0	124011	2939.859242306474	0.005112858	0.22914732579281538
5978.563125583483	300	7.657387772841624	0.0	144254	3154.604692650058	0.004890223	0.19800998746782827
5981.156552796629	300	7.716841240110656	0.0	149991	2440.546532730968	0.0047569117	0.27313164516405175
5984.856588086085	300	7.823263892689764	0.0	147968	1893.577347420893	0.004957514	0.3344799794812535
5987.220072389762	300	7.544750792919645	0.0	161857	1778.5130997701185	0.005111909	0.32857933551069846
5988.8759195552	300	7.9443127168034735	0.0	145210	1100.4380761161724	0.0056278277	0.42135945811883235
5990.275162747099	300	7.657395737064977	0.0	172312	1286.916979738496	0.0072190003	0.384779256522944
5992.759709296414	300	7.526285597087794	0.0	167025	2131.1101399771837	0.008743262	0.29216555675050127
5994.428994404846	300	7.803361152140989	0.0	160064	1222.9244449468044	0.00815657	0.40030134844436394
5996.585168670708	300	7.918454460651821	0.0	137507	1384.9066914891678	0.0113704335	0.39129645557205456
5999.689502475678	300	7.711921345354021	0.0	118421	1206.5331152978	0.012573064	0.39622549348507885

