177.46388809944096	750	4.0	2.8275693741498356	450283	2827.5693741498358	0.019793594	-11.408548308844292
178.2964884959638	300	7.167399603477153	0.0	155580	832.600396522847	0.17273597	-0.15000000000000002
179.01173953755958	300	10.452148561881389	0.0	139857	715.2510415957636	0.02577335	0.3
179.66865826819893	300	13.79522983124204	0.0	155432	656.918730639351	0.63176966	0.3
181.8158977873363	750	15.647990312104682	0.0	411561	2147.2395191373585	0.49021378	0.3
190.6274831109578	1200	10.836404988483165	0.0	520315	8811.585323621515	0.12152003	0.75
193.43333226189196	300	12.030555837549011	0.0	153295	2805.849150934154	0.004705182	-0.6000000000000001
196.9034875538841	300	12.560400545556858	0.0	173849	3470.155291992153	0.004705182	0.3
199.29245877220393	300	14.17142932723702	0.0	150710	2388.9712183198385	0.004705182	0.3
201.69443423170011	300	15.76945386774084	0.0	139105	2401.975459496179	0.005253264	0.3
205.32288147053407	300	16.14100662890687	0.0	141840	3628.4472388339736	0.01573135	0.3
210.47490343506368	300	14.988984664377243	0.0	156148	5152.021964529625	0.004705182	0.3
214.54633882501227	300	14.917549274428678	0.0	160746	4071.435389948566	0.004705182	0.3
218.46283567067314	300	15.001052428767801	0.0	179801	3916.496845660877	0.004705182	0.3
220.99659756898512	300	16.467290530455823	0.0	140051	2533.761898311978	0.004705182	0.3
223.46287824143823	300	18.001009858002696	0.0	138313	2466.2806724531247	0.004705182	0.3
226.22192666361767	300	19.24196143582327	0.0	143509	2759.048422179423	0.004705182	0.3
229.2009311351568	300	20.262956964284115	0.0	150616	2979.0044715391546	0.009341871	0.3
233.2279892969021	300	20.235898802538795	0.0	165384	4027.05816174532	0.014705837	0.3
236.4863316454018	300	20.9775564540391	0.0	140881	3258.3423484996974	0.00826899	0.3
239.56335013197815	300	21.90053796746275	0.0	157671	3077.0184865763463	0.026371244	0.3
242.30461786352288	300	23.159270235918047	0.0	157812	2741.2677315447036	0.09102061	0.3
245.352957077117	300	24.110931022323918	0.0	163927	3048.3392135941276	0.45311096	0.3
247.93890025614587	300	25.524987843295058	0.0	137654	2585.9431790288604	0.684995	0.3
257.58273483636447	750	19.881153263076463	0.0	359903	9643.834580218592	0.4393463	0.3
260.7093989671241	300	20.7544891323168	0.0	153938	3126.664130759664	0.0066262516	-0.15000000000000002
262.370184355618	300	23.093703743822946	0.0	181901	1660.7853884938531	0.019381482	0.3
264.82011032963317	750	24.64377776980776	0.0	277716	2449.9259740151856	0.4458329	0.3
268.4349990005421	750	25.028889098898812	0.0	400396	3614.888670908946	0.004705182	0.75
273.2253544602861	750	24.238533639154802	0.0	400508	4790.355459744012	0.004705182	0.75
277.93946816647673	750	23.524419932964147	0.0	358218	4714.113706190655	0.004705182	0.75
282.00489692552486	750	23.458991173916036	0.0	400322	4065.4287590481067	0.004705182	0.75
284.6888623284262	750	24.775025771014768	0.0	369834	2683.965402901272	0.004705182	0.75
287.3278026740896	750	26.136085425351382	0.0	412837	2638.940345663383	0.009429734	0.75
290.90550721032196	750	26.558380889118965	0.0	401088	3577.7045362324184	0.15119143	0.75
294.9991872195625	750	26.464700879878418	0.0	365161	4093.680009240545	0.047424324	0.75
301.97664175830687	750	23.487246341134	0.0	321064	6977.45453874442	0.016991057	0.75
307.9268646761096	750	21.537023423331334	0.0	361565	5950.2229178026655	0.004705182	0.75
312.3235391284004	750	21.140348971040503	0.0	378327	4396.674452290835	0.004705182	0.75
316.00441585886426	750	21.459472240576606	0.0	390680	3680.8767304638955	0.0062425486	0.75
317.89329490993384	750	23.57059318950706	0.0	345516	1888.8790510695421	0.053087577	0.75
321.7289899373199	1200	23.734898162120995	0.0	641452	3835.695027386064	0.15892005	0.75
325.29368049159086	1200	24.17020760784999	0.0	599477	3564.6905542710074	0.004705182	1.2
336.20800138238894	1200	17.25588671705191	0.0	634861	10914.320890798077	0.004883404	1.2
343.11061369334914	750	14.353274406091721	0.0	398987	6902.61231096019	0.006700847	0.3
353.99402190948837	750	7.469866189952479	0.0	393804	10883.408216139242	0.011260938	0.75
357.33341059352415	300	8.13047750591669	0.0	137507	3339.388684035789	0.004705182	-0.15000000000000002
359.99335558604827	300	9.470532513392603	0.0	118421	2659.9449925240874	0.004705182	0.3

