17858.131019313012	750	4.0	3.3429362672757508	450283	3342.9362672757507	0.3153624	-14.283800289721162
17859.31914097013	300	6.811878342882704	0.0	155580	1188.1216571172963	0.082045764	0.1028848567264974
17860.5265205978	300	7.7087175103186985	0.0	139857	1103.160832564006	0.5656664	0.6477027445009055
17862.033659899203	300	7.992257233345608	0.0	155432	1216.4602769730911	0.7063962	0.6636638257645598
17864.216709270037	300	7.52107216504549	0.0	163442	1471.1850683001173	0.6731459	0.5928392397972029
17865.441204741932	300	7.844756585113981	0.0	126289	676.3155799315103	0.4423317	0.7034811877782834
17867.636066783536	750	7.736415505542976	0.0	352642	2108.341079571004	0.26654118	0.12391948465416969
17869.831293710766	750	7.657062508644407	0.0	437162	2079.35299689857	0.25342143	0.5691804753522416
17872.794546499317	1200	7.593373055684707	0.0	584846	2563.6894529596993	1.0900626	0.08868544720022142
17877.264449329337	1850	7.123470225660076	0.0	913888	4469.902830024632	0.084465995	-0.3123985347764141
17884.067357066673	1850	4.320562488327189	0.0	939819	6802.907737332886	0.013092032	-0.16548213134673473
17885.797005351018	300	6.590914203981057	0.0	156148	1729.6482843461329	0.49856693	-1.0725358594817145
17888.75736475215	300	7.63055480284694	0.0	160746	1960.359401134116	0.059729867	0.5544596368063124
17892.108625059052	300	7.606115400660503	0.0	179801	2524.4394021864364	0.023927933	0.4956993160239141
17894.710217925844	300	7.76872945302378	0.0	140051	1337.3859476367236	0.007918872	0.6300564517663019
17898.054559937933	300	7.603661868405105	0.0	138313	1665.0675846186748	0.05813717	0.5814003424683615
17901.32565168443	300	7.687753285190775	0.0	143509	1915.9085832143296	0.042134732	0.5644101385628844
17904.338633931708	300	7.593853719344556	0.0	150616	2093.89956584622	0.013388641	0.5375730986744464
17908.027781170353	300	7.904706480700339	0.0	165384	2689.1472386442165	0.0047414554	0.5079682685728666
17911.980535996707	300	7.951951654348383	0.0	140881	2452.7548263519566	0.00475962	0.536154912313038
17914.667654523855	300	7.8338847019863715	0.0	157671	2618.0669523620104	0.004705182	0.5082596192319749
17916.815504830676	300	7.874485340771429	0.0	157812	959.3993612149436	0.004705182	0.6780342367055597
17917.92623527398	300	7.818345644372439	0.0	163927	1056.139696398991	0.19783404	0.6629566925921834
17919.0579009438	300	7.819808225812616	0.0	137654	998.537418559824	0.5047179	0.6688576955283532
17920.178903102005	300	7.825871234190468	0.0	146754	993.9369916221484	0.5992081	0.6699013097785873
17921.10201654142	300	7.962847026278152	0.0	153938	863.0242079123175	0.68627226	0.6961766662845874
17923.317737617985	750	7.605031213493352	0.0	425781	1857.8158127848003	0.26083425	0.13632612153215073
17924.881734594524	750	7.606985338115645	0.0	277716	1498.0458753777075	0.46209645	0.6224912020239071
17927.13844437282	750	7.851605994547245	0.0	400396	1755.3793435684	0.5614672	0.6203028758152596
17934.830964435372	1850	4.15908593199704	0.0	975811	7692.520062550205	0.68091846	-1.369985668849389
17936.02492748331	300	6.9651228840581405	0.0	157421	1193.9630479388984	0.48893622	-0.9829493183377256
17938.86339141631	300	7.739797695166339	0.0	157488	1725.3251888918019	0.6720867	0.5884778125436058
17942.598306439326	300	7.948909498214511	0.0	143881	2790.888196951827	0.03263534	0.5020487642128182
17945.37708778466	300	7.731532248077796	0.0	163444	2717.3772501367152	0.010071968	0.4884770475938992
17949.45428097304	300	7.654339059696794	0.0	179328	2077.193188381002	0.004705182	0.5450655202637403
17952.16093079531	300	7.960312747350224	0.0	159914	2694.0263123465697	0.008313423	0.5128325285683757
17955.84196714038	300	7.976106434779705	0.0	131610	1984.2063125705185	0.004705182	0.5853346891958058
17958.708083796995	300	7.96146301772105	0.0	124011	1514.6434170586567	0.004705182	0.6308815329484134
17961.47504797245	300	7.608717650271421	0.0	144254	2352.7453674496282	0.0048824456	0.5131191890270955
17964.012113668046	300	7.612294105974113	0.0	149991	1496.4235442973072	0.004705182	0.5990956093329394
17965.69964152081	300	7.973851279243563	0.0	147968	1138.4428267305502	0.004705182	0.6696939764557397
17967.897526831974	300	7.794451198678711	0.0	161857	1179.400080564852	0.032955453	0.6483307861900385
17970.004183714922	300	7.605365353503441	0.0	145210	1189.0858451752706	0.18201861	0.62916247882019
17973.275685886714	300	7.833399719493155	0.0	172312	1271.9656340102854	0.10086661	0.6428230709422347
17975.32273242279	300	7.924644811348362	0.0	167025	1908.7549081447921	0.37339866	0.5879265889676523
17979.34050345009	300	7.614905068658485	0.0	160064	1309.739742689878	0.04578525	0.6180152976665625
17981.40261207879	300	7.5728663486177865	0.0	137507	2042.0387200406997	0.09733682	0.5407391245913977
17983.379066703157	300	7.964674076763482	0.0	118421	1108.192271854305	0.009898066	0.6718357156090385

