8296.70746164589	750	4.0	2.7039540741785544	450283	2703.9540741785545	0.006773629	0.06681389490772593
8297.567688522504	300	7.139773123385195	0.0	155580	860.2268766148045	0.21332504	-0.05490314651967318
8298.71646285255	300	7.882476524359732	0.0	139857	757.2965990254636	0.0149264205	0.45180884380016945
8299.86510761761	300	7.638892959638957	0.0	155432	743.5835647207746	0.015605453	0.4379561744355899
8302.463115624361	300	7.70741959938308	0.0	163442	1431.4733602558763	0.022282481	0.3734501098660874
8304.383036182717	300	7.880726557603299	0.0	126289	826.6930417797812	0.013051966	0.4447598266024606
8306.924042061188	300	7.671837443406074	0.0	153295	2208.889114197226	0.013724854	0.29348464972338956
8308.73953989446	300	7.980146823105504	0.0	173849	1191.690620300569	0.010072008	0.4144738353442697
8310.368990304962	300	7.977325305391839	0.0	150710	1002.8215177136642	0.014777973	0.4331844007458561
8311.348596834276	300	7.5708364298779545	0.0	139105	906.4888755138852	0.014647403	0.41741211024621616
8312.488584242456	300	7.897401528888648	0.0	141840	673.4349009893057	0.014806808	0.46112782638684247
8313.437111770903	300	7.6114140230096	0.0	156148	785.9875058790477	0.017546508	0.4319983467804278
8316.124216327782	300	7.994131817854362	0.0	160746	1117.282205155237	0.01584667	0.4227887390306065
8319.680374566084	300	7.960963874565372	0.0	179801	2033.1679432889898	0.01375819	0.3291271687616693
8321.077275530284	300	7.939008582872284	0.0	140051	1021.955291693089	0.010260751	0.4288762281904414
8322.80633453695	300	7.901951863342314	0.0	138313	1037.056719529971	0.012057745	0.42505004043613004
8324.473373366798	300	7.664433553836747	0.0	143509	737.518309505567	0.012577708	0.44015898709447254
8328.328623362846	300	7.8091835577872155	0.0	150616	3355.2499960495325	0.016352508	0.1874326936869803
8332.602253230676	300	7.535553689958033	0.0	165384	3273.629867829183	0.008025521	0.17849283976969132
8335.16164321353	300	7.850058952640784	0.0	140881	1685.4947373172488	0.0065180995	0.35696293173855664
8338.258955101031	300	7.543350660259577	0.0	157671	1306.7082923812063	0.006531297	0.37567230795833545
8341.2602322718	300	7.8130138342848845	0.0	157812	1730.3368259746928	0.0079581095	0.3501634029755685
8342.644895811218	300	7.6611521702222944	0.0	163927	1151.8616640625899	0.0067404276	0.3985195651628669
8343.86511460447	300	7.707443754173777	0.0	137654	953.7084160485175	0.006767899	0.4212281139612418
8346.135735440748	300	7.850388586637473	0.0	146754	1357.0551675363038	0.007873942	0.3898274908414442
8347.690179968125	300	7.9299490953199925	0.0	153938	920.4394913174798	0.0072201686	0.4384615902559841
8349.033461474879	300	7.785310859871879	0.0	181901	1144.6382354481148	0.008740725	0.4070018261274135
8350.087459855888	300	7.85263327152126	0.0	111155	932.6775883506207	0.010104422	0.4324055415652492
8352.715526859758	300	7.68926016141547	0.0	153605	2163.3731101057892	0.009107001	0.29912517000812044
8353.84662182352	300	7.781059659915384	0.0	149029	908.2005015000879	0.0071518505	0.4303798995249352
8355.655175996966	300	7.523229851823872	0.0	157421	1257.829808091513	0.010018214	0.37930260586007325
8357.006738269743	300	7.502810855112649	0.0	157488	1020.4189967112205	0.00957859	0.40176749970365105
8360.024733285354	300	7.60438499983998	0.0	143881	898.4258552726693	0.010293524	0.4203151978929644
8363.7769785208	300	7.852139764393634	0.0	163444	3252.245235446346	0.009969266	0.20041793266020003
8367.850745525531	300	7.606163402420336	0.0	179328	3245.976361973299	0.007031397	0.1856712973841736
8371.509838317905	300	7.947070610046932	0.0	159914	2159.0927923734043	0.0061557544	0.31566635482082533
8374.859698367662	300	7.740582369734501	0.0	131610	1706.4882403124323	0.0059310766	0.3480212950073956
8377.03308182213	300	7.970576513722	0.0	124011	1770.0058560124994	0.006594373	0.35604416743660766
8379.52336739942	300	7.822122586305246	0.0	144254	1648.4539274167541	0.005711565	0.358920989832635
8381.570645228472	300	7.52439940621653	0.0	149991	1297.723180088717	0.0057020783	0.37538636580989393
8382.852733317723	300	7.54813272907138	0.0	147968	976.2666771451499	0.006911317	0.40901534878267876
8384.335253881798	300	7.599783100588198	0.0	161857	948.349628483182	0.008825924	0.4150352018686767
8386.313110528181	300	7.802940278691612	0.0	145210	796.8428218965859	0.0121111	0.4428832061587997
8388.197652002735	300	7.956176529658509	0.0	172312	846.763749033104	0.014617716	0.447468379130579
8389.878690983622	300	7.589545787475101	0.0	167025	866.6307421834075	0.020410366	0.4225672584290856
8391.913180917803	300	7.6645049637359755	0.0	160064	925.0408237391256	0.025015669	0.4214111987898184
8393.280874308133	300	7.800382890792327	0.0	137507	864.1220729436477	0.02921485	0.4359954443103882
8394.965887706034	300	7.8746617740344425	0.0	118421	925.7211167578839	0.031630695	0.43447797013159684

