6696.478441421039	750	4.0	6.6911010369313795	450283	6691.10103693138	0.03590308	-29.01572527620593
6698.3175039413445	300	6.160937479695716	0.0	155580	1839.0625203042848	0.0059633856	-0.02486303922331412
6700.545710588939	300	7.791915958355676	0.0	139857	1369.0215213400395	0.014666368	0.6291246223043442
6702.696196844098	300	7.631265370064298	0.0	155432	1160.6505882913782	0.038896777	0.6344989110056484
6705.393653818767	300	7.632454697113415	0.0	163442	1998.8106729508831	0.44455224	0.5507973766413232
6709.123234309045	300	7.7419876838838135	0.0	126289	1890.4670132296023	0.027792362	0.5721744190523528
6713.1831387715265	300	7.682083221401595	0.0	153295	4059.9044624822186	0.009392999	0.34946480044996603
6717.736745089651	300	7.128476903277022	0.0	173849	4553.606318124574	0.004705182	0.24680936759531036
6721.554695666273	300	7.310526326655403	0.0	150710	3817.9505766216193	0.004705182	0.3378974089325004
6726.333101379178	300	6.5321206137508	0.0	139105	4778.405712904602	0.004705182	0.16692944672213195
6731.292994099439	300	5.572227893489183	0.0	141840	4959.892720261618	0.004705182	0.05638996340886415
6735.526084995787	300	5.339136997142093	0.0	156148	4233.090896347089	0.004705182	0.10663487790981291
6740.066453365026	300	4.7987686279025485	0.0	160746	4540.368369239545	0.004705182	0.0238960511943187
6744.180613272316	300	4.68460872061271	0.0	179801	4114.159907289839	0.004705182	0.05552887450834082
6746.714088217234	300	6.151133775694512	0.0	140051	2533.4749449181977	0.004705182	0.3547521004862281
6749.021251225836	300	7.843970767093168	0.0	138313	2307.163008601344	0.004705182	0.5403208090195238
6752.106447900392	300	7.8399375218340905	0.0	143509	2504.0332452590783	0.004705182	0.5202455808409463
6756.067575962823	300	7.878809459403215	0.0	150616	3461.1280624308747	0.004705182	0.4282775679947243
6760.441149115643	300	7.505236306582687	0.0	165384	3873.573152820528	0.004705182	0.3510762116846906
6762.166849005264	300	7.905318755546801	0.0	140881	1099.917551035886	0.004705182	0.6669501694945789
6763.593490615767	300	7.759889076687789	0.0	157671	1145.4296788590136	0.0049311332	0.6484011822150012
6765.515854722884	300	7.7493130128019	0.0	157812	1010.5760638858893	0.017224438	0.6608685853526114
6767.913693915074	300	7.551287476471599	0.0	163927	1198.0255363302992	0.32656214	0.623063451604295
6769.236703574408	300	7.869689431784434	0.0	137654	1181.5980446871654	0.2780407	0.6553527565811813
6770.300371162625	300	7.503561435499417	0.0	146754	866.1279962850176	0.25349683	0.6516595190627401
6772.092070106912	300	7.511481788072348	0.0	153938	992.0796474270699	0.67628634	0.6398266970281905
6775.198697399787	750	7.672977809063817	0.0	425781	2338.5039790085298	0.5665536	0.09479724318176067
6776.701118737386	750	7.715828725698357	0.0	277716	1457.1490833654602	0.14885175	0.637057182946036
6782.600254046088	1850	5.816693416997169	0.0	972798	5899.135308701188	0.48109996	-1.031100559228264
6785.6120454882075	750	6.804901974878065	0.0	400508	3011.791442119105	1.013481	-0.7060848044140867
6788.808106815649	750	7.608840647436236	0.0	358218	2696.0613274418283	0.14538175	0.5028682324816651
6793.041857026997	750	7.375090436088505	0.0	400322	4233.750211347731	0.27744567	0.3266006163705414
6794.732934821118	300	7.602556853949391	0.0	143881	772.5335821391137	0.43543637	0.22054738379915118
6796.385309976437	300	7.585641367780638	0.0	163444	1016.9154861687542	0.6864635	0.6444810583225248
6798.716009572958	750	7.813021413595714	0.0	401088	2272.6199541849237	0.60051507	0.11486500428886284
6802.8663352466365	750	7.6626957399164315	0.0	365161	3150.325673679283	0.056520347	0.46262541268799817
6805.202987868194	750	7.5485720586451865	0.0	321064	2114.123681271246	0.27023578	0.555261075843968
6808.01942969052	750	7.831615622125341	0.0	361565	1716.9564365198457	0.065859094	0.6222210700944504
6811.17330975969	750	7.679418361943661	0.0	378327	2652.1972601816797	0.11645792	0.5140478257151262
6814.526279524433	750	7.918774807565734	0.0	390680	2760.643554377926	0.049210638	0.5262415305376665
6816.888401081588	750	7.7988772006712335	0.0	345516	2119.8976068945008	0.03661929	0.5787758421936013
6819.242356309093	750	7.748011519548607	0.0	384505	2050.8656811226265	0.043125734	0.5807831542353269
6822.284788152444	750	7.5933403660650765	0.0	372093	2654.6711534835304	0.08423133	0.5055153298995378
6826.5870520907765	750	7.291076427733316	0.0	438281	4302.263938331761	0.07836674	0.31166279836885646
6829.996162355243	750	7.756533581099174	0.0	398987	3034.5428466341405	0.6952541	0.48323569594763705
6833.526081019315	750	7.643857952978826	0.0	393804	2612.6756281203498	0.25388175	0.5145772585018182
6837.181522488013	750	7.7397587321062185	0.0	331053	2404.0992208726075	0.259579	0.5446654599406723
6840.180195578194	750	7.8910933679279625	0.0	314107	2348.665364178256	0.23025706	0.5647749790326541

