15740.196483356245	750	4.0	3.445995646227827	450283	3445.9956462278274	0.004705182	-14.708959318888182
15742.7659815181	750	5.430501838145294	0.0	398865	2569.4981618547067	0.25075102	0.14594289482943967
15746.692649176537	750	5.503834179706132	0.0	350812	2926.6676584391616	0.70528555	0.12813207503034132
15755.896006734058	750	4.0	3.699523377813505	382355	9203.357557519637	0.76405907	-15.867204525362867
15760.11890222384	300	4.0	0.22289548978279164	163442	4222.895489782792	0.008722949	-1.3729299543323956
15763.254676580005	300	4.864225643835514	0.0	126289	3135.774356164486	0.004705182	0.04783507451839491
15766.260375281783	300	5.85852694205793	0.0	153295	2505.6987017775846	0.004705182	0.059863542210237604
15770.209063030323	300	5.909839193518202	0.0	173849	3448.6877485397276	0.004705182	0.04349480467273799
15774.207805333415	300	5.911096890425905	0.0	150710	2998.7423030922973	0.010995785	0.050020970406600224
15778.149116457236	300	5.969785766604312	0.0	139105	2441.3111238215924	0.004705182	0.06144239402194351
15781.457121584916	300	5.53009761927562	0.0	141840	2439.688147328693	0.004705182	0.06148326791858241
15785.22757943999	300	5.759639764200636	0.0	156148	3270.4578550749834	0.004705182	0.04586513774126005
15789.370890872042	300	5.616328332148283	0.0	160746	3643.3114320523523	0.004705182	0.041171336241080526
15791.46677631579	300	5.549428662962963	0.0	179801	2066.89966918532	0.004705182	0.07257246311289185
15794.978489663352	300	5.948064943213356	0.0	140051	2601.363719749607	0.004705182	0.057662063501999705
15799.377582540565	300	5.5489720659999335	0.0	138313	1899.0928772134218	0.004705182	0.07898507850763892
15802.772965280989	300	5.511001986449555	0.0	143509	2037.9700795503782	0.004705182	0.07360265074799006
15806.242081139588	300	5.870150311287864	0.0	150616	1640.8516751616917	0.004705182	0.09141594104489598
15808.272182280134	300	5.844231842282337	0.0	165384	1525.9184690055272	0.004839451	0.09830145125496653
15810.58353427832	300	5.905647174211099	0.0	140881	1438.5846680712389	0.008943466	0.10426914962267066
15813.19735932957	300	5.575118356543436	0.0	157671	1830.5288176676618	0.0068653575	0.08194353377682415
15815.80815364765	300	5.526369285693429	0.0	157812	2048.749070850008	0.0068326215	0.07321540843348195
15818.476198186561	300	5.623369697052492	0.0	163927	1902.9995886409367	0.0048072925	0.07882292823149023
15821.1497704885	300	5.844105935418438	0.0	137654	1279.2637616340535	0.005175801	0.11725494342808487
15822.65897870889	300	5.886656081025485	0.0	146754	1457.4498543929533	0.0067838226	0.10291949294027473
15825.077754969147	300	5.68314723429693	0.0	153938	1703.5088467285555	0.0073668864	0.08805354917179462
15827.837423839079	300	5.850946405594578	0.0	181901	1832.200828702352	0.0055777077	0.08186875458747435
15830.583404987621	300	5.576689923438009	0.0	111155	1274.2564821565693	0.0054579596	0.11771570488394764
15832.212666144444	300	5.542921597220133	0.0	153605	1533.768326217876	0.004705182	0.09779834244581478
15834.144479467746	300	5.889761417870866	0.0	149029	1653.1601793492669	0.0049360236	0.09073530918162115
15837.773061131687	300	5.934797148376426	0.0	157421	2454.9642694944396	0.0047634104	0.06110068560423085
15842.030888657046	300	5.676969623017094	0.0	157488	3257.827525359333	0.004705182	0.04604295311288932
15846.005066566704	300	5.702791713358976	0.0	143881	2474.177909658118	0.004705182	0.06062619806541196
15849.9561626564	300	5.751695623663852	0.0	163444	2951.0960896951246	0.004705182	0.05082857197492894
15853.26100455253	300	5.887634115678244	0.0	179328	2864.0615079856075	0.004705182	0.05237317689643479
15857.4447829573	300	5.703855710907256	0.0	159914	2183.778404770989	0.004705182	0.06868828800224829
15859.159302373717	300	5.618875361158324	0.0	131610	1084.9803497489315	0.004705182	0.13825135177306258
15860.586476090693	300	5.505058084001905	0.0	124011	1113.8172771564182	0.004705182	0.13467199968647536
15862.775705237675	300	5.652121730422171	0.0	144254	1352.9363535797338	0.004705182	0.11086996044057434
15865.130988399342	300	5.667626603290075	0.0	149991	1984.4951271320958	0.004705182	0.07558597547013045
15867.479464174403	300	5.678782695027129	0.0	147968	1488.843908262946	0.004705182	0.10074931238091105
15869.275788933086	300	5.745436296584226	0.0	161857	1433.3463984429015	0.004705182	0.1046502088838753
15870.917415569944	300	5.661112067774735	0.0	145210	1584.3242288094918	0.004705182	0.09467759015003795
15873.640675159586	300	5.503133510478527	0.0	172312	2157.9785572962087	0.004705182	0.06950949512118376
15875.348842612042	300	5.6316903099240445	0.0	167025	1371.443200554482	0.004705182	0.1093738333015572
15877.07079930657	300	5.564074050109888	0.0	160064	1567.6162598141568	0.004705182	0.09568668292441845
15880.300884071115	300	5.686201933193508	0.0	137507	1877.8721169163805	0.004705182	0.07987764376964725
15882.568929385408	300	5.5032855378622045	0.0	118421	1182.9163953313036	0.004705182	0.12680524218957076

