10196.563009208061	750	4.0	1.6132241480558394	450283	1613.2241480558394	0.02153715	0.3346974503106952
10197.183166276489	300	7.379842931572882	0.0	155580	620.1570684271185	0.1683331	0.4000404999147102
10197.80870368022	300	7.7737647568883	0.0	139857	606.0781746845805	0.021314528	0.9000866704361496
10199.332545190595	300	7.596573625759834	0.0	155432	677.1911311284657	0.019460728	0.8710972469532912
10200.6664073768	300	7.782967750905645	0.0	163442	813.6058748541899	0.021468997	0.8804702116912364
10201.16901499131	300	7.811792042076165	0.0	126289	471.1757088294806	0.021924654	0.9182722186509882
10201.903233165911	300	7.770398931465734	0.0	153295	541.3931106104309	0.025651041	0.9061395919414992
10203.305284490054	300	7.880785796638421	0.0	173849	889.6131348273113	0.029817834	0.8849472668775625
10204.480899333197	300	7.639197464925713	0.0	150710	741.5883317127091	0.028614305	0.8699203738347703
10206.247162369886	300	7.918079216596301	0.0	139105	721.1182483294127	0.027027093	0.9064014454132174
10208.534411891116	300	7.512026845411343	0.0	141840	1406.0523711849585	0.024965037	0.7877719702822963
10210.494935679702	300	7.807363526140052	0.0	156148	1204.6633192712904	0.020076592	0.8443766602746386
10213.385536080787	300	7.9049936031550985	0.0	160746	1402.3699229849535	0.018827856	0.8366605722298424
10215.667490306152	300	7.89313168187343	0.0	179801	1511.8619212816682	0.016954944	0.8242467582935988
10218.28985658376	300	7.961994780910383	0.0	140051	1431.136900963048	0.016273495	0.8408219188642304
10219.61002489367	300	7.762525285678858	0.0	138313	1199.469495231527	0.012976507	0.8393597793757365
10222.0912958777	300	7.7822392105516025	0.0	143509	980.2860751272547	0.012201923	0.8637122373930828
10223.175657515172	300	7.925550750918093	0.0	150616	856.6884596335107	0.013085901	0.8937669489148287
10224.344560447353	300	7.574935959546961	0.0	165384	850.6147913711329	0.012694653	0.8510832368996843
10228.067377402649	300	7.852119004250173	0.0	140881	3222.8169552967884	0.014174876	0.6480873411491974
10231.580510958656	300	7.561104750448638	0.0	157671	2791.0142538015352	0.010170129	0.6553355248170867
10233.312396966816	300	7.58622144992293	0.0	157812	1474.8833005257077	0.0088125635	0.790049827064448
10234.634090063557	300	7.938876207717904	0.0	163927	1147.3452422050266	0.009595886	0.8663465902936859
10236.440774957495	300	7.707707688018185	0.0	137654	1231.1685196997187	0.0114167705	0.8294214433070984
10237.442315439523	300	7.999695591173304	0.0	146754	708.0120968448805	0.011136559	0.9177893904220096
10238.283266811088	300	7.960984074181593	0.0	153938	538.7115169917108	0.012236935	0.9299396633685838
10239.17210938866	300	7.76268282233263	0.0	181901	698.3012518489629	0.01569314	0.889496055065923
10239.565473069964	300	7.891271625542564	0.0	111155	371.4111967900662	0.016142799	0.9380621660302294
10240.370308891557	300	7.8948298995032165	0.0	153605	496.44172603934646	0.019865952	0.925998459996422
10240.9868329033	300	7.810764955908067	0.0	149029	584.0649435951493	0.025107171	0.906856478880944
10242.193161264417	300	7.538830328423343	0.0	157421	771.9346274847251	0.027132306	0.8544932219614725
10245.253113183995	300	7.801051244949929	0.0	157488	1237.779083473414	0.024467152	0.840285694423644
10247.71581457162	300	7.665786993190566	0.0	143881	1635.2642517593633	0.02245313	0.7838358417374389
10249.134368586001	300	7.620228515932417	0.0	163444	1045.5584772581503	0.02034603	0.8371812268699089
10250.897834468366	300	7.54499330981244	0.0	179328	1075.235206119976	0.020426083	0.8249241191967611
10252.4089279156	300	7.748561895817171	0.0	159914	796.4314139952689	0.02039132	0.8779395010481567
10253.274076718304	300	7.973318544084537	0.0	131610	775.2433517326344	0.021004107	0.9078094404830817
10254.500920926657	300	7.874849155893429	0.0	124011	598.4693881911071	0.017491065	0.9133286331545732
10255.551877836382	300	7.648558087611553	0.0	144254	726.2910682818772	0.017954666	0.872605874163065
10256.914304387306	300	7.984677832871526	0.0	149991	663.8802547400259	0.018378844	0.9203483032935118
10257.97020774854	300	7.790999276347411	0.0	147968	693.6785565241162	0.020678204	0.8934546113308309
10258.68577101322	300	7.644329979861599	0.0	161857	646.6692964858131	0.023339631	0.8800459987925284
10259.31575099507	300	7.5987870680345875	0.0	145210	545.5429118270101	0.028009936	0.8845353668343088
10260.747603154614	300	7.935079475772749	0.0	172312	663.7075922618378	0.033062074	0.9142415655334867
10261.756771780696	300	7.799567422373554	0.0	167025	635.5120533991959	0.034210496	0.9003291870197501
10262.363015998646	300	7.788273580738929	0.0	160064	511.29384163462447	0.037678037	0.911356535970108
10262.885456064232	300	7.864528779104818	0.0	137507	423.74480163411124	0.046784744	0.9295268151504624
10264.503130637462	300	7.9500391149655405	0.0	118421	414.48966413927656	0.054354712	0.9410104536071866

