4994.395820433968	750	4.0	6.6911010369313795	450283	6691.10103693138	0.10471434	-0.31911010369313797
4996.2348829542725	300	6.160937479695716	0.0	155580	1839.0625203042848	0.30702472	-0.24884765954944627
4998.463089601868	300	7.791915958355676	0.0	139857	1369.0215213400395	0.014530998	0.3500925952632258
5000.613575857026	300	7.631265370064298	0.0	155432	1160.6505882913782	0.010934692	0.36088902679988083
5003.311032831696	300	7.632454697113415	0.0	163442	1998.8106729508831	0.017079886	0.27714735127450013
5007.040613321973	300	7.7419876838838135	0.0	126289	1890.4670132296023	0.01132914	0.2948275289197781
5011.1005177844545	300	7.682083221401595	0.0	153295	4059.9044624822186	0.008203998	0.07413975508937787
5015.65412410258	300	7.128476903277022	0.0	173849	4553.606318124574	0.007645511	-0.009830825357643458
5019.472074679202	300	7.310526326655403	0.0	150710	3817.9505766216193	0.0072266716	0.07511283775380073
5024.250480392106	300	6.5321206137508	0.0	139105	4778.405712904602	0.0064813276	-0.06958303293103518
5029.210373112367	300	5.572227893489183	0.0	141840	4959.892720261618	0.0061806217	-0.1477250286830878
5033.443464008715	300	5.339136997142093	0.0	156148	4233.090896347089	0.0059851073	-0.08961302731332815
5037.983832377954	300	4.7987686279025485	0.0	160746	4540.368369239545	0.005561361	-0.1541137976800453
5042.097992285244	300	4.68460872061271	0.0	179801	4114.159907289839	0.005537918	-0.11862794569068952
5044.631467230162	300	6.151133775694512	0.0	140051	2533.4749449181977	0.005557324	0.13109836648908718
5046.938630238764	300	7.843970767093168	0.0	138313	2307.163008601344	0.0053335633	0.2595318720831886
5050.023826913321	300	7.8399375218340905	0.0	143509	2504.0332452590783	0.0053999536	0.23959277058872286
5053.984954975751	300	7.878809459403215	0.0	150616	3461.1280624308747	0.0057226187	0.14631278496961347
5058.358528128571	300	7.505236306582687	0.0	165384	3873.573152820528	0.005695068	0.0817199538793652
5060.084228018192	300	7.905318755546801	0.0	140881	1099.917551035886	0.0057601267	0.3840906671180865
5061.510869628696	300	7.759889076687789	0.0	157671	1145.4296788590136	0.0064554615	0.3704500994070854
5063.433233735812	300	7.7493130128019	0.0	157812	1010.5760638858893	0.007576378	0.38327445691152984
5065.831072928002	300	7.551287476471599	0.0	163927	1198.0255363302992	0.009996712	0.3521529136464451
5067.154082587336	300	7.869689431784434	0.0	137654	1181.5980446871654	0.009916525	0.3736957850178106
5068.217750175553	300	7.503561435499417	0.0	146754	866.1279962850176	0.0101932455	0.3823597900902118
5070.00944911984	300	7.511481788072348	0.0	153938	992.0796474270699	0.016402224	0.37025964701181474
5071.014201409176	300	7.54391524383354	0.0	181901	967.5665442388065	0.015814606	0.3747380483157156
5072.416973772182	300	7.9161219638795846	0.0	111155	627.7932799539559	0.02409989	0.43197829474707844
5073.871916002804	300	7.571140356594029	0.0	153605	844.9816072855558	0.02396752	0.3886981115585712
5076.161453748655	300	7.966351890837588	0.0	149029	1104.7884657564407	0.02801409	0.3874181466017052
5078.153605098533	300	7.782650845945154	0.0	157421	1183.7010448924348	0.021409862	0.3680455733823287
5080.982378552514	300	7.717489166947849	0.0	157488	2065.161678997304	0.01924004	0.27582690503451013
5082.48219986548	300	7.869384459956756	0.0	143881	848.1047069910929	0.014170555	0.407026058048188
5083.847525830348	300	7.8625797660097945	0.0	163444	1006.8046939469621	0.02075507	0.39073076598091594
5084.934468309058	300	7.823369171615794	0.0	179328	1039.2105943940005	0.022771927	0.3850395137865871
5086.21946311816	300	7.554737694722587	0.0	159914	1268.6314768932057	0.024892343	0.34530795823084115
5087.1639853406905	300	7.6906582355620845	0.0	131610	864.0794591605022	0.019378003	0.39425819380658006
5088.070803414938	300	7.527470661122836	0.0	124011	663.1875744392487	0.022928782	0.40414815887625233
5089.368855557814	300	7.9552598445895235	0.0	144254	1072.210816533312	0.036819138	0.389982658633514
5091.127023260489	300	7.854096579922399	0.0	149991	1101.1632646671246	0.027272798	0.38076470977843746
5092.216356051608	300	7.90293246986733	0.0	147968	951.1641100550685	0.034740817	0.3988168683612012
5093.448595358921	300	7.610897114242811	0.0	161857	792.0353556245186	0.046833828	0.39647753407772385
5094.684950305525	300	7.927821611785562	0.0	145210	1183.0755024572481	0.086613804	0.37718130049087284
5096.793761238652	300	7.805055919794224	0.0	172312	1622.765691991339	0.05649344	0.3255394257880051
5098.34928645626	300	7.940315850558502	0.0	167025	1364.7400692357214	0.051957875	0.3597957337363342
5100.231124474755	300	7.809789410497769	0.0	160064	1130.5264400607318	0.07036051	0.3750591941500374
5102.180283687611	300	7.92586558878687	0.0	137507	883.9238217108989	0.088177815	0.40697421712808945
5103.78426545362	300	7.931492458354525	0.0	118421	994.3731304323459	0.10663907	0.39628096560392323

