12834.271964936646	750	4.0	4.2446647119615655	450283	4244.664711961565	0.13792914	0.00893352880384346
12835.68675307018	300	6.5852118664659365	0.0	155580	1414.7881335340633	0.5805825	0.048933040660406046
12837.493588713869	300	7.821520534123352	0.0	139857	1263.6913323425845	0.069580324	0.6342737387092375
12839.301869183413	300	7.90395245027067	0.0	155432	1417.5680838526823	0.056444615	0.6269025674035544
12840.610583607415	300	7.799951412014789	0.0	163442	1104.001038255881	0.06951654	0.6481451709928502
12841.916850864143	300	7.72417446222283	0.0	126289	1075.776949791958	0.0749619	0.6435982714719745
12843.219438315251	300	7.558125856788132	0.0	153295	1166.048605434698	0.06053698	0.6184228790291761
12845.21345217902	300	7.649388409690426	0.0	173849	1408.7374470977077	0.057461362	0.6030292781326232
12847.0678177183	300	7.809843886536319	0.0	150710	1339.5445231541075	0.06001796	0.6255528656502463
12848.445611999508	300	7.553357168194126	0.0	139105	1256.486718342192	0.054901384	0.6089153127726596
12850.564858156189	300	7.904387856987301	0.0	141840	1148.969311206826	0.052795667	0.6538047879713326
12852.901735790163	300	7.556087462736861	0.0	156148	1348.30039425044	0.052896302	0.5999994663261158
12855.190672650753	300	7.680907709504936	0.0	160746	1375.1797532319254	0.05367914	0.6094502994261625
12856.878428442806	300	7.578908295656369	0.0	179801	1101.9994138485677	0.04956761	0.6268488903677252
12858.396796038627	300	7.537602720198843	0.0	140051	1041.3055754575248	0.056446947	0.628901306993585
12860.685922893053	300	7.941570327017882	0.0	138313	1096.0323931809605	0.05253373	0.662714474984393
12861.97030385976	300	7.660927021836689	0.0	143509	1280.643305181193	0.049401633	0.6169608223554988
12863.777212326653	300	7.8793417050015195	0.0	150616	1281.585316835169	0.04758931	0.638107449127881
12865.650260418939	300	7.505479148039087	0.0	165384	1373.8625569624332	0.046591822	0.5925215914505579
12868.075215867972	300	7.50259419118336	0.0	140881	1502.8849568557273	0.04601129	0.579338789407009
12869.699630307823	300	7.581422245946643	0.0	157671	1421.171945236717	0.041099407	0.5951761188946394
12871.400190587847	300	7.542763353243119	0.0	157812	1538.658892703525	0.04163572	0.5796678468325409
12874.318698207522	300	7.9794602561654	0.0	163927	2063.303097077721	0.039190903	0.569672200204313
12878.744415288676	300	7.55374317501202	0.0	137654	2425.7170811533806	0.03500903	0.49202981565458087
12882.661157610137	300	7.560832787505976	0.0	146754	3492.9103875060423	0.029464208	0.38599994983435204
12886.514337736236	300	7.707652661407745	0.0	153938	2353.1801260982324	0.02549387	0.51425120871208
12890.26073885146	300	7.96125154618136	0.0	181901	3246.4011152263856	0.022389473	0.4495916013434988
12893.803664863923	300	7.781495175340222	0.0	111155	1679.7563708411385	0.020615231	0.5887747687177227
12896.844527272986	300	7.847648724619372	0.0	153605	2933.846450720851	0.019286565	0.46979919339714893
12898.974540421255	300	7.686150234655681	0.0	149029	1661.4984899636902	0.018364683	0.5813282613238959
12900.936450458174	300	7.969452478849908	0.0	157421	1216.6977558057733	0.020287542	0.6533594779875762
12902.95000972021	300	7.580278954887679	0.0	157488	1389.1735239622283	0.026216332	0.598264775966604
12904.811064608446	300	7.61694443230692	0.0	143881	963.3345225807593	0.029652383	0.6444143937837721
12906.178267190213	300	7.632203286250224	0.0	163444	984.7411460566963	0.037103817	0.6437576549821646
12908.448359505215	300	7.628387865604153	0.0	179328	1503.8154206460722	0.04504374	0.5914791778653967
12909.635498215712	300	7.517956943034787	0.0	159914	1110.430922569366	0.043999717	0.6200782204531964
12911.440264289806	300	7.583927828451788	0.0	131610	934.0291145829995	0.04701699	0.6441340698586365
12913.165236868404	300	7.516809995406866	0.0	124011	1067.117833044922	0.048805945	0.6242979887488256
12915.180018679068	300	7.668346467352329	0.0	144254	1848.463528054537	0.050414227	0.5609003411445603
12918.447404639828	300	7.887812690276387	0.0	149991	1780.5337770759415	0.044937022	0.5890364064217846
12920.645636323507	300	7.9121228972800655	0.0	147968	1475.6897929963213	0.04264637	0.6218849724608542
12922.864037167565	300	7.624193420592137	0.0	161857	1287.9294766879282	0.042832926	0.6126598624837926
12925.584090134302	300	7.689402620907396	0.0	145210	1434.7907996847418	0.04601781	0.6043153249147701
12928.883505985765	300	7.772325774202818	0.0	172312	1917.0768467045789	0.045005295	0.5641509968707661
12932.093496481462	300	7.513500081234177	0.0	167025	2258.825692968641	0.043044563	0.5048053136031596
12935.035710356731	300	7.877975520963548	0.0	160064	1635.5245602706286	0.039424036	0.6025806633866422
12936.45517566531	300	7.926587505172234	0.0	137507	951.3880157913133	0.0382959	0.6757218332988685
12938.013328037627	300	7.566549989409539	0.0	118421	860.0375157626951	0.04689441	0.6498432348938082

