2963.761809024156	750	4.0	4.782926972877741	450283	4782.926972877741	0.019763442	0.01772716782850503
2965.507093260296	300	6.254715763859471	0.0	155580	1745.2842361405292	0.004705182	0.14860617994008607
2967.9698403784155	300	7.791968645740147	0.0	139857	1962.7471181193237	0.004705182	0.7666674450641503
2970.640245951688	300	7.78724502742273	0.0	155432	2004.7236183174175	0.004705182	0.7618865608567694
2972.508908513961	300	7.980754761913504	0.0	163442	1306.4902655092253	0.004705182	0.8556029131425316
2975.2340705004412	300	7.729259921855686	0.0	126289	1251.4948400578182	0.004705182	0.830049906801852
2977.1193749136005	300	7.933441216937299	0.0	153295	1295.8187049183873	0.004705182	0.8508281753162488
2981.084415147629	300	7.968400982908323	0.0	173849	2465.040234028976	0.004705182	0.7382225715701844
2984.078238620638	300	7.573752308138537	0.0	150710	2894.6486747697845	0.004705182	0.6465337008566876
2986.1351940956715	300	7.909861869591208	0.0	139105	1663.8904385473277	0.004705182	0.8111096148410311
2988.3062953269396	300	7.850843777000326	0.0	141840	1059.0180925908833	0.004705182	0.8643097726723771
2989.5873261900906	300	7.671369967213551	0.0	156148	1179.4738097867735	0.004705182	0.8301042264147539
2992.3270454046965	300	7.892288929492684	0.0	160746	1279.0810377208677	0.004705182	0.8474207904014643
2993.9148182243257	300	7.508721517520407	0.0	179801	1383.5674119722773	0.004705182	0.7896123510474309
2997.4978135838965	300	7.754326565413556	0.0	140051	1254.394952106852	0.004705182	0.8328549220169946
3000.412353219504	300	7.56635693229187	0.0	138313	2187.9696331216846	0.004705182	0.7162884838220535
3001.9777146893316	300	7.951961227221107	0.0	143509	1114.395705070763	0.004705182	0.8712571763902724
3004.377966134895	300	7.902318420167617	0.0	150616	1549.6428070534894	0.004705182	0.821602973863237
3005.813782163299	300	7.569714725220474	0.0	165384	1332.6036949471427	0.004705182	0.8022396707541815
3009.1375451712784	300	7.8044393784593336	0.0	140881	2265.27534676114	0.004705182	0.7379544074190829
3013.1342355456536	300	7.8077490040844335	0.0	157671	2996.6903743749012	0.004705182	0.6652215504632968
3017.2509148191357	300	7.691069730601905	0.0	157812	3116.6792734825285	0.004705182	0.6388160475065358
3020.447097708086	300	7.803906945414768	0.0	163927	2387.1627851871367	0.004705182	0.7256999230501926
3022.3104739375553	300	7.6867288110117356	0.0	137654	1117.178134403033	0.004705182	0.8382301797706785
3025.194293177572	300	7.767918295786313	0.0	146754	1418.810515225422	0.004705182	0.8180915626484462
3026.925680303131	300	7.924729138302686	0.0	153938	1343.1891574836268	0.004705182	0.8450154330488586
3029.581676169639	300	7.775830165335987	0.0	181901	2648.898972966699	0.004705182	0.6960596105390673
3033.633763000174	300	7.72374333480086	0.0	111155	1552.0868305351278	0.004705182	0.7993095641999889
3036.9271139306375	300	7.98165965510752	0.0	153605	2742.083679693341	0.004705182	0.7121553006173935
3040.780305176233	300	7.965697729194784	0.0	149029	3515.9619259127358	0.004705182	0.6327966264758251
3045.51322759306	300	7.232775312367464	0.0	157421	4732.92241682732	0.004705182	0.42060524486457534
3049.087592111153	300	7.658410794274512	0.0	157488	3574.364518092951	0.004705182	0.5890150617169345
3053.0433181085978	300	7.7026847968296694	0.0	143881	2955.725997444843	0.0047172206	0.6563455095512607
3057.5316392907603	300	7.214363614667117	0.0	163444	4488.321182162553	0.004720201	0.44279204080361845
3061.671899875359	300	7.074103030068332	0.0	179328	4140.2605845987855	0.00472914	0.46027985793121506
3064.1675966571815	300	7.945666653561814	0.0	159914	1628.4363765065177	0.0047302125	0.8190759061986119
3065.8641639126854	300	7.621013223467889	0.0	131610	824.653430093923	0.0047360533	0.8593686209264895
3067.2572944584804	300	7.975404834775182	0.0	124011	645.608388692707	0.00471579	0.9210305350886793
3068.3262237131207	300	7.634701300506254	0.0	144254	840.703534268927	0.004778426	0.8594537035593635
3070.3036460528956	300	7.820103014304572	0.0	149991	814.5982862016818	0.0048712515	0.8849561325495439
3071.757376842274	300	7.754649651402117	0.0	147968	1065.4533629024554	0.0054947045	0.8517889729823438
3074.2449295734386	300	7.750011918057451	0.0	161857	1504.6377333446658	0.0059084157	0.8072979061323919
3075.2738103748816	300	7.97202910174605	0.0	145210	777.9828163114013	0.0067405384	0.9073762841136135
3076.82993787769	300	7.5344143384077	0.0	172312	937.6147633383497	0.010151481	0.8373799576432976
3078.7206557539157	300	7.90331172702985	0.0	167025	1131.102611377851	0.014409156	0.8635796389287801
3080.0358469467865	300	7.845523753518377	0.0	160064	1057.787973511473	0.017594293	0.863775911106457
3081.9080119471096	300	7.958142901036706	0.0	137507	887.3808524816709	0.018542415	0.894721924737645
3082.8351071579614	300	7.75198731703107	0.0	118421	706.155584005637	0.0202841	0.887390027355518

