5367.91154599558	750	4.0	7.528019682657206	450283	7528.0196826572055	0.008284938	-0.41559266594013916
5370.207900248651	300	5.7036457469296495	0.0	155580	2296.3542530703508	0.061809413	-0.2882738451936995
5372.213105920104	300	7.698440075476701	0.0	139857	2005.2056714529485	0.005714906	0.3155156585022315
5376.110950673848	300	7.80059532173235	0.0	155432	2397.844753744352	0.005513509	0.28263645316406916
5380.185723577547	300	7.725822418032702	0.0	163442	3074.772903699649	0.0069658486	0.21027033168731157
5382.591356394476	300	7.999104579880152	0.0	126289	2226.7178381525496	0.0049376246	0.31215597335748707
5386.708468334339	300	7.550006161337351	0.0	153295	2449.098418542801	0.0048256563	0.2618492641595369
5389.691253570766	300	7.987620294233952	0.0	173849	2062.3858671033986	0.00509632	0.32787140260951464
5392.5716983694565	300	7.9425974842006015	0.0	150710	1545.02281003335	0.006047786	0.37679378268943514
5394.450065821518	300	7.791124838348087	0.0	139105	1651.4726458525147	0.005759009	0.3566817587417365
5396.790918005251	300	7.789146178186092	0.0	141840	1501.9786601619955	0.0057422286	0.3715074910506637
5400.131457758243	300	7.568312996725508	0.0	156148	1720.8331814605847	0.006038481	0.3358199650795183
5403.674075516267	300	7.676857417779174	0.0	160746	1891.4555789463348	0.0061609647	0.32554175164679744
5406.777580849067	300	7.810685817068552	0.0	179801	2366.1716007106234	0.006176728	0.2864344244259547
5409.391408806587	300	7.997438666203227	0.0	140051	1813.2471508653248	0.0061587966	0.3533989224814017
5413.441849971959	300	7.822508496394474	0.0	138313	2174.9301698087534	0.0059137987	0.3062974849740118
5416.478560771796	300	7.731908684857215	0.0	143509	2090.5998115372586	0.0056295055	0.30906803258008264
5420.285581981955	300	7.924887474697622	0.0	150616	2307.021210159594	0.005475155	0.2994870670828745
5424.035551837516	300	7.8864686079969974	0.0	165384	2038.4188667006233	0.00517371	0.32394612225998254
5427.438831797355	300	7.7506041225075295	0.0	140881	1635.8644854894683	0.005330966	0.35571003003800633
5430.967856552058	300	7.709799477530689	0.0	157671	2040.8046449768408	0.005403546	0.3126657237782165
5434.0100733783365	300	7.972801162204589	0.0	157812	1736.9983153261012	0.0052651046	0.3594839620354092
5437.011604144784	300	7.899644972457401	0.0	163927	2073.1561897471865	0.0054010767	0.3212959127341015
5439.561968614882	300	7.6986500019083834	0.0	137654	1700.9949705490178	0.005328128	0.3459498489946047
5442.391254045129	300	7.5386920413096865	0.0	146754	1659.957960598697	0.005424344	0.3400561774522183
5444.695859290392	300	7.916053167851947	0.0	153938	2122.6388734577404	0.0055629127	0.3173731565752052
5447.086905219789	300	7.911513374556036	0.0	181901	2004.539793295911	0.005337028	0.32889932751039375
5449.199161191562	300	7.658638552219818	0.0	111155	1252.874822336218	0.0056926943	0.38826114821034935
5451.685132028662	300	7.770343622388402	0.0	153605	1888.294929831415	0.0055210576	0.33170070434636617
5455.4851009616195	300	7.970374689430588	0.0	149029	2299.9689329578146	0.005637383	0.30303524572386287
5457.505798223726	300	7.688848492991274	0.0	157421	1781.5261964393148	0.0052753054	0.3372841320982557
5460.554602368281	300	7.6390319345464555	0.0	157488	1549.8165584448177	0.0053451974	0.3573415609949042
5462.809437434719	300	7.546108241883021	0.0	143881	1592.9236926634348	0.0060195187	0.3472231167815779
5466.513771145907	300	7.841774530694471	0.0	163444	1704.3337111885494	0.0058026835	0.354561257979782
5469.857730571245	300	7.577917308007116	0.0	179328	1763.857222687355	0.005772409	0.33211783041194176
5472.986965979497	300	7.618350724206271	0.0	159914	1959.566583800844	0.006003558	0.31507398281304005
5474.313784820239	300	7.899775692560839	0.0	131610	1218.5750316454328	0.0059563452	0.4067621985507417
5476.50346311516	300	7.804058463648462	0.0	124011	1095.7172289123773	0.0061826827	0.4130656520170237
5477.870819704889	300	7.942360759288411	0.0	144254	1361.6977043600507	0.007016045	0.3951114979497531
5481.508029262743	300	7.6965854370462115	0.0	149991	2245.7753222422	0.007511385	0.2913427785214007
5484.925666466531	300	7.5434839294577705	0.0	147968	2153.101507588441	0.0066427756	0.29104131576249914
5487.016995450725	300	7.805087318960308	0.0	161857	1238.396610497462	0.0065219225	0.39886201731550563
5488.56823831263	300	7.760931983856326	0.0	145210	1044.1553351039815	0.009473257	0.4155264364108548
5490.248317714398	300	7.9294361228730015	0.0	172312	1331.4958609833236	0.011430419	0.3973238925114627
5492.038587679027	300	7.963592867950773	0.0	167025	1465.843254922229	0.011738155	0.3860239496849329
5493.91266300562	300	7.533768550007139	0.0	160064	1429.8243179436333	0.010855109	0.36276182351131536
5497.740737994044	300	7.705693561583152	0.0	137507	2328.0749884239863	0.0128592085	0.2836820696867809
5499.931508508104	300	7.756471336590337	0.0	118421	1949.2222249928145	0.011161884	0.3247409569678471

