11457.763066146525	750	4.0	3.791441730238546	450283	3791.441730238546	0.012059542	0.11687569209242449
11459.150112401096	300	6.6129537454278156	0.0	155580	1387.046254572185	0.040927544	0.22866230681130367
11460.723052657911	300	7.595727680951124	0.0	139857	1017.2260644766923	0.00888483	0.8369893031950676
11461.889458396206	300	7.500381907997402	0.0	155432	1095.3457729537217	0.010402339	0.8174048074119777
11463.609086263403	300	7.726097871219312	0.0	163442	1274.28403677809	0.011992691	0.8273805626903299
11464.502441796265	300	7.61709211059814	0.0	126289	609.0057606211711	0.013258869	0.8804492405686085
11465.889105413866	300	7.510935202218785	0.0	153295	606.1569083793548	0.013844238	0.8676267292901038
11467.774986635384	300	7.558247931769063	0.0	173849	1452.6872704497216	0.017586727	0.7888154862862353
11469.602127845354	300	7.716274283219916	0.0	150710	841.9736485491469	0.014326117	0.8693986643153268
11470.845982700443	300	7.566930617335212	0.0	139105	649.3436658847029	0.016766723	0.8702219145352258
11473.10576347213	300	7.704295816543752	0.0	141840	1362.6348007914594	0.018969256	0.8158535449017719
11474.222961892316	300	7.644269625297605	0.0	156148	1060.026191246147	0.015963707	0.8387028572230507
11476.778583683355	300	7.800044777498682	0.0	160746	1344.224847798924	0.016305424	0.8295168475300185
11480.360139195098	300	7.679965512296907	0.0	179801	1620.0792652017751	0.014961825	0.7871049892636757
11484.160128175363	300	7.5307092074349455	0.0	140051	1649.256304861962	0.015223705	0.7657583238836674
11487.286625168272	300	7.842826962832763	0.0	138313	1687.8822446021825	0.011485273	0.8004335060938211
11489.378185024496	300	7.716354418423105	0.0	143509	1626.4725444096587	0.010764417	0.7909586691760718
11491.981274644582	300	7.977353269038097	0.0	150616	1239.0011493850095	0.010909411	0.8619318359242716
11493.71179350011	300	7.584138119573117	0.0	165384	1393.215149464979	0.010116259	0.7979594093878603
11496.195355927255	300	7.711008768533655	0.0	140881	873.1293510394628	0.010637985	0.8656329508976857
11498.900691051293	300	7.723557768417171	0.0	157671	1487.451000116483	0.011543845	0.8057502350055636
11500.050632872362	300	7.627528886493868	0.0	157812	1096.0288819233033	0.010267798	0.8330355771185747
11501.37370109264	300	7.717951231626592	0.0	163927	909.5776548672764	0.0110354945	0.8628453197104499
11503.16871171664	300	7.872191192782084	0.0	137654	845.7600388445071	0.012782633	0.888271384300521
11505.353859264085	300	7.994242683037866	0.0	146754	1377.9485097442175	0.012761101	0.8501224681359065
11507.366607366252	300	7.561468188955375	0.0	153938	1432.7744940824907	0.012247385	0.7912043752364942
11509.91832474696	300	7.930596283743082	0.0	181901	2130.871905212294	0.011130981	0.7669715859444333
11512.830921316909	300	7.744720760015593	0.0	111155	1185.8755237274881	0.011537217	0.8385208176913417
11516.333109432413	300	7.521987268375711	0.0	153605	1722.7334916398815	0.010207383	0.7573336907095234
11518.328161064856	300	7.799188716585555	0.0	149029	1222.798551790155	0.010155048	0.8415537776527352
11520.170983337961	300	7.5189040773588385	0.0	157421	1280.2846392267174	0.011120445	0.8011978884593837
11522.675485344125	300	7.542921977216463	0.0	157488	1975.982100142375	0.011015121	0.7345936783974724
11526.555088091925	300	7.663319229417379	0.0	143881	1879.6027477990858	0.009002315	0.7590972926207931
11529.92688183819	300	7.916483621195086	0.0	163444	1746.8356082222917	0.008609155	0.8036326982081654
11533.4812851811	300	7.736761066262226	0.0	179328	2179.722554932859	0.00851112	0.7381533159601621
11535.923427899279	300	7.843030048660563	0.0	159914	2393.731017601664	0.009033712	0.7298737041894332
11539.534116603334	300	7.971891594422628	0.0	131610	1871.1384542379342	0.008255432	0.7980437420287545
11543.833163051384	300	7.672845146372087	0.0	124011	2299.046448050542	0.0077456436	0.7183291057803615
11546.910421260429	300	7.553514410283	0.0	144254	2619.3307360890867	0.00715953	0.6715666827715547
11550.995611265926	300	7.4683244047876975	0.0	149991	4085.1900054953016	0.00661457	0.5144621829265427
11554.91713264663	300	7.546803024082943	0.0	147968	3921.521380704755	0.0058811638	0.5405189506203408
11558.909274247002	300	7.554661423711468	0.0	161857	3492.1416003714753	0.005477983	0.5844272202849919
11560.90898888096	300	7.60319423599535	0.0	145210	1951.467187716117	0.0053851763	0.7444871007022221
11563.139591099463	300	7.777016916865276	0.0	172312	1826.1773191300738	0.005819726	0.7784783064037135
11565.889576789976	300	7.509236454295969	0.0	167025	1767.780462569307	0.006707495	0.7512546262162232
11568.88113966144	300	7.834557637534923	0.0	160064	1674.6788167610462	0.0067875823	0.8007328194683259
11570.66614995527	300	7.780494546471514	0.0	137507	1054.063091063408	0.007311014	0.856119118788829
11573.638813433305	300	7.579636446838242	0.0	118421	1200.8580996332732	0.008779059	0.8166392842290067

