20306.105966685278	750	4.0	0.848125509873515	450283	848.1255098735149	0.5764556	-3.306632957151325
20306.90618423372	750	7.199782451554113	0.0	398865	800.2175484458868	0.86951697	0.6530802867459511
20308.941511095254	1850	7.976290583326755	0.0	877771	1723.491868227358	0.14228813	-0.4056724945401994
20312.20003320858	2850	7.557946932715649	0.0	1520281	2918.343650611105	0.6121681	-0.4119375080751063
20315.112186892202	2850	7.781959393786011	0.0	1472558	2775.9875389296385	0.27170688	0.6238595611065739
20317.6486674315	2850	7.996802120178986	0.0	1224260	2285.1572736070275	0.21777071	0.6936214481026741
20320.50894523826	2850	7.927324945047317	0.0	1388403	2569.4771751316675	0.13276596	0.6585021996283176
20323.67704892551	2850	7.828673412434908	0.0	1638769	3098.6515326124104	0.10514389	0.5960894399673244
20326.321427029714	2850	7.721210347053593	0.0	1348011	2607.4630653813147	0.08921528	0.6348648425750774
20329.24303410316	2850	7.903864410789871	0.0	1429765	2817.345936263722	0.0899072	0.6314572200062716
20331.62450660108	2850	7.5352586732239235	0.0	1354548	2368.605737565947	0.09213872	0.6408525120584061
20334.958712828426	2850	7.819588954028679	0.0	1519951	3215.6697191952444	0.08795971	0.5835132316989021
20337.821709422584	2850	7.6923588776697125	0.0	1422919	2627.230076358966	0.09013169	0.6301111542384018
20341.14932341306	2850	7.601435146082327	0.0	1578343	3090.923731587386	0.098248355	0.5749902745734987
20344.280144566445	2850	7.779369779889039	0.0	1231445	2822.0653661932874	0.09106752	0.6190025250527644
20346.961535029826	2850	7.613052384591229	0.0	1471065	2666.317395297811	0.11108697	0.6185690808217206
20349.94034301437	2850	7.78618497881104	0.0	1491626	2826.867405780189	0.102752745	0.6191782918588633
20352.54085554973	2850	7.70189894805931	0.0	1358801	2584.28603075173	0.1082699	0.6353238015886944
20355.615522246604	2850	7.862678870979196	0.0	1537156	2839.2200770801132	0.11173266	0.6253056501667362
20358.290644713747	2850	7.54284100455275	0.0	1336050	2319.837866426446	0.10807949	0.6464591073170016
20361.306688734177	2850	7.742461227947677	0.0	1415116	2800.3797766050734	0.10420777	0.617618593274144
20364.434752002773	2850	7.861261725064132	0.0	1468126	2881.1995028835445	0.09689723	0.6209713056558902
20367.687976047313	2850	7.718081561797888	0.0	1505760	3143.180163266245	0.10336365	0.5809919835933568
20370.34247023008	2850	7.655856411054243	0.0	1323990	2562.225150743645	0.10075638	0.6330982422439586
20372.9896190925	2850	7.723416486355313	0.0	1383735	2432.43992469893	0.10877129	0.6525795000982235
20375.702042229303	2850	7.539559405863741	0.0	1480464	2683.8570804915707	0.10657732	0.609741328247874
20379.05665813295	2850	7.871534448844582	0.0	1547572	3168.0249570191586	0.10702832	0.5932775217666586
20381.19810343775	2850	7.839107283961046	0.0	1141971	2032.4271648835377	0.114671595	0.7037161489211186
20384.584623665887	2850	7.910356239847575	0.0	1498470	2928.751044113471	0.11845554	0.6209415552632978
20387.649809434817	2850	7.5366479762009675	0.0	1561263	2873.708263646608	0.10778296	0.5904759814659122
20390.46629462171	2850	7.969144102015705	0.0	1341201	2567.5038741852627	0.10555403	0.6627246718638323
20393.67479516854	2850	7.609384451580883	0.0	1497683	2859.759650434822	0.11094833	0.59887181252093
20396.681163985577	2850	7.520570581857253	0.0	1358081	2588.8138697236295	0.11329885	0.6174179530903338
20399.952350541913	2850	7.588754743947362	0.0	1587293	2931.815837909892	0.111535296	0.5896805605954905
20403.137281954147	2850	7.775974373243929	0.0	1492672	2812.780370703433	0.11065683	0.6196042127919621
20406.384100444175	2850	7.833640615595094	0.0	1439896	2942.333757648836	0.116499886	0.6121993165027769
20408.997479658196	2850	7.724193412924789	0.0	1139291	2609.447202670305	0.122854955	0.6349535523804052
20411.81124354245	2850	7.5242774812215725	0.0	1499009	2699.915931703218	0.1411021	0.6066645402360231
20414.940215339535	2850	7.581715578054971	0.0	1427478	2942.561903166601	0.1307214	0.5879284262255475
20417.800004548084	2850	7.870025882588576	0.0	1402287	2711.689695466395	0.13952117	0.6387658466780662
20420.412104235314	2850	7.813025828864967	0.0	1339500	2557.000053723608	0.15552217	0.6487484898715461
20423.749092175145	2850	7.99208169000383	0.0	1527299	3320.9441388611376	0.15211026	0.5895884147228911
20426.395273697974	2850	7.992012848174876	0.0	1343002	2500.0688418289546	0.17714883	0.6716693183205906
20429.598544756635	2850	7.878433583041128	0.0	1587250	3113.5792651337483	0.15787806	0.5993861405870717
20431.59678401493	1850	7.55415992695975	0.0	958994	1824.2736560813764	0.15703715	-0.3563812363755007
20433.604114130172	1850	7.662477608446255	0.0	982064	1891.6823185134947	0.32815582	0.6473035992834733
20436.187746289223	2850	7.938485498833488	0.0	1231456	2223.9921096127678	0.32660344	-0.3058750776323602
20439.20429736319	2850	7.8450299627192726	0.0	1364537	2593.4555361142147	0.16064832	0.6481833764666098

