10279.402677937664	750	4.0	4.746018619318359	450283	4746.018619318359	0.008511871	-19.65788006306894
10280.703833028656	300	6.698844909008274	0.0	155580	1301.1550909917264	0.004705182	-0.15000000000000002
10281.89172080608	300	9.510957131585016	0.0	139857	1187.8877774232599	0.004705182	0.3
10283.277599618072	300	12.125078319591939	0.0	155432	1385.8788119930766	0.004705182	0.3
10284.676812763051	300	14.725865174612448	0.0	163442	1399.2131449794917	0.023396078	0.3
10285.704634557103	300	17.698043380560325	0.0	126289	1027.8217940521236	0.52612734	0.3
10288.560625821568	750	18.842052116096035	0.0	352642	2855.991264464289	0.6870955	0.3
10292.026499487843	750	19.37617844982034	0.0	437162	3465.8736662756914	0.008944648	0.75
10295.13014490661	750	20.272533031053268	0.0	374758	3103.6454187670756	0.010585442	0.75
10298.175036148537	750	21.22764178912586	0.0	362795	3044.891241927405	0.008994678	0.75
10301.98316014119	750	21.419517796471606	0.0	353220	3808.123992654255	0.008519278	0.75
10306.154399511808	750	21.248278425852813	0.0	405134	4171.239370618796	0.004705182	0.75
10309.520382012404	750	21.88229592525709	0.0	386351	3365.982500595721	0.004705182	0.75
10312.123253114696	750	23.279424822965773	0.0	434409	2602.871102291318	0.004705182	0.75
10314.42467776034	750	24.978000177321874	0.0	337059	2301.4246456438973	0.043415684	0.75
10317.16864835896	750	26.2340295787019	0.0	366214	2743.970598619976	0.04820944	0.75
10319.835219048371	750	27.567458889290887	0.0	360831	2666.570689411011	0.037072413	0.75
10322.601374222884	750	28.8013037147788	0.0	372963	2766.155174512085	0.053554144	0.75
10325.99643989257	750	29.40623804509395	0.0	405596	3395.065669684853	0.054978386	0.75
10328.529101105414	750	30.873576832249977	0.0	350713	2532.6612128439715	0.040025216	0.75
10331.788492186519	750	31.614185751145612	0.0	386472	3259.3910811043675	0.16748248	0.75
10335.30386900244	750	32.09880893522233	0.0	399894	3515.3768159232814	0.089969344	0.75
10338.646868257061	750	32.755809680603406	0.0	401853	3342.999254618925	0.051664095	0.75
10342.376019549854	750	33.02665838780903	0.0	343800	3729.151292794371	0.057646535	0.75
10346.991444107985	750	32.41123382967844	0.0	359903	4615.424558130591	0.017363507	0.75
10351.579613218322	750	31.823064719341037	0.0	379700	4588.169110337402	0.0057167537	0.75
10356.067621028571	750	31.33505690909381	0.0	425781	4488.007810247225	0.004705182	0.75
10358.769974746372	750	32.63270319129223	0.0	277716	2702.3537178015804	0.006695754	0.75
10362.991623411484	750	32.411054526180116	0.0	400396	4221.648665112115	0.011948357	0.75
10367.779145703913	750	31.623532233751323	0.0	400508	4787.522292428793	0.0064358986	0.75
10372.901511610458	750	30.50116632720726	0.0	358218	5122.3659065440615	0.0047391783	0.75
10378.65721819434	750	28.745459743325505	0.0	400322	5755.706583881758	0.004705182	0.75
10391.092267224134	750	20.310410713529627	0.0	369834	12435.049029795875	0.004705182	0.75
10397.186982373636	300	18.215695564028714	0.0	163444	6094.715149500915	0.0069063273	-0.15000000000000002
10403.375267607576	300	16.02741033008741	0.0	179328	6188.285233941304	0.004705182	0.3
10408.18861838611	300	15.214059551554998	0.0	159914	4813.35077853241	0.004705182	0.3
10411.870952609568	300	15.531725328095645	0.0	131610	3682.334223459353	0.004705182	0.3
10416.272785550991	300	15.1298923866743	0.0	124011	4401.832941421346	0.004705182	0.3
10420.326295223584	300	15.0763827140805	0.0	144254	4053.509672593798	0.004705182	0.3
10422.986442155758	300	16.4162357819068	0.0	149991	2660.1469321737027	0.004705182	0.3
10425.53166538264	300	17.871012555026883	0.0	147968	2545.2232268799157	0.024789006	0.3
10433.902772018797	750	13.499905918867718	0.0	384505	8371.106636159164	0.5988642	0.3
10438.139166193678	300	13.263511743988593	0.0	145210	4236.394174879126	0.009623071	-0.15000000000000002
10442.713630810858	300	12.689047126807077	0.0	172312	4574.464617181515	0.004705182	0.3
10447.56624029384	300	11.836437643826105	0.0	167025	4852.609482980973	0.004705182	0.3
10449.643735997499	300	13.758941940168599	0.0	160064	2077.495703657507	0.004705182	0.3
10450.528110574516	300	16.87456736315032	0.0	137507	884.3745770182802	0.687476	0.3
10451.770084790245	750	19.632593147421755	0.0	314107	1241.9742157285652	0.005871922	0.3

