3154.688342664319	750	4.0	1.9602828539084163	450283	1960.2828539084162	0.004705182	-8.200125270904891
3156.8730307830856	750	5.815311881233627	0.0	398865	2184.6881187663726	0.616488	0.38137633886816635
3158.851024192197	750	7.753800686855162	0.0	350812	1561.5111943784655	0.48294306	0.6302758169469318
3163.1024093160754	1850	7.502415562976949	0.0	933276	3751.3851238782136	0.41408116	-0.654072837930429
3167.838369838497	1850	6.766455040555814	0.0	996749	4735.960522421134	0.038710427	0.2766325722227019
3170.8030367267243	1850	7.741035526968277	0.0	801058	2525.419513587539	0.10673312	0.591491170133533
3176.0086518046087	1850	6.535420449083643	0.0	905515	5205.615077884633	0.0052089454	0.20742977050418332
3179.7419143904417	750	6.802157863250877	0.0	437162	3733.2625858327665	0.73422164	-0.7784960426978074
3183.0787548856156	750	7.46531736807667	0.0	374758	3336.8404951742073	0.30253798	0.424976034364034
3186.9669269412075	750	7.573714006896455	0.0	362795	2891.6033611802163	0.68374133	0.47993304940010795
3190.3578816705526	750	7.801521022829839	0.0	353220	2772.1929840666153	0.47133553	0.5138007754116032
3193.9750008612923	750	7.817342366849376	0.0	405134	3484.178655980462	0.40267587	0.44412503084876764
3197.8707853530277	750	7.921557875113677	0.0	386351	3895.7844917357	0.42532873	0.4129953102665931
3199.7841743405784	300	7.619225803985801	0.0	179801	1802.3320711278755	0.2936589	0.11917194058655886
3201.148987410747	300	7.662347765262703	0.0	140051	956.8780387230981	0.03431696	0.6578678823867693
3201.9603463203352	300	7.965635783241422	0.0	138313	696.71198202128	0.4824806	0.7130763099511892
3204.131068655301	750	7.72259812724209	0.0	360831	1743.0376559993315	0.21011354	0.15911988839690383
3206.16378974917	750	7.9350798673405665	0.0	372963	1787.5182599015238	0.17597248	0.6251234408137811
3208.847766573625	750	7.510692910247115	0.0	405596	2424.3869570934507	0.27684414	0.520588836494737
3210.83762646961	750	7.595557905485324	0.0	350713	1915.1350047617912	0.06842216	0.5796823855011899
3213.9580072138	750	7.792729969451647	0.0	386472	2302.8279360336765	0.13094272	0.55989113117746
3216.31109325826	750	7.664963418050094	0.0	399894	1627.766551401553	0.05797141	0.6150995915543035
3220.436755306528	1850	7.539301369782066	0.0	968026	4125.662048268028	0.6411872	-0.6879502288775927
3225.9095519873013	1850	6.066504689008778	0.0	874175	5472.796680773288	0.3337302	0.13557792691739323
3228.0535924728792	750	7.9224642034304456	0.0	359903	2144.040485578332	0.13299075	-0.511743053970772
3230.7515118595607	750	7.692413821028525	0.0	379700	2230.0503824019193	0.0815471	0.5575133414340394
3232.830870680852	750	7.971668912522884	0.0	425781	1720.7449085056414	0.0635274	0.6353225137963638
3234.529796336615	750	7.85151307433399	0.0	277716	1120.1558381888933	0.24309932	0.6838162826754026
3236.148643274778	750	7.936474495039692	0.0	400396	1415.038579294299	0.51344043	0.6625056434007239
3239.9151627703436	1850	7.725118941191356	0.0	975811	3711.3555538483365	0.38797215	-0.6286344236502063
3244.027778525419	1850	7.612503186115593	0.0	873429	3612.615755075763	0.022868926	0.47040015977952165
3246.7804405548336	1850	7.725062033804699	0.0	954453	2387.4411523108934	0.048180223	0.6037515391018695
3249.629903419715	1850	7.807940930415916	0.0	885062	2417.1211033887826	0.004705182	0.6087607334814522
3252.5581579146774	1850	7.609984597181012	0.0	1035329	2697.956333234904	0.004705182	0.5616236848707955
3256.0937997939386	1850	7.582312819413995	0.0	1026056	3027.671777767016	0.004705182	0.5259886998588204
3258.9358504310676	1850	7.990272441596647	0.0	943942	2592.040377817347	0.004705182	0.6088184245021535
3261.034062995297	1850	7.511171303637649	0.0	728962	1979.1011379589993	0.004705182	0.6239983108091005
3263.724177643988	1850	7.8606697639274845	0.0	938587	2150.5015397101647	0.004705182	0.6404979009533301
3265.9797828648457	1850	7.937673731988909	0.0	908665	1922.9960319385757	0.004705182	0.6706601725619938
3268.515044816948	1850	7.591347307397453	0.0	930577	2346.3264245914565	0.004705182	0.5949928150756298
3271.6195505031374	1850	7.883562190058221	0.0	858450	2707.7851173392323	0.004705182	0.586972965636154
3274.6846110859397	1850	7.98439220658223	0.0	1025005	2899.1699834759906	0.004705182	0.5775394845270758
3278.2823881388294	1850	7.718448989300643	0.0	886255	3265.943217281586	0.004705182	0.5152648194361374
3282.4961396005283	1850	7.5046975276013965	0.0	973972	4213.751461699247	0.0055033034	0.39991017001723267
3286.8171582651976	1850	7.183678862932042	0.0	958994	4321.018664669355	0.3191972	0.3582850326109397
3288.9923663257687	750	7.574376775634643	0.0	393804	2109.3020872973984	0.43202627	-0.5417730309553546
3290.8342558447303	750	7.611385036290569	0.0	331053	1462.9917393440728	0.015317356	0.6264200916563163
3292.1232744202184	750	7.846324657355591	0.0	314107	1265.0603789349775	0.016403649	0.6688264374762918

