15029.193176011247	750	4.0	3.666539248000215	450283	3666.5392480002147	0.018683173	0.12936594031625764
15030.12542383032	300	7.067752180926023	0.0	155580	932.2478190739762	0.004705182	0.33029698299409616
15032.944625310058	300	7.5125449269096265	0.0	139857	1055.2072540163974	0.004705182	0.8229204505125763
15035.347155784064	300	7.7232768552025775	0.0	155432	1289.2680717070498	0.004705182	0.8255338429546546
15036.958345978492	300	7.564312954387104	0.0	163442	1158.9639008154738	0.004705182	0.8189366831916652
15039.018009574329	300	7.9355943366745665	0.0	126289	1128.7186177125357	0.004705182	0.8678040338486358
15039.924791924013	300	7.552675631795233	0.0	153295	882.9187048793333	0.004705182	0.8451043203084816
15041.357710199196	300	7.878148249856047	0.0	173849	1174.527381939187	0.004705182	0.8561301792208471
15043.328973143	300	7.6817122722763855	0.0	150710	696.4359775796628	0.004705182	0.8796849938212316
15047.293882471755	300	7.636671124361316	0.0	139105	1545.0411479150694	0.004705182	0.7892631601134218
15050.638116988848	300	7.524487941933193	0.0	141840	1612.1831824281212	0.004705182	0.76869748457738
15052.86868955235	300	7.510227303666819	0.0	156148	1514.2606382663744	0.004705182	0.7767289507133348
15054.460355496627	300	7.992550332295145	0.0	160746	1517.6769713716742	0.004705182	0.8359406641903363
15056.223575346454	300	7.972934903384506	0.0	179801	1019.6154289106375	0.004705182	0.8833248639143356
15058.034607605156	300	7.859220903440662	0.0	140051	1113.7139999438448	0.004705182	0.8598745217599236
15060.007987764244	300	7.721190034326619	0.0	138313	1138.0308691140438	0.004705182	0.8403998994493556
15062.682704165365	300	7.85150639290155	0.0	143509	1369.6836414250686	0.004705182	0.8333250322415358
15066.541851391466	300	7.992359166801036	0.0	150616	3359.147226100514	0.004705182	0.6517700351482907
15070.860902379036	300	7.673308179231345	0.0	165384	4319.050987569691	0.004705182	0.5163858233811296
15074.72595214024	300	7.80825841802654	0.0	140881	3865.049761204805	0.004705182	0.5784485100939926
15078.656093059637	300	7.878117498630113	0.0	157671	3930.1409193964273	0.004705182	0.5805650285624451
15081.481743226592	300	7.514503256438025	0.0	157812	2363.614242192088	0.004705182	0.6923215503871838
15083.838359662263	300	7.997213029633916	0.0	163927	1517.2902268041098	0.004705182	0.8365550508049195
15085.298283712216	300	7.666914089990976	0.0	137654	1330.2989396429407	0.004705182	0.8144715377466005
15087.18611156992	300	7.982812730593487	0.0	146754	1184.1013593974897	0.004705182	0.8680959050824879
15090.329335520784	300	7.753063975714907	0.0	153938	1229.7487548785787	0.004705182	0.8351636473750269
15092.07965404554	300	7.624642354479849	0.0	181901	1128.4216212350586	0.004705182	0.8294398975591357
15093.422743410192	300	7.974046123913759	0.0	111155	650.5962305660911	0.004705182	0.9203639882727465
15095.294702305702	300	7.639313200201937	0.0	153605	834.7329237118204	0.004705182	0.8606202046907582
15097.452452683596	300	7.544050992154529	0.0	149029	1095.2622080474089	0.004705182	0.822805069240613
15099.906662379028	300	7.528190257861755	0.0	157421	1015.860734292773	0.004705182	0.8287868614192935
15101.25172863081	300	7.814831584039299	0.0	157488	1213.3586738224567	0.004705182	0.8444292202110028
15102.799150225648	300	7.751974637601645	0.0	143881	1062.856946437653	0.0047205584	0.8517183255589159
15104.386387948114	300	7.935638076567977	0.0	163444	1316.3365610336682	0.0047438005	0.8490476401648144
15108.620246670638	300	7.539159296023132	0.0	179328	2896.4787805448445	0.004770738	0.642079424914157
15112.584719509767	300	7.574686456893469	0.0	159914	2464.472839129662	0.0047825975	0.6896666255540309
15116.026232233457	300	7.789856495601947	0.0	131610	2284.829961291521	0.004785219	0.7341983695298798
15120.314355177092	300	7.501733551967785	0.0	124011	2288.1229436341614	0.0048029786	0.6982939804099761
15124.27189474954	300	7.5441939795210455	0.0	144254	3457.53957244674	0.004846718	0.5865949877242871
15128.005927825883	300	7.810160903177631	0.0	149991	3734.0330763434145	0.004846004	0.5917850820602397
15132.253506957644	300	7.562581771415174	0.0	147968	3247.579131762456	0.0048750835	0.6098614076245356
15136.23527496854	300	7.5808137605185895	0.0	161857	2981.7680108965847	0.004876394	0.6386936582744004
15140.191232340732	300	7.624856388326396	0.0	145210	2955.9573721921934	0.00502895	0.6467127496317953
15144.74146080534	300	7.074627923720098	0.0	172312	4550.228464606298	0.0052360827	0.41934787955350655
15148.700498260241	300	7.115590468817951	0.0	167025	3959.0374549021476	0.005105797	0.4835247043080209
15151.942015186694	300	7.874073542365599	0.0	160064	3241.516926452352	0.005232807	0.6489281128428068
15154.655779840228	300	7.818424034914748	0.0	137507	2555.6495074508516	0.005494687	0.7106437036283173
15158.239545190536	300	7.560598937804692	0.0	118421	1757.8250971100556	0.0067582848	0.7585919868317201

