1928.6363739139827	750	4.0	5.8396300502769165	450283	5839.630050276916	0.051696837	-0.1505630050276916
1930.8765922897283	300	5.759781624254254	0.0	155580	2240.2183757457465	0.526778	-0.11388307461584846
1932.804684123934	300	7.831689790048644	0.0	139857	1428.0918342056093	0.05110161	0.6188226486616697
1934.3581274492399	300	7.988938290909931	0.0	155432	1342.7514991387127	0.041727133	0.6426490988771195
1936.8215379435815	300	7.507579018772696	0.0	163442	1481.3592721372345	0.06451456	0.5819761323619213
1939.4760900841368	300	7.796328521447235	0.0	126289	1211.2504973254609	0.0611907	0.6370678989781975
1941.338742505084	300	7.746653061088498	0.0	153295	1549.675460358737	0.05067869	0.5983944641549828
1944.3207195108769	300	7.63215314813632	0.0	173849	1614.4999129521784	0.04580729	0.5807769023610393
1947.6223808691288	300	7.9650609296306305	0.0	150710	1667.0922185056902	0.05157573	0.6078929535560098
1950.0816705474642	300	7.717700703236107	0.0	139105	1747.360226394524	0.044283736	0.5758103707502591
1951.3818961934767	300	7.513552601450278	0.0	141840	1204.1481017858293	0.04196447	0.6102781803124566
1953.2383769543399	300	7.6933510169820165	0.0	156148	1820.2015844682608	0.045378968	0.5661582279546751
1956.66246131662	300	7.7144484192394955	0.0	160746	2478.902597742521	0.042196125	0.502339848996789
1959.4090018357015	300	7.773769041967419	0.0	179801	2440.679377272077	0.036970712	0.5119311016041238
1963.1912288922576	300	7.991541985411233	0.0	140051	1782.2270565561842	0.032693345	0.598954752425624
1966.728757856781	300	7.631821535582441	0.0	138313	1859.7204498287917	0.030160334	0.5562225993525132
1970.757884680383	300	7.6026947119803046	0.0	143509	3029.1268236021365	0.02976888	0.43644937837987097
1972.511529036132	300	7.62934019850408	0.0	150616	1473.3545134762255	0.026528385	0.5946178829568993
1976.2855311463925	300	7.855338088243858	0.0	165384	2274.0021102602213	0.027443605	0.536531418055693
1979.4784757310208	300	7.806011795996219	0.0	140881	2049.326292247639	0.02554707	0.5542020179358684
1983.3330683054087	300	7.951419221608438	0.0	157671	2854.5925743877806	0.025040394	0.4878162618626425
1985.7100152343996	300	7.682051190497192	0.0	157812	1769.3680311112455	0.022885667	0.5701426751647274
1987.3335937343568	300	7.949051446708381	0.0	163927	1232.9997437888114	0.023746494	0.649745278813509
1988.9669442491793	300	7.852665505381428	0.0	137654	1096.3859413269533	0.030261723	0.6540331262656486
1990.9697203776477	300	7.759759794644941	0.0	146754	1092.9057107364883	0.03224309	0.6453460689555717
1993.029928333537	300	7.529591016066177	0.0	153938	1230.1687785787637	0.036325447	0.6092358484545594
1994.7285382009036	300	7.750305604488369	0.0	181901	1279.2854115778086	0.036739312	0.625788678878713
1996.8489350957677	300	7.799769441950517	0.0	111155	950.5361625378522	0.04117693	0.6634739619759025
1998.6261006652066	300	7.631116975894314	0.0	153605	1168.652466056203	0.038452312	0.6252608793001019
2001.4498926567787	300	7.918477593799579	0.0	149029	1212.639382094736	0.041447002	0.6488080077875354
2003.6631958399514	300	7.797402215951779	0.0	157421	1621.0753778477995	0.043361884	0.5961898277165306
2007.9206252105205	300	7.539972845382688	0.0	157488	2257.429370569091	0.039596125	0.5075194221565573
2010.921548436516	300	7.854339849332033	0.0	143881	1685.632996050655	0.0359761	0.5952712507424747
2013.0466136831167	300	7.849452398004233	0.0	163444	1504.8874513278013	0.032948334	0.6128705005731315
2015.4364452483592	300	7.67462551301932	0.0	179328	1174.8268849849123	0.035355285	0.6288746426426377
2017.5191253509338	300	7.9307878208607345	0.0	159914	1243.8376921585862	0.042944808	0.6468853463628479
2019.1644274088615	300	7.987557997105036	0.0	131610	1443.2298237556995	0.041887723	0.6324670328428947
2021.5350046386204	300	7.813305427811441	0.0	124011	1174.2525692935947	0.037446223	0.6424186959253032
2024.3893943928838	300	7.649272923912431	0.0	144254	1664.0325038990115	0.039058954	0.5774885414605828
2026.6401814575386	300	7.594058002267315	0.0	149991	1555.2149216451157	0.039314188	0.5830006485559849
2029.3051755288934	300	7.749346985594677	0.0	147968	1344.7110166726377	0.04042243	0.6191528926818186
2031.2755986149905	300	7.559277041887349	0.0	161857	1690.069943707327	0.041310295	0.5661326979528121
2033.399899920484	300	7.7523029313353895	0.0	145210	1306.9741105519606	0.043593217	0.6232140490171706
2036.2287780034947	300	7.791527525800721	0.0	172312	1960.775405534668	0.04365662	0.5616485113306533
2038.9029461147045	300	7.8484948089339746	0.0	167025	1943.0327168667452	0.041013062	0.5689628484821545
2043.147993628023	300	7.603447295615395	0.0	160064	2745.0475133185796	0.040384687	0.4649304981667392
2046.8316329209297	300	7.9198080027087014	0.0	137507	2683.639292906694	0.035879	0.5018373989727518
2049.4422555505816	300	7.799407692666911	0.0	118421	2120.4003100417895	0.031396903	0.5464523671076782

