1690.6432201544258	750	4.0	1.7282306058808998	450283	1728.2306058809	0.018596124	-7.256973000636706
1691.3209939768187	300	7.32222617760719	0.0	155580	677.7738223928094	0.5604406	-0.3802325581395349
1693.039653915969	750	7.625898465083829	0.0	350812	1696.3277125233612	0.103010945	-0.2755813953488372
1695.0275996164958	750	7.973091732903986	0.0	382355	1652.8067321798428	0.08968544	0.1744186046511628
1696.2223678974372	750	7.568277014621636	0.0	411561	904.8147182823511	0.08285996	0.1744186046511628
1697.379648033657	750	7.754613813691314	0.0	318564	813.6632009303203	0.07843043	0.1744186046511628
1698.3386559986386	750	7.9769182320454455	0.0	352642	777.6955816458677	0.06724938	0.1744186046511628
1699.1986551521645	750	7.657574908950154	0.0	437162	819.3433230952924	0.055142	0.1744186046511628
1700.1530080628868	750	7.905726373604484	0.0	374758	751.8485353456692	0.042818606	0.1744186046511628
1701.1493282270885	750	7.588818364741821	0.0	362795	816.9080088626631	0.039675526	0.1744186046511628
1702.4191511323263	750	7.703613037442512	0.0	353220	885.2053272993095	0.03412989	0.1744186046511628
1703.822545756268	750	7.994224547840877	0.0	405134	1209.3884896016345	0.031223439	0.1744186046511628
1705.3222720416097	750	7.976364424639956	0.0	386351	1017.8601232009205	0.02920819	0.1744186046511628
1707.1402389460575	750	7.713314105936555	0.0	434409	1263.0503187034005	0.02805901	0.1744186046511628
1708.751787141345	750	7.784998286864917	0.0	337059	1428.3158190716376	0.027726933	0.1744186046511628
1709.8520461344062	750	7.80648495939233	0.0	366214	978.5133274725872	0.03046248	0.1744186046511628
1710.982285271251	750	7.972238261914344	0.0	360831	834.2466974779858	0.025665937	0.1744186046511628
1714.163878931925	750	7.879437636960607	0.0	372963	2592.8006249537366	0.025925498	0.1744186046511628
1715.9731051047775	750	7.929220996844451	0.0	405596	1450.2166401161555	0.04159745	0.1744186046511628
1717.510878376	750	7.814839232501559	0.0	350713	1114.3817643428931	0.02891517	0.1744186046511628
1722.1950500247156	4300	7.130667583785985	0.0	2039773	4684.1716487155745	0.03139233	-2.55
1724.2815579932355	1850	7.651195091523434	0.0	955231	1979.47249226255	0.7443878	-2.0197674418604654
1725.3074850101848	750	7.751749344977612	0.0	401853	899.445746545823	0.075871244	-0.9255813953488373
1726.5059635917853	750	7.86075075137892	0.0	343800	890.998593598692	0.015270593	0.1744186046511628
1727.9879665467472	750	7.568489186849045	0.0	359903	1292.2615645298758	0.016348025	0.1744186046511628
1729.7813667951305	750	7.961659772173276	0.0	379700	1106.8294146757685	0.024601342	0.1744186046511628
1731.1849739183285	750	7.66814164647801	0.0	425781	1293.518125695265	0.020324469	0.1744186046511628
1732.4272156266754	750	7.897065329005987	0.0	277716	771.0763174720234	0.02761266	0.1744186046511628
1733.7702044457333	750	7.611153552914511	0.0	400396	1285.911776091476	0.016258825	0.1744186046511628
1735.819402489885	750	7.565093062321888	0.0	400508	1046.060490592623	0.01832071	0.1744186046511628
1738.752960782042	750	7.5448827070229	0.0	358218	2020.210355298988	0.016597822	0.1744186046511628
1740.8358723106528	750	7.525100930146478	0.0	400322	1519.7817768764219	0.047204945	0.1744186046511628
1742.765327471149	750	7.886938144765747	0.0	369834	1638.1627853807302	0.03867583	0.1744186046511628
1745.2160849585518	750	7.692205660121838	0.0	412837	2194.732484643909	0.07670079	0.1744186046511628
1746.8803147741921	750	7.878103201181202	0.0	401088	1314.1024589406359	0.24997655	0.1744186046511628
1748.0899455314325	750	7.868351539410949	0.0	365161	1009.7516617702537	0.035076253	0.1744186046511628
1749.3319916710414	750	7.657268040841558	0.0	321064	1211.083498569391	0.021626256	0.1744186046511628
1752.8514255740795	750	7.8380324433421755	0.0	361565	2319.2355974993825	0.028882463	0.1744186046511628
1756.5613909965994	750	7.95814884685164	0.0	378327	2879.8835964905347	0.23802634	0.1744186046511628
1759.0167886326342	300	7.505490917848952	0.0	149991	2452.657929002688	0.705799	-0.3802325581395349
1760.0561692342312	300	7.86717042765145	0.0	147968	638.3204901975015	0.058434103	0.06976744186046512
1761.1622247087903	300	7.5346728080616465	0.0	161857	832.4976195898035	0.6203363	0.06976744186046512
1762.04723536113	300	7.838946385551298	0.0	145210	695.726422510348	0.6224792	0.06976744186046512
1763.1104389852912	750	7.996986678835588	0.0	438281	841.9597067157105	0.6623468	-0.2755813953488372
1764.2503258859683	750	7.602665206269699	0.0	398987	894.321472565889	0.013577527	0.1744186046511628
1765.3078647238767	750	7.586678568171032	0.0	393804	1015.9866380986667	0.012370863	0.1744186046511628
1766.1903729503022	750	7.861200449913202	0.0	331053	725.4781182578292	0.010751527	0.1744186046511628
1767.5973208552227	750	7.701241546786863	0.0	314107	659.9589031263388	0.010271991	0.1744186046511628

