776.4306055102753	750	4.0	3.13772266060829	450283	3137.72266060829	0.07457252	0.036227733939171
779.4569165162749	1200	4.973688994000428	0.0	611087	3026.311005999572	0.70191664	-0.24177553847493044
781.3040193145217	1200	7.126586195753604	0.0	571051	1847.102798246823	0.34029084	0.46070135740991797
783.0583551399933	1200	7.549986558345166	0.0	617681	1576.5996374084382	0.25415838	0.5142141961557292
785.3289551939271	1200	7.72855461110982	0.0	652874	1821.4319472353482	0.1872667	0.500891468470829
788.4160112540221	1200	7.954610672561523	0.0	520315	2773.9439385482965	0.20250238	0.4197687731802655
790.4865909813066	300	7.895876764792722	0.0	153295	1058.7339077688007	0.4004123	-0.5123810929773349
792.5338951056492	300	7.653147669579175	0.0	173849	1242.7290952135452	0.021976706	0.35404881982734393
796.2966973311837	300	7.890345444044755	0.0	150710	2262.8022255344204	0.019137189	0.2668663676993551
798.0964051861959	300	7.6341802011204525	0.0	139105	1756.1652429243031	0.011832263	0.301519738277598
799.6591212266155	300	7.649593424954561	0.0	141840	984.5867761658932	0.009527444	0.3796409114430707
800.8050018691976	300	7.9207177643903375	0.0	156148	728.8756605642238	0.013329657	0.4221572942179737
801.586365733922	300	7.793538351687092	0.0	160746	627.1794127032459	0.026008062	0.42437820571011864
802.3033624004854	300	7.617132225315952	0.0	179801	676.4061263711384	0.034702893	0.40843015144513317
803.5163068070277	300	7.550955234940989	0.0	140051	566.1769903749637	0.045612656	0.4153170031463155
804.3601037817728	300	7.947440422252086	0.0	138313	603.5148126889037	0.049521595	0.436363545121865
804.9929031640986	300	7.516181878867268	0.0	143509	431.25854338481884	0.04353401	0.4266355130907224
805.7468565584115	300	7.914975634581332	0.0	150616	601.2062442859373	0.08920705	0.4345653527327395
806.9367569549795	300	7.7113989111607575	0.0	165384	703.576723420574	0.06871238	0.4116047596054899
807.7636898870876	300	7.751094281680511	0.0	140881	460.3046294802467	0.058150813	0.4384129296570073
808.2059493234984	300	7.848278786339017	0.0	157671	402.81549534149434	0.09122558	0.4502358746120391
808.7913445314076	300	7.8703031910690955	0.0	157812	477.975595269922	0.17763212	0.44409638991482625
809.6694017323271	300	7.854984363528936	0.0	163927	515.3188275401588	0.13808222	0.4394046399665426
810.4574365957361	300	7.882336089914073	0.0	137654	472.6482736148625	0.11251003	0.44538117825814333
811.2281720865446	300	7.994661634606884	0.0	146754	387.67445530718965	0.120076336	0.4608989066322113
811.8426345089769	300	7.538960988841529	0.0	153938	455.70064576535395	0.1900225	0.42561499722606017
812.5917551809816	300	7.96878152672256	0.0	181901	570.1794621189699	0.15787373	0.441030899208263
813.1269456659984	300	7.62065689415708	0.0	111155	348.1246325654796	0.13251708	0.44147859262826955
813.8536688162429	300	7.610828197260369	0.0	153605	509.8286968967123	0.14583775	0.4246938926391018
814.8651925617564	300	7.73351361317752	0.0	149029	377.3145840828491	0.13449639	0.4456131424153101
815.9068545236937	300	7.549787155924274	0.0	157421	683.7264572532466	0.22240803	0.4034890515199424
817.050472335364	300	7.566946049931125	0.0	157488	482.8411059931507	0.09427565	0.4246500175213802
817.9524032135505	300	7.851368897176464	0.0	143881	715.5771527546616	0.14339198	0.4191528407980628
820.4510870471183	300	7.520203852608444	0.0	163444	831.1650445680207	0.077679	0.38689623633122566
821.9640242903416	300	7.557494625496716	0.0	179328	962.7092271117274	0.06403196	0.376072491382372
823.0939192549398	300	7.907661217753437	0.0	159914	649.8334077432787	0.053685866	0.4292454853352619
823.779228184781	300	7.915037507760255	0.0	131610	492.62370999318256	0.06536783	0.4454274732356977
824.6644064602524	300	7.923790960948642	0.0	124011	491.24654681161354	0.090729415	0.4461122803781288
825.3319493392598	300	7.936985442774651	0.0	144254	486.80551817399015	0.07870136	0.44738103835601667
826.1025004602501	300	7.797078496196392	0.0	149991	639.9069465782577	0.14643693	0.42332671135444877
827.0748188338822	300	7.701241406086228	0.0	147968	595.837090110165	0.12722856	0.42174387886937276
827.9738260285603	300	7.564978412008219	0.0	161857	636.26299407801	0.15511	0.40918485134271265
828.6412870545099	300	7.9126200328333365	0.0	145210	652.3583791748814	0.18458319	0.4293029141345954
829.3907094692404	300	7.745460158355599	0.0	172312	667.1598744777374	0.18891932	0.4173752724494512
830.2056638821042	300	7.584114227050008	0.0	167025	661.3459313055915	0.25593394	0.40787254606006634
831.1940789961192	300	7.8817109058216595	0.0	160064	702.4033212283496	0.2910115	0.42236659949101873
832.3292487962289	300	7.987131954610075	0.0	137507	894.5789512115834	0.3097562	0.40973785204197133
833.6246914561011	300	7.794706049123015	0.0	118421	692.4259054870599	0.21359551	0.41792653752148246

