5559.123866720258	750	4.0	3.1328471558220468	450283	3132.8471558220467	0.037060883	0.12011528441779534
5561.580595188091	750	5.54327153216687	0.0	398865	2456.72846783313	0.64738363	0.33781030971991516
5562.679069520755	300	7.663822182432476	0.0	139857	879.4493497343944	0.6397947	0.2073617722681189
5566.074438128281	750	7.705650327213918	0.0	382355	2458.1718552185575	0.07644063	0.0979573087996978
5568.278279111023	300	7.902328216747239	0.0	163442	1303.3221104666802	0.5564289	0.18816920803200096
5570.243454100147	300	7.725000258472806	0.0	126289	1177.327958274433	0.06919602	0.6335234793090371
5572.190627538268	300	7.9453369690365	0.0	153295	1279.6632894363074	0.052818473	0.6447176912951689
5575.115036602136	300	7.926887606795943	0.0	173849	1518.4493622405573	0.05223252	0.6190448835368498
5577.584973169444	300	7.924899107205074	0.0	150710	1501.9884995908699	0.055014774	0.6204975882166064
5579.766568994315	300	7.863075266777905	0.0	139105	1061.8238404271683	0.048242375	0.6585016856514344
5583.115357159934	300	7.843567166640963	0.0	141840	1519.5081001369413	0.052900467	0.6108360969421396
5584.515794261668	300	7.632988658064627	0.0	156148	1210.5785085763357	0.04881975	0.6212502961391514
5586.504519466423	300	7.968555328416209	0.0	160746	1664.4333296484176	0.05102256	0.6084986727236346
5588.46825420556	300	7.603833901150422	0.0	179801	1364.7214272657866	0.045200117	0.6030007041602998
5589.887312793719	300	7.9338112344067175	0.0	140051	1170.022666743704	0.04838546	0.6545608758716829
5591.1017976476205	300	7.896086782463235	0.0	138313	1037.7244519434826	0.045068424	0.6641219944002014
5593.716846796792	300	7.781942389806663	0.0	143509	1114.1443926565705	0.046157017	0.645379458143041
5596.009022762057	300	7.716306790182076	0.0	150616	1565.6355996245868	0.048857428	0.5938472753827482
5597.445424135981	300	7.9163763146395905	0.0	165384	1299.9304755424855	0.041973684	0.6398745490444516
5599.889665678451	300	7.532490935395546	0.0	140881	1383.885379244044	0.04464879	0.5941462055428125
5602.738958216984	300	7.653022814492208	0.0	157671	1379.4681209033388	0.040399015	0.6063096566190334
5605.434986505032	300	7.949920807733465	0.0	157812	1703.1020067587433	0.041641958	0.6028195978762051
5606.968069823519	300	7.759842293904377	0.0	163927	1190.0785138290855	0.03778422	0.6356368116992921
5610.16398501178	750	7.733387159322334	0.0	343800	2026.4551345820437	0.04083769	0.14382638778589257
5611.031507472534	300	7.894355908095127	0.0	146754	839.0312512272058	0.4298097	0.23382298693953057
5613.5280695166175	300	7.895320466966845	0.0	153938	999.0354411282833	0.0443809	0.6679163712996974
5615.400244939794	300	7.702996142706241	0.0	181901	1692.3243242606047	0.04377261	0.5798839424521215
5617.724818024195	300	7.670635073663736	0.0	111155	1032.3610690425053	0.04221241	0.6427331540095478
5619.596962255236	300	7.510669042122516	0.0	153605	1659.96603154122	0.038315866	0.5644159611922928
5620.938720601346	300	7.81587893541733	0.0	149029	1194.790106705186	0.035799984	0.6406152157988168
5623.805563756649	300	7.755941510868434	0.0	157421	1059.9374245488955	0.04017708	0.6482715694770657
5625.765676922455	300	7.979337707491892	0.0	157488	1776.6038033765417	0.043337118	0.5983302117159324
5627.165598508542	300	7.511131662413913	0.0	143881	968.206045077979	0.039659955	0.6336369496619552
5629.565171473651	300	7.942202874113336	0.0	163444	1568.9287883005766	0.043808833	0.6154863506774644
5631.759145168432	300	7.945538138927516	0.0	179328	1496.6647351858212	0.039564464	0.6230371104921189
5634.020498681049	300	7.763515848116302	0.0	159914	1182.0222908112146	0.042505026	0.6367996871481889
5636.282295071407	300	7.627283268639774	0.0	131610	1136.2325794765286	0.04324196	0.6281300399275652
5637.81058828563	300	7.50591857172002	0.0	124011	1121.3646969197537	0.04323818	0.6178141114077966
5639.1961392629255	300	7.706607360773292	0.0	144254	1299.3112109467274	0.045559287	0.6195364447405299
5641.067355326155	300	7.819119169433212	0.0	149991	1387.4881913400811	0.043698296	0.6216605200933718
5643.073008569941	300	7.948156550234944	0.0	147968	1370.9626191982682	0.0470373	0.6358619625905215
5645.169609367842	300	7.852201415927986	0.0	161857	1595.9551343069572	0.044176735	0.604031074268301
5646.886891015569	300	7.958883419051639	0.0	145210	1393.3179968763473	0.044931002	0.6346696128151372
5649.138794488225	300	7.769913446163222	0.0	172312	1188.9699728884168	0.045128595	0.6367270853505316
5650.826399654508	300	7.7925776129008595	0.0	167025	977.335833262362	0.051116385	0.6600945895283724
5653.201210691397	300	7.540306765717272	0.0	160064	1252.2708471835876	0.059506144	0.608067748247646
5655.193936112196	300	7.710214250319921	0.0	137507	1330.0925153973503	0.056469932	0.6168090843038774
5656.972328772318	300	7.702334287159767	0.0	118421	1007.879963160155	0.05164298	0.6482640131102718

