6988.97696491908	750	4.0	6.819045761582508	450283	6819.045761582508	0.050146587	-29.147478170153622
6990.923940586194	300	6.053024332886424	0.0	155580	1946.975667113577	0.044938646	-0.3802325581395349
6993.459057790499	300	7.517907128580474	0.0	139857	1535.1172043059482	0.10127567	0.06976744186046512
6995.8009291364215	300	7.537540700570771	0.0	155432	1980.3664280097041	0.5314728	0.06976744186046512
6997.635539552029	300	7.840987994673256	0.0	163442	1196.5527058975144	0.35897917	0.06976744186046512
6999.091598130139	750	7.631987570023135	0.0	318564	1209.0004246501203	0.6568246	-0.2755813953488372
7001.263940237955	750	7.899345573745082	0.0	352642	1732.641996278054	0.18034849	0.1744186046511628
7003.446062499397	750	7.808134551241936	0.0	437162	2091.2110225031465	0.17211144	0.1744186046511628
7005.2224524266885	750	7.725395159366592	0.0	374758	1582.7393918753442	0.056559037	0.1744186046511628
7007.015995328555	750	7.540448947541027	0.0	362795	1684.9462118255651	0.054721493	0.1744186046511628
7009.046345463951	750	7.984572277313689	0.0	353220	1555.876670227337	0.06109687	0.1744186046511628
7011.363682386704	750	7.758140562822213	0.0	405134	1726.4317144914767	0.04787185	0.1744186046511628
7014.860107088078	750	7.950380759065539	0.0	386351	2307.7598037566736	0.05157671	0.1744186046511628
7023.903670779878	750	4.0	1.09318293273364	434409	9043.56369179918	0.096106485	-4.526268006103488
7025.848197657782	300	6.05547312209478	0.0	140051	1944.52687790522	0.04041374	-0.3802325581395349
7028.387926832444	300	7.515743947434036	0.0	138313	1539.7291746607455	0.032863237	0.06976744186046512
7030.8726952473935	300	7.961602070500108	0.0	143509	1554.1418769339268	0.09226744	0.06976744186046512
7033.100774001811	300	7.592876014759071	0.0	150616	868.726055741037	0.09655061	0.06976744186046512
7036.999528399401	300	7.694121617169025	0.0	165384	2898.7543975900467	0.29991007	0.06976744186046512
7039.810010787525	300	7.8929340379958015	0.0	140881	1801.1875791732245	0.028260883	0.06976744186046512
7043.114945219323	300	7.600114207507188	0.0	157671	1792.8198304886141	0.043734424	0.06976744186046512
7044.496108061784	300	7.930590034481665	0.0	157812	1169.5241730255213	0.12008165	0.06976744186046512
7045.767791846742	300	7.74056747191993	0.0	163927	690.022562561736	0.39782262	0.06976744186046512
7047.583054618054	750	7.963766692711897	0.0	343800	1776.800779208033	0.39863992	-0.2755813953488372
7049.7657698965695	750	7.736640039956186	0.0	359903	1727.1266527557118	0.19536832	0.1744186046511628
7052.050293093004	750	7.622172788018894	0.0	379700	1614.4672519372923	0.13512069	0.1744186046511628
7054.681235740933	750	7.671729488753162	0.0	425781	1950.443299265731	0.09210595	0.1744186046511628
7056.261431408921	750	7.8568812813906135	0.0	277716	1314.8482073625491	0.10177116	0.1744186046511628
7058.383228780239	750	7.623656340344213	0.0	400396	1733.224941046402	0.08247223	0.1744186046511628
7061.7883865003705	750	7.760363638213945	0.0	400508	2363.292702130267	0.10134352	0.1744186046511628
7069.649439528355	750	4.0	0.1006893897703776	358218	7861.053027984322	0.3348305	-0.25854577136146084
7072.088230982751	300	5.561208545603527	0.0	157488	2438.791454396472	0.014676165	-0.3802325581395349
7073.819981600068	300	7.829457928287213	0.0	143881	1731.7506173163151	0.008263101	0.06976744186046512
7076.672528780498	300	7.959914463671132	0.0	163444	1869.5434646160804	0.027353695	0.06976744186046512
7078.049648140207	300	7.602856636984419	0.0	179328	1357.0578266867133	0.025427613	0.06976744186046512
7081.736704276905	300	7.915800500286867	0.0	159914	3187.0561366975517	0.03431782	0.06976744186046512
7085.554524940803	300	7.935448974586762	0.0	131610	1980.3515257001056	0.0072393753	0.06976744186046512
7087.043727712797	300	7.614582233989926	0.0	124011	1320.8667405968358	0.008268813	0.06976744186046512
7089.25899425115	300	7.901116885111451	0.0	144254	1213.4653488784757	0.025370823	0.06976744186046512
7090.592682213505	300	7.530173536822054	0.0	149991	870.9433482893966	0.06623112	0.06976744186046512
7092.202400041939	300	7.686686910587654	0.0	147968	843.4866262344015	0.27529323	0.06976744186046512
7093.286578445708	300	7.887713405152516	0.0	161857	798.973505435139	0.47159314	0.06976744186046512
7094.615576895434	300	7.830816624706396	0.0	145210	556.8967804461199	0.70537233	0.06976744186046512
7097.145005874536	750	7.902152860095615	0.0	438281	1928.663764610781	0.31852344	-0.2755813953488372
7099.618770692616	750	7.620653110801391	0.0	398987	1781.4997492942232	0.14136884	0.1744186046511628
7101.908460409588	750	7.851940839157489	0.0	393804	1768.7122716439023	0.17260262	0.1744186046511628
7104.53109975087	750	7.726109805330738	0.0	331053	1625.831033826751	0.19400893	0.1744186046511628
7110.746866058036	750	5.510343498165487	0.0	314107	6215.7663071652505	0.3487073	0.1744186046511628

