5945.3734343414	750	4.0	3.7572090788844412	450283	3757.209078884441	0.4416047	-16.106600660799398
5946.604168955325	300	6.76926538607515	0.0	155580	1230.7346139248493	0.38866416	0.09452201475385978
5949.823962148907	750	7.549472192492634	0.0	350812	2719.793193582516	0.36133322	0.04478076353491517
5955.586512306215	750	5.786922035184936	0.0	382355	5762.550157307698	0.22587043	0.02085757955410672
5958.003904147196	300	7.3695301942039935	0.0	163442	2417.3918409809426	0.691123	0.033632472871542085
5960.383570166235	300	7.848536541175076	0.0	126289	1520.9936530289176	0.5600523	0.6193772056036038
5963.7336940630485	750	7.902810809172619	0.0	352642	2945.7257320024564	0.59373486	0.05619675949850461
5969.74743921644	750	5.889065655781112	0.0	437162	6013.745153391507	0.10868142	0.0055695213589022075
5972.82341654023	750	6.813088331992205	0.0	374758	3075.9773237889062	0.6955056	0.38828455374279813
5976.5131432592125	750	7.123361613009167	0.0	362795	3689.7267189830386	0.11602028	0.3567737757499494
5985.083072858399	750	4.0	1.446567986177368	353220	8569.929599186535	0.10468467	-6.652116014189194
5988.86789537462	300	4.215177483778614	0.0	156148	3784.8225162213857	0.025685009	-0.4067206849159624
5993.710489411201	300	4.0	0.6274165528012554	160746	4842.59403657987	0.0057124435	-2.781100095245913
5998.486019269491	300	4.0	0.7755298582907398	179801	4775.52985829074	0.0053326935	-3.411280891021783
6001.282424659005	300	5.2035946104864435	0.0	140051	2796.405389513556	0.004705182	0.2372573173859332
6004.577391085662	300	5.90862818382946	0.0	138313	3294.966426656983	0.0049146507	0.25526150910842416
6009.402357735579	300	5.083661533912061	0.0	143509	4824.966649917398	0.016680028	0.022857494255500876
6014.800359974812	300	4.0	0.3143407053209039	150616	5398.002239232966	0.004705182	-1.4904147713457112
6020.578575491907	300	4.0	1.7782155170949	165384	5778.2155170949	0.004705182	-7.823097789760087
6024.830040476592	300	4.0	0.2514649846855664	140881	4251.464984685566	0.004705182	-1.1053954471590197
6028.509515187358	300	4.3205252892335135	0.0	157671	3679.4747107664857	0.004705182	0.0639539435347754
6031.749273175012	300	5.080767301580696	0.0	157812	3239.757987652818	0.004705182	0.18109978727850418
6034.732378312549	300	6.097662164042275	0.0	163927	2983.105137538421	0.004705182	0.30464237686656936
6036.700561861322	300	7.9001115825122685	0.0	137654	1697.5505815300066	0.0059096115	0.6066856700286067
6040.708417719341	300	7.826500175274552	0.0	146754	2073.611407237717	0.13484965	0.5619944045225229
6044.635493655662	300	7.899424238953159	0.0	153938	3427.075936321393	0.11459392	0.4336669769383254
6048.732475404137	300	7.802442490477114	0.0	181901	4096.981748476045	0.028842974	0.35734179046093006
6052.973089412147	300	7.561828482468299	0.0	111155	3240.614008008815	0.015400623	0.41981918843383487
6057.849979010994	300	6.684938883620859	0.0	153605	4876.8895988474405	0.011175298	0.17178999304048748
6062.729475421721	300	5.8054424728936525	0.0	149029	4879.496410727206	0.004705182	0.08687676688988133
6068.836838868635	300	4.0	0.3019209740204078	157421	6107.363446914061	0.004705182	-1.507946047521687
6072.333447132345	300	4.5033917362893	0.0	157488	3496.6082637106992	0.004705182	0.09984169489950073
6077.039136398316	300	4.0	0.20229752968142475	143881	4705.6892659707255	0.004705182	-0.9393978187697268
6082.9423270297175	300	4.0	1.903190631401123	163444	5903.190631401123	0.004705182	-8.372988292707468
6088.880858036576	300	4.0	1.9385310068589205	179328	5938.531006858921	0.004705182	-8.528485944721778
6092.9005977073975	300	4.0	0.019739670821637446	159914	4019.7396708216374	0.004705182	-0.08580406615773256
6095.205562523091	300	5.695035184306485	0.0	131610	2304.9648156935154	0.004705182	0.3337030973950521
6096.964807577709	300	7.935790129689425	0.0	124011	1259.2450546170596	0.004705182	0.6539503240786758
6098.822661625358	300	7.5421802605399355	0.0	144254	1393.6098691494888	0.04492149	0.6026284382741391
6100.371673951371	300	7.924796220282424	0.0	149991	1117.3840402575127	0.19443767	0.6670782490410941
6102.804339362423	750	7.7042775906350816	0.0	345516	2220.5186296473416	0.46676618	0.10960841823154532
6106.448933915442	750	7.603053676327256	0.0	384505	2601.2239143078255	0.4388429	0.511794971144429
6110.188185904875	750	7.863801686894145	0.0	372093	2739.251989433111	0.5107449	0.5230894606978189
6115.596793307626	1850	6.455194284143085	0.0	973972	5408.60740275106	0.49340028	-0.9205913229837961
6120.1966701197025	1850	5.855317472067227	0.0	958994	4599.876812075857	0.9496573	0.2025429003284968
6125.345444108316	1850	4.706543483453921	0.0	982064	5148.773988613307	0.52693003	0.03708235994384468
6128.022110649845	1200	6.0298769419252345	0.0	538612	2676.6665415286857	1.101655	-0.273100567753895
6130.661762612857	1200	7.390224978913134	0.0	550906	2639.651963012101	0.6699276	0.5115359592593602

