4640.256669099559	750	4.0	4.264022486880352	450283	4264.022486880352	0.09411469	-0.07640224868803519
4641.510250095155	300	6.746419004404097	0.0	155580	1253.5809955959026	0.52182627	-0.1537069117843342
4643.028038516456	300	7.586326453931424	0.0	139857	1160.0925504726724	0.02695931	0.35813614832344676
4647.190871994577	300	7.423492975811083	0.0	155432	4162.833478120341	0.019193936	0.04768496317615856
4651.639823369302	300	6.974541601085669	0.0	163442	4448.951374725414	0.010883766	-0.008986287404687154
4654.939498574514	300	7.674866395873967	0.0	126289	3299.6752052117013	0.008511277	0.14971162922095282
4659.502741501925	300	7.111623468463155	0.0	153295	4563.242927410812	0.0066134282	-0.011847825962134018
4663.582515532228	300	7.031849438159363	0.0	173849	4079.7740303037917	0.006353392	0.03151318685458099
4666.632053869848	300	7.982311100539589	0.0	150710	2049.5383376197747	0.006011724	0.2939406100217469
4669.256403651941	300	7.670991893113851	0.0	139105	1311.3192074257386	0.0058130883	0.34830507257704185
4672.634108766158	300	7.988654609039076	0.0	141840	1682.337284074775	0.006463772	0.3310571846574648
4676.645160845745	300	7.977602529452252	0.0	156148	3011.052079586824	0.006695769	0.19749495013208335
4679.276427310133	300	7.530179280721695	0.0	160746	1947.4232487305571	0.006458953	0.27589388017205024
4681.227138971976	300	7.591745071929825	0.0	179801	1438.4342087918708	0.0068761804	0.33064064611642696
4683.285461070232	300	7.7787227493273825	0.0	140051	1813.0223226024418	0.008165293	0.30486793957271724
4685.548990479233	300	7.72460793745306	0.0	138313	2054.1148118743226	0.007855523	0.277376514903384
4688.280527938632	300	7.658546401416988	0.0	143509	1066.0615360360707	0.0075120097	0.37205299648495466
4692.327557570659	300	7.611516769389353	0.0	150616	3047.0296320276357	0.009282867	0.171016834884071
4695.547696597082	300	7.632700052923768	0.0	165384	2978.816716465584	0.007896557	0.17916208166117714
4697.272257937065	300	7.966080547460622	0.0	140881	1166.6195054631457	0.007093466	0.38121808366997434
4701.322680570625	300	7.915657913899107	0.0	157671	2050.422633561516	0.0075878506	0.2896863562625426
4704.961125501696	300	7.860617763454578	0.0	157812	2055.040150444529	0.007679927	0.28578459517145827
4708.536799719631	300	7.544482954200196	0.0	163927	1816.1348092543835	0.0072918227	0.2899167037120739
4711.603339487141	300	7.980982770035091	0.0	137654	1563.5001841651047	0.007364108	0.3424614047106827
4714.527583856257	300	7.940380415300015	0.0	146754	2040.6023547350758	0.0078039826	0.2922135404827434
4717.774717240745	300	7.698634749295976	0.0	153938	1741.745666004039	0.007289335	0.30699010523059456
4720.248654092464	300	7.584360149228891	0.0	181901	1614.274600067086	0.0074054436	0.3125950493200971
4722.62613723249	300	7.965449772041573	0.0	111155	1118.9103771873179	0.009195476	0.38594957303386657
4726.504694950399	300	7.510457275506686	0.0	153605	1454.9924965348876	0.008535751	0.3239043300656791
4729.812299776821	300	7.638437486982323	0.0	149029	2372.0197885243624	0.009118219	0.2402003640839589
4732.36845921258	300	7.548150278552112	0.0	157421	1590.2872084302107	0.008007562	0.31273067156648593
4734.54595641053	300	7.907337788741141	0.0	157488	1640.8124898109702	0.009023206	0.33012736281522426
4735.906517280298	300	7.575399712696637	0.0	143881	1331.9380760445033	0.008894396	0.3402686744390895
4737.593344586137	300	7.796297370808977	0.0	163444	1279.1023418876591	0.009935377	0.3593583514867952
4742.389460492903	300	7.0001814640445295	0.0	179328	4796.1159067644485	0.011760396	-0.042100249173661786
4746.724143937947	300	6.665498019000185	0.0	159914	4334.683445044344	0.007920501	-0.016874718316922832
4750.157938066347	300	7.231703890600731	0.0	131610	3433.794128399454	0.0068882573	0.10860208032260033
4753.963826730567	300	7.425815226380164	0.0	124011	3805.8886642205675	0.0060604336	0.08352458522670347
4757.641733065627	300	7.747908891320345	0.0	144254	3677.9063350598194	0.005975119	0.11645367220153963
4760.477975436603	300	7.542844451412342	0.0	149991	2205.0644399080034	0.0057360437	0.250921334222471
4763.339465736993	300	7.712688314401658	0.0	147968	1330.1561370106851	0.0057668607	0.3490274059490351
4767.5000270354385	300	7.5521270159557465	0.0	161857	2160.561298445911	0.008779991	0.2559518086526431
4770.463271407933	300	7.871452527270725	0.0	145210	2680.67448868502	0.00964365	0.2238983340859183
4773.078651251603	300	7.865047594990723	0.0	172312	2006.4049322800022	0.009155054	0.29092498145892
4775.307191160531	300	7.500265110521452	0.0	167025	1364.7824844692716	0.013466798	0.33228832096066363
4778.137714326952	300	7.7268822395404495	0.0	160064	2273.3828709810027	0.026475398	0.2555918528731778
4780.690076490189	300	7.684271310441938	0.0	137507	2042.6109290985119	0.023415688	0.27600586399276994
4783.421012330832	300	7.768678902289679	0.0	118421	915.5924081522594	0.025148658	0.393983190577879

