12373.757309931158	750	4.0	4.8551176236478435	450283	4855.117623647843	0.05493941	-0.13551176236478435
12375.25452203217	300	6.502787898988277	0.0	155580	1497.2121010117223	0.45100638	-0.1932969664144049
12377.53146164068	300	7.7154829141477315	0.0	139857	1287.3049848405465	0.020988632	0.35348718365017856
12379.185847365286	300	7.613107344594838	0.0	155432	1102.375569552893	0.015204465	0.3655816520818881
12381.119595395608	300	7.922238368809916	0.0	163442	1190.868975784922	0.021148223	0.37605300047212753
12382.937125284545	300	7.544912999309751	0.0	126289	877.3253695001663	0.020215806	0.38382452550684276
12384.286194528362	300	7.620480689571319	0.0	153295	924.4323097384314	0.019577699	0.38383681212436427
12385.822816975395	300	7.674487909243202	0.0	173849	945.9927803281182	0.02375127	0.3850562162948883
12388.640315565943	300	7.546053423471902	0.0	150710	1628.4344857712993	0.025984261	0.3087848903898639
12390.853198422352	300	7.8991440190549405	0.0	139105	1146.9094044169603	0.016510986	0.37900556074923775
12392.015979385898	300	7.860740334828232	0.0	141840	1038.4036842267083	0.01598238	0.3874559025040937
12394.627200611138	300	7.977318338018314	0.0	156148	1883.4219968099178	0.018647287	0.3102401964451529
12397.80728726793	300	7.986174599987446	0.0	160746	1491.1437380308694	0.012564801	0.3500215386961284
12399.646759785219	300	7.515909781623479	0.0	179801	1470.2648183639672	0.011622548	0.3227178795150707
12400.987954760529	300	7.989916143429824	0.0	140051	1025.9936381936545	0.012764265	0.3967703951449985
12402.719438533806	300	7.551774987350958	0.0	138313	938.1411560788654	0.014558069	0.37817182110154834
12404.41897082427	300	7.853680107816795	0.0	143509	1198.0948795341628	0.013656457	0.3710455187851334
12405.558308084048	300	7.874730178643556	0.0	150616	978.9499291732391	0.01295744	0.3942756432478984
12407.91490589774	300	7.881624917999774	0.0	165384	1493.1052606437825	0.016785879	0.3432910313106077
12410.820469087777	300	7.5405896281055105	0.0	140881	1341.0352898942629	0.012645142	0.3371833227671681
12413.535860679578	300	7.8401577441262456	0.0	157671	1700.4318839792647	0.011860688	0.31996667060996387
12416.417457687114	300	7.906839175368825	0.0	157812	2433.3185687574205	0.010476675	0.2508455915848095
12418.102969301608	300	7.903222558861034	0.0	163927	1003.6166165077908	0.008877521	0.39358974827803556
12419.04505304072	300	7.978128193097869	0.0	137654	925.0943657631664	0.013584646	0.40612357549230016
12420.47058714993	300	7.563855748868144	0.0	146754	914.2724442297268	0.013885917	0.3813137398812863
12422.517426564762	300	7.611066892990686	0.0	153938	952.7888558774564	0.016477492	0.38041279522417226
12425.007622006764	300	7.847994475318872	0.0	181901	1263.0724176718143	0.01646074	0.36419241294024807
12426.688285716846	300	7.851224113442316	0.0	111155	996.7703618765563	0.017494742	0.39102447090248915
12429.294394810278	300	7.935116278828579	0.0	153605	1916.1078346137379	0.014041718	0.3043339839654124
12432.129371122068	300	7.932628766843764	0.0	149029	2502.4875119848143	0.01004624	0.2455405467292538
12434.94776592591	300	7.699675716824786	0.0	157421	1232.9530500189787	0.009622562	0.3579344272996513
12438.868270177849	300	7.7791714648866	0.0	157488	2920.504251938187	0.012010755	0.19414779136159382
12441.649683763642	300	7.566437670371004	0.0	143881	1712.7337945155964	0.00838269	0.3016289749466281
12443.673758540677	300	7.533740191492096	0.0	163444	1532.6974788789073	0.008341304	0.3175890140803652
12446.280349811885	300	7.811133204965099	0.0	179328	1722.6069865269965	0.009165286	0.315935126657619
12449.155287060705	300	7.920656703897724	0.0	159914	1390.4765010673743	0.010003356	0.35599339388687035
12451.082280021636	300	7.799390583306564	0.0	131610	1121.2661205911609	0.010019079	0.3753352993975442
12453.204211027494	300	7.916288557548356	0.0	124011	1383.102025758208	0.010490961	0.35645783227095146
12457.230613861995	300	7.8898857230476604	0.0	144254	3526.4028345006946	0.012782425	0.14047757424040935
12460.70258631727	300	7.871515364710203	0.0	149991	3018.370358337457	0.008810262	0.19013267446064197
12464.87982825333	300	7.694273428648281	0.0	147968	2177.2419360619233	0.009183145	0.2631678956843252
12468.71614281234	300	7.857958869639317	0.0	161857	3836.3145590089644	0.010321143	0.10749097345156089
12472.88052954867	300	7.69357213330788	0.0	145210	2664.386736331437	0.009099393	0.21440958469859878
12477.01147161018	300	7.562630071799002	0.0	172312	4130.942061508878	0.00919243	0.05957017333654979
12481.77984558258	300	6.794256099397431	0.0	167025	4768.373972401571	0.008488026	-0.0521963910278177
12487.132473341422	300	5.441628340555995	0.0	160064	5352.627758841436	0.008428267	-0.19516100459939395
12491.408707491502	300	5.165394190476035	0.0	137507	4276.234150079959	0.0069688885	-0.10478627810324376
12494.603026093802	300	5.971075588177373	0.0	118421	3194.318602298662	0.0071970522	0.05376036403121964

