17013.810775773418	750	4.0	3.383176362969059	450283	3383.176362969059	0.81183296	-14.460856710771719
17015.93610771062	300	5.874668062799087	0.0	155580	2125.331937200913	0.07712304	-0.08104374280409177
17018.27635075886	300	7.534425014556251	0.0	139857	2340.2430482428354	0.018397447	0.5072186689849889
17020.87119345206	300	7.706379265862852	0.0	155432	1828.0457486933983	0.023333702	0.5749891941594509
17022.76272363188	300	7.9790126482044235	0.0	163442	1227.366617658428	0.036158256	0.6612983850845376
17025.813981302166	750	7.865465598895116	0.0	318564	2613.547049309307	0.3084299	0.08582010816137658
17028.899233915876	750	7.786694688375203	0.0	352642	3078.7709105199133	0.6237146	0.48171593095714293
17031.304992351328	300	7.667056326996683	0.0	173849	1619.6383613785201	0.5620768	0.14204505462443304
17035.05388218067	300	7.9181664976568715	0.0	150710	2748.889829339811	0.13849413	0.5032895516757516
17037.167286179876	300	7.733969392558119	0.0	139105	1684.1971050987515	0.0064981845	0.5920296400677528
17039.33065560489	300	7.6968881318574915	0.0	141840	1037.0812607006287	0.009092983	0.6531721103526416
17040.806167564846	300	7.607276234033605	0.0	156148	1089.6118978238874	0.19000022	0.6392937980125801
17044.83958975584	750	7.573854043041077	0.0	386351	3033.422190992527	0.7012209	0.015764645059476723
17048.43683288914	750	7.976610909740569	0.0	434409	3597.243133300509	0.19436643	0.4481483642549047
17050.611576112533	750	7.9675220485096325	0.0	337059	2009.0888612309375	0.2628048	0.6060889780747614
17053.61294650677	750	7.814663980018617	0.0	366214	2652.8580684910166	0.10070966	0.5269992917728972
17056.66274179053	750	7.789022510565977	0.0	360831	2525.6414694526393	0.18463239	0.5372529306373395
17060.07533719053	750	7.804801717716222	0.0	372963	2484.220792849756	0.09808451	0.542913765203858
17063.945550258624	750	7.934588649620997	0.0	405596	2870.213068095226	0.08661591	0.5168066797217628
17067.658797931406	750	7.862258684205126	0.0	350713	2572.3299654158714	0.0833519	0.5396331473092377
17071.364174114373	750	7.575029413054179	0.0	386472	2787.2292711509467	0.15237872	0.4904970677644293
17077.264895256183	750	5.674308271242422	0.0	399894	5900.721141811757	0.2073732	-0.0037987236949545977
17078.985453665075	300	7.728463012540769	0.0	163927	1445.845258701653	0.006031568	0.1653348292733543
17081.38184888304	300	7.622621983420337	0.0	137654	1105.8410291204339	0.029244894	0.6391479309789654
17083.773194575853	300	7.732226279117898	0.0	146754	2390.3957043024384	0.04457143	0.5212420034662363
17085.144263061826	300	7.597167063758326	0.0	153938	1135.0592153595712	0.006498511	0.6337760469483869
17087.589287143186	300	7.82265966318413	0.0	181901	1274.5074005741972	0.06284199	0.6415351514660755
17089.355672789938	300	7.864725175400152	0.0	111155	957.9344877839766	0.50776565	0.6772412968629882
17091.25743642342	300	7.9730688713937905	0.0	153605	1391.6563040063606	0.3282326	0.6442973210692824
17093.338542569316	300	7.792569444133329	0.0	149029	1680.4994272604627	0.082657084	0.5980397304728884
17097.4274773272	300	7.703634686248286	0.0	157421	2588.9347578850434	0.0881371	0.4986361242836064
17099.567114383906	300	7.928586891356405	0.0	157488	1275.0477948918806	0.0062901964	0.6516767300450799
17100.64146408743	300	7.908706670501059	0.0	143881	1019.8802208553467	0.06481986	0.6752799932385264
17102.16840757592	300	7.872469677138775	0.0	163444	1036.236993362283	0.63221455	0.6701564635389811
17104.960924424246	300	7.936564495791041	0.0	179328	1435.9051813477354	0.47057676	0.6363588450369398
17106.82378423721	300	7.593440470448178	0.0	159914	1343.1240253428628	0.66078365	0.6126108770413856
17108.50822303328	300	7.756088932873972	0.0	131610	837.3515375742052	0.3687229	0.6788432281139134
17112.023702631017	750	7.786892734603562	0.0	361565	2469.196198270411	0.6967771	0.09269246436022871
17114.97064554833	750	7.691563075829523	0.0	378327	2595.3296587740397	0.05670261	0.5209035285891881
17118.0538706818	750	7.895757033463847	0.0	390680	2795.8060423656757	0.036256388	0.5205097944062163
17121.16805242174	750	7.882375766295168	0.0	345516	2513.38126716868	0.047187015	0.5474643095114733
17124.24748992878	750	7.873057230062553	0.0	384505	3009.3185362326158	0.053787246	0.49697366273389454
17128.086394741356	750	7.808664323479236	0.0	372093	2564.392906583318	0.29573476	0.5352683340947966
17133.68433985417	750	6.210719210665551	0.0	438281	5597.945112813684	0.13057348	0.0781090514421866
17135.15637743978	300	7.920928841457484	0.0	167025	1289.7903692080663	0.0093559055	0.19946537646902285
17139.082977580932	300	7.99432870030389	0.0	160064	1926.6001411535942	0.08653875	0.5928492204328741
17141.25750591704	300	7.766488201480868	0.0	137507	1727.840498823022	0.0071083205	0.5907952735990105
17142.772725993702	300	7.81722208179625	0.0	118421	949.266119684618	0.006451144	0.6735359060684436

