9339.32176696152	750	4.0	4.034106319630938	450283	4034.106319630938	0.030640678	-17.17223856976187
9340.438068300207	300	6.883698661312633	0.0	155580	1116.3013386873674	0.18434928	-0.3802325581395349
9343.050375662697	750	7.752748718627645	0.0	350812	2130.949942684988	0.72617674	-0.2755813953488372
9346.966658074756	750	7.63028621294971	0.0	382355	3122.4625056779346	0.17246416	0.1744186046511628
9349.665338097122	750	7.66785624555797	0.0	411561	2462.42996739174	0.39561075	0.1744186046511628
9352.108904162744	750	7.544198221183546	0.0	318564	1623.658024374425	0.28230965	0.1744186046511628
9354.637616795488	750	7.7097958681859415	0.0	352642	2334.402352997604	0.2310302	0.1744186046511628
9357.436082433587	750	7.962718217659072	0.0	437162	2747.07765052687	0.48361164	0.1744186046511628
9358.896902708828	750	7.613002054723924	0.0	374758	1349.7161629351485	0.2896962	0.1744186046511628
9360.514812997222	750	7.73959904298079	0.0	362795	1373.4030117431334	0.07530119	0.1744186046511628
9362.377313257919	750	7.675602517556899	0.0	353220	1563.9965254238903	0.050236434	0.1744186046511628
9364.264622402441	750	7.991199789132823	0.0	405134	1684.4027284240765	0.04761534	0.1744186046511628
9366.408125004466	750	7.990901686620793	0.0	386351	1500.2981025120307	0.04374353	0.1744186046511628
9370.755004712319	750	7.644021978766363	0.0	434409	3346.879707854431	0.04232175	0.1744186046511628
9372.623800701589	750	7.809666149813624	0.0	337059	1834.3558289527389	0.25384492	0.1744186046511628
9375.772556597156	750	7.7175082773882275	0.0	366214	1592.1578724253966	0.16552335	0.1744186046511628
9377.782360502622	750	7.800905360076405	0.0	360831	1416.602917311822	0.09423181	0.1744186046511628
9381.211727481035	750	7.842822364947437	0.0	372963	2958.0829951289684	0.0487451	0.1744186046511628
9382.709562191052	300	7.5945469491309066	0.0	165384	748.2754158165294	0.31653753	-0.3802325581395349
9384.552067973278	750	7.518073695568112	0.0	350713	1576.4732535627954	0.39335722	-0.2755813953488372
9386.300819952683	750	7.836713994047077	0.0	386472	1681.3597015210341	0.14175013	0.1744186046511628
9388.145356715757	750	7.793141741901567	0.0	399894	1543.572252145509	0.06845479	0.1744186046511628
9389.71967043974	750	7.691467183075611	0.0	401853	1101.6745588259566	0.039260402	0.1744186046511628
9391.253121704116	750	7.846061038114678	0.0	343800	1345.4061449609321	0.025012046	0.1744186046511628
9392.736892925639	750	7.718198049060996	0.0	359903	1127.8629890536808	0.028398225	0.1744186046511628
9394.057714888988	750	7.750741131120531	0.0	379700	967.4569179404657	0.022811651	0.1744186046511628
9395.299430178067	750	7.66656598533659	0.0	425781	1084.1751457839396	0.02030612	0.1744186046511628
9396.448191252039	750	7.565955581998147	0.0	277716	600.6104033384431	0.019373376	0.1744186046511628
9398.51652919727	750	7.965861992698646	0.0	400396	1100.0935892995012	0.016982626	0.1744186046511628
9401.0736863716	750	7.871405473500068	0.0	400508	2094.4565191985785	0.016537368	0.1744186046511628
9403.042686192126	750	7.658255933802382	0.0	358218	1713.149539697687	0.028260067	0.1744186046511628
9405.291262518625	750	7.971892934966836	0.0	400322	1686.362998835547	0.07017627	0.1744186046511628
9407.164395499733	750	7.521433112745417	0.0	369834	1450.4598222214202	0.09514268	0.1744186046511628
9408.06789662705	750	7.661019085529413	0.0	412837	860.4140272160047	0.079509236	0.1744186046511628
9409.499143532325	750	7.606939249943409	0.0	401088	1054.0798355860038	0.01344914	0.1744186046511628
9410.66926812875	750	7.600460434075407	0.0	365161	1006.4788158680018	0.014092832	0.1744186046511628
9411.793182941525	750	7.6853259369647295	0.0	321064	915.1344971106774	0.013775903	0.1744186046511628
9413.46468464551	750	7.6789652288041905	0.0	361565	1006.36070816054	0.0149095375	0.1744186046511628
9415.493009764752	750	7.502373124097241	0.0	378327	1676.5921047069485	0.01561963	0.1744186046511628
9417.033716244387	750	7.512886491546716	0.0	390680	1489.4866325505257	0.03517162	0.1744186046511628
9418.650847408733	750	7.574930823415474	0.0	345516	1437.9556681312429	0.054140024	0.1744186046511628
9420.26230322464	750	7.968790639569468	0.0	384505	1606.1401838460056	0.09319098	0.1744186046511628
9421.900761387178	750	7.697219412830156	0.0	372093	1271.5712267393114	0.09647873	0.1744186046511628
9424.351906835736	750	7.550090098951703	0.0	438281	1647.1293138784526	0.048591614	0.1744186046511628
9426.360802873001	750	7.61765018565932	0.0	398987	1932.439913292382	0.09055693	0.1744186046511628
9429.336400155318	750	7.873079611486373	0.0	393804	2244.570574172947	0.21503524	0.1744186046511628
9430.374475613835	300	7.629555164800855	0.0	137507	743.5244466855177	0.5435283	-0.3802325581395349
9434.14780727529	750	7.856223503343121	0.0	314107	2773.3316614577343	0.62002206	-0.2755813953488372

