14212.594391361376	750	4.0	6.212365695121308	450283	6212.365695121308	0.0095680775	-0.1252167043958517
14214.10148061539	300	6.492910745984942	0.0	155580	1507.089254015058	0.004705182	0.20183606814356833
14216.671028115989	300	7.923363245387267	0.0	139857	1569.547500597674	0.004705182	0.822210949326917
14220.748364571282	300	7.846026790092508	0.0	155432	3077.3364552947583	0.004705182	0.6618831738159939
14222.62980204682	300	7.513477504837918	0.0	163442	1832.5492852545906	0.004705182	0.7453013945691185
14225.30806292997	300	7.94379112500476	0.0	126289	2069.686379833158	0.004705182	0.7747193307680602
14228.14099114931	300	7.521614286092734	0.0	153295	1922.1768389120264	0.004705182	0.7373433031465011
14230.658517170014	300	7.9432269516549825	0.0	173849	2078.3873344377507	0.004705182	0.7737795757451225
14232.669663151715	300	7.967223327787924	0.0	150710	976.0036238670581	0.004705182	0.8869808252563952
14233.962261259043	300	7.843495410089765	0.0	139105	1123.7279176981592	0.004705182	0.8569314732454508
14237.997145989257	300	7.808610679877748	0.0	141840	3034.8847302120175	0.004705182	0.6615085076377407
14242.05144184813	300	7.7543148210024375	0.0	156148	2554.295858875309	0.004705182	0.7028633812352469
14245.119769985022	300	7.659176208665966	0.0	160746	2595.138612336472	0.004705182	0.6870321594713504
14249.311078237999	300	7.4678679556890915	0.0	179801	4191.308252976874	0.004705182	0.5037939995352216
14252.975816063314	300	7.803130130375607	0.0	140051	3664.7378253134852	0.004705182	0.5978465041990136
14256.924512972066	300	7.854433221621497	0.0	138313	3448.6969087541083	0.004705182	0.6257850866482435
14260.929928248468	300	7.849017945219777	0.0	143509	4005.4152764017194	0.004705182	0.5694446153494459
14264.17830332443	300	7.7665043250901	0.0	150616	3082.5136201296764	0.004705182	0.6515466664919405
14266.833641431547	300	7.8117659231463	0.0	165384	1454.7384019437984	0.004705182	0.8199127243853336
14268.474014516307	300	7.966879314453774	0.0	140881	1344.8866086925268	0.004705182	0.8500500507895553
14270.9492265975	300	7.97201650234015	0.0	157671	1494.8628121136253	0.004705182	0.8356867288606482
14273.465758474802	300	7.608925131479824	0.0	157812	1363.0913708603246	0.004705182	0.8040322870136071
14275.108373722744	300	7.639337817930007	0.0	163927	1469.5873135498168	0.004705182	0.7971378053049247
14276.889213139515	300	7.810432062439769	0.0	137654	1328.905755490238	0.004705182	0.8323312946982456
14280.72557645946	300	7.768217171107828	0.0	146754	2542.214891331942	0.004705182	0.7057880277453408
14284.667612212246	300	7.826181418322403	0.0	153938	3442.035752785425	0.004705182	0.6229628980601989
14289.966152673262	300	6.527640957307338	0.0	181901	5298.540461015065	0.004705182	0.276979153057073
14293.39859507739	300	7.095198553178272	0.0	111155	3432.4424041290654	0.004705182	0.5336663805617594
14298.509486297844	300	5.984307332723549	0.0	153605	5110.891220454722	0.004705182	0.2286576353601899
14302.855909221307	300	5.6378844092614	0.0	149029	4346.422923462149	0.004705182	0.26233096416573465
14306.978080866133	300	5.515712764436429	0.0	157421	4122.171644824972	0.004705182	0.2696713253896424
14309.853950947783	300	6.6398426827839225	0.0	157488	2875.870081652507	0.004705182	0.5330999526237228
14312.560274740528	300	7.9335188900390134	0.0	143881	2206.323792744908	0.004705182	0.759787256980015
14315.819589073712	300	7.888285073488687	0.0	163444	2545.233816550326	0.004705182	0.7203111487603303
14319.785837011337	300	7.922037135863898	0.0	179328	2966.2479376247875	0.004705182	0.6823771683451708
14323.954727547693	300	7.75314659950901	0.0	159914	3168.890536354889	0.004705182	0.6412596709452718
14326.187683314713	300	7.666278235304486	0.0	131610	2086.8683642045235	0.004705182	0.7387360850962292
14328.424477198383	300	7.965924985378157	0.0	124011	1700.3532499263295	0.0047361725	0.8143855538300543
14332.654181785229	300	7.736220398532787	0.0	144254	3729.70458684537	0.0047786646	0.5830883554903301
14336.5797254193	300	7.810676764461255	0.0	149991	2425.5436340715314	0.004802144	0.7226977206667018
14340.45102776431	300	7.939374419451064	0.0	147968	2371.3023450101923	0.004843858	0.7440123951686926
14343.129822938885	300	7.566472460498166	0.0	161857	1372.901958952898	0.0048593516	0.7978095157275111
14345.370430229641	300	7.88911546593175	0.0	145210	1677.3569945664149	0.0049243616	0.8072013611017921
14347.287641342511	300	7.932135048091262	0.0	172312	1456.9804178404872	0.005298596	0.8345507288585705
14351.70233487703	300	7.517441513572463	0.0	167025	2414.6935345188003	0.0067017055	0.6875764133823183
14354.50406624301	300	7.829037964356867	0.0	160064	2688.4035492155967	0.0072588264	0.6986788216192013
14356.584955382708	300	7.970257264889902	0.0	137507	1358.780699466964	0.007384779	0.8490777237127907
14358.245298768317	300	7.506139749201737	0.0	118421	964.1175156881651	0.009416745	0.831238564803904

