15570.564028963148	750	4.0	4.236019030700693	450283	4236.019030700693	0.004705182	-18.21336444879091
15571.706737980732	300	6.857290982416554	0.0	155580	1142.7090175834455	0.010546306	0.1117971396665687
15573.591326127284	300	7.879360914208802	0.0	139857	1477.9300682077526	0.18601972	0.6266504455787612
15575.443639693838	300	7.906533131977576	0.0	155432	1472.8277822312257	0.09082979	0.6297760315085756
15577.584199058047	300	7.540996289584509	0.0	163442	1365.5368423930656	0.28183788	0.6053217823783578
15579.778511856315	300	7.556351256258258	0.0	126289	1984.6450333262512	0.5665908	0.5448888965555962
15583.052948612065	300	7.823966675006037	0.0	153295	2732.3845812522213	0.034364007	0.4958732347951534
15587.125996916431	300	7.750918370638323	0.0	173849	3573.048304367713	0.014112311	0.4047758788496645
15591.245621989901	300	7.631293297167944	0.0	150710	3119.625073470378	0.0051021776	0.4386041505037178
15593.808021534904	300	7.517456377134202	0.0	139105	2113.836920033742	0.0053439597	0.52822603086274
15597.575416352398	300	7.750061559637936	0.0	141840	2767.3948174962657	0.0071958033	0.4852587584887834
15601.59122082843	300	7.734257083606079	0.0	156148	3015.8044760318567	0.0049068704	0.4588965935699645
15603.314590893078	300	7.558452948529688	0.0	160746	1675.8041350763913	0.004705182	0.5759752766882342
15605.683184199459	300	7.7729392219740365	0.0	179801	1285.513726555651	0.008604171	0.6356488689962962
15606.870633932765	300	7.875754197684391	0.0	140051	897.1850242896451	0.09299387	0.6843777993409318
15610.508836519643	750	7.656785263554583	0.0	366214	1718.9689341298078	0.58022714	0.15519219646912655
15614.701668930948	750	7.463952852248177	0.0	360831	4192.832411306405	0.18475357	0.3392455065269083
15616.215033846285	300	7.633303474255729	0.0	150616	1330.649377992449	0.20042637	0.16769520191707724
15618.469580483456	300	7.972387886192704	0.0	165384	1160.9155880630244	0.16142248	0.6673058470517742
15620.69672704886	300	7.590630151893565	0.0	140881	1381.7577342991383	0.4954968	0.6084770097401992
15623.278686437137	300	7.997344811308154	0.0	157671	1593.285340585412	0.2828884	0.6264710046561297
15627.302604478376	300	7.973426770068807	0.0	157812	2523.918041239347	0.12568384	0.531105595506669
15628.622385993529	300	7.684832109408222	0.0	163927	1288.594660660585	0.00723081	0.6268603642765194
15629.501995569564	300	7.575620767736422	0.0	137654	609.2113416717998	0.12664008	0.6842869784485945
15630.813740289434	300	7.799947491583987	0.0	146754	775.6732761524349	0.31656426	0.6892324911692052
15634.020360403962	750	7.749673203877117	0.0	379700	2550.27428770687	0.18986234	0.0810022326120336
15638.15503923031	750	7.6149943775281095	0.0	425781	3634.6788263490075	0.09528447	0.409598786217132
15639.40516017949	300	7.980446182024538	0.0	111155	1134.5481955035725	0.5691049	0.22071820658530805
15641.321468621702	300	7.905078347257975	0.0	153605	1575.3678347665636	0.083035946	0.6193820015461462
15642.726332187995	300	7.818116881831378	0.0	149029	1086.9614654265981	0.028925885	0.6598524970307259
15644.723515499352	300	7.908476186087919	0.0	157421	1909.6406957434594	0.27544776	0.5862817613588426
15646.79478124012	300	7.656614714009946	0.0	157488	1251.8614720779724	0.0149163855	0.6278177262490603
15650.58672055377	300	7.864675400360579	0.0	143881	3791.9393136493663	0.037790682	0.3938360233714222
15655.771618229515	300	6.679777724616188	0.0	163444	5184.897675744392	0.004705182	0.14049241783773236
15661.152048318605	300	5.299347635526099	0.0	179328	5380.430089090089	0.004705182	-0.011928813359175727
15665.914948073118	300	4.536447881015536	0.0	159914	4762.899754510563	0.004705182	-0.023605762085329718
15670.424526745295	300	4.026869208837852	0.0	131610	4509.578672177684	0.004705182	-0.047321189387576956
15674.445864738876	300	4.005531215256413	0.0	124011	4021.3379935814387	0.004705182	-0.0005509280461297728
15678.990013716517	300	4.0	0.5386177623846283	144254	4544.148977641042	0.004705182	-2.369420790560534
15683.670695944023	300	4.0	0.6806822275078621	149991	4680.682227507862	0.004705182	-2.9939513155771214
15687.980477464387	300	4.0	0.3097815203626396	147968	4309.78152036264	0.004705182	-1.3619882041381421
15692.709924084133	300	4.0	0.7294466197462188	161857	4729.446619746219	0.004705182	-3.2085146414258907
15696.86343272237	300	4.0	0.15350863823640248	145210	4153.5086382364025	0.004705182	-0.6743875227826986
15701.856539435323	300	4.0	0.9931067129547537	172312	4993.106712954754	0.004705182	-4.368619051543444
15706.743193990991	300	4.0	0.8866545556665233	167025	4886.654555666523	0.004705182	-3.9002295594752305
15711.031315079148	300	4.0	0.2881210881580673	160064	4288.121088158067	0.004705182	-1.2666823024380238
15712.733818968883	300	6.2974961102668665	0.0	137507	1702.5038897331335	0.004705182	0.4519367496912142
15715.157405627931	300	7.649923707968435	0.0	118421	1147.5724022984316	0.004705182	0.6376026161703606

