4668.702842502197	750	4.0	1.4326655545084757	450283	1432.6655545084757	0.025670156	0.3527533096654315
4669.258180722412	300	7.444661779784371	0.0	155580	555.3382202156292	0.004705182	0.414525691890579
4670.272964883233	300	7.911271610576377	0.0	139857	533.3901692079935	0.004705182	0.9243337051905329
4671.65444191061	300	7.936230078388365	0.0	155432	975.0415321880118	0.004705182	0.883250238646347
4672.362977685218	300	7.840179967294789	0.0	163442	596.0501110935774	0.004705182	0.9092898898432291
4672.816292062445	300	7.889765600887582	0.0	126289	450.41436640720735	0.004705182	0.9299758973240925
4673.625592873913	300	7.836565186264152	0.0	153295	553.2004146234301	0.004705182	0.9131285355631222
4674.671055300217	300	7.6318841906344534	0.0	173849	704.680995629699	0.004705182	0.8727081234796923
4675.815194612086	300	7.745205316787357	0.0	150710	886.6788738470956	0.004705182	0.8685003118307054
4677.00464293643	300	7.549211316375702	0.0	139105	695.9940004116545	0.004705182	0.8633690451048968
4677.950818940933	300	7.977850528540682	0.0	141840	571.3607878350205	0.004705182	0.9287572696610635
4678.723519076196	300	7.863908069243002	0.0	156148	613.9424592976807	0.004705182	0.9104304091503596
4679.335856230751	300	7.772118282257858	0.0	160746	591.7897869851439	0.004705182	0.9013122158345899
4680.031828402982	300	7.649405875157867	0.0	179801	622.7124070999917	0.004705182	0.8830684182309907
4681.242863396495	300	7.925518251431857	0.0	140051	723.88762372601	0.004705182	0.907043019731858
4682.392826812845	300	7.87411028059513	0.0	138313	551.4079708367258	0.004705182	0.9179435445438314
4682.910191554191	300	7.864705642228589	0.0	143509	509.40463836654067	0.004705182	0.9209826691053623
4683.646542093752	300	7.845510414388336	0.0	150616	519.1952278402539	0.004705182	0.9176335386656818
4684.776313151158	300	7.6742024700451035	0.0	165384	671.3079443432329	0.004705182	0.8812705475008814
4685.7746962433885	300	7.914242551961621	0.0	140881	759.9599180834832	0.004705182	0.9020435581177453
4687.065020397825	300	7.5732920856667185	0.0	157671	840.9504662949008	0.004705182	0.8518466971554052
4688.180036535093	300	7.960470851553804	0.0	157812	612.8212341129148	0.004705182	0.9224653230770721
4688.931132107194	300	7.776020536180382	0.0	163927	684.4503153734223	0.004705182	0.8925279817506366
4689.597552056393	300	7.771133108844523	0.0	137654	504.8874273358598	0.004705182	0.9098808105540296
4690.138305041243	300	7.751522915496662	0.0	146754	519.6101933478596	0.004705182	0.9059872258756745
4690.88648248706	300	7.623005564498995	0.0	153938	628.5173509976671	0.004705182	0.879228226993578
4692.093678146176	300	7.894237801445566	0.0	181901	728.7677630534291	0.004705182	0.9026927488154481
4692.9288893109215	300	7.970846124154023	0.0	111155	423.39167729154315	0.0047128103	0.9426893335098671
4693.6847876661805	300	7.908806785651707	0.0	153605	562.0393385023158	0.00474535	0.9211644516136739
4694.526865845301	300	7.834697166320058	0.0	149029	574.109619331648	0.004920493	0.9108069670972152
4696.031882019848	300	7.666173368440057	0.0	157421	668.5237978800014	0.005137508	0.8805575936163724
4697.144037893379	300	7.793341567559055	0.0	157488	872.8318008810029	0.0052694166	0.8758284940706759
4697.820678379398	300	7.704683437174268	0.0	143881	588.6581303847875	0.005205472	0.8932990722030134
4699.020401035958	300	7.988813281961331	0.0	163444	715.8701552129372	0.0056444183	0.9156599250543852
4699.9508709242755	300	7.8605045789261565	0.0	179328	628.3087030351733	0.0059736036	0.9085735493180142
4701.458299038823	300	7.722871109508416	0.0	159914	637.6334694177407	0.007350027	0.8906472049867387
4703.579780918671	300	7.667027506454572	0.0	131610	555.8436030538446	0.0075291367	0.8919310751531793
4705.162034301517	300	7.738719958208072	0.0	124011	928.3075482464999	0.008327487	0.8635366847637325
4705.739620934975	300	7.686899487229442	0.0	144254	551.8204709786296	0.007777444	0.8947870198321373
4706.88920356494	300	7.594991363186662	0.0	149991	591.9081240427811	0.010685245	0.8794301826758728
4708.06076799409	300	7.528046372972864	0.0	147968	566.9449902137981	0.013079486	0.8736606700847798
4709.661183601274	300	7.910148245898279	0.0	161857	617.8981270745835	0.014931414	0.9157442054186342
4711.112058212132	300	7.555969637624108	0.0	145210	854.1786082741705	0.016478315	0.8483850471684752
4711.896068327279	300	7.837312662393011	0.0	172312	718.6569752310969	0.017129943	0.8966751718095339
4712.837995447784	300	7.599025681648418	0.0	167025	738.2869807445925	0.019032372	0.8652904220217987
4714.149557408539	300	7.515064761600525	0.0	160064	583.9609200478936	0.020176005	0.8703562127178956
4715.334422855919	300	7.9364324962595365	0.0	137507	578.6322653409882	0.025271963	0.922916158252727
4716.5171254857705	300	7.908197843878477	0.0	118421	528.2346523810588	0.027361024	0.9244697330204578

