18457.097713394618	750	4.0	6.308048004947866	450283	6308.0480049478665	0.14972536	-27.33029193547847
18460.127371104576	300	4.9703422900424306	0.0	155580	3029.6577099575693	0.055053312	-0.2585187198046746
18461.734949623602	300	7.362763771014124	0.0	139857	1607.5785190283066	0.023635954	0.5639625290225487
18465.195889495077	300	7.9018238995385035	0.0	155432	1960.9398714756198	0.5625967	0.5805115535247908
18467.729417501105	300	7.89817193968149	0.0	163442	2003.6519598570137	0.6861703	0.5758888393340122
18471.459814848513	300	7.9929113033595565	0.0	126289	1405.260636321932	0.6050639	0.6448467448236804
18477.891702712193	750	5.561023439679644	0.0	352642	6431.887863679913	0.44412488	-0.517819191713663
18481.477913902225	300	5.974812249649408	0.0	173849	3586.211190030236	0.28264314	-0.21749267448034953
18484.16149225731	300	7.291233894565312	0.0	150710	2683.578355084096	0.03294407	0.4494777122233383
18487.72010427388	300	7.73262187799117	0.0	139105	2058.6120165741413	0.12753506	0.5544584490873605
18489.008939064737	300	7.955917646192545	0.0	141840	1276.704231798624	0.40419638	0.6541417030623418
18494.974780807883	750	5.990075903047491	0.0	405134	5965.841743145054	0.69754326	-0.42991778469481473
18496.462410874836	300	7.675247001571402	0.0	160746	1314.8289014760894	0.68630767	0.17331436249910653
18500.415279614106	750	7.670213167026079	0.0	434409	3005.0338345453247	0.26481	0.027878157640007617
18503.38403033919	750	7.999755252044222	0.0	337059	2670.4579149818574	0.23710747	0.5430545557549956
18507.671245892	750	7.712539699237936	0.0	366214	3787.2155528062867	0.40718502	0.403733963407764
18511.276899473607	750	7.877467085139642	0.0	360831	2835.0726140982933	0.11150678	0.5148227085899326
18514.57606057966	750	7.703177011066416	0.0	372963	3174.2900740732252	0.29275167	0.4641253417347893
18517.595676228535	750	7.980804688321128	0.0	405596	2722.3723227452883	0.16406818	0.5360391013407686
18522.298558828454	1200	7.2779220884005085	0.0	586839	4702.88259992062	0.5808908	-0.15559638730359876
18526.631023808324	1200	6.945457108533597	0.0	601738	4332.464979866911	0.557004	0.29944523653928357
18532.439448100165	1200	5.137032816693141	0.0	616206	5808.424291840456	0.6958523	-0.022213620679515156
18533.763486388132	300	7.812994528724221	0.0	163927	1324.0382879689205	0.4396171	-0.2643482176241271
18537.812843995453	750	7.720842563326303	0.0	343800	2592.1519653979167	0.13453908	0.07403948240324948
18541.707591030307	750	7.612071843009501	0.0	359903	3108.7707203168034	0.24257031	0.46190829949869905
18545.444486064545	750	7.875176808771562	0.0	379700	3236.8950342379376	0.16672069	0.4744200248312823
18549.22837113941	750	7.929669931429231	0.0	425781	3445.506877342332	0.21869643	0.45880386649214644
18552.00383314958	750	7.536128034601475	0.0	277716	1893.5418968277545	0.2949715	0.5761215026067552
18555.27304163205	750	7.857483797541545	0.0	400396	2678.6442370599307	0.5617751	0.5285421317905757
18560.40429340504	1200	6.726232024550338	0.0	641447	5131.251772991207	0.6619972	-0.25153411021473854
18563.425076420874	750	7.705449008716718	0.0	358218	3020.78301583362	0.3483208	0.02969472995574579
18567.239309274188	750	7.891216155402482	0.0	400322	2814.2328533142345	0.26829153	0.518230048555244
18571.211795586754	750	7.643388947891777	0.0	369834	3247.827207510705	0.51366246	0.45101695828166044
18575.058845080075	750	7.796339454570907	0.0	412837	3847.0494933208697	0.16167654	0.4058163925588315
18579.322157231538	750	7.533027303105903	0.0	401088	3763.3121514650047	0.113231376	0.3888460281566051
18583.13528099327	750	7.719903541377616	0.0	365161	3313.123761728286	0.08428732	0.45185192082349546
18586.91047806555	750	7.94470646909551	0.0	321064	3775.1970722821056	0.1135917	0.4272821311091121
18592.849705673423	750	6.005478861222007	0.0	361565	5939.227607873504	0.09727603	0.024226181340255004
18596.771525238968	300	6.083659295677432	0.0	144254	3921.8195655445743	0.30279243	-0.2405768581812941
18599.001696179446	300	7.50576827557322	0.0	149991	2077.8910201042117	0.0055230716	0.5306956275858503
18602.86128993564	300	7.646174519378394	0.0	147968	1859.5937561948274	0.041561406	0.5660396170502716
18605.964065208973	300	7.5307237114970995	0.0	161857	2615.4508078812946	0.06913	0.4793416383283284
18609.641424774705	300	7.853364145763024	0.0	145210	2177.359565734076	0.019530473	0.5542052768484304
18613.06077867172	300	7.621029117348133	0.0	172312	2732.3350284148905	0.082035825	0.47634521585101286
18614.69456109644	300	7.672647396286578	0.0	167025	1448.3817210615534	0.04483126	0.6097088655304992
18617.645064995366	750	7.780095770154468	0.0	393804	2892.551626132109	0.4551518	0.04970270589834003
18620.27999056805	750	7.756609187207308	0.0	331053	2523.4865829471596	0.12636286	0.5343485994915347
18625.574831773738	1850	6.461767981520919	0.0	846370	5294.84120568639	0.2199186	-0.9085819773149937

