14472.25552833146	750	4.0	4.838144007766586	450283	4838.144007766587	0.01807138	0.012205464339620498
14473.846367657667	300	6.409160673793575	0.0	155580	1590.8393262064255	0.004705182	0.18312027933895045
14476.162059537242	300	7.705806415296815	0.0	139857	1203.3542584967608	0.004705182	0.8319681156483026
14478.139555413924	300	7.923227225491215	0.0	155432	1282.5791898055993	0.004705182	0.8508909857694208
14480.130224590075	300	7.645350947504048	0.0	163442	1277.8762779871665	0.004705182	0.817051361469807
14481.427831420504	300	7.867944048119915	0.0	126289	1277.4068993841333	0.004705182	0.8445822951724562
14483.196179475579	300	7.723869967005268	0.0	153295	1144.0740811146466	0.004705182	0.8401264746624995
14485.434777714523	300	7.61670784406388	0.0	173849	1607.1621229413893	0.004705182	0.7805861582126918
14486.746135777692	300	7.871746860931073	0.0	150710	1244.9609831328073	0.004705182	0.8482964273682622
14488.195507328104	300	7.640259625743118	0.0	139105	731.4872351879559	0.004705182	0.8710616305147532
14489.160452518701	300	7.986729178555386	0.0	141840	653.5304471877325	0.004705182	0.921636567623526
14490.372520225135	300	7.766402677943192	0.0	156148	720.326500612195	0.004705182	0.8877528278760596
14491.905047889557	300	7.936009467745133	0.0	160746	830.393210198059	0.004705182	0.8976878316273044
14492.907044526804	300	7.516078357132924	0.0	179801	919.9311106122078	0.004705182	0.8368843442403511
14493.745776876565	300	7.9527449646689385	0.0	140051	563.3333924639855	0.004705182	0.9264601772125318
14494.987571139405	300	7.78454733094803	0.0	138313	668.1976337209093	0.004705182	0.8952060695733445
14496.398071604583	300	7.636095355718062	0.0	143509	648.4519752299675	0.004705182	0.8788509861263919
14499.2636124058	300	7.924349314534042	0.0	150616	1211.7460411840207	0.004705182	0.8581128471116918
14502.2540188438	300	7.98604345645142	0.0	165384	2438.3058580826214	0.004705182	0.7430743591144169
14503.527154680747	300	7.735525804084791	0.0	140881	750.5176523666288	0.004705182	0.8809212860332982
14505.659554836415	300	7.890634818541968	0.0	157671	1844.8909855428224	0.004705182	0.7906355593766967
14506.960701591617	300	7.723816021253282	0.0	157812	1166.8187972886851	0.004705182	0.8378453422599266
14508.304201469598	300	7.514230003969329	0.0	163927	1209.5860172839534	0.004705182	0.807690633873092
14509.313075415832	300	7.6417499803020075	0.0	137654	872.4800236673208	0.004705182	0.8571463685945058
14511.234848714197	300	7.9490603019517625	0.0	146754	692.6896783502463	0.004705182	0.9130695962712986
14513.216457771896	300	7.577797659409338	0.0	153938	1371.2626425424237	0.004705182	0.799371791337564
14515.819034214306	300	7.981682583881675	0.0	181901	2596.1150755276635	0.004705182	0.7267549920935574
14516.502139814786	300	7.663360529085272	0.0	111155	318.32205479640345	0.004705182	0.9152304612700418
14516.964362255243	300	7.769641014696164	0.0	153605	393.7195143891084	0.004705182	0.920813370130577
14517.393813201661	300	7.929167000022924	0.0	149029	340.47401467324136	0.0047238953	0.9458348986039056
14517.982749743407	300	7.5491871615215365	0.0	157421	379.97983850138695	0.0053259702	0.8949674788498836
14518.771525042743	300	7.979277853976503	0.0	157488	569.9093075450335	0.005975088	0.9290786522913829
14519.16999547962	300	7.62947572193246	0.0	143881	349.80213204404305	0.00624945	0.9078986316014265
14519.560200016615	300	7.763707515352395	0.0	163444	365.76820658006665	0.008533675	0.9228758803996883
14520.113082432323	300	7.724484577705911	0.0	179328	539.2229376464838	0.010074419	0.900687476167967
14520.793210720954	300	7.5512501009205515	0.0	159914	673.2344767853602	0.01291824	0.8658967300944541
14521.91388889855	300	7.5093579845444545	0.0	131610	541.892116376097	0.0130359065	0.8738584664077512
14522.645956609278	300	7.837717093291572	0.0	124011	671.6408912528817	0.013392725	0.9014267160638749
14523.612779581488	300	7.619518992924564	0.0	144254	718.198100367007	0.0136496825	0.8698296583962809
14525.672178760553	300	7.824131934814381	0.0	149991	795.3870581101837	0.014488137	0.8873747138793503
14526.837892343063	300	7.908281132535461	0.0	147968	915.8508022789196	0.015414613	0.8857184018404392
14529.071948558974	300	7.586184452694586	0.0	161857	822.0966798408757	0.015490319	0.8553239210143905
14530.141334389657	300	7.942471329390534	0.0	145210	643.7131233040524	0.015185374	0.9171536987323731
14531.233817458937	300	7.529066066938334	0.0	172312	913.4052624521987	0.016233027	0.839140546425021
14532.553283099294	300	7.888872179173524	0.0	167025	1140.19388776481	0.017603438	0.8608876327006284
14534.122089515186	300	7.794104833025056	0.0	160064	1094.7673461484687	0.018419493	0.8537291813907617
14535.968774295978	300	7.562781982499648	0.0	137507	731.3228505254076	0.01976696	0.861511756193744
14537.39004739865	300	7.864826400796773	0.0	118421	697.9555817028735	0.021735076	0.9021424850630935

