20009.290592487083	750	4.0	3.383176362969059	450283	3383.176362969059	0.43100017	-14.460856710771719
20011.415924424284	300	5.874668062799087	0.0	155580	2125.331937200913	0.53913337	-0.08104374280409177
20013.756167472526	300	7.534425014556251	0.0	139857	2340.2430482428354	0.4417212	0.5072186689849889
20017.662367060086	750	7.628225426999543	0.0	382355	3406.1995875567086	0.64927864	-0.016279786115990846
20021.321780894847	750	7.805993901303943	0.0	411561	2822.2315256955985	0.12649861	0.5092274409660378
20024.53355650966	750	7.698697253177665	0.0	318564	2607.2966481262793	0.37537307	0.5203935024605486
20027.778454096875	750	7.623488028765836	0.0	352642	3075.209224411828	0.2172305	0.4663632701488992
20037.06049445773	1200	4.0	1.6585523320923659	709534	9282.040360858202	0.14165238	-8.060790976956183
20038.420166686687	300	6.6403277710448325	0.0	150710	1359.6722289551674	0.22401996	-0.38078214106187114
20041.539557144115	750	7.520937313614153	0.0	362795	2619.39045743068	0.52554995	0.05207452211285546
20044.047039655405	750	7.65259168669382	0.0	353220	2368.345626920332	0.14073518	0.5398508905754955
20048.285169507428	1200	7.414461834669572	0.0	594078	4238.129852024249	0.6242187	-0.0959790042924274
20052.056777688853	750	7.642853653246604	0.0	386351	3271.608181422967	0.7578094	-0.0014126618371927413
20055.313112831052	750	7.664123593505534	0.0	434409	2978.7300597410713	0.4316735	0.4799224066383111
20058.261262429773	750	7.573851302023279	0.0	337059	2090.2722914822557	0.55749613	0.560079371184376
20062.25631339525	1200	7.578800336544717	0.0	587876	3995.0509654785624	0.72258306	-0.05585334509394707
20066.35270101549	1200	7.482412716305367	0.0	617242	4096.387620239349	0.65041894	0.37473556969678196
20070.455358983992	1200	7.379754747804134	0.0	581493	4102.657968501233	0.58976585	0.3642275868777107
20075.099421347128	1200	6.735692384670886	0.0	639204	4644.062363133248	0.6343975	0.24809540135520014
20078.063720526116	750	7.521560912222152	0.0	350713	2714.131472448734	0.6441963	0.04266044269705099
20081.859490548723	750	7.725790889613514	0.0	386472	2795.770022608638	0.38615605	0.504153958800454
20087.25812336399	750	6.327158074347381	0.0	399894	5398.632815266133	0.5224772	0.1092476562618081
20088.82850218282	300	7.594253865635005	0.0	163927	1232.904208712376	0.3582216	0.17371114893027884
20093.75291098003	750	6.669845068421724	0.0	343800	4924.40879721328	0.15611511	-0.2603459231010384
20096.83090144054	750	7.59185460791528	0.0	359903	3077.9904605064435	0.3543267	0.46304039325993385
20099.792520548108	750	7.920981978503892	0.0	379700	2670.872629411388	0.12137391	0.5354310657854262
20103.77421556932	750	7.939286957290351	0.0	425781	3481.695021213541	0.3449902	0.4561107019475781
20107.330850978746	750	7.572190021363251	0.0	277716	2367.0969359271007	0.2792195	0.532237006558318
20111.581793050198	750	7.321247949911052	0.0	400396	4250.942071452199	0.17417124	0.31969902890120977
20117.552468575974	750	5.350572424138536	0.0	400508	5970.675525772515	0.10891524	-0.0419541111467826
20118.919520711326	300	7.607624410873495	0.0	157421	1242.9480132650417	0.35972202	0.17399369889129473
20122.409848963114	750	7.754512350772122	0.0	400322	2853.1120601013736	0.5759509	0.051184228848306035
20125.692649426666	750	7.801720181492425	0.0	369834	2452.792169279697	0.19673243	0.5457600261415094
20129.896532482413	750	7.597837125744758	0.0	412837	3203.883055747666	0.5739132	0.4510269579840662
20133.75092321349	750	7.612587430414042	0.0	401088	3485.249695330717	0.25916448	0.4243100278802706
20136.681216982863	750	7.942011159000161	0.0	365161	2170.576271413881	0.1915003	0.5874847844873637
20138.92374372082	750	7.715606486550819	0.0	321064	2226.404672449341	0.74635625	0.5601102332631092
20141.59138163989	750	7.714848569321137	0.0	361565	2500.7579172296823	0.64726543	0.5326019583766584
20145.656385450304	1200	7.649844758909053	0.0	605884	4065.003810412084	0.66082025	-0.05601052190978373
20149.778004006297	1200	7.5282262029159375	0.0	587506	4121.6185559931155	0.5394396	0.37662207710202733
20153.964088952212	1200	7.3421412569974835	0.0	566904	4186.084945918454	0.5650378	0.3522645472188694
20158.48446927396	1200	6.821760935248621	0.0	641452	4520.380321748863	0.73361593	0.26874780285793
20164.35917041375	750	4.947059795458403	0.0	372093	5874.701139790218	0.6224563	-0.5211952289379873
20165.68609683665	300	7.620133372559291	0.0	172312	1326.9264228991112	0.25882408	0.16679985993247481
20169.683721681155	750	7.622508528051156	0.0	398987	3497.6248445081346	0.29322654	-0.02597256993541036
20174.670497925483	750	6.6357322837246135	0.0	393804	4986.776244326543	0.07640744	0.1801339372753299
20177.604955927483	750	7.701274281723483	0.0	331053	2434.458002001131	0.4327372	0.537925409045929
20180.41506062005	750	7.976449089709718	0.0	314107	2224.825192013765	0.16837241	0.585374583018779

