19021.759225845293	750	4.0	6.212365695121308	450283	6212.365695121308	0.03782929	-26.53875388437046
19023.266315099307	300	6.492910745984942	0.0	155580	1507.089254015058	0.021608535	-0.3802325581395349
19025.835862599906	300	7.923363245387267	0.0	139857	1569.547500597674	0.106979296	0.06976744186046512
19029.913199055198	300	7.846026790092508	0.0	155432	3077.3364552947583	0.5335293	0.06976744186046512
19031.79463653074	300	7.513477504837918	0.0	163442	1832.5492852545906	0.10675149	0.06976744186046512
19034.472897413892	300	7.94379112500476	0.0	126289	2069.686379833158	0.64425755	0.06976744186046512
19037.305825633233	300	7.521614286092734	0.0	153295	1922.1768389120264	0.3999637	0.06976744186046512
19041.2994411841	750	7.527998735223262	0.0	437162	3993.6155508694724	0.6680169	-0.2755813953488372
19042.219026991635	300	7.610389373403934	0.0	150710	917.6093618193289	0.30466434	-0.3802325581395349
19045.360608017934	750	7.74058697341401	0.0	362795	2869.8023999899237	0.60376894	-0.2755813953488372
19051.766988296833	750	5.3342066945127415	0.0	353220	6406.380278901269	0.1611875	0.1744186046511628
19053.962291093354	300	7.138903897991112	0.0	156148	2195.3027965216297	0.14383653	-0.3802325581395349
19056.9165757576	300	7.90849248348334	0.0	160746	2730.411414507772	0.52487886	0.06976744186046512
19061.05809918404	300	7.766969057043134	0.0	179801	4141.523426440206	0.30800483	0.06976744186046512
19065.248238461358	300	7.576829779725867	0.0	140051	3690.139277317267	0.2056003	0.06976744186046512
19069.225103752204	300	7.599964488878185	0.0	138313	3476.8652908476824	0.37907085	0.06976744186046512
19073.230519028602	300	7.594549212476466	0.0	143509	4005.4152764017194	0.100703485	0.06976744186046512
19076.564786299725	300	7.596323861140201	0.0	150616	2998.2253513362652	0.10379991	0.06976744186046512
19079.392809041525	300	7.640333373830032	0.0	165384	1455.9904873101698	0.100455895	0.06976744186046512
19081.219529666254	300	7.787989269811455	0.0	140881	1352.344104018577	0.33001244	0.06976744186046512
19083.89209233495	300	7.783896186266531	0.0	157671	1504.093083544923	0.5905891	0.06976744186046512
19088.162448297695	750	7.513540223525233	0.0	399894	3270.355962741298	0.6952782	-0.2755813953488372
19091.697558479384	750	7.97843004183429	0.0	401853	3535.1101816909436	0.26828742	0.1744186046511628
19095.90031893687	750	7.519017654035057	0.0	343800	3459.412387799233	0.21329765	0.1744186046511628
19102.825430976707	750	4.593905614197963	0.0	359903	6925.112039837094	0.39959887	0.1744186046511628
19107.283460618655	300	4.1358759722508	0.0	153938	4458.029641947162	0.01872516	-0.3802325581395349
19112.845239221067	300	4.0	1.425902630160169	181901	5561.778602410969	0.004705182	-6.061613867828261
19116.56580244238	300	4.279436778687903	0.0	111155	3720.563221312097	0.004705182	0.06976744186046512
19121.142966949013	300	4.0	0.2977277279432556	153605	4577.1645066311585	0.004705182	-1.210461788295534
19125.113266083215	300	4.029700865797835	0.0	149029	3970.2991342021646	0.004705182	0.06976744186046512
19128.237985851592	300	4.9049810974174095	0.0	157421	3124.7197683804256	0.004705182	0.06976744186046512
19130.701159566986	300	6.44180738202251	0.0	157488	2463.1737153949	0.004757314	0.06976744186046512
19133.402822785338	300	7.740144163672292	0.0	143881	2201.663218350218	0.011249832	0.06976744186046512
19135.99997551308	300	7.864493806576405	0.0	163444	2375.650357095887	0.16991106	0.06976744186046512
19143.64852746291	750	4.215941856751448	0.0	401088	7648.551949824957	0.2821864	-0.2755813953488372
19145.931487694812	300	5.9329816248463265	0.0	159914	2282.9602319051223	0.007312798	-0.3802325581395349
19148.243760716607	300	7.620708603050503	0.0	131610	1812.2730217958233	0.01576555	0.06976744186046512
19151.52897374942	300	7.860745816728868	0.0	124011	1759.9627863216365	0.1260637	0.06976744186046512
19155.43284156359	300	7.956878002560445	0.0	144254	2903.8678141684227	0.087953135	0.06976744186046512
19159.858385197662	300	7.531334368488913	0.0	149991	2425.5436340715314	0.61036396	0.06976744186046512
19161.56682985001	300	7.974442899182315	0.0	147968	1556.891469306599	0.19063407	0.06976744186046512
19163.642833886515	300	7.762217433950695	0.0	161857	1212.2254652316203	0.6967373	0.06976744186046512
19165.34674560301	300	7.67215086634059	0.0	145210	1590.0665676101055	0.69667345	0.06976744186046512
19169.2411117899	300	7.6968903903373995	0.0	172312	1475.26047600319	0.6934134	0.06976744186046512
19173.078591663954	300	7.859410516283646	0.0	167025	3337.479874053754	0.64807713	0.06976744186046512
19175.476082464294	300	7.648957846583804	0.0	160064	2210.4526696998423	0.69034326	0.06976744186046512
19176.630783068576	300	7.555126676263877	0.0	137507	1093.8311703199274	0.62815607	0.06976744186046512
19178.315419683062	300	7.953243085999726	0.0	118421	1101.8835902641508	0.69280815	0.06976744186046512

