3949.6650287352795	750	4.0	1.9680897620528024	450283	1968.0897620528024	0.08843859	0.23659102379471977
3950.472440254094	300	7.192588481185374	0.0	155580	807.4115188146266	0.789557	0.16873807791381498
3951.614492612643	300	7.784313042479486	0.0	139857	908.2754387058885	0.15975794	0.6661968995105412
3952.509665303292	300	7.653615047406744	0.0	155432	630.6979950727406	0.09799333	0.6812442638530317
3953.1739487416303	300	7.533710680810611	0.0	163442	619.9043665961319	0.16936222	0.6706629270492187
3954.2858586061416	300	7.969945274876048	0.0	126289	563.7654059345615	0.17844874	0.7187006373882396
3958.3180099018805	300	7.937793979137321	0.0	153295	2532.1512957387267	0.12383406	0.5187353348972319
3961.141492145389	300	7.996200844190773	0.0	173849	2441.593134946548	0.07545615	0.5334712186028979
3963.369191776979	300	7.568295549326734	0.0	150710	1927.9052948640378	0.060662325	0.5432262126856211
3964.1173286242483	300	7.9941242320548955	0.0	139105	574.1713172718389	0.05216878	0.7200114498401547
3965.301061959356	300	7.839240315200059	0.0	141840	654.8839168548375	0.074160874	0.696877728967722
3966.405995133857	300	7.681198513376087	0.0	156148	658.0418018239735	0.079609655	0.6811923752434271
3967.3920823287635	300	7.941600535511288	0.0	160746	739.597977864798	0.08681665	0.698360854291993
3968.9894834189668	300	7.506144689530346	0.0	179801	935.4558459809444	0.09687639	0.6364269864587316
3971.903717034486	300	7.695000403731818	0.0	140051	1811.1442857985285	0.07988669	0.5672243606830665
3974.0242776056975	300	7.886264792536705	0.0	138313	1308.7356111951124	0.059687946	0.6360656899546834
3976.2837161886537	300	7.917458057366657	0.0	143509	968.8067351700472	0.04988123	0.6730921225619028
3977.731479855991	300	7.978892095091238	0.0	150616	938.5659622754193	0.05900203	0.682090660020081
3979.244152675595	300	7.6321545903199315	0.0	165384	846.7375047713069	0.058697574	0.6575532834314827
3980.3189969016225	300	7.972700053622637	0.0	140881	659.4545366972952	0.06440654	0.7093996265450719
3982.232599580849	300	7.938593553924449	0.0	157671	1034.1064996981872	0.06841095	0.668617573149334
3983.7063847531413	300	7.886449143392692	0.0	157812	1052.1444105317569	0.061126325	0.6617427381417637
3985.4004650692086	300	7.92022928513884	0.0	163927	966.2198582538534	0.054642957	0.6736203121543668
3986.341093359315	300	7.698845440542771	0.0	137654	721.3838445960686	0.057481177	0.6765743346331776
3987.517934054596	300	7.845047277507217	0.0	146754	853.7981630355536	0.060380507	0.6775510314340215
3988.6495184897535	300	7.5457763069510655	0.0	153938	799.2709705561523	0.058960926	0.653899648795376
3991.5002206288223	300	7.776582060317484	0.0	181901	1269.1942466335831	0.062962994	0.629353180702517
3993.64940566737	300	7.6127434539110945	0.0	111155	1663.838606406388	0.059443202	0.5739554402522151
3994.8252745917493	300	7.727482207792187	0.0	153605	885.2612461189069	0.043165702	0.6629715200958995
3996.997886211575	750	7.631480227509765	0.0	400508	2096.0019802824227	0.05013558	0.1269612540970823
3999.323380561383	750	7.792037919877459	0.0	358218	1839.4423076323058	0.5041696	0.6182314569448524
4001.294191236523	300	7.89965858939516	0.0	157488	1892.379330482299	0.48298818	0.12900386477044937
4002.4963611951166	300	7.592789239426998	0.0	143881	806.8693499681602	0.03726555	0.6577118185374595
4003.478198132864	300	7.839521117866545	0.0	163444	753.2681215604534	0.047374155	0.6870666165564763
4005.170099105419	300	7.947855034682092	0.0	179328	891.6660831844537	0.058126256	0.6837622938043881
4007.0109153643725	300	7.967564273890668	0.0	159914	980.2907607914233	0.0566945	0.6768165495567251
4007.9092252653127	300	7.668672062501678	0.0	131610	798.8922113889892	0.057723273	0.6658891369393893
4008.6863038575893	300	7.97484167313885	0.0	124011	693.8303893628283	0.059997965	0.7061703137764703
4010.0550444539062	300	7.927095466937138	0.0	144254	547.7462062017102	0.06843517	0.7161354135394657
4011.18879310136	300	7.815718376768261	0.0	149991	1111.3770901688763	0.09107851	0.6489409031238259
4012.0104547056144	300	7.551073305283027	0.0	147968	764.6450714852349	0.07474526	0.657877371790251
4012.7611058352813	300	7.809255987834487	0.0	161857	741.8173174485402	0.08246671	0.6852684130720499
4014.0079540915945	300	7.7302488087869	0.0	145210	579.0071790475871	0.09899976	0.6938659787497674
4014.8395737020132	300	7.97835954721037	0.0	172312	751.8892615765311	0.10467601	0.7007065398085554
4016.1290775145126	300	7.728472795881808	0.0	167025	749.8867513285633	0.10771319	0.6766053042666494
4017.34815409313	300	7.598743037158761	0.0	160064	629.7297587230452	0.111992136	0.676004784491385
4018.1722721039782	300	7.526357480181403	0.0	137507	572.3855569773579	0.1364939	0.6746997092499056
4018.76536787423	300	7.525675740991192	0.0	118421	500.68173919021064	0.123071	0.6818037918923723

