6361.088710407581	750	4.0	6.865112348267744	450283	6865.112348267744	0.03362731	-0.19049136971049535
6363.149286325145	300	5.939424082436076	0.0	155580	2060.575917563924	0.004705182	0.07814734489705924
6365.432840529432	300	7.655869878150015	0.0	139857	1783.5542042860604	0.004705182	0.7677823613242301
6368.202853523042	300	7.835484621153693	0.0	155432	1820.3852569963224	0.004705182	0.7862766318850638
6370.007519344495	300	7.777965664583729	0.0	163442	1557.5189565699638	0.004705182	0.8054612863550019
6371.322155391119	300	7.974221054664428	0.0	126289	1303.7446099193016	0.004705182	0.8550707493717654
6375.323643508524	300	7.972732937258886	0.0	153295	2001.4881174055413	0.004705182	0.7851126579210548
6379.45340423083	300	7.7640423006606945	0.0	173849	2708.6906365981918	0.004705182	0.6886249739801684
6382.398753337003	300	7.686902814277877	0.0	150710	2077.1394863828164	0.004705182	0.7422555290887518
6386.454146979878	300	7.631509171402373	0.0	139105	2055.393642875504	0.004705182	0.7375905544133026
6390.119200472797	300	7.9664556784829	0.0	141840	3665.0534929194723	0.004705182	0.6179810552233332
6395.565666109386	300	6.519990041894177	0.0	156148	5446.465636588723	0.004705182	0.2612419623412685
6401.590616752469	300	4.495039398810925	0.0	160746	6024.950643083252	0.004705182	-0.04663106692777841
6408.102631966812	300	4.0	2.016975815531802	179801	6512.015214342728	0.004705182	-0.15646098538776115
6412.727033011341	300	4.0	0.6244010445290232	140051	4624.401044529023	0.004705182	0.03230043159360935
6416.409766802241	300	4.3172662090997544	0.0	138313	3682.733790900246	0.004705182	0.16564062256565865
6421.05373146364	300	4.0	0.3266984522994835	143509	4643.964661399238	0.004705182	0.030344069906587834
6425.83775745935	300	4.0	0.7840259957100834	150616	4784.025995710083	0.004705182	0.016337936475503356
6429.257622563423	300	4.580134895927466	0.0	165384	3419.865104072535	0.004705182	0.2243843907474109
6431.562709402627	300	6.275048056723643	0.0	140881	2305.0868392038224	0.004705182	0.5451363867192061
6434.554619392802	300	7.283138066547975	0.0	157671	2991.909990175667	0.004705182	0.6009248731071757
6438.012291556732	300	7.825465902617936	0.0	157812	2957.6721639300395	0.004705182	0.6713109108532831
6442.805000114719	300	7.032757344630239	0.0	163927	4792.708557987697	0.004705182	0.38993002973765933
6446.295646300152	300	7.542111159197732	0.0	137654	3490.6461854325084	0.004705182	0.5830271566169967
6449.9983113895505	300	7.839446069798824	0.0	146754	3702.665089398907	0.004705182	0.5985377762852904
6454.149313979576	300	7.688443479774392	0.0	153938	4151.002590024432	0.004705182	0.5350594476399678
6457.546069007047	300	7.8094511163205675	0.0	181901	2878.9923634538254	0.004705182	0.6772015146084895
6458.162286805548	300	7.780223492078323	0.0	111155	529.2276242422458	0.004705182	0.9085691978666264
6459.043061545443	300	7.868331185260475	0.0	153605	411.89230681784704	0.004705182	0.9311815549922297
6459.84723133012	300	7.975687566461163	0.0	149029	392.6436187993114	0.004705182	0.9463619215000113
6460.585564827627	300	7.562283862645812	0.0	157421	413.4037038153509	0.004705182	0.8932421670537425
6461.17181946703	300	7.6166214637907395	0.0	157488	445.662398855073	0.004717936	0.8967254650837965
6462.001617039711	300	7.747018783223797	0.0	143881	369.60268056694173	0.004785128	0.9204318433278826
6462.572489570519	300	7.826680035377363	0.0	163444	420.33874784643353	0.006350176	0.925194163755479
6463.425605082822	300	7.890389094706001	0.0	179328	436.2909406713627	0.009006506	0.931465223871869
6464.234935664241	300	7.934136060812467	0.0	159914	456.2530338935332	0.012367059	0.9348705361208899
6464.971623094969	300	7.552331143211533	0.0	131610	381.80491760093463	0.013682646	0.8951731643720576
6465.509216647941	300	7.70097571378869	0.0	124011	351.35542942284303	0.014871566	0.9165715426017697
6465.926683260915	300	7.815361450076507	0.0	144254	385.61426371218187	0.016391495	0.9272690847950131
6466.497039156268	300	7.936109624530838	0.0	149991	379.25182554566857	0.018761292	0.9428143366424243
6467.267229115851	300	7.501566660643377	0.0	147968	434.54296388746207	0.023256201	0.8836313719936417
6467.830189569861	300	7.5579099694852445	0.0	161857	443.6566911581324	0.023598507	0.8896768153658583
6468.391624268986	300	7.591844458350257	0.0	145210	466.0655111349881	0.027113762	0.8916258896080458
6468.943502892069	300	7.648589788802612	0.0	172312	443.2546695476441	0.026996765	0.9009134282431769
6469.807996294396	300	7.685655107406758	0.0	167025	462.9346813958539	0.037409116	0.9035219528338316
6470.906606908225	300	7.527129060458357	0.0	160064	658.5260469484001	0.041996703	0.8643893020807931
6473.459689682713	300	7.965630042653537	0.0	137507	561.4990178048206	0.038382746	0.9282345598999184
6474.9216229951435	300	7.745455212280772	0.0	118421	720.1748303727625	0.039175764	0.8851815712526359

