8980.177075678632	750	4.0	4.277909780182569	450283	4277.909780182569	0.0062058927	-18.3073524220978
8982.426061978747	300	5.75101369988408	0.0	155580	1248.98630011592	0.0927077	-0.32990260582835995
8984.508293237313	300	5.6783461584353985	0.0	139857	1572.6675414486815	0.3066387	0.09537934499609861
8989.283281304248	1200	4.903358091502169	0.0	617681	4774.988066933229	0.21554592	-0.7743452357179702
8992.284187996818	750	5.902451398931436	0.0	411561	2500.906692570733	0.6248581	-0.30005438183120303
8994.381921382135	750	5.8113138873482075	0.0	318564	1591.1375115832286	0.49504828	0.23568044701985813
8996.300505810561	750	5.535319638603134	0.0	352642	1275.9942487450728	0.7643859	0.29388847196514295
8998.895103423487	750	5.98931595062998	0.0	437162	2546.003687973154	0.58473915	0.147289653102794
9000.90429304044	750	5.869018080780824	0.0	374758	1620.2978698491554	0.58895963	0.23143892674185354
9002.000921221634	300	5.700149887584539	0.0	139105	668.8681931962858	0.73550457	-0.22574056962822114
9002.923035338239	300	5.932972804180805	0.0	141840	767.1770834037345	0.63916665	0.19552200299635517
9004.360337433573	300	5.61679028266499	0.0	156148	816.1825215158148	0.65830934	0.18378242126702235
9005.285205261664	300	5.969916112627163	0.0	160746	646.8741700378271	0.6795497	0.23188435548636685
9006.228316382496	300	5.617357362138931	0.0	179801	852.5587504882317	0.6452984	0.17594095411500973
9007.796080518874	750	5.908751531572199	0.0	337059	1208.6058305667318	0.6259366	-0.13972514403297448
9008.960971252776	300	5.7658852698761605	0.0	138313	642.8662616960387	0.63179106	-0.2166699764205027
9009.506175596114	300	5.769295401060766	0.0	143509	496.5898688153943	0.61187667	0.30206012933333126
9010.275324967222	300	5.6940278812178	0.0	150616	575.2675198429662	0.6470134	0.2607482515977024
9011.5919937006	300	5.55263447831158	0.0	165384	641.3934029062206	0.6246537	0.23386582917805876
9013.09199432747	750	5.93027175381252	0.0	350713	1122.36272449906	0.5936185	-0.11588341557104692
9014.87891542676	750	5.910630179202283	0.0	386472	1519.6415746102366	0.6833916	0.2467687159034073
9016.229533866419	750	5.823960726463003	0.0	399894	1086.6694527392797	0.6924321	0.3450911397708833
9017.333640057363	300	5.673882186450781	0.0	163927	650.0785400122214	0.66249245	-0.21925864988993482
9018.908461286506	750	5.893485330595726	0.0	343800	1280.396855855055	0.5245591	-0.15712205494321274
9020.90936860759	750	5.545243932997192	0.0	359903	1848.2413975985344	0.6935705	0.20289557440237338
9022.624684297843	750	5.663918987464054	0.0	379700	1381.3249455331372	0.6991265	0.2714784824618256
9023.672304594578	300	5.6371042164555005	0.0	181901	526.8147710085531	0.71408796	-0.16526994257804384
9025.324103919693	750	5.91160731176246	0.0	277716	1225.4969046930398	0.4929233	-0.1440016751050634
9026.989626449122	750	5.531997228758075	0.0	400396	1379.6100830043852	0.7134421	0.2718159316314652
9027.898260281427	300	5.535636554817538	0.0	149029	496.360673940538	0.71277636	-0.14780039419889784
9028.695275220442	300	5.968265745492603	0.0	157421	567.3708093249354	0.32070327	0.26437736579798987
9029.962695982098	300	5.779377434508624	0.0	157488	688.8883109839793	0.33302778	0.21774211814647612
9031.351826719403	300	5.629078248193851	0.0	143881	650.2991863147727	0.23266718	0.2306630596449702
9032.185572862109	300	5.87162099533483	0.0	163444	757.4572528590222	0.1369093	0.19803097723841845
9033.329462264335	300	5.717820696145948	0.0	179328	653.800299188882	0.1142111	0.22942785463098297
9035.345510700045	300	5.509841058308322	0.0	159914	707.9796378376245	0.16371791	0.2118705001998978
9036.917753000742	300	5.797754225897592	0.0	131610	712.086832410731	0.09559148	0.2106484675361616
9037.596430049683	300	5.763493516568318	0.0	124011	534.2607093292735	0.055535555	0.2807618029563027
9038.469827110795	300	5.7640031273203425	0.0	144254	499.49038924797674	0.07214427	0.30030607841291435
9039.577589553983	300	5.772075203657722	0.0	149991	491.92792366262114	0.117775336	0.304922718928382
9040.540430767152	300	5.5535718613344	0.0	147968	718.5033423233207	0.14641705	0.20876729607821534
9041.540098345642	300	5.9809070365132575	0.0	161857	572.6648248211434	0.04969159	0.2619333220734284
9042.746923796016	300	5.975995640161139	0.0	145210	504.91139635211766	0.09616734	0.29708182679915635
9043.685617499219	300	5.737605892069991	0.0	172312	738.3897480911492	0.10674982	0.2031447489456253
9044.785764908245	300	5.642684146113506	0.0	167025	594.9217459564838	0.051844664	0.2521340008488644
9045.570143818757	300	5.643107469892675	0.0	160064	499.5766762208301	0.062456787	0.3002542094933488
9046.99861128085	300	5.731274903491096	0.0	137507	411.8325664015792	0.08573602	0.3642256883923418
9047.789377193865	300	5.83420936632952	0.0	118421	397.065537161575	0.10692517	0.3777713902653848

