24241.688664008037	750	4.0	2.8598146493896546	450283	2859.8146493896547	0.004705182	-11.547202992375514
24242.56489553853	300	7.123768469505115	0.0	155580	876.2315304948851	0.148116	-0.15000000000000002
24243.234768194383	300	10.45389581365579	0.0	139857	669.8726558493264	0.014860049	0.3
24243.965581657925	300	13.723082350112056	0.0	155432	730.8134635437326	0.49747846	0.3
24245.809868734177	750	15.878795273860193	0.0	411561	1844.2870762518633	0.23340969	0.3
24248.57839662338	1200	17.11026738465773	0.0	520315	2768.527889202465	0.029948352	0.75
24251.20692839554	1200	18.48173561249872	0.0	561791	2628.531772159009	0.006978127	1.2
24253.618755011164	1200	20.069908996873234	0.0	709534	2411.8266156254876	0.0049615027	1.2
24255.600071539422	1200	22.08859246861726	0.0	584846	1981.3165282559714	0.004705182	1.2
24257.473743386607	1200	24.214920621430487	0.0	560821	1873.6718471867764	0.004705182	1.2
24260.051686985702	1200	25.636977022338527	0.0	607410	2577.9435990919574	0.004705182	1.2
24263.222660808064	1200	26.466003199975262	0.0	594078	3170.9738223632676	0.004705182	1.2
24265.980898659895	1200	27.70776534814351	0.0	624282	2758.2378518317482	0.004705182	1.2
24269.39443033742	1200	28.29423367062149	0.0	687371	3413.5316775220185	0.004705182	1.2
24272.69041458961	1200	28.998249418430163	0.0	526950	3295.9842521913315	0.004705182	1.2
24275.74295339838	1200	29.945710609658985	0.0	587876	3052.5388087711776	0.004705182	1.2
24279.479679092616	1200	30.20898491542506	0.0	617242	3736.7256942339277	0.004705182	1.2
24282.746289901064	1200	30.942374106978217	0.0	581493	3266.6108084468406	0.004705182	1.2
24286.120320433747	1200	31.568343574292616	0.0	639204	3374.030532685604	0.004705182	1.2
24288.29935359359	1200	33.38931041445254	0.0	586839	2179.0331598400808	0.004705182	1.2
24290.986460352506	1200	34.70220365553292	0.0	601738	2687.1067589196186	0.004705182	1.2
24293.629047414826	1200	36.05961659320982	0.0	616206	2642.5870623231026	0.004705182	1.2
24296.55399597895	1200	37.13466802908868	0.0	656471	2924.948564121133	0.005440902	1.2
24298.858380129528	1200	38.83028387851089	0.0	536667	2304.384150577786	0.009364892	1.2
24303.270773394706	1200	38.41789061333129	0.0	587236	4412.393265179602	0.023075135	1.2
24305.495956815936	1200	40.19270719210241	0.0	590335	2225.183421228876	0.004705182	1.2
24308.659762494084	1200	41.02890151395425	0.0	696376	3163.8056781481578	0.0355121	1.2
24310.46864427234	1200	43.22001973569804	0.0	487160	1808.8817782562196	0.17872229	1.2
24316.745881348157	2850	40.94278265988019	0.0	1498470	6277.237075817852	0.69683117	1.2000000000000002
24322.806122447346	2850	38.882541560690065	0.0	1561263	6060.241099190123	0.004705182	2.85
24327.978171133378	2850	37.71049287465757	0.0	1341201	5172.048686032497	0.004705182	2.85
24334.005086402463	2850	35.683577605568736	0.0	1497683	6026.9152690888295	0.004705182	2.85
24339.360272001326	2850	34.32839200670553	0.0	1358081	5355.185598863207	0.004705182	2.85
24345.18275762934	2850	32.50590637869162	0.0	1587293	5822.48562801391	0.004705182	2.85
24352.11968287494	2850	29.56898113308818	0.0	1492672	6936.925245603441	0.004705182	2.85
24357.529306371824	2850	28.15935763620448	0.0	1439896	5409.623496883699	0.004705182	2.85
24361.709879669444	2850	27.97878433858435	0.0	1139291	4180.573297620127	0.004705182	2.85
24368.44291228451	2850	25.245751723515994	0.0	1499009	6733.032615068359	0.004705182	2.85
24373.48653896303	2850	24.20212504499963	0.0	1427478	5043.626678516363	0.004705182	2.85
24379.518603802135	2850	22.170060205895126	0.0	1402287	6032.064839104504	0.004705182	2.85
24386.707680787822	2850	18.98098322020926	0.0	1339500	7189.076985685865	0.004705182	2.85
24395.08842270561	2850	14.600241302419285	0.0	1527299	8380.741917789977	0.004705182	2.85
24404.81543863511	2850	8.873225372921226	0.0	1343002	9727.015929498059	0.045541838	2.85
24414.193998004594	1200	4.0	0.5053339965628475	634861	9378.559369484074	0.013475616	-2.6229361852202437
24415.02083179608	300	7.17316620851202	0.0	167025	826.8337914879788	0.004705182	-0.6000000000000001
24415.760506502844	300	10.433491501748387	0.0	160064	739.6747067636344	0.072608694	0.3
24417.269029059098	750	12.92496894549741	0.0	331053	1508.5225562509775	0.6675813	0.3
24419.879915303936	1200	14.314082700657803	0.0	550906	2610.886244839609	0.0050924094	0.75

