8493.172977736978	750	4.0	4.316718207694552	450283	4316.718207694552	0.075269856	0.0017281792305448018
8495.486062313059	750	5.686915423919082	0.0	398865	2313.084576080918	0.5773166	0.36614406736803895
8497.156739736269	300	7.881478023141903	0.0	139857	805.4374007771792	0.61179197	0.23592999767283213
8499.93338538115	300	7.665775302526943	0.0	155432	1215.70272061496	0.077402756	0.6239263761092493
8501.91728588282	300	7.839296466124375	0.0	163442	1826.4788364025676	0.079737514	0.5797236976903387
8503.791354693974	300	7.800972907482301	0.0	126289	1038.3235586420742	0.06628721	0.6548122593884463
8506.396297860367	300	7.551373902842428	0.0	153295	2249.599004639874	0.055703375	0.5094112115874387
8510.299783793582	300	7.6478879696284965	0.0	173849	2903.4859332139317	0.045894608	0.4534085117249781
8512.762889601958	300	7.785750165424677	0.0	150710	2362.1378042038205	0.04255181	0.5209504231671678
8514.866502856152	300	7.839427569011903	0.0	139105	1946.322596412774	0.036017947	0.5677520714451302
8517.691670858292	300	7.93548880623362	0.0	141840	1403.938762778283	0.03449883	0.6313324101283913
8519.38639630121	300	7.888740699655726	0.0	156148	1546.7481065778948	0.03695596	0.61250522238373
8522.419728904946	300	7.856063113657074	0.0	160746	1532.6775859986524	0.03595969	0.6107343792032851
8524.607912279776	300	7.552298978010265	0.0	179801	1803.7641356468089	0.0374347	0.5540846620468174
8528.352358745364	300	7.807852512423915	0.0	140051	2244.4464655863508	0.03602855	0.5348690102745908
8532.171837214824	300	7.988374042963649	0.0	138313	2819.4784694602654	0.031867076	0.49492152873218836
8535.189792051058	300	7.993568678612472	0.0	143509	1494.805364351177	0.028106041	0.6278940175599452
8538.252831834876	300	7.888623565545131	0.0	150616	2104.9451130673415	0.028840438	0.5566741304425299
8542.144736956549	300	7.996718443872054	0.0	165384	2891.9051216730772	0.028750505	0.48849035649924955
8544.827794939645	300	7.940189286534975	0.0	140881	2056.52915733708	0.026473701	0.5665304923818183
8548.931638915567	300	7.836345310613404	0.0	157671	3603.84397592157	0.023202028	0.40170018386499656
8551.103257849369	300	7.960722316102973	0.0	157812	1875.6229945104303	0.021157097	0.5866179457899712
8553.444365285242	300	7.898166567812543	0.0	163927	2062.555748290429	0.02119176	0.5618411238907268
8557.664880877488	300	7.637184615480619	0.0	137654	1260.981952331923	0.021256398	0.6166180086222979
8560.951564263072	300	7.728609699745659	0.0	146754	1908.5749157349612	0.026537374	0.5607498017267694
8563.103861221512	300	7.551515455450217	0.0	153938	1177.0942442954417	0.025190068	0.6166754536129895
8565.619649928802	300	7.611222463428908	0.0	181901	1440.2929920213082	0.02915736	0.5961620853663305
8568.09093321957	300	7.9433286091781845	0.0	111155	1667.8938542507246	0.03382418	0.605699321817506
8569.660951102063	300	7.8900143906890206	0.0	153605	1053.3142184891635	0.028954037	0.661972477645591
8571.35656419958	300	7.5005596834329005	0.0	149029	1389.4547072561197	0.035884835	0.5904839584882375
8573.67777415821	300	7.908033942249082	0.0	157421	1092.5257411838197	0.035939742	0.6598037267653413
8575.390710372914	300	7.81590788161899	0.0	157488	1092.126060630092	0.041163534	0.6508844354244376
8577.627292043893	300	7.948022142167603	0.0	143881	867.8857394513872	0.042109177	0.6861565793806607
8579.234589474445	300	7.8137214881544645	0.0	163444	1134.300654013138	0.04943645	0.6464543493217079
8580.62660479603	300	7.6642121201311895	0.0	179328	1149.5093680232758	0.05028851	0.6303936918804306
8582.088203268395	300	7.714665908730391	0.0	159914	949.5462114007986	0.051385064	0.6552966384839506
8583.419858557025	300	7.969864437898225	0.0	131610	744.8014708321659	0.05842741	0.7005891695023858
8584.226815819671	300	7.779812634472682	0.0	124011	690.0518034255422	0.058554713	0.6875815983599142
8585.732558862866	300	7.590393918485704	0.0	144254	689.4187159869783	0.06537752	0.6692239369740369
8586.657536771987	300	7.816067061029788	0.0	149991	774.3268574559165	0.0777743	0.6826798359395552
8588.844633408553	300	7.662844239579912	0.0	147968	1153.2228214498757	0.082227424	0.629889320154159
8590.499107888758	300	7.5575439120342836	0.0	161857	1105.3003275456288	0.067029744	0.6244411126907713
8593.148629874986	300	7.832370004751332	0.0	145210	1225.1739072829514	0.06898753	0.6391805922337719
8596.776305875776	300	7.735706120328047	0.0	172312	3096.6638844232857	0.06372292	0.442631031759574
8598.943590181443	300	7.752570025676984	0.0	167025	1983.1360946510629	0.05402213	0.5556238255319803
8600.02605353138	300	7.793412427218595	0.0	160064	959.1575984583885	0.044174798	0.6619935987011695
8601.656521920557	300	7.994831113367676	0.0	137507	798.5813138509175	0.053231854	0.6976391943899147
8604.37825425848	300	7.9049084630687085	0.0	118421	589.9226502989677	0.06311686	0.7097600830035352

