12963.207605867956	750	4.0	7.511061952176264	450283	7511.061952176264	0.004705182	-31.547566394357936
12965.627400291118	300	5.580205576839139	0.0	155580	1919.794423160861	0.004705182	-0.15000000000000002
12967.327863409198	300	5.775402219767031	0.0	139857	804.8033570721075	0.004705182	0.3
12969.153154804213	300	5.9705863598644	0.0	155432	1304.8158599026326	0.005956899	0.3
12971.147424057132	300	5.698689524811212	0.0	163442	1271.8968350531877	0.0064264364	0.3
12972.93325696619	300	5.90695927921541	0.0	126289	791.7302455958019	0.058626067	0.3
12976.091897613964	300	5.5346903156585325	0.0	153295	2372.268963556878	0.06799622	0.3
12979.285910111901	300	5.935869799099065	0.0	173849	3098.820516559467	0.004705182	0.3
12983.013898714942	300	5.794471550267006	0.0	150710	2641.3982488320603	0.004705182	0.3
12986.906344677287	300	5.90202558792433	0.0	139105	3892.4459623426765	0.004705182	0.3
12991.103560541987	300	5.704809723222616	0.0	141840	3697.215864701713	0.004705182	0.3
12994.098217802604	300	5.9006071739906325	0.0	156148	2804.202549231983	0.004705182	0.3
12997.028233154912	300	5.990826882179816	0.0	160746	1409.7802918108175	0.004705182	0.3
12998.901474904349	300	5.924323542459402	0.0	179801	1566.5033397204143	0.004705182	0.3
13000.292358059858	300	5.557251112362297	0.0	140051	1367.0724300971046	0.004705182	0.3
13002.740501648308	300	5.530084733293975	0.0	138313	1027.166379068321	0.004705182	0.3
13005.57125313324	300	5.835197576420327	0.0	143509	1694.8871568736483	0.004803847	0.3
13008.923843225408	300	5.596834689614197	0.0	150616	1738.3628868061294	0.004705182	0.3
13012.793060882741	300	5.727617032281763	0.0	165384	2869.2176573324346	0.004705182	0.3
13016.65776050329	300	5.862917411732242	0.0	140881	3364.699620549522	0.004705182	0.3
13018.633668944212	300	5.544035409042854	0.0	157671	1818.882002689388	0.004705182	0.3
13020.325768168555	300	5.981499049387188	0.0	157812	1562.5363596556658	0.004705182	0.3
13021.85507483195	300	5.571627102334753	0.0	163927	1409.8719470524354	0.004705182	0.3
13023.457626707426	300	5.545068546617349	0.0	137654	1026.5585557174027	0.004705182	0.3
13025.10455580059	300	5.509600650315045	0.0	146754	1035.4678963023046	0.004705182	0.3
13028.73199192252	300	5.51161316878052	0.0	153938	1997.9874815345254	0.0062658777	0.3
13031.12455191813	300	5.615057495673148	0.0	181901	1396.5556731073723	0.004705182	0.3
13035.038510045955	300	5.701099367848643	0.0	111155	1913.9581278245055	0.004705182	0.3
13037.779203181964	300	5.690733977321744	0.0	153605	2510.365390526899	0.004705182	0.3
13040.673795280041	300	5.878601772411171	0.0	149029	1312.1322049105725	0.004705182	0.3
13043.185842613362	300	5.8938080618830755	0.0	157421	1484.7937105280969	0.004705182	0.3
13045.46275555285	300	5.68897847028578	0.0	157488	1204.8295915972965	0.004705182	0.3
13046.443376408035	300	5.854709711888343	0.0	143881	834.2687583974367	0.004705182	0.3
13050.365659613193	300	5.932426506729389	0.0	163444	2922.2832051589535	0.02434178	0.3
13054.375155272235	300	5.922930847690013	0.0	179328	2009.4956590393758	0.004705182	0.3
13057.758224885742	300	5.510461502329741	0.0	159914	2912.469345360272	0.004705182	0.3
13061.442022830488	300	5.826663557583545	0.0	131610	3683.797944746196	0.004705182	0.3
13065.745398855912	300	5.523287532159835	0.0	124011	3303.3760254237095	0.004705182	0.3
13069.639258052066	300	5.6294283360053	0.0	144254	2893.859196154535	0.004705182	0.3
13071.887610609756	300	5.996068793494859	0.0	149991	1633.3595425104402	0.004705182	0.3
13073.808177546653	300	5.738281803988167	0.0	147968	1257.7869895066917	0.004705182	0.3
13075.233015430862	300	5.952252854677598	0.0	161857	1286.0289493105709	0.004705182	0.3
13076.698752222192	300	5.768788936012425	0.0	145210	1183.4639186651732	0.004705182	0.3
13078.541398963918	300	5.998601982380423	0.0	172312	1770.1869536320016	0.004705182	0.3
13080.76816316799	300	5.541449769642932	0.0	167025	1457.1522127374915	0.004705182	0.3
13084.70446452675	300	5.605148410882335	0.0	160064	2436.301358760596	0.004705182	0.3
13088.775976149203	300	5.533636788429007	0.0	137507	3071.5116224533285	0.004705182	0.3
13091.616674985722	300	5.741999837343257	0.0	118421	1791.6369510857496	0.004705182	0.3

