5359.949935004075	750	4.0	7.528019682657206	450283	7528.0196826572055	0.007968076	-0.25678210314944144
5362.246289257146	300	5.7036457469296495	0.0	155580	2296.3542530703508	0.01996141	0.025457509335371414
5364.251494928599	300	7.698440075476701	0.0	139857	2005.2056714529485	0.006423058	0.7508734382869695
5368.1493396823425	300	7.80059532173235	0.0	155432	2397.844753744352	0.0059811845	0.7242228336849225
5372.224112586042	300	7.725822418032702	0.0	163442	3074.772903699649	0.006365915	0.6472976652664191
5374.629745402971	300	7.999104579880152	0.0	126289	2226.7178381525496	0.0065346323	0.7658458429965682
5378.746857342835	300	7.550006161337351	0.0	153295	2449.098418542801	0.005367185	0.6881567443193379
5381.729642579261	300	7.987620294233952	0.0	173849	2062.3858671033986	0.0060616806	0.7808610533890505
5384.6100873779515	300	7.9425974842006015	0.0	150710	1545.02281003335	0.0062263045	0.8270383066351135
5386.488454830013	300	7.791124838348087	0.0	139105	1651.4726458525147	0.007261114	0.7976907057783518
5388.829307013746	300	7.789146178186092	0.0	141840	1501.9786601619955	0.0071333232	0.8123957953930148
5392.169846766738	300	7.568312996725508	0.0	156148	1720.8331814605847	0.0076118824	0.763243648004758
5395.712464524762	300	7.676857417779174	0.0	160746	1891.4555789463348	0.007546376	0.7595835955148843
5398.815969857563	300	7.810685817068552	0.0	179801	2366.1716007106234	0.0077972924	0.7286360417455285
5401.429797815082	300	7.997438666203227	0.0	140051	1813.2471508653248	0.0077724988	0.8069872181775407
5405.480238980454	300	7.822508496394474	0.0	138313	2174.9301698087534	0.0076733977	0.7492199536629613
5408.516949780291	300	7.731908684857215	0.0	143509	2090.5998115372586	0.0073105814	0.746466457487466
5412.32397099045	300	7.924887474697622	0.0	150616	2307.021210159594	0.0070960317	0.7486517778787631
5416.073940846011	300	7.8864686079969974	0.0	165384	2038.4188667006233	0.006770153	0.7707683612770515
5419.47722080585	300	7.7506041225075295	0.0	140881	1635.8644854894683	0.0069122985	0.7942483515339538
5423.006245560553	300	7.709799477530689	0.0	157671	2040.8046449768408	0.007145336	0.7487161080310425
5426.0484623868315	300	7.972801162204589	0.0	157812	1736.9983153261012	0.0067895963	0.8115700619935249
5429.049993153279	300	7.899644972457401	0.0	163927	2073.1561897471865	0.0072369673	0.7689215398921182
5431.600357623377	300	7.6986500019083834	0.0	137654	1700.9949705490178	0.0069979476	0.7813204283953666
5434.429643053624	300	7.5386920413096865	0.0	146754	1659.957960598697	0.007155928	0.765673814075678
5436.734248298887	300	7.916053167851947	0.0	153938	2122.6388734577404	0.0073747775	0.7659992227871011
5439.125294228284	300	7.911513374556036	0.0	181901	2004.539793295911	0.0070315655	0.7772485938426833
5441.237550200057	300	7.658638552219818	0.0	111155	1252.874822336218	0.007842377	0.8211921530017019
5443.723521037157	300	7.770343622388402	0.0	153605	1888.294929831415	0.007463471	0.7714425809018439
5447.523489970115	300	7.970374689430588	0.0	149029	2299.9689329578146	0.0076188426	0.7549733989963184
5449.544187232221	300	7.688848492991274	0.0	157421	1781.5261964393148	0.007090099	0.7720570947549557
5452.592991376776	300	7.6390319345464555	0.0	157488	1549.8165584448177	0.007445138	0.7890771128090556
5454.847826443214	300	7.546108241883021	0.0	143881	1592.9236926634348	0.008229777	0.7732929333374775
5458.552160154402	300	7.841774530694471	0.0	163444	1704.3337111885494	0.008158157	0.798658413626293
5461.89611957974	300	7.577917308007116	0.0	179328	1763.857222687355	0.008297766	0.7601271065642664
5465.025354987992	300	7.618350724206271	0.0	159914	1959.566583800844	0.008820993	0.7455485616799356
5466.3521738287345	300	7.899775692560839	0.0	131610	1218.5750316454328	0.008654006	0.8543957959634673
5468.541852123655	300	7.804058463648462	0.0	124011	1095.7172289123773	0.009013598	0.8548631869237613
5469.909208713384	300	7.942360759288411	0.0	144254	1361.6977043600507	0.009994739	0.8453415883247988
5473.546418271238	300	7.6965854370462115	0.0	149991	2245.7753222422	0.010346992	0.7265874774540357
5476.964055475026	300	7.5434839294577705	0.0	147968	2153.101507588441	0.008991899	0.7169511229708336
5479.05538445922	300	7.805087318960308	0.0	161857	1238.396610497462	0.0083183125	0.8407222834982923
5480.606627321125	300	7.760931983856326	0.0	145210	1044.1553351039815	0.010803644	0.8546944673652733
5482.286706722893	300	7.9294361228730015	0.0	172312	1331.4958609833236	0.01156961	0.8467659430858938
5484.076976687522	300	7.963592867950773	0.0	167025	1465.843254922229	0.012326132	0.8375486023315307
5485.951052014116	300	7.533768550007139	0.0	160064	1429.8243179436333	0.011665337	0.7880792654538817
5489.779127002539	300	7.705693561583152	0.0	137507	2328.0749884239863	0.011957033	0.7194821083917213
5491.969897516599	300	7.756471336590337	0.0	118421	1949.2222249928145	0.009869961	0.7636370137274704

