8951.826418777046	750	4.0	1.26305294249572	450283	1263.05294249572	0.0133732585	0.223694705750428
8953.366702923307	1200	6.45971585373713	0.0	611087	1540.2841462628705	0.9200725	-0.0002961737677164844
8955.575401572034	1200	7.857035102363625	0.0	571051	2102.680751373504	0.15352915	0.48079661876037616
8958.46349857368	1200	7.765995464386837	0.0	617681	2591.039637976788	0.21144255	0.42627075272649845
8961.137950764552	1200	7.9322980317050495	0.0	652874	2333.6974326817876	0.28591394	0.46239888371338683
8963.391783620229	1200	7.910759006812559	0.0	520315	2021.5390248924905	0.23928878	0.4922685354365359
8965.42440451487	1200	7.545595522584016	0.0	561791	1865.1634842285441	0.28200006	0.4850833717386465
8968.468266306923	1200	7.717393307913037	0.0	709534	2828.202214670978	0.34161618	0.3995168602774671
8971.195233911993	1200	7.886739327419566	0.0	584846	2330.6539804934714	0.41801265	0.45985580991437564
8972.301120555272	300	7.631952803768407	0.0	139105	754.7865236511592	0.42223275	-0.49848160212959053
8973.199014925629	300	7.973555649803663	0.0	141840	658.3971539647449	0.021334838	0.4325075127162544
8974.454535041872	300	7.810544190327589	0.0	156148	663.0114594760731	0.025880307	0.421857865947867
8976.557386418555	300	7.665372806519979	0.0	160746	645.1713838076091	0.034532264	0.4145686620267378
8977.734813561834	300	7.970499274268143	0.0	179801	694.8735322518378	0.03696818	0.4286688514165751
8978.712504450292	300	7.91293065460352	0.0	140051	557.5686196646221	0.047545098	0.43880130394625777
8979.422595000735	300	7.88294648517725	0.0	138313	529.9841694262702	0.048312552	0.4396857383809511
8980.493852665639	300	7.7323708813845755	0.0	143509	650.5756037926747	0.05860623	0.4182156197072685
8981.597623202766	300	7.930826567077162	0.0	150616	801.5443143074143	0.052538294	0.4155222290115812
8982.279761145757	300	7.81087072129074	0.0	165384	619.9558457864224	0.041617583	0.426183835502029
8983.124393395778	300	7.7896457307324765	0.0	140881	521.2249905582628	0.06190686	0.4347303591149535
8984.656453295993	300	7.650319405556547	0.0	157671	639.3263251759282	0.069699585	0.4142123303296914
8986.163089618776	300	7.648367941084456	0.0	157812	1001.95146447209	0.059917487	0.3778278498705695
8987.499146216589	300	7.902682109484264	0.0	163927	745.6858316001917	0.03451065	0.4193490486827473
8988.6350419926	300	7.81491962843317	0.0	137654	587.7624810510928	0.046942446	0.42965622867196385
8990.549421026792	300	7.956796768369306	0.0	146754	858.1228600638652	0.05271375	0.4114875120166951
8991.49510670788	300	7.622081991038618	0.0	153938	834.714777330688	0.032039616	0.39290864670684483
8993.680427615065	300	7.744907037025423	0.0	181901	877.1749540131938	0.03230212	0.39633919441276955
8994.202595313578	300	7.842896169003488	0.0	111155	402.010868021935	0.04004342	0.44997992376052454
8995.818339070693	300	7.915102600693094	0.0	153605	927.7935683103952	0.06449767	0.40191455571227885
8997.333253261346	300	7.666620642767475	0.0	149029	748.4819579256186	0.031758092	0.4043155943804053
8998.613387866315	300	7.809769514147625	0.0	157421	856.8511286198491	0.03694442	0.4024254817722417
8999.766546377572	300	7.514831891692982	0.0	157488	794.9376224546429	0.039735857	0.3901832309853471
9000.812304525136	300	7.95606330981242	0.0	143881	558.7685818805633	0.04167459	0.4413770986752199
9002.084332406608	300	7.768544156917767	0.0	163444	687.5191528946513	0.05623986	0.41678209451789533
9002.925642106024	300	7.995143652499519	0.0	179328	773.4005044182488	0.05585111	0.4223564278393951
9003.810272701105	300	7.766782980956454	0.0	159914	728.3606715430642	0.063901305	0.41258786915547196
9005.413875102837	300	7.713116779860047	0.0	131610	1053.6662010964067	0.055558044	0.3767031786316123
9006.763880471792	300	7.603082119699946	0.0	124011	610.0346601601022	0.034699082	0.4141891664652364
9007.526538782313	300	7.991738375837246	0.0	144254	611.3437438627011	0.05153747	0.43834927410355773
9008.480049023487	300	7.775640562579705	0.0	149991	716.0978132575395	0.076392226	0.4143677538354776
9009.303240735986	300	7.9627509012889455	0.0	147968	312.8896612907585	0.08591814	0.46638296520148326
9010.304228172672	300	7.842408170048445	0.0	161857	620.3427312405014	0.4351287	0.4281162375039777
9011.010022255205	300	7.799833448005595	0.0	145210	542.574722042851	0.2616397	0.43323211829606456
9011.793712031287	300	7.754598307209191	0.0	172312	545.2351407964021	0.2621396	0.4301388801209342
9013.05499693932	300	7.953183170836386	0.0	167025	801.4151363728047	0.3881212	0.4169324345399936
9014.338008674686	300	7.691612126983306	0.0	160064	761.5710438530817	0.3205456	0.40456865355114846
9015.23872318249	300	7.721975209337026	0.0	137507	469.63691764627924	0.29368243	0.4356597588189362
9016.444067758617	300	7.619841763851873	0.0	118421	602.1334454851525	0.41263473	0.41602676569222685

