8800.144561399833	750	4.0	2.731225734575557	450283	2731.225734575557	0.14523256	0.1602774265424443
8801.10801829397	300	7.036543105862896	0.0	155580	963.4568941371031	0.68166566	0.13795812763145632
8802.755741182194	300	7.6250230380963275	0.0	139857	911.5200677665691	0.11748257	0.6503814836782109
8805.86359970245	300	7.769195192958757	0.0	155432	2855.8278451375704	0.0872181	0.4699714480014821
8809.739883623612	300	7.727068512736381	0.0	163442	2542.126680222376	0.06931141	0.49724474484137554
8812.177203494764	300	7.720487235779019	0.0	126289	1506.5812769573622	0.053435605	0.6001592559837734
8816.089937912995	300	7.807752817548	0.0	153295	2412.73441823102	0.042428404	0.5180305196834409
8818.342116981235	300	7.5733997419419214	0.0	173849	1734.35307560608	0.039303586	0.5630778173432439
8820.056220577611	300	7.895260978221069	0.0	150710	1178.1387637208522	0.042437606	0.6500002537599138
8821.105815161605	300	7.918446155001395	0.0	139105	976.8148232196735	0.042892702	0.6723874062519183
8824.049803182936	300	7.587842005672692	0.0	141840	1830.6041493287028	0.04997128	0.554857220118799
8825.397023093368	300	7.850923943507374	0.0	156148	1236.9180621653172	0.04229626	0.6398105472895604
8827.195113541833	300	7.8970297101599645	0.0	160746	1453.8942333474095	0.043499853	0.6225967159783157
8830.31272609565	300	7.830321555108541	0.0	179801	2566.708155051424	0.044389915	0.5048279557291633
8832.023742767966	300	7.805265327734563	0.0	140051	1025.056227373978	0.040358372	0.6565564303847885
8834.122429100444	300	7.943902374465597	0.0	138313	861.3629532689673	0.0414851	0.6864082105898826
8835.679054508095	300	7.994251360244711	0.0	143509	949.6510142208865	0.04774993	0.6824758433617094
8837.607208367499	300	7.678661617708112	0.0	150616	815.5897425365972	0.05289354	0.6651908680684542
8839.527694510252	300	7.609700604764487	0.0	165384	1068.9610129436255	0.056820236	0.6331472825189838
8840.80301792427	300	7.547801519861807	0.0	140881	1061.8990849026793	0.05623742	0.6278337893162929
8842.242344048318	300	7.9548505651946595	0.0	157671	1092.9509546671475	0.051987108	0.6643141219984658
8843.223490439688	300	7.547465001900236	0.0	157812	907.385563294422	0.05100075	0.6432524151053558
8844.799851445116	300	7.826164965674259	0.0	163927	1221.3000362259777	0.057510816	0.638964539289224
8846.322315016378	300	7.647463597894099	0.0	137654	678.7013677801601	0.05303261	0.6758456981171851
8847.580341656472	300	7.590331436787154	0.0	146754	557.1321611069465	0.058734857	0.682446516116856
8848.596603402237	300	7.892647803399628	0.0	153938	697.6836333875262	0.077691324	0.6977916355418613
8849.582979697057	300	7.6037486310760904	0.0	181901	788.8991723235379	0.0713073	0.660574637139796
8850.625892826978	300	7.6560307323657835	0.0	111155	447.7178987103079	0.077033035	0.6997771988515417
8851.555436502938	300	7.988856471989975	0.0	153605	667.1742603758088	0.08526725	0.7101988658634442
8852.456111077592	300	7.924703849456628	0.0	149029	564.1526225333469	0.08313146	0.7142621871063224
8853.151208577458	300	7.765416137582524	0.0	157421	659.2877118741031	0.08814861	0.6892579481924901
8854.274381446307	300	7.551734601655365	0.0	157488	713.6815359271588	0.09140879	0.6630380364182684
8855.598071623963	300	7.8346351507870455	0.0	143881	717.0994508683204	0.09096397	0.6902083233272082
8856.905550914707	300	7.769190797308903	0.0	163444	1065.4443534781417	0.08364496	0.6490093696904766
8858.940736348986	300	7.757615620302888	0.0	179328	1011.5751770060153	0.07310488	0.6532706013738543
8859.87969233301	300	7.984942780926991	0.0	159914	772.6728393758958	0.075092144	0.6992684015075603
8860.852961804208	300	7.901449631651732	0.0	131610	583.493149275258	0.07876865	0.7100666617506052
8861.575536514763	300	7.805050332836272	0.0	124011	596.3992988154603	0.08509922	0.6994012149867815
8864.168568796018	300	7.676621998078096	0.0	144254	2128.428334758177	0.086585574	0.5337086558372771
8865.137857198502	300	7.969279689084433	0.0	149991	707.3423089936616	0.06255681	0.704278218864095
8866.635783642132	300	7.981289590014825	0.0	147968	987.9900990696082	0.0760635	0.677381402721981
8868.149169800085	300	7.5945646548187105	0.0	161857	886.724935196115	0.064755954	0.6498989191615081
8869.459056617297	300	7.84795184809031	0.0	145210	746.6128067284008	0.073689714	0.6885520365539426
8870.800085157705	300	7.569074559128222	0.0	172312	1278.8772889620898	0.084150515	0.6082047719790107
8872.534640902806	300	7.602872279301369	0.0	167025	966.2022798268523	0.073444076	0.642759101179373
8874.11512794107	300	7.696805573806765	0.0	160064	906.0667054946042	0.07937327	0.6579076715032475
8875.10810057439	300	7.53752938503079	0.0	137507	659.2761887759748	0.07321708	0.6670971138166468
8875.552483004667	300	7.602186359165454	0.0	118421	435.3430258653343	0.094460115	0.695778320842307

