10199.249454345641	750	4.0	5.460500454044817	450283	5460.500454044817	0.004705182	-23.411476928343916
10201.449064003205	300	5.700445374400823	0.0	155580	1299.5546255991767	0.031306293	-0.33457584079557984
10203.205612001317	300	5.607198891316084	0.0	139857	1093.2464830847398	0.15247548	0.13720602107656008
10204.832830166977	300	5.6952405803	0.0	155432	1411.9583110160847	0.4119323	0.10623543119488832
10206.437317013279	300	5.575627094021838	0.0	163442	1119.613486278163	0.38615295	0.1339748063402062
10210.175921244834	750	5.837022862467285	0.0	318564	2738.6042315545533	0.70350873	-0.3130689328238081
10211.437316291342	300	5.68806418270215	0.0	153295	1148.9586797651364	0.68211484	-0.3194470021927489
10215.22258837873	300	5.902792095312285	0.0	173849	1785.2720873898654	0.55339444	0.08402080616143258
10218.037619189825	300	5.509130897732062	0.0	150710	1893.6611975802227	0.27613983	0.07921163521313872
10221.702287883074	300	5.844462204483064	0.0	139105	2164.6686932489984	0.082657844	0.06929466872589252
10225.571981486944	300	5.974768600612189	0.0	141840	2369.693603870874	0.06932132	0.06329932264448716
10228.392983466989	300	5.742133499156702	0.0	156148	1732.6351014554868	0.010388717	0.08657333553614009
10231.424876830237	300	5.790370318825777	0.0	160746	1451.7631803309255	0.028786805	0.10332263693711251
10235.064454462085	300	5.760646556210632	0.0	179801	2529.723762615145	0.027701613	0.05929501165966633
10237.94793172055	300	5.688834880645787	0.0	140051	1571.8116755648448	0.012531831	0.09543127992486514
10240.471093680491	300	5.738086744573764	0.0	138313	2450.7481360720226	0.011139436	0.06120579989113651
10243.041135193365	300	5.61927285717235	0.0	143509	1118.8138874014137	0.0055482886	0.13407055604966964
10246.467162417244	300	5.531872995968542	0.0	150616	1587.3998612038067	0.014629672	0.09449414962544302
10250.33187935485	300	5.6671560583628455	0.0	165384	3364.7169376056977	0.0136761675	0.044580273105154174
10253.000594319927	300	5.844470735515595	0.0	140881	2322.68532284725	0.004705182	0.06458042272214619
10255.456659351496	300	5.949453088545255	0.0	157671	1395.0176469703401	0.0047629373	0.10752552150559941
10258.650437963564	300	5.788087527260552	0.0	157812	1661.365561284703	0.0053809257	0.09028717309151864
10260.861806381989	300	5.938609814840666	0.0	163927	1849.4777124198858	0.0075785336	0.08110397816242815
10262.82997757042	300	5.840469578377559	0.0	137654	1098.1402364631072	0.0065902704	0.13659457601072916
10264.061001315727	300	5.889973162607279	0.0	146754	950.496415770279	0.00734827	0.15781227315669624
10265.131743687618	300	5.889865584380528	0.0	153938	1000.1075782267507	0.019131776	0.1499838650017619
10268.269467185883	300	5.566321232080263	0.0	181901	1323.5443523002639	0.032963492	0.11333205399524872
10269.92582066508	300	5.735234060463918	0.0	111155	831.0871716163444	0.021404356	0.1804864821920806
10271.367746378191	300	5.951904415198245	0.0	153605	1283.3296452656734	0.019237962	0.1168834527849991
10272.6034787014	300	5.9883362970175185	0.0	149029	963.5681181807279	0.0153797595	0.15567140212485303
10275.251770980587	300	5.990272278937975	0.0	157421	998.0640180795431	0.027225442	0.1502909605824958
10277.1440295363	300	5.659257055134156	0.0	157488	1331.015223803819	0.0335261	0.11269593113392427
10278.554086397442	300	5.754850352519501	0.0	143881	904.4067026146562	0.010633316	0.16585458684278576
10280.132105899624	300	5.803665680690372	0.0	163444	951.1846718291288	0.020890316	0.15769808370812988
10281.946304173925	300	5.589983915717392	0.0	179328	1213.6817649729812	0.025041483	0.12359088216451804
10283.822420531074	300	5.577184073307599	0.0	159914	1012.7998424097927	0.01636981	0.14810428844765552
10285.6343024766	300	5.567901352913737	0.0	131610	1009.2827203938618	0.016981965	0.14862039839685762
10287.313628793083	300	5.9695378022382055	0.0	124011	1598.3635506755315	0.008894942	0.09384598387307073
10289.452589250104	300	5.920538937630476	0.0	144254	1548.9988646077295	0.0049076965	0.09683673979837693
10292.051856519032	300	5.905886070873835	0.0	149991	1514.652866756639	0.004705182	0.09903259241254297
10293.488059990983	300	5.970091507483045	0.0	147968	1435.794563390792	0.004705182	0.10447177042219602
10295.682040279837	300	5.908305864837721	0.0	161857	1561.785642645324	0.004705182	0.09604391019111479
10297.755891410434	300	5.752477641642598	0.0	145210	1155.8282231951232	0.004705182	0.12977706980138126
10299.79479882143	300	5.542035375846968	0.0	172312	1210.4422657956293	0.004705182	0.12392164768090307
10302.043841984798	300	5.9317463522613885	0.0	167025	1110.2890235855796	0.004705182	0.13509995759085175
10303.178496853337	300	5.858796021383612	0.0	160064	1072.9503308777776	0.0049309665	0.1398014387835506
10304.438175478357	300	5.959808987203594	0.0	137507	898.987034180018	0.005195544	0.16685446429916273
10306.57602108299	300	5.561231951808324	0.0	118421	898.5770353952693	0.005318733	0.1669305959216034

