5922.274043120606	750	4.0	7.229722006325715	450283	7229.722006325715	0.05237842	-0.2895722006325715
5924.756611087351	300	5.517432033254713	0.0	155580	2482.567966745287	0.4987052	-0.16168653144050785
5927.007289063354	300	7.266754057251941	0.0	139857	2250.6779760027725	0.045178305	0.481624034467474
5930.291103667432	300	7.982939453173061	0.0	155432	3283.8146040788806	0.031641737	0.4479594014131921
5934.69204616726	300	7.581996953345817	0.0	163442	3900.9424998272434	0.038537566	0.34725495373015636
5937.98334153216	300	7.765211802135669	0.0	126289	2816.785151210147	0.028263193	0.4734883326366791
5941.954443241823	300	7.7941100924714775	0.0	153295	2971.101709664192	0.021076337	0.46086703552643193
5945.072886219374	300	7.587694484323161	0.0	173849	2206.415608148317	0.020732569	0.5172617277855958
5947.731218200624	300	7.719542254699418	0.0	150710	1868.1522296237438	0.026083	0.563910261307144
5949.698695445272	300	7.580893517738388	0.0	139105	1138.6487369610293	0.024585955	0.6233770209039554
5951.891925658822	300	7.963692564656845	0.0	141840	1117.2009530815433	0.032421954	0.6627490066047239
5954.9065077929345	300	7.639416189834945	0.0	156148	2324.2763748219004	0.039012954	0.5105055869792583
5956.433154625193	300	7.841245619951076	0.0	160746	1298.1705698838687	0.035113618	0.6327440795518553
5959.559304890876	300	7.667408675547169	0.0	179801	1673.8369444039063	0.03761318	0.5782717992565716
5961.673719027022	300	7.766358296712975	0.0	140051	1401.050378834194	0.039468564	0.6151733064719176
5965.609226953002	300	7.83085037073335	0.0	138313	1935.5079259796253	0.039520945	0.5679994059558557
5968.102227402741	300	7.973785968409747	0.0	143509	2357.064402323602	0.035297826	0.5397442451954878
5972.300127453163	300	7.617803881106698	0.0	150616	2355.982087303049	0.03239474	0.5052332187073215
5976.146369169933	300	7.771562164337055	0.0	165384	3846.241716769643	0.02994418	0.3711602488048143
5979.103395024555	300	7.737129143720491	0.0	140881	2534.433020616564	0.024473298	0.49899250716516136
5982.000143138353	300	7.850051489523594	0.0	157671	1387.077654196897	0.02172987	0.6247097419364798
5985.66852749417	300	7.775694498466717	0.0	157812	2074.3569910568763	0.024506532	0.5487505908702006
5988.71775258512	300	7.6880957021710925	0.0	163927	2587.598796295625	0.025271872	0.4889074274065763
5992.717069093543	300	7.539250561887227	0.0	137654	2648.845140283866	0.02246383	0.46830760311514635
5997.073259067163	300	7.1830605882670895	0.0	146754	4356.189973620138	0.018906452	0.2629336448469607
6000.356718982454	300	7.6096612586508545	0.0	153938	2573.399329616235	0.01854045	0.4826996244421722
6004.05469657088	300	7.911683670225055	0.0	181901	2697.9775884258	0.016563402	0.4996134780868066
6006.76184483	300	7.607128699215387	0.0	111155	1804.5549710096682	0.01720741	0.5593377688977297
6008.343867509758	300	7.552413931891589	0.0	153605	1554.714767323798	0.018510789	0.5790007781440772
6009.814921385972	300	7.795540945001103	0.0	149029	1256.8729868904873	0.021296354	0.6324290582123085
6011.971953042077	300	7.864115604611222	0.0	157421	1931.42534038988	0.025934432	0.5716427085094533
6015.001799257723	300	7.661995664145272	0.0	157488	1702.1199404659508	0.025361573	0.5749170842915325
6016.811692447656	300	7.855912230769209	0.0	143881	1306.083433376064	0.027368324	0.6333791211046992
6020.8485545191525	300	7.819050159272969	0.0	163444	2536.8620714962403	0.030846484	0.5067164208396722
6025.079345383506	300	7.588259294918688	0.0	179328	3230.7908643542814	0.030602122	0.4148791299954142
6029.044171442639	300	7.623433235786157	0.0	159914	1964.8260591325309	0.02756174	0.5448962762669507
6032.915752970627	300	7.751851707798156	0.0	131610	2871.5815279880017	0.025975011	0.46670942578457053
6036.855612212934	300	7.8119924654916835	0.0	124011	2939.859242306474	0.024613002	0.46573034303841887
6041.010216905584	300	7.657387772841624	0.0	144254	3154.604692650058	0.021724075	0.42922049164384213
6043.603644118729	300	7.716841240110656	0.0	149991	2440.546532730968	0.019763466	0.5064081573276645
6047.303679408186	300	7.823263892689764	0.0	147968	1893.577347420893	0.020070368	0.5714546788219903
6049.6671637118625	300	7.544750792919645	0.0	161857	1778.5130997701185	0.021570526	0.5558757046344236
6051.323010877301	300	7.9443127168034735	0.0	145210	1100.4380761161724	0.025683824	0.6625406040975206
6052.7222540692	300	7.657395737064977	0.0	172312	1286.916979738496	0.03396525	0.6159900374557195
6055.206800618515	300	7.526285597087794	0.0	167025	2131.1101399771837	0.039608933	0.5188202603190696
6056.876085726946	300	7.803361152140989	0.0	160064	1222.9244449468044	0.037271097	0.6365844275510307
6059.0322599928095	300	7.918454460651821	0.0	137507	1384.9066914891678	0.043055747	0.6315790271494728
6062.136593797779	300	7.711921345354021	0.0	118421	1206.5331152978	0.043099612	0.6293310393058986

