19744.243699550527	750	4.0	4.722418988271614	450283	4722.418988271614	0.05719357	-20.131983044916776
19745.719305368802	300	6.524394181725228	0.0	155580	1475.6058182747722	0.037271477	-0.3802325581395349
19747.768251721478	300	7.823933437271	0.0	139857	1200.460744454228	0.20377146	0.06976744186046512
19750.01073842424	300	7.73193287094004	0.0	155432	1092.0005663309603	0.67398584	0.06976744186046512
19751.644875998663	300	7.950107151944223	0.0	163442	1281.8257189958156	0.62973857	0.06976744186046512
19754.814940636228	750	7.501230760874974	0.0	318564	2448.8763910692487	0.48653698	-0.2755813953488372
19758.382336362785	750	7.933835034318364	0.0	352642	3067.39572655661	0.23882186	0.1744186046511628
19763.33661660876	750	6.97955478834422	0.0	437162	4954.280245974144	0.095669985	0.1744186046511628
19766.44374398925	300	7.872427407852883	0.0	150710	1607.127380491338	0.45050997	-0.3802325581395349
19768.695895289737	300	7.826347495368311	0.0	139105	1546.0799124845732	0.68988085	0.06976744186046512
19772.68876268557	300	7.833480099535773	0.0	141840	2492.8673958325385	0.6736279	0.06976744186046512
19776.977622932693	300	7.544619852416867	0.0	156148	2788.8602471189065	0.6765186	0.06976744186046512
19782.9926547925	750	5.529587992609927	0.0	386351	6015.03185980694	0.69181085	-0.2755813953488372
19784.76994140405	300	7.752301381056728	0.0	179801	1777.2866115532	0.19354478	-0.3802325581395349
19786.234302368313	300	7.845179640533213	0.0	140051	1407.121740523513	0.66058564	0.06976744186046512
19790.188626857944	750	7.890855150903317	0.0	366214	2954.3244896298975	0.64814484	-0.2755813953488372
19795.18156792493	750	6.897914083916086	0.0	360831	4992.941066987231	0.49731898	0.1744186046511628
19798.482213894644	300	7.597268114206527	0.0	150616	2300.6459697095593	0.626137	-0.3802325581395349
19801.47613978693	300	7.987880643245118	0.0	165384	2609.387470961408	0.35758454	0.06976744186046512
19803.929867579427	300	7.67328594810914	0.0	140881	1814.5946951359774	0.5612984	0.06976744186046512
19807.973992821495	300	7.6291607060397695	0.0	157671	2044.1252420693702	0.47972897	0.06976744186046512
19811.50075843866	300	7.737407081474803	0.0	157812	1891.7536245649658	0.69047093	0.06976744186046512
19815.95052547206	750	7.287640048071292	0.0	401853	4449.76703340351	0.66598666	-0.2755813953488372
19819.894805395303	750	7.343360124830519	0.0	343800	3944.2799232407747	0.43701652	0.1744186046511628
19825.355196147266	750	5.882969372864067	0.0	359903	5460.390751966452	0.6773691	0.1744186046511628
19827.667290713354	300	7.570874806774339	0.0	153938	2312.094566089728	0.13483933	-0.3802325581395349
19831.678529423858	300	7.559636096271722	0.0	181901	3011.238710502617	0.094417274	0.06976744186046512
19833.97052825608	300	7.665028088163057	0.0	111155	1894.608008108665	0.17741695	0.06976744186046512
19837.854411991997	300	7.601781660755743	0.0	153605	2063.2464274073136	0.13985248	0.06976744186046512
19843.363361302876	750	6.092832349879552	0.0	400508	5508.949310876192	0.57761383	-0.2755813953488372
19845.494128901682	300	7.962064751073469	0.0	157421	2130.7675988060823	0.20692433	-0.3802325581395349
19847.92725313755	300	7.8906797087378076	0.0	157488	2071.3850423356607	0.6082156	0.06976744186046512
19851.679288319134	300	7.655531714713509	0.0	143881	2235.1479940242984	0.41904396	0.06976744186046512
19855.706319168923	300	7.628500864924207	0.0	163444	3027.030849789302	0.21556506	0.06976744186046512
19859.83376226738	300	7.501057766468108	0.0	179328	3627.443098456098	0.48700875	0.06976744186046512
19863.50214746465	300	7.832672569195596	0.0	159914	3668.385197272512	0.14051706	0.06976744186046512
19867.816179812045	300	7.518640221799224	0.0	131610	3814.0323473963726	0.28872302	0.06976744186046512
19871.34859075672	300	7.986229277125148	0.0	124011	3032.4109446740754	0.07090018	0.06976744186046512
19875.75497032131	300	7.579849712530697	0.0	144254	2406.379564594452	0.10073508	0.06976744186046512
19879.773984105115	300	7.560835928729651	0.0	149991	3519.013783801045	0.09770813	0.06976744186046512
19883.46356560556	300	7.871254428280985	0.0	147968	3689.581500448667	0.06655798	0.06976744186046512
19887.815618629225	300	7.5192014046204125	0.0	161857	4352.053023660573	0.10038191	0.06976744186046512
19891.841964712494	300	7.492855321351097	0.0	145210	4026.3460832693145	0.040931962	0.06976744186046512
19896.090344313277	300	7.244475720566289	0.0	172312	4248.379600784809	0.022413695	0.06976744186046512
19899.61829544288	300	7.716524590966182	0.0	167025	3027.9511296001065	0.015178411	0.06976744186046512
19903.6481898101	300	7.686630223743902	0.0	160064	2529.8943672222804	0.029669406	0.06976744186046512
19907.03783803906	300	7.584700534527737	0.0	137507	2101.929689216164	0.06741345	0.06976744186046512
19909.24200070765	300	7.921478389104644	0.0	118421	1663.2221454230935	0.09346247	0.06976744186046512

