4669.272253760474	750	4.0	2.288238812003366	450283	2288.238812003366	0.04138223	0.2045761187996634
4670.390955797241	300	6.8812979632329325	0.0	155580	1118.7020367670673	0.7352786	0.10733602324769595
4671.660170242152	300	7.855161141322627	0.0	139857	1026.136821910304	0.11164686	0.6613007388025951
4672.7967104950285	300	7.83842985497454	0.0	155432	1016.731286348087	0.07916508	0.6606141747614653
4675.2347347754685	750	7.949322260018954	0.0	411561	1889.1075949555848	0.10066536	0.17856083029128483
4675.864072559387	300	7.929111653601909	0.0	126289	520.2106064170462	0.6843227	0.26908504767108105
4677.023258515232	300	7.594082283480159	0.0	153295	835.0293701217494	0.103857264	0.6550215650562705
4677.725081012575	300	7.98524933246963	0.0	173849	608.8329510105297	0.08139463	0.7156822024816186
4679.28596361277	300	7.7463027721391775	0.0	150710	1238.946560330453	0.12954956	0.6294332885574897
4680.555497339152	300	7.602503933630349	0.0	139105	643.7988385088281	0.08626977	0.6749636236946687
4682.188311142211	300	7.87396453328742	0.0	141840	728.5394003429287	0.08716376	0.6928891108279087
4683.12162394522	300	7.509445271141372	0.0	156148	864.5192621460471	0.08989979	0.6438416264038938
4684.558648017178	300	7.870330043743419	0.0	160746	639.1152273979537	0.08397712	0.7014780740142521
4685.76095058855	300	7.73813319463675	0.0	179801	1132.196849106668	0.10736062	0.6393137682677571
4686.986137002933	300	7.680592791379006	0.0	140051	557.5404032577446	0.08313604	0.6911836086358338
4687.779190047798	300	7.787889312658815	0.0	138313	392.70347872018937	0.102362655	0.7181018877840509
4689.051977180647	300	7.57667051495652	0.0	143509	711.218797702294	0.13596839	0.6657093278092922
4689.732518828429	300	7.947183887288507	0.0	150616	629.486627668013	0.098337665	0.709914970272006
4691.39373704694	300	7.58210230714002	0.0	165384	865.0815801484875	0.0990861	0.6508512913545181
4693.170314532346	300	7.631881807318959	0.0	140881	950.2204998210602	0.092666775	0.6471784557796627
4694.509258474985	300	7.94058834789215	0.0	157671	691.2934594268089	0.07478965	0.7030928708898307
4696.380190032492	300	7.928947796443903	0.0	157812	1011.640551448248	0.07778396	0.6699261180593448
4697.478163873942	300	7.884606388247936	0.0	163927	1044.3414081959681	0.07015099	0.662343830437515
4699.129210083414	300	7.7058994667894405	0.0	137654	678.7069214584947	0.06707328	0.6815280309994236
4700.023017621338	300	7.955165341834887	0.0	146754	750.7341249545535	0.066115245	0.6985664169979875
4701.06798278354	300	7.7742195292185095	0.0	153938	680.9458126163784	0.06746364	0.6879482679548623
4702.362913903119	300	7.993763668021593	0.0	181901	780.4558611969165	0.07055411	0.6993479305954082
4703.376120879009	300	7.559397828567302	0.0	111155	434.36583945429044	0.076615795	0.6917148548827411
4704.577054487548	300	7.918351511016172	0.0	153605	641.0463175511302	0.085831195	0.7059550526912097
4706.358817280201	300	7.6274137746828385	0.0	149029	790.9377363333324	0.08389963	0.6626722159545728
4708.77017111161	300	7.702149434638674	0.0	157421	925.2643400441651	0.07322953	0.6565075985141945
4710.266266138551	300	7.8671465858503	0.0	157488	1335.0028487883737	0.069986954	0.6315797205951044
4711.8816555349185	300	7.994998077242839	0.0	143881	872.1485086074598	0.05918563	0.69029871215112
4713.154586572646	300	7.590152978258884	0.0	163444	904.8450989839557	0.060014304	0.647657867237281
4714.019768911415	300	7.886604697246887	0.0	179328	703.5482810119967	0.064142674	0.6966174787060602
4715.14798912637	300	7.788311690148037	0.0	159914	598.2930070988494	0.08447766	0.6975840111570117
4716.076338730562	300	7.679100486979245	0.0	131610	609.2112031687925	0.09663838	0.6858714020418524
4717.25916127333	300	7.862258387607329	0.0	124011	816.842099371915	0.08849783	0.6829204182576213
4717.902407651203	300	7.733625491868945	0.0	144254	628.6328957383847	0.077094555	0.6892317895104164
4719.8225119338695	300	7.870880087103451	0.0	149991	862.7454047654949	0.09199369	0.6791685479942612
4721.22749046488	300	7.922070246048308	0.0	147968	948.8098410551429	0.08456571	0.6755403473226836
4722.159857676785	300	7.643970985073397	0.0	161857	778.0992609749106	0.07552002	0.6655662522008968
4722.97805564468	300	7.997005881090054	0.0	145210	646.9651039833421	0.09532831	0.7130123115376735
4724.099715364862	300	7.771792533955638	0.0	172312	725.2133471344147	0.10377792	0.6832854892137444
4724.91072029935	300	7.974513181735583	0.0	167025	797.2793522200562	0.10836541	0.6957934717017799
4725.778830642876	300	7.622320810606954	0.0	160064	852.1923711286289	0.10293925	0.6560514617186635
4726.998785187698	300	7.5153026103936025	0.0	137507	1107.0182002133506	0.105602145	0.6201613588394428
4728.024089609121	300	7.794118547987009	0.0	118421	721.1840624065932	0.08345521	0.6858596225510772

