14116.182222290958	750	4.0	2.100206826790785	450283	2100.2068267907853	0.1696268	0.13997931732092145
14119.941110319833	1200	4.241111971125794	0.0	611087	3758.888028874206	0.9632942	-0.36081930469205853
14122.58612865182	1200	5.596093639137665	0.0	571051	2645.0183319881285	0.35217667	0.2852540192472913
14125.338388286054	1200	6.843834004904116	0.0	617681	2752.2596342335487	0.37199038	0.3525136618831524
14128.401980437855	1200	7.695224263647269	0.0	652874	2648.6097412568465	0.40800697	0.4160905423522696
14131.87769590567	1200	7.719857763610873	0.0	520315	2475.3665000363962	0.37447375	0.43495446022204
14133.191699254223	300	7.7880305589253025	0.0	153295	931.827204685571	0.5005334	-0.5064308105357257
14134.458135085944	300	7.990900776997467	0.0	173849	797.1297819278343	0.015095434	0.41971832036955825
14135.579648645038	300	7.909796988947737	0.0	150710	581.1037880497292	0.024789158	0.43625193300426063
14136.462204789259	300	7.893723735609006	0.0	139105	516.0732533387311	0.037026197	0.44175040814168975
14137.353308313444	300	7.711413423756685	0.0	141840	682.3103118523218	0.046409946	0.4137323077995606
14138.442607263885	300	7.581160578503532	0.0	156148	630.2528452531534	0.03713422	0.41079725163115544
14139.161586231185	300	7.886194171296811	0.0	160746	694.9664072067203	0.051792998	0.4233904949853787
14140.138226490815	300	7.964880350177889	0.0	179801	921.3138211189222	0.052602753	0.4056736397742259
14141.4314003439	300	7.845956604743362	0.0	140051	618.9237454345265	0.043309353	0.4284799132530075
14142.617806648552	300	7.559878496690266	0.0	138313	786.0781080530961	0.045664378	0.39388459523783204
14143.456106707596	300	7.7308926322195255	0.0	143509	828.9858644707406	0.036536902	0.4002822030666463
14144.73280508421	300	7.737200488747382	0.0	150616	993.6921434721443	0.033876196	0.3842058161994969
14145.382236998226	300	7.6189876673615	0.0	165384	618.2128213858817	0.02528692	0.4143654470715056
14146.201652189697	300	7.51988965609216	0.0	140881	599.0980112693396	0.05104462	0.41008330237882606
14147.414043539702	300	7.793852513988201	0.0	157671	726.0371421039599	0.049857557	0.4145120679138665
14148.037165993846	300	7.6954683813171	0.0	157812	598.3841326710996	0.039571747	0.42112836056520875
14150.303089178175	300	7.9348759260398944	0.0	163927	1260.5924552772053	0.058924146	0.3698704998497728
14153.247346694248	300	7.795412537329124	0.0	137654	1639.4633887107707	0.028930405	0.3232669447119932
14157.421277475922	300	7.621481755655159	0.0	146754	2173.930781673965	0.016584687	0.25894953156105094
14160.934402265966	300	7.659281805600806	0.0	153938	2462.199950054353	0.011435768	0.23248511784461506
14164.029273966777	300	7.752308465790642	0.0	181901	2406.973339810164	0.010417201	0.24382194513089872
14165.616456260479	300	7.822666442438991	0.0	111155	929.6420233516509	0.00869615	0.3959524503172719
14167.376765224604	300	7.9762821000517325	0.0	153605	846.3843423872584	0.009325947	0.4138791970145075
14169.556261110218	300	7.963496434613653	0.0	149029	1512.7856654380798	0.01621528	0.3464399606195453
14170.485359789038	300	7.647302224292458	0.0	157421	816.1942103211954	0.010746384	0.3963369679861591
14171.40673732283	300	7.868065653646152	0.0	157488	779.2365706463063	0.017140131	0.4138304462882539
14172.619939619373	300	7.737535039446931	0.0	143881	630.530614199221	0.025505539	0.4205428785455111
14173.272584124568	300	7.607548680520925	0.0	163444	629.9863589260058	0.036758438	0.41247315663995726
14174.818707938537	300	7.8958157606719235	0.0	179328	711.7329198490023	0.048057847	0.422315193057095
14175.655574698994	300	7.709577846502909	0.0	159914	686.2379141690143	0.061657105	0.4132248239895304
14176.512436195868	300	7.566461521210633	0.0	131610	643.1163252922751	0.06662764	0.4085922125464371
14177.755119393274	300	7.53699248479692	0.0	124011	529.469036413712	0.050980635	0.41811512665843625
14179.461221249774	300	7.835548675043317	0.0	144254	701.4438097536017	0.075975135	0.41957741121484715
14180.744300737593	300	7.531337954507712	0.0	149991	804.2107205356051	0.07683138	0.3902875501031715
14181.679433036416	300	7.833206241237818	0.0	147968	698.1317132698936	0.07663683	0.4197622187503742
14182.446141477418	300	7.588352256512492	0.0	161857	744.8539847253279	0.10112925	0.39978661755949796
14182.921847975971	300	7.661426268375239	0.0	145210	426.9259881372523	0.12886713	0.4361465429597272
14183.674494015142	300	7.929493470998226	0.0	172312	731.9327973770129	0.30631638	0.42240006219968784
14184.982445721318	300	7.950874281306027	0.0	167025	978.6191896921997	0.23327252	0.3990677236124067
14185.726381219536	300	7.808572809940153	0.0	160064	642.3014713658733	0.1753525	0.42380565348467225
14186.859198767293	300	7.717980963487469	0.0	137507	590.5918464526849	0.2993707	0.42331462557269833
14187.778184954772	300	7.6646007919003845	0.0	118421	553.3801715870853	0.34873798	0.4236995323350655

