23017.96817214423	750	4.0	6.212365695121308	450283	6212.365695121308	0.060437523	-26.909289772241614
23019.475261398242	300	6.492910745984942	0.0	155580	1507.089254015058	0.057831556	0.04028709756853274
23022.04480889884	300	7.923363245387267	0.0	139857	1569.547500597674	0.6455406	0.6217239775189656
23027.877563070986	750	6.090609073240266	0.0	382355	5832.754172147001	0.5542959	-0.4069325938925195
23030.19187513159	300	7.776297012636838	0.0	163442	1814.312060603428	0.5790779	0.13309222681957913
23032.90243610706	300	7.809050832744182	0.0	126289	1967.2461798926572	0.6853497	0.5709514078921925
23037.147388489753	750	7.564098450047677	0.0	352642	4244.952382696505	0.68228734	-0.10632736119993963
23041.16360304423	750	7.547883895570616	0.0	437162	4016.214554477061	0.31917167	0.3649857520329345
23043.458896526885	300	7.627478049268217	0.0	150710	920.4058463023997	0.18931964	0.20815885120523966
23046.58370590826	750	7.757517133808799	0.0	362795	2869.9609154594177	0.18574214	0.049788557148979895
23052.99607837489	750	5.345144667176922	0.0	353220	6412.372466631877	0.29011807	-0.08664623310693764
23055.191381171408	300	7.149841870655292	0.0	156148	2195.3027965216297	0.46164447	0.034696122532869855
23058.129919335366	300	7.921834719960578	0.0	160746	2728.007150694714	0.64860266	0.5057308901721707
23062.268778511632	300	7.782975543694641	0.0	179801	4138.859176265937	0.63584757	0.35128033157839716
23066.4602771554	300	7.591476899927078	0.0	140051	3691.498643767563	0.07925991	0.37758441926920255
23070.435319268876	300	7.616434786450591	0.0	138313	3475.042113476488	0.0264315	0.40163229769154046
23074.440734545275	300	7.6110195100488705	0.0	143509	4005.4152764017194	0.15551075	0.3480737547930979
23077.769442508583	300	7.607338663831473	0.0	150616	3003.6808462173985	0.01930968	0.44789291211335275
23080.58628836712	300	7.651429216806087	0.0	165384	1455.9094470253856	0.01441715	0.6069138186614874
23082.400947787308	300	7.799567793570492	0.0	140881	1351.8614232355956	0.62183696	0.6315771300887065
23086.3984983992	750	7.802017181674096	0.0	386472	3497.5506118963945	0.69446605	-0.008687231509770355
23090.666761244924	750	7.533754335954338	0.0	399894	3268.262845719758	0.09167905	0.43842093648219366
23094.20115893337	750	7.999356647505775	0.0	401853	3534.397688448563	0.10150914	0.4566222122612873
23098.37311792449	750	7.544881690054961	0.0	343800	3454.4749574508146	0.1337462	0.42087074598845525
23105.280697786893	750	4.637301827649916	0.0	359903	6907.579862405045	0.09311278	-0.2042976632347595
23109.737158341773	300	4.180841272771712	0.0	153938	4456.460554878204	0.046826474	-0.477189388734226
23115.293412884825	300	4.0	1.375413270280601	181901	5556.254543052313	0.004923374	-6.068852031054344
23119.013976106136	300	4.279436778687903	0.0	111155	3720.563221312097	0.004705182	0.055890275901106456
23123.597526700683	300	4.0	0.30411381585639086	153605	4583.550594544294	0.004705182	-1.3649939821794377
23127.572697913918	300	4.024828786763968	0.0	149029	3975.1712132360317	0.004705182	0.005923163526190045
23130.71122202961	300	4.886304671071719	0.0	157421	3138.5241156922493	0.004705182	0.17250592176957158
23133.177872158223	300	6.4196545424628555	0.0	157488	2466.6501286088633	0.004705182	0.3872800159415724
23135.878084001404	300	7.719442699281084	0.0	143881	2200.2118431817726	0.006281646	0.5390299552596175
23138.459405259833	300	7.84000717305404	0.0	163444	2379.435526227044	0.017326215	0.5327120567544863
23142.56985230971	300	7.7295601231792785	0.0	179328	4110.447049874761	0.033127468	0.34898024832167845
23145.530895027932	300	7.58520514560658	0.0	159914	2644.354977572699	0.01115299	0.48169512229423317
23149.179587289582	300	7.714202804106917	0.0	131610	1871.002341499663	0.015551654	0.5714465594675489
23152.730915141867	300	7.502383871541325	0.0	124011	1711.818932565591	0.03605554	0.5669770835441499
23156.471721823542	300	7.761577189863732	0.0	144254	2740.8066816775945	0.040532053	0.4890259647753532
23160.397265457614	300	7.836033555792201	0.0	149991	2425.5436340715314	0.015736578	0.5277187807208115
23162.540554560743	300	7.637318631461887	0.0	147968	1698.7149243303138	0.04069508	0.5812751108001177
23164.589892248427	300	7.834936838518741	0.0	161857	1302.3817929431455	0.14892258	0.6399294045298551
23167.207604030522	300	7.744558885338729	0.0	145210	1590.3779531800121	0.7125291	0.6024308061659502
23170.98413058045	300	7.769962582334039	0.0	172312	1474.5963030046896	0.5441936	0.6164541063493377
23174.766411467026	300	7.987681695759557	0.0	167025	3282.280886574483	0.5998129	0.45664136402903704
23177.123149928524	300	7.711417969761147	0.0	160064	2276.263725998409	0.15296885	0.5306523774966396
23179.621287185662	300	7.61758679944122	0.0	137507	1093.8311703199274	0.09213941	0.639864274587611
23181.704459255536	300	7.513153783912395	0.0	118421	1104.4330155288246	0.7135855	0.6287522917480367

