1871.9617925608734	750	4.0	5.558065529459364	450283	5558.065529459364	0.080229506	-0.20580655294593642
1874.7695116927214	300	5.192280868151962	0.0	155580	2807.719131848038	0.3848619	-0.4062543589253062
1876.1550440273381	300	7.8067485335352504	0.0	139857	1385.5323346167118	0.0140925795	0.349368549884282
1877.9854503792083	300	7.742203846012171	0.0	155432	1564.5446875230796	0.010560639	0.32743327162345276
1882.0201859513215	300	7.607766973228976	0.0	163442	2134.436872783195	0.01233678	0.2620417485484915
1885.6781021381548	300	7.949850786395711	0.0	126289	2157.9161868332644	0.009757036	0.28107405546640546
1889.308062381401	300	7.91897802675451	0.0	153295	2530.872759641201	0.0075751934	0.24184885070803674
1890.6427168963676	300	7.606194539673761	0.0	173849	1312.7834870807494	0.0074394685	0.34410881002153515
1892.7712195718323	300	7.982878744534231	0.0	150710	1123.3157951395297	0.009428149	0.3865983420194365
1894.3287681598192	300	7.911697895453322	0.0	139105	1071.180849080909	0.010677777	0.38736303355774176
1896.2672900539862	300	7.825620765372893	0.0	141840	1086.0771300804308	0.012227817	0.38049358482776274
1898.6068804748177	300	7.922047932250443	0.0	156148	1403.572833122448	0.012823616	0.3547707124534079
1900.751571145485	300	7.742711424121218	0.0	160746	1179.3365081292238	0.011868015	0.36598581319465373
1903.4672615362488	300	7.652543357708508	0.0	179801	1590.1680664127107	0.013668444	0.3192671532155107
1905.0374965062394	300	7.940186987188541	0.0	140051	1212.3563705199663	0.011459569	0.3750260496472872
1907.3847720224321	300	7.73048857652767	0.0	138313	1209.6984106608716	0.0123299165	0.36218569496689224
1910.5859557427277	300	7.888685168995795	0.0	143509	1341.8034075318762	0.012094709	0.35886248230904955
1913.3892198995986	300	7.796743323242044	0.0	150616	2591.94184575375	0.011703282	0.22810227312725273
1915.8019048292254	300	7.831061966287485	0.0	165384	1465.6813569545589	0.008668761	0.34287323719751195
1917.0236448975463	300	7.618693751862902	0.0	140881	1212.3682144245843	0.009386611	0.3549315380489729
1919.2877206007324	300	7.926341851068229	0.0	157671	1192.351900794672	0.01052689	0.3761611756122971
1921.0943657210755	300	7.923881163492196	0.0	157812	1502.4606875760323	0.011381742	0.34499650396065906
1923.7347798603485	300	7.770766257789257	0.0	163927	1653.1149057029402	0.0100563355	0.3203614005415345
1926.1847402563533	300	7.719435705171942	0.0	137654	1551.3305526173162	0.009783324	0.3273316763115147
1928.53684992291	300	7.682695812637241	0.0	146754	1536.7398925347006	0.009423566	0.3264944990363575
1931.268985278245	300	7.804313026780836	0.0	153938	1378.3827858564055	0.008704798	0.34993128558816167
1935.124790102178	300	7.948508202847886	0.0	181901	1855.8048239329487	0.010075829	0.311201280284698
1938.2046444098135	300	7.783359769335882	0.0	111155	1165.1484335120035	0.009712867	0.36994514223229225
1939.9988415582418	300	7.9836140801834645	0.0	153605	1299.7456891524175	0.0095133055	0.3690013110962248
1942.0490628128234	300	7.680729168030617	0.0	149029	1802.8849121528472	0.010531237	0.29975708178662885
1944.2882294336814	300	7.584814085815924	0.0	157421	2095.9150822146926	0.009561745	0.264459372142026
1947.9162594313527	300	7.60242480880187	0.0	157488	2482.3892770140533	0.008615147	0.22691262284871153
1951.8525340417816	300	7.666150198372939	0.0	143881	2936.2746104289304	0.007829964	0.18550692635541566
1954.6381748878766	300	7.864287435868651	0.0	163444	2301.862762504288	0.0071228715	0.2613316884913619
1957.422377519514	300	7.624075209845434	0.0	179328	1740.2122260232175	0.006768367	0.3024834780130179
1960.255969862882	300	7.754274178968377	0.0	159914	1869.8010308770567	0.007900422	0.29766203309781786
1962.8364237670705	300	7.840942945119676	0.0	131610	1413.3312338487015	0.00793335	0.3487258106851096
1965.8808138251536	300	7.892309222748063	0.0	124011	1448.6337223716132	0.008070206	0.3484059541845926
1968.2377984819882	300	7.60169505718644	0.0	144254	1790.6141655616232	0.0088049155	0.2960445245179902
1972.0454975360324	300	7.793996003142289	0.0	149991	1807.6990540441502	0.0101476805	0.30635484479197805
1975.5537457419389	300	7.711906730347613	0.0	147968	2082.0892727946757	0.011228297	0.2737852433672583
1978.126673390757	300	7.618522352994434	0.0	161857	1593.3843773531787	0.012502497	0.3168192093268343
1980.196091823107	300	7.563584744051925	0.0	145210	1054.9376089425105	0.018821435	0.36723028560899423
1982.7236753867344	300	7.582033431442011	0.0	172312	2481.5513126099136	0.030109055	0.22572195820413432
1984.7313624862463	300	7.856205964194671	0.0	167025	1725.8274672473397	0.024951242	0.3184301260374329
1987.2802297866335	300	7.947702115633448	0.0	160064	1408.5038485612217	0.029182753	0.35588099737096834
1988.3753242152775	300	7.890336665224331	0.0	137507	1057.3654504091182	0.040689677	0.38740949653560885
1990.1121448809834	300	7.515790807488938	0.0	118421	874.5458577353928	0.06261969	0.3822823396945193

