7340.910853409107	750	4.0	2.288238812003366	450283	2288.238812003366	0.014295248	-9.64313148652267
7342.029555445875	300	6.8812979632329325	0.0	155580	1118.7020367670673	0.56302357	0.1165085373692489
7344.775915267854	750	7.616588452788728	0.0	350812	2264.709510444204	0.22342741	0.09674914939190019
7348.303260179696	1200	7.958741243230268	0.0	617681	2657.84720955846	0.82187593	0.114436781430585
7352.618847605218	1850	7.643153817707921	0.0	996749	4315.587425522347	0.41415843	-0.24694684858642535
7356.084594078221	1850	7.857823087903936	0.0	801058	3285.3307298039854	0.04133386	0.5267409860900274
7360.212832368506	1850	7.729584797620377	0.0	905515	4128.23829028356	0.03436206	0.4301071465436576
7366.267520465409	1850	5.67489670071746	0.0	1060487	6054.688096902916	0.056953445	0.039696064297024436
7369.928020686836	1850	6.014396479290366	0.0	852833	3660.5002214270944	0.52993596	0.31179209750463444
7373.768788224214	1850	6.1736289419113115	0.0	913888	3840.7675373790544	0.102051504	0.3090916742799119
7378.185211451557	1850	5.757205714569042	0.0	939819	4416.4232273422695	0.092659615	0.21144488886688279
7381.83347400104	1850	6.108943165085819	0.0	917428	3648.262549483224	0.19795275	0.32211609236652194
7386.592414125079	1850	5.350003041045941	0.0	946851	4758.940124039877	0.073741615	0.13799947173117888
7390.695280053432	1850	5.247137112692871	0.0	1036454	4102.86592835307	0.4016204	0.19370592693113559
7392.916025327607	1850	7.026391838517573	0.0	821631	2220.7452741752986	0.13349342	0.5531733139633676
7396.135386312157	1850	7.807030853967373	0.0	923170	3219.3609845502	0.0074575823	0.5284491494564016
7400.927309800377	1850	7.015107365747246	0.0	966699	4791.923488220127	0.01062671	0.29496934902615585
7404.951443540016	1850	6.990973626108111	0.0	885714	4024.1337396391355	0.061850253	0.3694254235801718
7409.948877230666	1850	5.993539935458366	0.0	987708	4997.433690649745	0.063497454	0.1760912841584375
7413.836672155512	1850	6.105745010611472	0.0	923755	3887.794924846894	0.22592637	0.29785502876954245
7418.520319823954	1850	5.422097342169935	0.0	891604	4683.6476684415375	0.10200003	0.15246787701129205
7423.595662554493	1850	4.346754611631058	0.0	955231	5075.342730538877	0.62548476	0.009795391441004497
7425.850504797325	750	6.091912368799525	0.0	401853	2254.842242831532	1.1792582	-0.6990159572586632
7427.988087642922	750	7.954329523201536	0.0	343800	2137.582845597989	0.7424049	0.5919697838456084
7430.943495079177	1200	7.798580420874905	0.0	587236	2655.7491023266307	0.39058775	0.099230928087011
7434.760029572279	1850	7.982045927774321	0.0	905935	3816.5344931005834	0.6710366	-0.16442279847956126
7439.161173170887	1850	7.509570542084582	0.0	1076599	3972.4753856897396	0.054934964	0.4245068108883708
7442.3726953844425	1850	7.7181436467663715	0.0	758197	2791.4268953182104	0.029088736	0.5626870620610155
7446.763912980566	1850	7.326926050642959	0.0	972798	4391.2175961234125	0.022833424	0.36505284666998083
7452.093548162381	1850	5.9972908688279185	0.0	975811	5329.635181815041	0.049207725	0.14323216670939964
7458.09729608607	1850	4.0	0.006457054861389224	873429	6003.747923689308	0.30562854	-0.14418599549601707
7460.420083314188	750	5.677212771882188	0.0	400322	2322.787228117812	0.7370374	-0.7457257707855666
7462.6432885500435	750	7.454007536026919	0.0	369834	2223.20523585527	0.53711385	0.5352509759032754
7464.44303043155	750	7.809480813192691	0.0	412837	1644.526722834227	0.6163871	0.627333540547311
7466.807160819392	1200	7.545023193607598	0.0	690253	2264.4576195850927	0.71718884	0.11395490049001175
7470.846103370401	1850	7.506080642599005	0.0	943942	4038.9425510085935	0.086844064	-0.23247581249829496
7474.594517993119	1850	7.631180981373047	0.0	728962	3374.8996612259584	0.037477598	0.495969528522641
7478.5580941583285	1850	7.667604816163654	0.0	938587	3463.576165209394	0.06060144	0.4906077142763447
7482.191741680916	1850	7.6443266612206555	0.0	908665	3523.2781549429988	0.021192145	0.4823969660137268
7488.157822051488	1850	5.678246290647544	0.0	930577	5966.080370573111	0.019413352	0.04887923882807321
7491.6436821887	1850	6.192386153436841	0.0	858450	3485.8601372107028	0.8805814	0.34638781756237896
7495.935691134494	1850	5.900377207642737	0.0	1025005	4292.008945794103	0.07514648	0.23766673852991982
7499.2377247761015	1850	6.598343566035543	0.0	886255	3302.0336416071946	0.10957164	0.4038443367869726
7503.238676448417	1850	6.59739189372027	0.0	973972	4000.9516723152715	0.031511415	0.33386093415705853
7507.712323757799	1850	6.123744584337452	0.0	958994	4473.647309382819	0.046834677	0.24100227006863795
7514.723257823427	1850	4.0	0.8871894812901583	982064	7010.93406562761	0.13536936	-4.032054043333554
7517.128903103386	750	5.59435472004104	0.0	331053	2405.6452799589597	0.65705705	-0.7619867591238674
7519.842719414222	750	6.8805384092048865	0.0	314107	2713.8163108361546	0.21782862	0.43099280284485997

