8419.086395415274	750	4.0	4.717391294739914	450283	4717.391294739914	0.03523977	-20.33140241056348
8420.541325551801	300	6.545069863471299	0.0	155580	1454.9301365287008	0.006982275	0.050523384595987486
8422.225410815287	300	7.794187947363007	0.0	139857	1250.881916108293	0.044455886	0.6411572643926188
8424.328802889526	300	7.98909351718201	0.0	155432	1805.094430180997	0.10687637	0.6044958991103273
8426.780436790177	300	7.507425379334589	0.0	163442	1981.6681378474207	0.10007649	0.5404774139617847
8430.115888630811	300	7.82968241672096	0.0	126289	1677.7429626136288	0.085128196	0.6018875433982327
8432.06819609118	300	7.692383077845772	0.0	153295	1637.299338875187	0.027672961	0.5927166858852089
8434.519329946548	300	7.589320206159406	0.0	173849	1603.0628716863678	0.06196357	0.5862204122121544
8436.363268039853	300	7.596386608447614	0.0	150710	1492.9335977117914	0.12221829	0.5979134889884274
8438.900866187001	300	7.523089844619444	0.0	139105	1573.29676382817	0.15936998	0.5828222742329199
8440.478023329984	300	7.596661921887298	0.0	141840	1426.4279227321451	0.08707404	0.6045905557228272
8444.034347875495	300	7.918864316508491	0.0	156148	1677.7976053788082	0.11358193	0.610465939941993
8445.789047894605	300	7.785777805618789	0.0	160746	1633.0865108897024	0.07720617	0.6021273190615954
8448.414941582152	300	7.963637625354732	0.0	179801	1822.1401802640567	0.07935392	0.6003411651233272
8452.625142636767	300	7.745413827840392	0.0	140051	2218.2237975143403	0.070745036	0.5397285109353837
8456.864280567788	300	7.506275896819631	0.0	138313	3239.1379310207617	0.014727922	0.4146197956252408
8459.838466806816	300	7.8647404333652355	0.0	143509	2141.5354634543946	0.0047148364	0.5588826678927019
8463.960927987415	300	7.742279252765822	0.0	150616	2622.461180599414	0.0061463006	0.49900306615689843
8466.84048292179	300	7.760057706414986	0.0	165384	2482.2215463508364	0.0047135255	0.5147382262717545
8469.188791246335	300	7.659570319254431	0.0	140881	2100.487387160554	0.0047779544	0.5432396151580035
8471.563673367784	300	7.831039703374229	0.0	157671	1328.5306158802034	0.004808772	0.6369394184790192
8473.068289115923	300	7.95190756778811	0.0	157812	1379.1321355861187	0.016958758	0.643512938007295
8475.97041903935	300	7.528584407550203	0.0	163927	1423.3231602379083	0.028581474	0.5983484926178265
8478.550023173068	300	7.623185784285975	0.0	137654	1905.3986232642274	0.027608465	0.5592464380488448
8480.139054476742	300	7.70577281137574	0.0	146754	1417.4129729102358	0.007839563	0.6159940997931954
8482.580040231394	300	7.766089113731892	0.0	153938	1439.683697643848	0.016155109	0.6195725410603188
8485.566241750019	300	7.783639454422862	0.0	181901	2482.4496593090303	0.023337755	0.5169851854482029
8487.709745917842	300	7.8887632141697	0.0	111155	1394.876240253163	0.0058682654	0.6358608106009627
8489.102432925532	300	7.601733722109055	0.0	153605	1287.0294920606443	0.00814933	0.6190185654170118
8491.307432899532	300	7.502062502424295	0.0	149029	1599.6712196847607	0.019619187	0.5781609226836791
8494.996374052043	300	7.813121349911886	0.0	157421	2188.9411525124087	0.010082697	0.5491737026072594
8496.529832095215	300	7.978527291240788	0.0	157488	1334.594058671098	0.004745896	0.6505289248151476
8499.083969396395	300	7.760890632900798	0.0	143881	1217.636658339988	0.01111488	0.6412768852087612
8500.91172805131	300	7.720261631363718	0.0	163444	1540.6290015370819	0.021938903	0.6050670625825452
8503.415611013263	300	7.8768849250743	0.0	179328	1843.3767062894178	0.011067566	0.5898674649577242
8507.3865705003	300	7.905925438037262	0.0	159914	1970.9594870370383	0.0068038157	0.579904369784621
8510.641787691577	300	7.749049727750844	0.0	131610	2156.8757102864183	0.004737607	0.5462132792224164
8512.446861425615	300	7.5706836347261435	0.0	124011	1678.3660930247001	0.004705182	0.5768962985608559
8514.30206549971	300	7.841435370684793	0.0	144254	1229.248264041351	0.004705182	0.6478682486439534
8516.032171699888	300	7.629360170623778	0.0	149991	1212.075200061014	0.006125419	0.6291730721828706
8517.569937804295	300	7.784492661477769	0.0	147968	1344.8675091460093	0.010116233	0.6308255226286174
8520.116741033025	300	7.682540354243731	0.0	161857	1601.952307234037	0.0073222313	0.5953040155386264
8522.901813431241	300	7.692429525383595	0.0	145210	1490.1108288601354	0.0048972135	0.6074400075158559
8525.338090788668	300	7.641771693347793	0.0	172312	1550.6578320358026	0.004705182	0.596509432377408
8527.048659587157	300	7.594297027798933	0.0	167025	1547.4746655488602	0.0052022245	0.5922582576547417
8529.110663612872	300	7.93484212441196	0.0	160064	1659.454903386973	0.0050778976	0.6138380925992007
8531.174885828117	300	7.954005563953284	0.0	137507	1480.8365604586756	0.004705182	0.6335444300731967
8533.409457826014	300	7.513412344398261	0.0	118421	1440.5932195550238	0.004705182	0.5951611580907046

