17301.24323928346	750	4.0	2.7720774829579558	450283	2772.077482957956	0.90940404	-11.772021638722864
17302.327263008086	300	6.915976275372986	0.0	155580	1084.0237246270135	0.23335399	0.12331419616487754
17303.748736115267	300	7.928290287432563	0.0	139857	987.6859879404237	0.6813526	0.6803843622701091
17305.870223287286	750	7.904440275346445	0.0	382355	1523.8500120861163	0.3705094	0.19854116949068365
17309.65925092613	1850	7.89874503112698	0.0	996749	3505.6952442194647	0.9381735	-0.5913566810695217
17313.794410098722	1850	7.7635858585355235	0.0	801058	4135.159172591457	0.0048768353	0.43268769968216775
17318.8632830181	1850	6.694712939160115	0.0	905515	5068.872919375409	0.014093906	0.23643607243747888
17328.245516125004	1850	4.0	2.687520167745127	1060487	9382.233106905242	0.09671594	-12.010605899217682
17329.01139163627	300	7.234124488733353	0.0	150710	765.8755112666468	0.019128583	-0.9142488496423979
17329.92625328678	300	7.964430268314682	0.0	139105	769.6942204186718	0.4091904	0.7056620539079136
17333.957827619866	750	7.932855935229547	0.0	353220	3031.5743330851346	0.27826625	0.05050377746207457
17342.04210200911	750	4.0	0.15141845401375212	405134	8084.274389243299	0.100651115	-1.0344075048913228
17343.66387558243	300	6.378226426678401	0.0	160746	1621.7735733216	0.004705182	0.01778016749485803
17345.035201728977	300	7.6789581399737985	0.0	179801	1199.2682867046035	0.006937704	0.6352276253322126
17346.431065687462	300	7.9470551669532465	0.0	140051	731.9029730205502	0.07447654	0.7077688050811151
17348.75651280154	750	7.82631210264517	0.0	366214	1120.7430643080781	0.39639878	0.23133193744243682
17356.415391544026	1850	4.167433360160816	0.0	966699	7658.878742484354	0.09760526	-1.3658180872444454
17356.9269807865	300	7.655844117686335	0.0	150616	511.5892424744806	0.4684066	-0.8482292215764365
17358.313105851812	750	7.95036755949481	0.0	405596	1205.4765581915244	0.7702953	0.23479906900516334
17360.894141854962	1850	7.62017377808134	0.0	923755	2330.193781413471	0.02798842	-0.5006193395213983
17364.20766386734	1850	7.568833863658954	0.0	891604	3051.3399144223863	0.17496896	0.5223245211396164
17373.831358376432	1850	4.0	2.0548606454321963	955231	9623.69450909115	0.004705182	-9.314316093490671
17375.95148077126	300	5.8798776051747685	0.0	163927	2120.1223948252314	0.027216434	-1.1800213640981425
17377.944475808185	300	7.661379687798126	0.0	137654	1218.4979173766424	0.02554889	0.6316127159477473
17379.568140020376	300	7.861796103328576	0.0	146754	1299.583584469551	0.035229526	0.6427944606257563
17386.930448854702	750	4.499487269000741	0.0	379700	7362.308834327834	0.6626033	-0.713035370812004
17392.675540210363	300	4.0	1.2456040866579223	181901	5745.091355658664	0.004705182	-5.97955622273746
17394.02391503649	300	6.6516251738702	0.0	111155	1348.3748261297997	0.004705182	0.5214349872861208
17396.524859111316	300	7.716080996425731	0.0	153605	1435.5441774444687	0.004705182	0.6151731540522373
17398.31347207263	300	7.724474430958843	0.0	149029	991.6065654668881	0.004705182	0.6603747930145193
17399.504115718773	300	7.507655786812262	0.0	157421	716.8186441465792	0.040519357	0.6669845403176137
17401.41306893017	750	7.500091682110656	0.0	400322	1507.564104701605	0.3847108	0.16125074128604844
17406.475754143645	1850	6.437406468638234	0.0	885062	5062.685213472422	0.8195894	-0.8877112018353494
17410.528485922772	1850	6.38467468950999	0.0	1035329	4052.731779128245	0.503705	0.3082086469760464
17414.812168876935	1850	6.100991735347036	0.0	1026056	4283.682954162953	0.026218787	0.2578087176057997
17418.36769128699	1850	6.545469325293921	0.0	943942	3555.5224100531145	0.022599764	0.37340625322459076
17422.403862221876	1850	6.509298390407833	0.0	728962	4036.170934886088	0.0058053243	0.32185990649704393
17426.31010243747	1850	6.603058174811432	0.0	938587	3906.240215596402	0.04985363	0.34387746592602336
17429.378041016527	1850	7.535119595755414	0.0	908665	3067.938579056018	0.008750526	0.5174196174654397
17432.698711956655	1850	7.7479647127170646	0.0	930577	3287.154883038348	0.004705182	0.5159845753169239
17436.536140983953	1850	7.586008199111844	0.0	858450	3161.9565136052206	0.004705182	0.5129159108374501
17440.71158679854	1850	7.410562384524169	0.0	1025005	4175.445814587675	0.004705182	0.39468011852266854
17445.543364880843	1850	6.578784302222504	0.0	886255	4831.778082301666	0.004705182	0.24898729099320444
17449.57780513278	1850	6.544344050282933	0.0	973972	4034.44025193957	0.018236905	0.3254061600169418
17453.19190617209	1850	6.930243010975715	0.0	958994	3614.1010393072183	0.010036827	0.40458330178981705
17456.151878964258	1850	7.970270218807978	0.0	982064	2959.9727921677363	0.004705182	0.570099946029967
17460.22968048725	1850	7.726974689812203	0.0	830730	3243.295528995775	0.004705182	0.5183501967823769
17464.172483665356	1850	7.784171511708337	0.0	846370	3442.8031781038653	0.004705182	0.503904692016153

