793.4037602402367	750	4.0	3.13772266060829	450283	3137.72266060829	0.11598687	-13.372694009837382
795.0311822549102	300	5.5301503420424005	0.0	155580	969.8496579575992	0.37118095	-0.29533685322332937
796.7018280339666	750	5.728613635637116	0.0	350812	1301.5367064052848	0.7022244	-0.1618790440911092
797.7883643690318	750	5.884899951990123	0.0	382355	843.7136836469921	0.5553155	0.44446357486943305
799.4490978751649	750	5.805944600932624	0.0	411561	1078.9553510574983	0.43632466	0.3475584041846195
801.4486879529496	750	5.987038587128016	0.0	318564	1818.9060138046084	0.40325013	0.2061678817673553
803.6197366321798	300	5.511856341453169	0.0	153295	975.1822456748471	0.7003628	-0.2961825974936646
806.3760877034578	300	5.546614041691649	0.0	173849	2465.2422997615195	0.7127029	0.06084594606157398
809.8055953093913	300	5.732414581583239	0.0	150710	1814.199460108411	0.41605735	0.08268109615192834
811.9119990648524	300	5.816866781515186	0.0	139105	1415.5478000680532	0.25272858	0.10596604367071792
813.8755492613087	300	5.620519680033538	0.0	141840	1696.3471014816475	0.21218559	0.088425299202613
814.9681730906094	300	5.9528092795205865	0.0	156148	667.7104005129511	0.073076025	0.22464829046359983
815.6600365201618	300	5.924334260038224	0.0	160746	528.4750194823616	0.7090941	0.283835554132576
817.6527572061121	750	5.969668122098122	0.0	434409	1454.6661379401007	0.65168285	-0.19220888888564924
818.7406603784478	300	5.9047438099353675	0.0	140051	564.9243121627551	0.6207446	-0.18447770476412972
819.8552017143934	750	5.878962634049062	0.0	366214	1025.7811758863072	0.6269916	-0.08442495454648191
821.6468895396329	750	5.957498710858927	0.0	360831	1421.4639231901342	0.6667906	0.2638125343050583
822.5878789523961	300	5.8321160032019765	0.0	150616	625.3827076569518	0.6624552	-0.21014686980714986
823.5468785877416	300	5.65041948563241	0.0	165384	681.6965175695655	0.62902236	0.22003926400385765
825.1213136463089	750	5.54685355338674	0.0	350713	1103.5659322456713	0.5426612	-0.1101924823495557
826.5076669966576	750	5.984111503373131	0.0	386472	1062.7420500136082	0.64833343	0.35286079062666076
827.4895092739043	300	5.994996010117316	0.0	157812	489.1154932558134	0.6429764	-0.14332396526325503
829.4006606583042	750	5.785783671762856	0.0	401853	1209.212338354461	0.5718902	-0.13988076940207766
830.7960605230315	300	5.739053295821912	0.0	137654	546.7303759409443	0.6825815	-0.17564173018218693
831.508475261245	300	5.757180680658371	0.0	146754	481.87261516354005	0.51448464	0.31128558726893485
831.9819614200221	300	5.910708600794823	0.0	153938	346.47207986354704	0.5210289	0.4329353177868627
833.3478625137216	750	5.896265074351794	0.0	425781	1014.44352644303	0.5858091	-0.0803392054608773
834.0417687911824	300	5.505040771749616	0.0	111155	391.2243026021767	0.66115403	-0.0665882359498251
834.696156921181	300	5.569187665679636	0.0	153605	435.85310606998075	0.40511507	0.3441526466394298
835.5914465384599	300	5.950810359504561	0.0	149029	618.3773061750743	0.46664417	0.24257035066149754
836.5314824585968	300	5.924248583487919	0.0	157421	526.5617760166419	0.3559876	0.28486686051298044
837.585405704708	300	5.944024027492506	0.0	157488	480.22455599541337	0.41450286	0.312353873052324
839.5924575677182	750	5.952347427045395	0.0	369834	1991.6766004471099	0.35540286	-0.2617164202683224
840.6711422519629	300	5.650692696704468	0.0	163444	801.6547303409269	0.51041025	-0.2628870268922281
842.1197061347377	300	5.669925713269018	0.0	179328	980.7669834354494	0.1089843	0.15294152692067295
842.9298833570967	300	5.653735604259162	0.0	159914	516.1901090098559	0.054175835	0.29059061260923147
843.5642343992802	300	5.703553630342041	0.0	131610	450.1819739171213	0.19149391	0.33319859232661114
844.429336448958	300	5.768087192136271	0.0	124011	435.4664382057715	0.21219635	0.34445823337852804
845.2447538925013	300	5.730196209600614	0.0	144254	537.8909825356561	0.13385251	0.2788669170338
845.8545098609641	300	5.639081465373144	0.0	149991	591.1147442274705	0.15237579	0.25375783883725556
846.6135625102177	300	5.968875762363928	0.0	147968	670.2057030092159	0.0940344	0.22381188242132488
847.898766199266	300	5.815697404961982	0.0	161857	653.1783574019456	0.07138998	0.22964631069013616
848.8178685906669	300	5.772158861084629	0.0	145210	543.5385438773537	0.05923936	0.27596938927268905
850.3913306776998	300	5.818209683830037	0.0	172312	453.94917725459186	0.06784685	0.3304334659381359
851.6015872188547	300	5.637837958641703	0.0	167025	680.3717251883348	0.15293509	0.22046771558368075
853.3052590287407	300	5.59094438553702	0.0	160064	546.893573104685	0.066944994	0.2742763992424672
854.686851924247	300	5.693537170614527	0.0	137507	897.407214922491	0.074189946	0.16714819928537736
855.3452996063485	300	5.741406122160719	0.0	118421	452.13104845380934	0.0171259	0.33176221919058124

