3224.5308657121873	750	4.0	3.974865311257283	450283	3974.865311257283	0.17675722	-0.047486531125728315
3227.1190288794005	750	5.411836832786868	0.0	398865	2588.163167213131	0.5619983	0.17942348532786612
3228.3204688018272	300	7.9776311060386575	0.0	139857	934.2057267482097	0.63699603	-0.044818628547404885
3229.519906399793	300	7.661529462115219	0.0	155432	816.1016439234389	0.0243414	0.39723542698985725
3230.5142698221202	300	7.856015689822474	0.0	163442	805.5137722927452	0.03280191	0.4104496033846301
3232.0012928543492	300	7.6769289891753685	0.0	126289	1179.086700647106	0.040099367	0.36189939175874997
3233.330530507284	300	7.5162783141987655	0.0	153295	660.6506749766032	0.019081159	0.4037023271397625
3234.2939719323817	300	7.573851095429249	0.0	173849	942.4272187695168	0.037403483	0.3791229715873764
3235.3522214885425	300	7.840233468163053	0.0	150710	733.6176272661965	0.033109765	0.41665282903357115
3236.5077313322477	300	7.524794496457564	0.0	139105	815.4389717054892	0.036699504	0.3887557588580488
3237.7873049298964	300	7.745043152733167	0.0	141840	779.7513437243969	0.032053348	0.40609006267338327
3240.272323311082	750	7.977445074802304	0.0	405134	2267.598077930862	0.034840465	-0.07816949061794223
3241.5410088134845	300	7.716812422778475	0.0	160746	760.632652023829	0.58896834	-0.04376248877872821
3242.6514944928244	300	7.810596070247839	0.0	179801	906.216352530637	0.030973088	0.3975406191374262
3244.114735834284	300	7.9861100915726855	0.0	140051	824.4859786751522	0.03244153	0.4166832828557776
3245.499436455676	300	7.623137414569115	0.0	138313	862.9726770035712	0.02479777	0.39014882071021256
3246.857710830808	300	7.854864256397157	0.0	143509	768.2731581719584	0.02341067	0.4141017002076265
3247.7415723738964	300	7.622934017033071	0.0	150616	731.9302393640864	0.027376866	0.4032403521281583
3248.498683263082	300	7.515344238602436	0.0	165384	607.5897784306331	0.03324401	0.40895003706958893
3249.478931750011	300	7.909980574365551	0.0	140881	605.3636642368855	0.045752846	0.4338374194741584
3250.738368360926	300	7.787704694553817	0.0	157671	622.275879811733	0.048127405	0.42450395542844027
3252.073990678074	300	7.703473849081283	0.0	157812	584.2308454725335	0.05492325	0.42304403102032684
3254.3144485506864	300	7.713940724913215	0.0	163927	989.5331241680688	0.06745964	0.38316798289026904
3255.536103050606	300	7.538575753825331	0.0	137654	675.3649710878844	0.038306408	0.4036244875052947
3256.213574113003	300	7.872985044242723	0.0	146754	665.5907095826072	0.040598616	0.42550249430690945
3257.4926784686263	300	7.514372980888163	0.0	153938	858.6120633545596	0.044374883	0.38378710497005425
3259.4070000264364	300	7.612458338667749	0.0	181901	901.9146422204136	0.037932165	0.385587181944693
3263.3316826535106	300	7.687775711593986	0.0	111155	1924.6826270737647	0.036416247	0.2880177192672476
3266.5907489554647	300	7.9617874369486055	0.0	153605	1725.9882746453811	0.015510806	0.32501288734474976
3268.450197230264	300	7.513602308203325	0.0	149029	948.1851287452819	0.01468878	0.3747816313881796
3270.378987179512	300	7.899838849606178	0.0	157421	1113.763458597147	0.018290494	0.38236358224067146
3271.5730841656814	300	7.9453035778469125	0.0	157488	954.5352717592638	0.018331723	0.40112794643950567
3273.3958995974667	300	7.5186768096594	0.0	143881	926.6267681875124	0.020034105	0.3772546237849613
3275.7559172525953	300	7.771762289894301	0.0	163444	1246.9145197651007	0.020016272	0.3610436911418837
3277.8112182970585	300	7.550663297344181	0.0	179328	1721.09899255012	0.021264361	0.2998065568289993
3281.207457216437	300	7.99464484961177	0.0	159914	2556.01844773241	0.0143505	0.24406345832749465
3283.764397043195	300	7.581285186055438	0.0	131610	2413.359663556332	0.010258917	0.23249435777283164
3284.9218027695483	300	7.6693723949796295	0.0	124011	911.912791075808	0.009483858	0.38814449557864605
3286.4574753519155	300	7.8242826049347425	0.0	144254	1345.0897900448874	0.013800003	0.35450868380393263
3289.260444420689	300	7.913089409209213	0.0	149991	1411.1931957255294	0.015736807	0.35344876850302287
3293.2312239877483	300	7.942309842150287	0.0	147968	2470.779567058926	0.017024461	0.2493164084285003
3296.9664417774115	300	7.7759786913724005	0.0	161857	1666.3311507778874	0.014010082	0.3193655531329863
3299.355730508568	300	7.985777611736567	0.0	145210	1790.201079635834	0.019105177	0.320090992769952
3300.6422990823985	300	7.747037251081681	0.0	172312	1238.740360654884	0.018788224	0.36031579212711673
3302.1701005669097	300	7.617050591413903	0.0	167025	1129.9866596677773	0.0321525	0.3630669959965912
3304.0790876635347	300	7.536464489023097	0.0	160064	1080.5861023908058	0.056979124	0.36297042032486304
3306.920125713754	300	7.840145865530494	0.0	137507	1196.318623492603	0.07019324	0.37037725424639556
3308.8076297815983	300	7.573753525971644	0.0	118421	1266.3923395588497	0.07168995	0.34672036141734275

