15142.784602970345	750	4.0	4.955564253110452	450283	4955.564253110451	0.48075634	-21.379363427393844
15145.8864731672	300	4.898129803144833	0.0	155580	3101.870196855167	0.12847927	-0.27269050373187514
15150.41854241767	300	4.366060552675044	0.0	139857	4532.06925046979	0.030556748	-0.01692268875617825
15154.879100489337	300	4.0	0.09449751899309194	155432	4460.558071668135	0.0076984107	-0.45134465337963664
15159.08167489746	300	4.0	0.20257440812354435	163442	4202.574408123544	0.005691973	-0.8902769102861229
15161.64331137803	300	5.4383635194307365	0.0	126289	2561.6364805692638	0.004705182	0.2833309868207111
15165.188059773638	300	5.893615123821788	0.0	153295	3544.7483956089477	0.014784244	0.22883828785403182
15169.362402976005	300	5.719271921455934	0.0	173849	4174.343202365854	0.010748846	0.1490980726611858
15173.076090978797	300	6.005583918662889	0.0	150710	3713.6880027930442	0.011615515	0.22272145291361212
15177.746219267068	300	5.335455630391578	0.0	139105	4670.128288271311	0.012864171	0.06257680291730011
15183.281913628209	300	4.0	0.20023873074991025	141840	5535.694361141488	0.006774187	-1.0135454928812906
15186.700257180084	300	4.5816564481259725	0.0	156148	3418.343551874027	0.004705182	0.11520123495864298
15189.350329448016	300	5.931584180193429	0.0	160746	2650.0722679325436	0.00490701	0.32196046613494295
15191.526869184463	300	7.755044443746576	0.0	179801	2176.5397364468536	0.012597668	0.544823874942213
15197.364708081914	750	5.917205546294728	0.0	337059	5837.838897451848	0.17838678	-0.42413135609604397
15199.331574510894	300	7.950339117313847	0.0	138313	1966.8664289808805	0.20750734	0.134588543498803
15201.49138128564	300	7.671703645822989	0.0	143509	1278.6354714908582	0.34359318	0.626592653415833
15205.299630129211	750	7.848164823214629	0.0	372963	3323.538822608359	0.68801606	0.013155711197465225
15209.241268008604	750	7.906526943821725	0.0	405596	3941.637879392903	0.09541616	0.4069632270099317
15213.085650022122	750	7.642509863440295	0.0	350713	2764.0170803814303	0.11114288	0.4993133581011783
15221.375462901882	750	4.0	0.6473030163207549	386472	8289.81287976105	0.16201982	-3.18726497186321
15224.902126394676	300	4.473336507206974	0.0	157812	3526.6634927930268	0.028313447	-0.3560566785084288
15228.833748857622	300	4.541714044261763	0.0	163927	3931.622462945211	0.0052150073	0.060028841363748864
15232.135099181654	300	5.240363720229325	0.0	137654	3301.350324032437	0.004705182	0.19030189319888902
15235.268349246844	300	6.107113655039087	0.0	146754	3133.250065190239	0.005972104	0.2905376010221308
15237.693790476362	300	7.681672425522715	0.0	153938	2425.441229516372	0.0049386863	0.5128715841689205
15240.337668750346	300	7.563985967917646	0.0	181901	2117.6864576050684	0.11264182	0.5323196039396525
15243.613339479283	300	7.964246568638646	0.0	111155	1599.7393992790003	0.21605325	0.6226398547159702
15247.735802463645	300	7.775980669787343	0.0	153605	1688.265898851302	0.12782699	0.5956663946302915
15249.95186154216	300	7.7850497307856825	0.0	149029	1490.9309390016595	0.3412918	0.6162727982071081
15252.335479144207	300	7.615805047018784	0.0	157421	1169.244683766897	0.6525482	0.6321514275151171
15256.064169571804	750	7.887114619420896	0.0	400322	2728.6904275978895	0.28320467	0.0763895135531873
15260.105096665344	750	7.846187525882202	0.0	369834	3540.927093538694	0.43356597	0.4412265669532802
15265.94875314467	750	6.002531046555401	0.0	412837	5843.656479326802	0.13374034	0.033499563629839635
15267.462215895686	300	7.819623063918651	0.0	179328	1182.9079826367504	0.6006575	0.20040281707458604
15270.699058737042	750	7.531479069930703	0.0	365161	2288.143993987948	0.13185331	0.08621382467367183
15274.50680592555	750	7.7237318814217035	0.0	321064	1807.7471885090001	0.440538	0.6027580602947104
15278.77390574031	1200	7.456632066660364	0.0	575591	4267.099814761339	0.75144696	-0.0948170670490191
15282.026845431441	750	7.841935151414746	0.0	378327	2614.6969152456195	0.72460943	0.08344028883047949
15286.058138630207	1200	7.810641952648198	0.0	587506	4031.293198766548	0.71063083	-0.03716254519805612
15289.913336681013	1200	7.847810833571202	0.0	566904	3462.831119076996	0.58395696	0.473261210473389
15293.12107621232	750	7.930124624281477	0.0	384505	2417.686209289724	0.44080508	0.11162969800940536
15299.98245776296	750	5.06874307363894	0.0	372093	6861.381550642538	0.71278584	-0.15815111400786863
15302.608472458058	300	6.442728378541504	0.0	172312	2626.014695097436	0.3527768	-0.07643555734461926
15305.079662880347	300	7.971537956251374	0.0	167025	2471.1904222901303	0.0746398	0.5361965568909165
15307.595160859635	300	7.8981088711309875	0.0	160064	2073.429085120386	0.21073583	0.5689050563868729
15311.611801029292	300	7.500823299885671	0.0	137507	2897.2855712453165	0.25320202	0.4482802128525492
15313.751694797209	300	7.530553758133447	0.0	118421	1470.2695417522239	0.010374657	0.5938434067337628

