1934.304253644358	750	4.0	1.7282306058808998	450283	1728.2306058809	0.37878528	-7.179095379583818
1934.9820274667507	300	7.32222617760719	0.0	155580	677.7738223928094	0.40953934	0.2030412085176544
1939.0184460046853	1850	7.285807639672537	0.0	877771	4036.4185379346522	0.74934256	-1.153424942040661
1942.486219707595	1850	7.818033936762724	0.0	933276	3467.773702909813	0.08603397	0.5046669370431967
1944.4702423331726	1850	7.846120944232967	0.0	996749	1971.9129925297557	0.017998474	0.6569564149783089
1946.5457579363047	1850	7.934418045040904	0.0	801058	1911.7028991920638	0.004705182	0.6714761222090183
1948.6701729586714	1850	7.584116842877518	0.0	905515	1850.3012021633856	0.004705182	0.6438993967603982
1950.9483051365617	1850	7.942107640184047	0.0	1060487	2142.00920269347	0.004705182	0.6491856242694933
1952.8537139865255	1850	7.822464769600563	0.0	852833	1619.6428705834849	0.004705182	0.6899064930521275
1955.3183688990541	1850	7.823020298226514	0.0	913888	1999.4444713740488	0.004705182	0.6519798032447093
1957.7143385111467	1850	7.502640655557447	0.0	939819	2320.3796426690683	0.004705182	0.5890493756112412
1960.613443641983	1850	7.895883103451021	0.0	917428	2606.7575521064264	0.004705182	0.598261624298708
1963.0743427743703	1850	7.686607288472349	0.0	946851	2209.275814978672	0.004705182	0.6178667591985963
1966.0564320416179	1850	7.986374356452894	0.0	1036454	2700.2329320194544	0.004705182	0.597623973886289
1969.350331123527	1850	7.580352968812385	0.0	821631	2906.021387640508	0.004705182	0.5379651009883037
1971.7649600690368	1850	7.796977324141686	0.0	923170	2283.3756446707	0.004705182	0.62108001959124
1974.3350261527082	1850	7.747570970875482	0.0	966699	2049.406353266204	0.004705182	0.6397215301872878
1978.7160924979062	1850	7.366504625677653	0.0	885714	4381.066345197829	0.004705182	0.36987745530541216
1982.3171082104711	1850	7.501859745196776	0.0	987708	3364.6448804808765	0.00701763	0.4845476883062389
1984.5739953233426	1850	7.751601676303162	0.0	923755	2250.258068893613	0.004754409	0.6200243186756467
1989.2535952893245	4300	7.072001710321356	0.0	2039773	4679.599965981806	0.004705182	-2.007280903408147
1991.3976411874698	1850	7.593093189978354	0.0	955231	1978.9085203430031	0.004705182	-1.8180973512853897
1993.7101480901374	1850	7.579408451345881	0.0	968026	2013.684738632473	0.004705182	0.6271078549924555
1996.0110601762647	1850	7.723363552299798	0.0	874175	1856.0448990460827	0.004705182	0.6567276836225073
1999.2512160332947	1850	7.6207191362754205	0.0	897976	3102.644416024377	0.004705182	0.5221880883733394
2002.7291092002054	1850	7.8955282876227955	0.0	905935	2725.1908486526245	0.004705182	0.5863841432109658
2005.4089362349473	1850	7.746965948430908	0.0	1076599	2648.562339191887	0.004705182	0.5797476974858955
2008.0615998220342	1850	7.981266540612529	0.0	758197	2265.6994078183793	0.004705182	0.6405856931344887
2011.020009382645	1850	7.830543802441347	0.0	972798	2650.7227381711814	0.004705182	0.587576122532
2014.388310246559	1850	7.765236777204007	0.0	975811	2565.30702523734	0.004705182	0.5898318172455033
2019.1291327044328	1850	7.02441431933024	0.0	873429	4740.822457873767	0.004705182	0.3009752570885782
2022.5190698465974	1850	7.634477177165462	0.0	954453	3389.9371421647775	0.11993639	0.4947830430794302
2027.440652816538	1850	6.712894207225056	0.0	885062	4921.582969940406	0.010390448	0.2529150354235689
2029.5920567043538	750	7.504860491145031	0.0	412837	1708.0337160800245	0.16713373	-0.5083372164763655
2031.4224740282075	750	7.701336862585999	0.0	401088	1303.5236285590315	0.20278126	0.6510248698704093
2034.1475483573038	1850	7.6422465886853495	0.0	943942	2559.0902739006483	0.5587561	-0.521384455265127
2037.8358069480962	1850	7.571109339886766	0.0	728962	3571.1372487985836	0.004705182	0.4705638049160942
2044.2901953846101	1850	5.116720903372884	0.0	938587	6454.388436513882	0.17765357	-0.0539990346051491
2046.6541319769271	300	6.752784311055832	0.0	144254	2363.9365923170526	0.67881936	-1.1203845055843367
2049.6137563492543	300	7.793159938728566	0.0	149991	1959.624372327265	0.007422793	0.5701840717527604
2050.727325104821	300	7.973910861106392	0.0	147968	819.2490776221749	0.0058029545	0.7016190861896653
2051.726640145925	300	7.641413241516588	0.0	161857	832.4976195898035	0.5957823	0.6682909522194009
2052.505032126319	300	7.945625938251771	0.0	145210	695.7873032648178	0.5642003	0.7112428071440431
2053.473158007091	750	7.612865312580303	0.0	438281	832.7606256714671	0.29691646	0.23958568132552954
2055.843896471862	1850	7.995178788795009	0.0	958994	2117.6865237852944	0.013585069	-0.4432739485121336
2057.964815091359	1850	7.961245387539533	0.0	982064	2033.9334012554762	0.004705182	0.6618352346919087
2059.900345953292	1850	7.771972541843914	0.0	830730	1689.2728456956195	0.004705182	0.6780835603231012
2062.133277917653	1850	7.993635563031841	0.0	846370	1778.3369788120729	0.004705182	0.6905124687237392

