10186.441412881386	750	4.0	2.342534869962582	450283	2342.534869962582	0.42079523	-9.89848133618794
10187.512100956514	300	6.929311924870432	0.0	155580	1070.6880751295678	0.18493384	-0.3802325581395349
10189.02239310317	300	7.625777333623237	0.0	139857	1303.5345912471955	0.67249084	0.06976744186046512
10190.091723271253	300	7.989491065436625	0.0	155432	636.2862681866109	0.6808586	0.06976744186046512
10192.12081527299	750	7.546466995431032	0.0	411561	1443.0240700055926	0.34238157	-0.2755813953488372
10193.23606043507	750	7.966878404107639	0.0	318564	1079.5885913233913	0.056519575	0.1744186046511628
10195.01486231013	750	7.575305732904328	0.0	352642	1391.5726712033124	0.04612825	0.1744186046511628
10198.985693440993	750	7.5235047407524585	0.0	437162	3051.8009921518687	0.042863745	0.1744186046511628
10201.19902225399	750	7.55135543700931	0.0	374758	1472.1493037431483	0.05222779	0.1744186046511628
10202.966041536476	750	7.768435531292216	0.0	362795	1282.9199057170945	0.04534639	0.1744186046511628
10204.463857678087	750	7.591577153671318	0.0	353220	1176.8583776208975	0.048030835	0.1744186046511628
10206.104233887874	750	7.776867921224097	0.0	405134	1314.709232447222	0.05256053	0.1744186046511628
10208.615409065855	750	7.999113840002766	0.0	386351	1277.7540812213301	0.051821012	0.1744186046511628
10210.664072450933	750	7.976492767344238	0.0	434409	1522.6210726585284	0.04975424	0.1744186046511628
10212.552139418796	750	7.770480425322417	0.0	337059	1706.0123420218201	0.04847581	0.1744186046511628
10214.96101560325	750	7.9320695840151565	0.0	366214	1838.410841307262	0.0400413	0.1744186046511628
10217.043562213794	750	7.576029007567293	0.0	360831	1356.0405764478626	0.039171852	0.1744186046511628
10218.920085675458	750	7.701020303282943	0.0	372963	1375.0087042843495	0.04597552	0.1744186046511628
10221.041102382002	750	7.961269343000324	0.0	405596	1739.7509602826192	0.044733413	0.1744186046511628
10223.34751555117	750	7.848695617246933	0.0	350713	1612.5737257533901	0.040291686	0.1744186046511628
10226.358825017	750	7.644960610839609	0.0	386472	2703.7350064073235	0.038454752	0.1744186046511628
10229.567036986029	750	7.8546417844858825	0.0	399894	2290.318826353727	0.04481221	0.1744186046511628
10231.844343105722	750	7.839935338927942	0.0	401853	2014.7064455579393	0.045063946	0.1744186046511628
10235.169181794798	750	7.658815817106917	0.0	343800	2181.119521821025	0.043570526	0.1744186046511628
10237.666456650395	750	7.61703792528639	0.0	359903	2041.777891820527	0.06163814	0.1744186046511628
10240.741870226217	750	7.962079671712889	0.0	379700	2154.9582535735003	0.050698627	0.1744186046511628
10244.298943136731	750	7.77377083458121	0.0	425781	3188.308837131678	0.045957603	0.1744186046511628
10247.743394921681	750	7.750927045797635	0.0	277716	1522.8437887835764	0.07231091	0.1744186046511628
10251.252330035191	750	7.577263453625142	0.0	400396	3173.6635921724924	0.05738852	0.1744186046511628
10255.258897282703	750	7.570696206113204	0.0	400508	3006.5672475119386	0.113050655	0.1744186046511628
10259.22856721938	750	7.6010262694369155	0.0	358218	2969.6699366762887	0.13944152	0.1744186046511628
10262.537017142891	750	7.917555722442601	0.0	400322	3183.4705469943137	0.13418722	0.1744186046511628
10266.62881442029	750	7.82575844504351	0.0	369834	3591.7972773990914	0.20746124	0.1744186046511628
10270.941988390037	750	7.512584475296235	0.0	412837	4313.173969747275	0.20967117	0.1744186046511628
10279.02472418511	750	4.0	0.5701513197762688	401088	8082.735795072504	0.5635727	-2.277232070386793
10282.517177741855	300	4.507546443256526	0.0	159914	3492.4535567434737	0.008890005	-0.3802325581395349
10283.88327854601	300	7.141445639100036	0.0	131610	1366.1008041564899	0.004705182	0.06976744186046512
10287.315291095241	300	7.70943308986897	0.0	124011	2432.0125492310667	0.075753324	0.06976744186046512
10291.314398178649	300	7.710326006462779	0.0	144254	2499.1070834061898	0.057406142	0.06976744186046512
10296.159369011295	750	6.865355173816247	0.0	390680	4844.9708326465325	0.49911842	-0.2755813953488372
10297.58001473407	300	7.683697920388877	0.0	147968	1181.6572534273705	0.49259496	-0.3802325581395349
10300.718330872369	750	7.804034100415333	0.0	384505	2379.663819973545	0.64938927	-0.2755813953488372
10303.451442493415	750	7.836804391553098	0.0	372093	2467.2297088622336	0.32707587	0.1744186046511628
10306.95751780059	750	7.836707661058017	0.0	438281	2500.0967304950805	0.39109305	0.1744186046511628
10311.239150280075	750	7.555075181573031	0.0	398987	3281.6324794849857	0.098959886	0.1744186046511628
10313.589446547037	750	7.708732561674856	0.0	393804	2346.342619898174	0.4375922	0.1744186046511628
10317.368586783612	750	7.761139285920042	0.0	331053	2947.593275754814	0.12386194	0.1744186046511628
10319.680477746128	750	7.915967347072193	0.0	314107	1845.1719388478498	0.2458972	0.1744186046511628

