10455.10786496264	750	4.0	7.571061952176263	450283	7571.061952176264	0.004705182	-32.50603569412476
10457.587659385801	300	5.520205576839139	0.0	155580	1979.794423160861	0.009791036	-0.37423455776761105
10459.348122503883	300	5.655402219767031	0.0	139857	864.8033570721075	0.01401273	0.17344983547224246
10461.233413898897	300	5.790586359864399	0.0	155432	1364.8158599026326	0.39026317	0.10990493619461687
10462.787683151815	300	5.958689524811212	0.0	163442	1331.8968350531877	0.3624463	0.11262133526581278
10464.423279958351	300	5.712077330476739	0.0	126289	746.6121943344734	0.6619125	0.20090751415292551
10467.149305825838	300	5.7235567314326845	0.0	153295	2488.5205990440545	0.18208645	0.06027677651437618
10470.873975319952	300	5.9988872373188755	0.0	173849	2724.669494113809	0.1838129	0.05505254869408925
10474.287653369278	300	5.743135546235281	0.0	150710	2755.7516910835943	0.06994135	0.05443160952611743
10478.24009933162	300	5.790689583892604	0.0	139105	3952.4459623426765	0.017538458	0.037951182996336943
10482.530573704147	300	5.500215211366853	0.0	141840	3790.4743725257513	0.0064516524	0.039572883301160204
10486.047345428613	300	5.983443486902482	0.0	156148	3016.7717244643695	0.0048783226	0.04972202529730108
10489.018980672261	300	5.651435092964463	0.0	160746	1832.008393938019	0.004705182	0.08187735410838672
10491.612981257478	300	5.5392481965614815	0.0	179801	1612.1868964029818	0.005466003	0.09304132190546352
10493.45299769181	300	5.675146842903101	0.0	140051	1364.101353658381	0.008465975	0.10996250359089174
10495.173569853998	300	5.502818311695264	0.0	138313	1172.3285312078358	0.00854224	0.12795048146227136
10496.768695564528	300	5.959377252821958	0.0	143509	1543.4410588733062	0.012864941	0.09718544102325373
10498.635338495382	300	5.641898108472156	0.0	150616	1317.4791443498007	0.012132756	0.11385379468304803
10502.64626107429	300	5.630975529564142	0.0	165384	2510.922578908014	0.01880794	0.05973899843030371
10506.303417782883	300	5.973818820971465	0.0	140881	3157.1567085926777	0.0065765735	0.047511103769968845
10509.596345665494	300	5.83597639756731	0.0	157671	2637.842423404154	0.004705182	0.05686465524594299
10512.417538118912	300	5.617922871863334	0.0	157812	1718.0535257039764	0.004705182	0.08730810638657906
10515.35715632628	300	5.949683313086558	0.0	163927	1668.2395587767762	0.004705182	0.08991514390774089
10516.63723029256	300	5.770335663791866	0.0	137654	1179.3476492946927	0.006624357	0.1271889591586563
10518.155912541777	300	5.706357640475638	0.0	146754	1063.9780233162264	0.007006041	0.1409803555269659
10521.941435817353	300	5.920834364898601	0.0	153938	1285.5232755770373	0.009858688	0.11668400164335334
10524.110833535164	300	5.841249290131713	0.0	181901	2079.585074766888	0.00910659	0.07212977329951953
10525.371851571195	300	5.625646559978683	0.0	111155	715.6027301530291	0.0058723046	0.20961350995394193
10528.370819840244	300	5.983870078393873	0.0	153605	2641.7764815848095	0.012554713	0.0567799740233945
10531.43099085511	300	5.8323803550025275	0.0	149029	2151.4897233913453	0.004841121	0.0697191338490608
10533.00033129183	300	5.962050782378812	0.0	157421	1370.3295726237154	0.004705182	0.10946271831002011
10534.539965169952	300	5.85173929921665	0.0	157488	1110.311483162163	0.005290303	0.13509722476507272
10536.45581786841	300	5.743474219017267	0.0	143881	1108.2650801993825	0.0060701203	0.1353466807535019
10540.162750489106	300	5.518801703498882	0.0	163444	1224.6725155183844	0.010151527	0.12248172315397099
10542.431175446281	300	5.635719229800288	0.0	179328	1883.0824736985944	0.005683885	0.0796566279465086
10546.14929674776	300	5.917597928320858	0.0	159914	3218.12130147943	0.004705182	0.04661104599476789
10550.170184660736	300	5.896710015344481	0.0	131610	2520.8879129763777	0.004705182	0.059502843909825825
10554.149045819102	300	5.86445527082719	0.0	124011	3532.2547445172904	0.004705182	0.042465793338611155
10558.024082099755	300	5.580240366024969	0.0	144254	3784.2149048022216	0.004705182	0.03963834078494007
10560.545702028528	300	5.634841151563866	0.0	149991	2445.399214461103	0.004705182	0.06133967783786001
10562.679867337321	300	5.520868778023035	0.0	147968	1113.972373540831	0.004705182	0.13465324954443492
10565.105383502954	300	5.723207215283204	0.0	161857	1297.6615627398303	0.004705182	0.11559254300735859
10566.549527077323	300	5.960062672345379	0.0	145210	1263.1445429378264	0.004705182	0.11875125522145663
10567.980117041201	300	5.625267249021168	0.0	172312	1334.7954233242106	0.004705182	0.11237677128562215
10570.698871621038	300	5.508787243679582	0.0	167025	2116.4800053415856	0.004705182	0.07087239171711003
10574.693031767612	300	5.514627097106446	0.0	160064	1994.160146573136	0.004705182	0.07521963582401718
10578.273483377952	300	5.934175486766369	0.0	137507	2580.451610340076	0.004705182	0.05812935975971725
10581.294516261034	300	5.5221022061809055	0.0	118421	2912.0732805854636	0.004705182	0.05150969276770499

