541.9057693875546	750	4.0	2.322935537655054	450283	2322.935537655054	0.0063217757	0.10491574856007599
542.9836595569321	300	6.922109830622425	0.0	155580	1077.8901693775754	0.2717214	-0.09027343159362342
545.4863823583428	300	7.901161378798435	0.0	139857	1520.9484518239897	0.012464762	0.3766114619227358
547.9775155409823	300	7.6164819527370184	0.0	155432	1284.679426061417	0.008577429	0.38244590037015447
550.0076373113068	300	7.994647869583771	0.0	163442	1121.8340831532473	0.010695779	0.42236580446389344
551.4558396700029	300	7.55969053382136	0.0	126289	934.95733576241	0.0119032245	0.41386864571782656
552.9486179747694	300	7.81992397395501	0.0	153295	1239.7665598663502	0.012151834	0.3996523133157856
555.9541274118374	300	7.90367512787102	0.0	173849	1416.24884608399	0.009953063	0.38723853181377227
557.8160724722106	300	7.572332802576406	0.0	150710	1331.342325294614	0.011635507	0.3750202885617965
558.7812468997481	300	7.680046965897017	0.0	139105	892.2858366793868	0.010714456	0.4256580726308575
560.0646820320144	300	7.614773738092903	0.0	141840	1065.2732278041158	0.01239379	0.40427975678062744
561.1515130069962	300	7.545439174233064	0.0	156148	1069.334563859839	0.011829614	0.3995402129338152
563.6251043639352	300	7.527391701324599	0.0	160746	1018.0474729084655	0.011974361	0.40354095497217346
567.4232091936791	300	7.566111228467838	0.0	179801	3461.2804728567617	0.012083193	0.16163762542379623
570.9584391794625	300	7.951908390169759	0.0	140051	1614.2028382980784	0.0085688	0.3704577114860346
572.4246474683634	300	7.999317833761921	0.0	138313	952.5905564078381	0.007564242	0.4395820298995688
573.923046803494	300	7.866927127793166	0.0	143509	632.3907059687543	0.009315689	0.46332759582043
577.5259312272639	300	7.9384891303891525	0.0	150616	928.437997404013	0.017911587	0.43819549183915324
580.2561256848392	300	7.765615214884438	0.0	165384	2172.873915504715	0.010922874	0.30294728031003837
582.1895596730495	300	7.962558444164588	0.0	140881	1303.0567707198497	0.00719182	0.40223794661853435
583.2871374985373	300	7.648958178315901	0.0	157671	813.6002658486861	0.008125295	0.4315835804901077
584.0825327945489	300	7.998249291029679	0.0	157812	650.7088872862219	0.012741347	0.4697034128909653
585.3549797821287	300	7.619369025452419	0.0	163927	878.8802655772607	0.018426195	0.42320625846328264
586.6575238454677	300	7.989880245134227	0.0	137654	629.4887803181907	0.014237843	0.47130235821930266
587.4014231001353	300	7.894458278360855	0.0	146754	595.4219667733719	0.015609816	0.46874516665044874
588.1999780806909	300	7.62941945588009	0.0	153938	765.0388224807643	0.01937171	0.43521855467466164
589.3159992177783	300	7.7781669852238995	0.0	181901	851.2524706561908	0.0176904	0.43589391044110715
590.1028660559388	300	7.757117870859278	0.0	111155	521.0491143646218	0.020387048	0.46759867642247527
591.3915371771504	300	7.545691205651289	0.0	153605	711.4266652079906	0.020759493	0.43534675476263907
592.2733971496489	300	7.843383456904012	0.0	149029	702.3077487472763	0.022999981	0.4548644121120057
593.5202120492571	300	7.55975208097541	0.0	157421	783.6313759286018	0.02226662	0.4290050883983355
595.0677999550751	300	7.797549942406251	0.0	157488	762.2021385691598	0.02029732	0.44601037847370717
596.6003637817759	300	7.99896092218032	0.0	143881	798.5890202259309	0.021795932	0.4549598765439094
598.4294268869514	300	7.81641674432987	0.0	163444	1182.54417785045	0.01813424	0.40515534966580447
601.2694999833591	300	7.864639602288593	0.0	179328	2451.7771420412764	0.014716213	0.2812459818691419
605.269498149784	300	7.833788553759377	0.0	159914	1030.8510485292154	0.01056074	0.4214104006872721
606.237317477122	300	7.589452406038223	0.0	131610	744.3361477211542	0.012715617	0.43479088153550605
606.9868562451094	300	7.846424673852991	0.0	124011	743.0277321852309	0.013989339	0.4509824898275214
608.6413765614674	300	7.837420052575021	0.0	144254	1009.004621277972	0.014560793	0.42382201208837417
609.4386999448644	300	7.606516198916559	0.0	149991	730.9038536584613	0.011778137	0.4372005979966713
611.371053351498	300	7.7285491699690025	0.0	147968	877.967028947556	0.01664586	0.4301213411585396
612.4880705851442	300	7.7722337514889	0.0	161857	956.3154184801018	0.018042844	0.4250167885502787
614.5415966452468	300	7.585821700520674	0.0	145210	1186.4120509682266	0.019627787	0.390356372115952
615.7212011024519	300	7.929576437985347	0.0	172312	1156.245262535326	0.017419774	0.4148577220507841
617.0757730631258	300	7.973970054983267	0.0	167025	955.6063830020801	0.020971373	0.4376962110664787
618.5523245559189	300	7.705177159422678	0.0	160064	768.7928955605887	0.027150923	0.43957800383809104
619.6587921504544	300	7.5908226607711295	0.0	137507	614.3544986515483	0.03561502	0.4478746873632733
620.5630003497434	300	7.869775085568537	0.0	118421	721.0475752025914	0.044391584	0.454639906258007

