19702.30523738496	750	4.0	7.862962959107444	450283	7862.962959107444	0.024726968	-34.17191773378061
19703.870566503814	300	6.434670881144126	0.0	155580	1565.3291188558746	0.004705182	0.02885745685218641
19706.77334051905	300	7.53189686591194	0.0	139857	1402.7740152321862	0.02461851	0.6007222350601431
19709.480136992614	300	7.529031704326359	0.0	155432	1502.8651615855813	0.020654071	0.5904373453141945
19713.504859955454	300	7.50430874149042	0.0	163442	3024.7229628359387	0.10863341	0.43587195147209057
19716.10286938566	300	7.944631206745151	0.0	126289	2559.6775347452694	0.0053087724	0.5247580399400099
19718.67615950988	300	7.707152025566944	0.0	153295	1237.4791811782072	0.005159975	0.6341202299246852
19722.45792050536	300	7.925391030085558	0.0	173849	2281.7609954813856	0.020449143	0.5506978046490013
19724.482260182616	300	7.6470071559688915	0.0	150710	1778.3838741166674	0.007551519	0.5742407474912508
19726.919094159603	300	7.876568078594402	0.0	139105	2270.439077374489	0.021416198	0.5471307310097091
19728.223094613702	300	7.702765363351264	0.0	141840	673.8027152431386	0.0069358684	0.6900656552152743
19732.064859839364	750	7.826981600846457	0.0	405134	2875.7837625048064	0.41585326	0.05589230759761271
19735.901238716586	750	7.6267828699660605	0.0	386351	3200.1987308803964	0.15415797	0.4541814517716511
19738.742268268783	750	7.774358128888903	0.0	434409	2352.424741077157	0.21255018	0.5531631398075816
19740.262593998552	750	7.958497679113323	0.0	337059	1315.8604497755794	0.136754	0.6745432132467393
19744.57569501295	1850	7.645396664714591	0.0	923170	3813.1010143987323	0.8552475	-0.6464823308601737
19748.43859571173	1850	7.782495965931716	0.0	966699	3862.9006987828748	0.008318877	0.4617336667327363
19753.353736834088	1850	6.86735484357427	0.0	885714	4915.141122357446	0.0056940634	0.26842623476433125
19758.98896245044	1850	5.232129227221282	0.0	987708	5635.225616352987	0.021783736	0.03902543182702023
19762.685688154324	1200	5.535403523335756	0.0	586839	3696.7257038855273	1.1221037	-0.42270012142734936
19767.216109674846	750	5.004982002815595	0.0	386472	4530.421520520161	0.25594443	-0.3811921876782699
19769.149927756764	300	7.071163920897563	0.0	157812	1933.818081918031	0.013847699	0.053271750490745506
19772.465429689342	300	7.755661988316133	0.0	163927	2815.5019325814305	0.009750327	0.4809870947065665
19776.521770339124	300	7.699321338535141	0.0	137654	2556.3406497809924	0.004705182	0.5014803703966085
19778.79642809889	300	7.933813349989319	0.0	146754	2265.5079885458226	0.004705182	0.5531337633573563
19780.57758906219	300	7.862807653896732	0.0	153938	1571.005696092587	0.004705182	0.6157496123735321
19782.70619535052	300	7.6885821908391865	0.0	181901	1674.2254630575462	0.0069683283	0.5886582337042424
19783.456914767183	300	7.995412900141939	0.0	111155	693.1692906972482	0.010783186	0.7162966609646931
19785.393242655635	750	7.721024061898736	0.0	400396	1774.3888382432037	0.34359658	0.15583326456586805
19787.47631090397	750	7.850459457835876	0.0	400508	1870.5646040628603	0.12852278	0.6086739942836004
19791.41647526496	750	7.910295096846017	0.0	358218	3440.1643609898574	0.4171524	0.45747326792937776
19795.328899679866	750	7.735416858523639	0.0	400322	3174.8782383223784	0.19394606	0.4671696478504245
19799.055779497223	750	7.700750038137396	0.0	369834	2534.6668203862423	0.3701281	0.527854068156987
19803.113207678904	750	7.643321856455573	0.0	412837	3057.428181681822	0.20571831	0.47005040323635316
19806.810787915503	750	7.945741619856493	0.0	401088	3697.5802365990808	0.2667156	0.4351434491333014
19809.894802805316	750	7.582344811074272	0.0	365161	2363.3968087822213	0.56227326	0.5335844295067913
19812.55366780507	750	7.9382213612135	0.0	321064	2644.123449860772	0.06737092	0.539765294230165
19815.18478182651	750	7.995035216443041	0.0	361565	2443.1861447704587	0.28783643	0.5653274238999642
19819.322945042644	750	7.8568720003084564	0.0	378327	3638.1632161345838	0.27219656	0.4325313476930699
19821.84571099935	300	7.77853447285435	0.0	149991	2078.3375274541067	0.62704337	0.10690503826372574
19823.13668344484	300	7.755262521734956	0.0	147968	1023.2719511193943	0.008116092	0.6601716437331242
19824.10158707773	300	7.931660890477565	0.0	161857	823.6016312573903	0.059374984	0.6971172223730527
19825.908688631156	750	7.748761172080398	0.0	372093	1682.8997183971671	0.3827832	0.16765190542957548
19835.05537335144	750	4.0	1.3979235482061103	438281	9146.684720286508	0.24428003	-6.500620443022783
19839.515905001943	300	4.0	0.46053165050158623	167025	4460.531650501586	0.004705182	-2.4752887767495073
19841.815246949616	300	5.700658052326194	0.0	160064	2299.3419476738063	0.004705182	0.3348065917358506
19843.574880122833	300	7.706221513461098	0.0	137507	994.4365388650954	0.004705182	0.6583349312914779
19844.439022511204	300	7.91674870845172	0.0	118421	789.4728050093794	0.014317798	0.6990947902608783

