2493.155456439531	750	4.0	5.8396300502769165	450283	5839.630050276916	0.017992467	-25.26925293492629
2495.395674815277	300	5.759781624254254	0.0	155580	2240.2183757457465	0.004710784	-0.10359033901163983
2497.3237666494824	300	7.831689790048644	0.0	139857	1428.0918342056093	0.0068123564	0.6270458682394544
2498.877209974788	300	7.988938290909931	0.0	155432	1342.7514991387127	0.028013112	0.6507152515066503
2501.3406204691296	300	7.507579018772696	0.0	163442	1481.3592721372345	0.18299153	0.5905230885061068
2503.9951726096847	300	7.796328521447235	0.0	126289	1211.2504973254609	0.30116034	0.6453264389979271
2505.8578250306314	300	7.746653061088498	0.0	153295	1549.675460358737	0.12611103	0.6067026222818417
2508.8398020364243	300	7.63215314813632	0.0	173849	1614.4999129521784	0.12980118	0.5891994282039923
2512.1414633946765	300	7.9650609296306305	0.0	150710	1667.0922185056902	0.15335324	0.6159829559790073
2514.6007530730117	300	7.717700703236107	0.0	139105	1747.360226394524	0.12623666	0.5841474478077768
2515.900978719024	300	7.513552601450278	0.0	141840	1204.1481017858293	0.063655615	0.6188191697708157
2517.757459479887	300	7.6933510169820165	0.0	156148	1820.2015844682608	0.31415847	0.5745196265853075
2521.1815438421672	300	7.7144484192394955	0.0	160746	2478.902597742521	0.07046926	0.5106801745833509
2523.9280843612487	300	7.773769041967419	0.0	179801	2440.679377272077	0.015886277	0.5202121750570924
2527.710311417805	300	7.991541985411233	0.0	140051	1782.2270565561842	0.011304447	0.6070183043667714
2531.247840382329	300	7.631821535582441	0.0	138313	1859.7204498287917	0.016607702	0.564645456425154
2535.2769672059308	300	7.6026947119803046	0.0	143509	3029.1268236021365	0.0131198615	0.44490132864748955
2537.03061156168	300	7.62934019850408	0.0	150616	1473.3545134762255	0.004705182	0.6030432185017693
2540.80461367194	300	7.855338088243858	0.0	165384	2274.0021102602213	0.015859576	0.5447310166386283
2543.997558256568	300	7.806011795996219	0.0	140881	2049.326292247639	0.0065229554	0.5624508858609569
2547.852150830956	300	7.951419221608438	0.0	157671	2854.5925743877806	0.0059588477	0.495919890243511
2550.229097759947	300	7.682051190497192	0.0	157812	1769.3680311112455	0.004705182	0.5785153605755329
2551.852676259904	300	7.949051446708381	0.0	163927	1232.9997437888114	0.006124073	0.6578512722355426
2553.4860267747267	300	7.852665505381428	0.0	137654	1096.3859413269533	0.04925954	0.6622353943457927
2555.488802903195	300	7.759759794644941	0.0	146754	1092.9057107364883	0.06105995	0.6536411354813659
2557.5490108590843	300	7.529591016066177	0.0	153938	1230.1687785787637	0.22133227	0.6177608180155919
2559.2476207264504	300	7.750305604488369	0.0	181901	1279.2854115778086	0.10907377	0.6340931886792474
2561.3680176213147	300	7.799769441950517	0.0	111155	950.5361625378522	0.32728094	0.6717290650478731
2563.145183190754	300	7.631116975894314	0.0	153605	1168.652466056203	0.1605866	0.6336844401189753
2565.9689751823257	300	7.918477593799579	0.0	149029	1212.639382094736	0.27107662	0.6569445397631735
2568.182278365499	300	7.797402215951779	0.0	157421	1621.0753778477995	0.2559905	0.6044472952813988
2572.439707736068	300	7.539972845382688	0.0	157488	2257.429370569091	0.035689116	0.5160340218747035
2575.4406309620636	300	7.854339849332033	0.0	143881	1685.632996050655	0.0060068797	0.6034718464117965
2577.565696208664	300	7.849452398004233	0.0	163444	1504.8874513278013	0.006697816	0.6210759780509322
2579.955527773907	300	7.67462551301932	0.0	179328	1174.8268849849123	0.010375767	0.6372547451575414
2582.038207876482	300	7.9307878208607345	0.0	159914	1243.8376921585862	0.11380893	0.6550095823243031
2583.6835099344094	300	7.987557997105036	0.0	131610	1443.2298237556995	0.07452051	0.6405345641726004
2586.054087164169	300	7.813305427811441	0.0	124011	1174.2525692935947	0.009796238	0.6506602786395017
2588.9084769184324	300	7.649272923912431	0.0	144254	1664.0325038990115	0.01229129	0.5858939672935439
2591.1592639830865	300	7.594058002267315	0.0	149991	1555.2149216451157	0.0049149757	0.5914612255617289
2593.824258054442	300	7.749346985594677	0.0	147968	1344.7110166726377	0.0051559107	0.627458359994465
2595.7946811405386	300	7.559277041887349	0.0	161857	1690.069943707327	0.0067034797	0.5746280157622796
2597.9189824460327	300	7.7523029313353895	0.0	145210	1306.9741105519606	0.0048811994	0.6315165637968888
2600.7478605290435	300	7.791527525800721	0.0	172312	1960.775405534668	0.0072873295	0.5699118468029987
2603.4220286402524	300	7.8484948089339746	0.0	167025	1943.0327168667452	0.004705182	0.5771692824434328
2607.667076153571	300	7.603447295615395	0.0	160064	2745.0475133185796	0.004705182	0.47338169671962455
2611.350715446478	300	7.9198080027087014	0.0	137507	2683.639292906694	0.004705182	0.5099726020755158
2613.96133807613	300	7.799407692666911	0.0	118421	2120.4003100417895	0.004705182	0.5547078315112717

