8168.7190843106655	750	4.0	1.7227784527213061	450283	1722.7784527213062	0.018005054	0.3237420198441485
8169.421665346572	300	7.297418964093769	0.0	155580	702.5810359062316	0.004705182	0.381621058266315
8170.218508746269	300	7.601677022864165	0.0	139857	695.7419412296033	0.004705182	0.8698722921438962
8171.067017687416	300	7.997973343514259	0.0	155432	603.7036793499075	0.004705182	0.928007582959246
8172.16402568002	300	7.771871868416105	0.0	163442	726.1014750981542	0.004705182	0.8878506218349811
8173.551252234315	300	7.648711921570879	0.0	126289	623.1599468452255	0.004705182	0.8829379804798956
8174.787648473193	300	7.992547110607433	0.0	153295	1156.1648109634457	0.004705182	0.8720914824432159
8176.014737582082	300	7.93411821766971	0.0	173849	1058.428892937723	0.004705182	0.8746507470895097
8177.823196604308	300	7.629218881282506	0.0	150710	804.8993363872034	0.004705182	0.8623571985608528
8179.244832198878	300	7.550180884017023	0.0	139105	1079.0379972654819	0.004705182	0.8251843597904861
8184.952472791809	1850	5.842540291086155	0.0	939819	5707.6405929308685	0.004705182	-1.3941149717408843
8187.229656098111	300	7.56535698478337	0.0	156148	1277.1833063027855	0.004726637	-0.7427563489273308
8189.4037812232355	300	7.852005213390093	0.0	160746	1213.3517713932758	0.004705182	0.8490198095644295
8190.468453856749	300	7.915055544899271	0.0	179801	936.9496684908223	0.004705182	0.8844449648698721
8191.9942367191	300	7.716025558084577	0.0	140051	1199.0299868146947	0.004705182	0.8336623199206248
8193.104825621458	300	7.624107578074238	0.0	138313	1091.9179800103393	0.004705182	0.8330242318160469
8194.42302162744	300	7.859344988556258	0.0	143509	1264.76258951798	0.004705182	0.8447849838290455
8196.211764394122	300	7.911690351598349	0.0	150616	1447.6546369579096	0.004705182	0.8329589611703663
8200.50634497906	300	7.617109766660454	0.0	165384	1794.5805849378928	0.004705182	0.7618939381647175
8202.541353675479	300	7.767439842530668	0.0	140881	1849.6699241297865	0.004705182	0.7749465462194934
8206.220807834648	300	7.5703820632912375	0.0	157671	2697.05777923943	0.004705182	0.6658766598328338
8210.33652149637	300	7.454668401569404	0.0	157812	4115.713661721833	0.004705182	0.5097236844694206
8213.830514939245	300	7.960674958694286	0.0	163927	2993.9934428751185	0.004705182	0.6843733036998418
8218.096503444205	300	7.678732519978519	0.0	137654	1781.942438715768	0.004705182	0.7707664319926271
8221.991877345667	300	7.78335861851663	0.0	146754	2895.373901461889	0.004705182	0.6723416702019289
8225.29391032249	300	7.582052028157199	0.0	153938	2701.306590359431	0.004705182	0.6668926916016418
8227.35480866393	300	7.676966060170724	0.0	181901	1405.0859679864752	0.004705182	0.8082339708947335
8229.028518678491	300	7.998017244164234	0.0	111155	678.94881600649	0.004705182	0.9204884897908
8230.745763858886	300	7.89177532974558	0.0	153605	1106.2419144186533	0.004705182	0.8646412875886513
8232.434295915573	300	7.933010939390564	0.0	149029	958.7643903550162	0.004705182	0.8844804795809846
8233.815767384727	300	7.86215899497829	0.0	157421	1070.851944412273	0.004705182	0.8645234990943317
8236.10104213024	300	7.679831413094016	0.0	157488	1182.3275818842747	0.004705182	0.8308636001103799
8238.0643468964	300	7.874652573827052	0.0	143881	1305.178839266964	0.004705182	0.8426334156832889
8239.635078980085	300	7.793349456932044	0.0	163444	1081.3031168950079	0.00471579	0.8549823365852468
8240.731193421392	300	7.975006815173085	0.0	179328	818.3426417589592	0.0047578653	0.9037079655405706
8241.94512043323	300	7.611929190028262	0.0	159914	863.0776251448224	0.0048203794	0.854404578439395
8243.22497572625	300	7.592426251364837	0.0	131610	519.5029386634251	0.0049556764	0.8863539819513914
8243.857612118843	300	7.961284141246197	0.0	124011	631.14211011864	0.0058031706	0.9207336539102358
8245.444513288638	300	7.663580783586498	0.0	144254	797.7033576596991	0.006222794	0.8673195262282154
8247.437359320786	300	7.781756664080109	0.0	149991	1381.82411950639	0.0070323464	0.8234988520194638
8249.105778292354	300	7.868058106115742	0.0	147968	913.6985579643671	0.007234485	0.8809672122733136
8251.553307987035	300	7.8716534510784655	0.0	161857	996.4046550372769	0.009100763	0.8731405266846672
8254.878242201674	300	7.799748835080181	0.0	145210	1571.904615998284	0.0113938665	0.8067123301336804
8258.539225799728	300	7.740771897373677	0.0	172312	2058.9769377065036	0.012038081	0.750723102670843
8262.84894402375	300	7.431053673351623	0.0	167025	4309.7182240220545	0.011913293	0.4874074725831814
8267.274900656339	300	7.005097040762398	0.0	160064	4425.956632589225	0.010700656	0.423189951658613
8270.34278745998	300	7.937210237121066	0.0	137507	3067.8868036413323	0.009206911	0.674086733574295
8274.614133886696	300	7.6658638104055825	0.0	118421	3771.346426715483	0.009421167	0.570237109010278

