6142.185808208505	750	4.0	2.572266498290951	450283	2572.266498290951	0.039341137	-10.886327337999926
6143.194878366196	300	6.990929842309494	0.0	155580	1009.0701576905071	0.56574655	-0.3802325581395349
6146.349371764455	750	7.836436444049975	0.0	350812	2654.493398259518	0.5183189	-0.2755813953488372
6154.0544628827465	750	4.131345325757787	0.0	382355	7705.091118292189	0.16926667	0.1744186046511628
6156.980297617031	300	5.205510591473525	0.0	163442	2925.834734284262	0.08847816	-0.3802325581395349
6159.164454861381	300	7.021353347123906	0.0	126289	2184.1572443496184	0.026832253	0.06976744186046512
6162.366885485789	300	7.8189227227163975	0.0	153295	3202.4306244075083	0.049125902	0.06976744186046512
6166.528538084365	300	7.657270124139427	0.0	173849	3661.6525985769704	0.024636142	0.06976744186046512
6170.38452680663	300	7.801281401874221	0.0	150710	2855.988722265205	0.015262744	0.06976744186046512
6174.549516275391	300	7.636291933113247	0.0	139105	3164.989468760974	0.0083616	0.06976744186046512
6178.312387556717	300	7.8734206517873915	0.0	141840	2762.871281325855	0.0077661425	0.06976744186046512
6182.175503492099	300	7.811285607348143	0.0	156148	2062.1350444392483	0.019805154	0.06976744186046512
6185.757477892863	300	7.700788904887811	0.0	160746	2110.496702460332	0.025602128	0.06976744186046512
6187.842242053887	300	7.659145621077579	0.0	179801	2041.6432838102307	0.026400449	0.06976744186046512
6189.188709241633	300	7.552472503961607	0.0	140051	1106.6731171159722	0.046095356	0.06976744186046512
6190.442161851612	300	7.995643243836334	0.0	138313	1056.8292601252733	0.16771351	0.06976744186046512
6192.913653634022	300	7.813209032308449	0.0	143509	682.4342115278859	0.419069	0.06976744186046512
6198.864657162337	750	5.862205503993782	0.0	372963	5951.003528314666	0.5197487	-0.2755813953488372
6202.141017446596	300	6.5858452197347015	0.0	165384	3276.3602842590803	0.13309759	-0.3802325581395349
6205.008709987259	300	7.718152679072602	0.0	140881	1867.6925406620985	0.03058105	0.06976744186046512
6208.276187047734	300	7.736471115643695	0.0	157671	2981.6815634289073	0.064429894	0.06976744186046512
6212.0939603900815	300	7.918697773296062	0.0	157812	3817.773342347634	0.032635823	0.06976744186046512
6215.852694800444	300	7.811114940162577	0.0	163927	3107.582833133484	0.0149130095	0.06976744186046512
6219.814464344286	300	7.849345396321529	0.0	137654	2461.769543841048	0.0065189926	0.06976744186046512
6222.574731398256	300	7.815672434621169	0.0	146754	2033.67296170036	0.006964685	0.06976744186046512
6225.288046725164	300	7.742311855452001	0.0	153938	2073.3605791691684	0.014455814	0.06976744186046512
6228.272449025048	300	7.595088136579197	0.0	181901	2147.2237188728036	0.014825668	0.06976744186046512
6229.9855239614235	300	7.632139944747371	0.0	111155	962.9481918318262	0.015465704	0.06976744186046512
6233.758569972829	300	7.85909393334266	0.0	153605	2273.046011404711	0.0466878	0.06976744186046512
6236.65478066148	300	7.932574880991364	0.0	149029	2426.519052351296	0.034869246	0.06976744186046512
6239.756884809536	300	7.866368706112836	0.0	157421	1566.206174878527	0.031035472	0.06976744186046512
6243.726877817227	300	7.6343211653562	0.0	157488	2232.0475407566364	0.05630268	0.06976744186046512
6246.303379818912	300	7.920042902481558	0.0	143881	1714.2782628746404	0.031126183	0.06976744186046512
6248.687424963019	300	7.669132152332662	0.0	163444	1250.9107501488963	0.053907506	0.06976744186046512
6250.897495649172	300	7.710664010735122	0.0	179328	1458.4681415975415	0.11111293	0.06976744186046512
6253.378678352344	300	7.5908738979271515	0.0	159914	1119.7901128079714	0.12513773	0.06976744186046512
6255.395419061265	300	7.983199948648627	0.0	131610	1107.6739492785248	0.25452554	0.06976744186046512
6256.827693203369	300	7.7915961524184345	0.0	124011	691.6037962301925	0.24995235	0.06976744186046512
6258.0596109711005	300	7.910972531988874	0.0	144254	880.62362042956	0.6120729	0.06976744186046512
6261.544279722918	750	7.789285244231307	0.0	390680	3121.6872877575674	0.6747658	-0.2755813953488372
6263.65755381683	300	7.914138891304965	0.0	147968	1875.1463529263415	0.6615586	-0.3802325581395349
6267.652674585769	300	7.9190181223654	0.0	161857	2995.1207689395656	0.11574757	0.06976744186046512
6271.597781264616	300	7.97391144351819	0.0	145210	3945.10667884721	0.028884232	0.06976744186046512
6275.773948078693	300	7.797744629441931	0.0	172312	3176.166814076258	0.010059078	0.06976744186046512
6279.723400299713	300	7.848292408421592	0.0	167025	3449.4522210203404	0.0068081184	0.06976744186046512
6282.489759146144	300	7.847100044640798	0.0	160064	2501.1923637807936	0.0048824633	0.06976744186046512
6284.3630345558195	300	7.913045666627728	0.0	137507	1434.0543780130706	0.0047743144	0.06976744186046512
6287.140288202935	300	7.919029273401883	0.0	118421	994.0163932258453	0.006731349	0.06976744186046512

