689.3033132622345	750	4.0	0.8872836624630916	450283	887.2836624630917	0.044765428	0.40729149886996996
689.6830968852364	300	7.620216376998051	0.0	155580	379.78362300194965	0.3973621	0.45375721347808706
690.0446179607903	300	7.76798953917365	0.0	139857	352.22683782440106	0.048183776	0.9247587269458358
690.49311536459	300	7.853387984748451	0.0	155432	414.6015544251983	0.04775023	0.929065564685404
691.1046617852587	300	7.974562627571464	0.0	163442	378.8253571769872	0.05718313	0.9476048493060868
691.9570625840089	300	7.569722812392165	0.0	126289	404.83981517929874	0.08481868	0.8950170572695211
692.4219855897118	300	7.656041791776148	0.0	153295	413.6810206160165	0.066917844	0.9047909061954378
692.9890918938744	300	7.678109565488319	0.0	173849	477.932226287829	0.076410316	0.9010905358531156
693.804879390296	300	7.769802861014863	0.0	150710	408.30670447345665	0.11238355	0.9193746345966429
694.5333289940655	300	7.834318560004223	0.0	139105	435.48430101063894	0.09975499	0.9246227516834152
695.3260451561082	300	7.979443073112306	0.0	141840	354.87548689191783	0.08453782	0.9506024342793737
697.25678814614	300	7.5679919156718025	0.0	156148	911.4511574405046	0.09359187	0.8441422059149974
700.3905554597526	300	7.740754156111165	0.0	160746	1827.2377595606372	0.052437752	0.7738948299378171
704.1883756256935	300	7.942933990170099	0.0	179801	3797.8201659410656	0.029365825	0.6018001200799634
707.8826350353711	300	7.852979111927847	0.0	140051	2589.9548782422517	0.024109963	0.7114797479945694
710.9389045319954	300	7.506996705633275	0.0	138313	1845.9824062945713	0.018120134	0.7431578857927945
712.4760279921757	300	7.618578458708021	0.0	143509	1388.4182469252535	0.014950098	0.8026915141819679
713.2302337280108	300	7.660828187917978	0.0	150616	457.7502707900435	0.012917458	0.9009749666636494
713.8210081028035	300	7.60866884269418	0.0	165384	552.1593452237971	0.01947127	0.8850938451107441
714.6753680848301	300	7.505796275865352	0.0	140881	602.872566828827	0.0162853	0.8673206503801016
715.3152174300617	300	7.996615334698435	0.0	157671	509.1809411669159	0.015290978	0.9372921808318636
715.9261700448263	300	7.531473286548422	0.0	157812	465.1420481500131	0.020773536	0.8842640918643045
717.5602363529534	300	7.9773453156921965	0.0	163927	1054.127970856225	0.027488006	0.8804181717623211
718.780382210959	300	7.607241564824873	0.0	137654	870.1037508673234	0.02155988	0.8531231758181992
719.8437912263985	300	7.505558186974258	0.0	146754	601.6833778506151	0.021160439	0.8674101719871945
721.1794232604326	300	7.913604979251646	0.0	153938	591.9532077226123	0.028904386	0.9187655068319741
722.7414252206328	300	7.629443374157261	0.0	181901	784.161605094386	0.028974328	0.8644586902547232
723.4605581660373	300	7.678797141107927	0.0	111155	450.646233049335	0.027082704	0.9039040314537063
724.1199766327511	300	7.723331235428657	0.0	153605	455.46590567926853	0.025617791	0.9089207739879489
725.3868070108891	300	7.606892250376833	0.0	149029	1116.4389850518244	0.03629872	0.8284465218767857
726.0166164070308	300	7.637183310849114	0.0	157421	469.70893952772025	0.02057126	0.8968596215973618
726.8502993710651	300	7.7253920906389135	0.0	157488	411.79122021020106	0.03280175	0.9135427002690516
727.632914088776	300	7.840030522695535	0.0	143881	385.36156794337916	0.048332606	0.9303402919477661
729.0739644665128	750	7.8331319752108906	0.0	412837	1006.8985474846453	0.05234618	0.4186141462120058
729.8148115902608	300	7.819784275963053	0.0	179328	513.3476992478368	0.41378903	0.46504183601231386
730.3225616996698	300	7.894658929008617	0.0	159914	425.1253469544356	0.056044325	0.9331089878509639
730.9583739223311	300	7.538065236905208	0.0	131610	356.59369210340975	0.07837741	0.8959328481866223
731.6841818351699	300	7.6847705122647385	0.0	124011	353.2947246404695	0.066543736	0.9143767258553968
732.2283490032055	300	7.793943536846109	0.0	144254	390.8269754186293	0.0806535	0.9241033029160521
732.7154807231659	300	7.897047835174423	0.0	149991	396.89570167168716	0.08731003	0.9362269151923137
733.230621344407	300	7.909595519198198	0.0	147968	487.4523159762244	0.093747474	0.9287205403057212
734.2308440456841	300	7.593328240422159	0.0	161857	816.267278776038	0.07594595	0.8567889182540916
734.9111426587591	300	7.720156726200063	0.0	145210	373.17151422209616	0.053201407	0.9167582504079628
735.566338582616	300	7.796122275553065	0.0	172312	424.03445064699713	0.082613185	0.9210515684282009
736.4111480551525	300	7.90929831403985	0.0	167025	386.823961513216	0.09784634	0.9387466792627159
737.0783855563918	300	7.514672318931791	0.0	160064	394.625995108059	0.10693666	0.889241249565024
737.6535171306261	300	7.633412227630291	0.0	137507	381.26009130149873	0.107585	0.9052388835627593
738.387664501711	300	7.743274359854222	0.0	118421	390.1378677760707	0.09548626	0.9179159934923188

