5211.50444974245	750	4.0	2.572266498290951	450283	2572.266498290951	0.010041502	0.238793215287184
5212.513519900141	300	6.990929842309494	0.0	155580	1009.0701576905071	0.07124537	0.31312934806073756
5215.370589133411	300	7.7380635488948775	0.0	139857	752.8662934146156	0.012843245	0.880999762133638
5219.362842242122	300	7.745810440184312	0.0	155432	3492.2531087105644	0.0150673585	0.6080176040874791
5223.108872305493	300	7.6910234566022755	0.0	163442	3054.786983582036	0.009131787	0.6449995629573518
5226.4579767454825	300	7.912092809901762	0.0	126289	2278.9306467005126	0.008830339	0.7498810524925299
5230.782105668223	300	7.587963887160913	0.0	153295	2824.128922740849	0.0074842554	0.6553404069011189
5234.371338705573	300	7.998730849810787	0.0	173849	3589.233037350127	0.0076910164	0.6295481779103872
5238.6595821266865	300	7.710487428697268	0.0	150710	2788.2434211135187	0.007702071	0.6740571730636189
5242.841877695019	300	7.528191860364397	0.0	139105	3182.295568332872	0.006330804	0.6121435758793496
5246.580122215571	300	7.7899473398131045	0.0	141840	2738.244520551293	0.005875487	0.6888681303123938
5250.472318352372	300	7.75500885065128	0.0	156148	2034.9384891618254	0.0050274394	0.7548848113746697
5254.115226346257	300	7.6421837299786475	0.0	160746	2112.825120672633	0.0055626817	0.7331654147960955
5256.246446554905	300	7.606615009811114	0.0	179801	2035.5687201675344	0.0057389457	0.7364993169423428
5257.640804276671	300	7.502261931318539	0.0	140051	1104.3530784925756	0.006334595	0.8167362069330977
5258.944467459293	300	7.945432671193267	0.0	138313	1056.8292601252733	0.0073389057	0.8762077275862006
5261.466169814346	300	7.762998459665381	0.0	143509	682.4342115278859	0.008568123	0.8911217314431618
5264.627011170894	300	7.752211910354454	0.0	150616	2010.7865493109284	0.011397677	0.7569546617921619
5268.687958612439	300	7.691264468810021	0.0	165384	4060.947441544432	0.009068871	0.5444132753993385
5272.304255019289	300	7.588617337325244	0.0	140881	2102.6471314847777	0.007757846	0.7275692687682396
5275.51694046975	300	7.949099249777086	0.0	157671	3139.518087548159	0.007749173	0.6683915643139877
5279.57565458416	300	7.631325907429452	0.0	157812	3817.773342347634	0.00736339	0.5613299565128608
5283.601063318314	300	7.534091845332768	0.0	163927	3097.234062096684	0.0070542656	0.6213782089307345
5287.507959642531	300	7.627195521115842	0.0	137654	2406.8963242169266	0.006218061	0.7019076716284263
5290.42532014757	300	7.6260507714840475	0.0	146754	2001.1447496317944	0.0058377204	0.742341484660568
5293.206513190029	300	7.613562166108115	0.0	153938	2012.4886053759328	0.0056553124	0.73966510709593
5296.241329106016	300	7.5055064838560686	0.0	181901	2108.0556822520457	0.005387598	0.7167665576641663
5298.093927241368	300	7.517587518897289	0.0	111155	987.9189649587785	0.0061122216	0.8302718978950121
5301.934542536947	300	7.676972223317947	0.0	153605	2340.6152955793427	0.0068220124	0.7146817991110215
5304.872517583171	300	7.820631847192331	0.0	149029	2356.3403761256163	0.0062858565	0.7308472195651949
5306.467310725871	300	7.789052596392108	0.0	157421	1531.5792508002232	0.006448921	0.8094241816061135
5310.537355082243	300	7.545637436155463	0.0	157488	2243.415160236646	0.0074107815	0.7081856552965587
5313.096696163077	300	7.884281498306897	0.0	143881	1661.355937848567	0.0073105777	0.808204607545973
5315.497176852686	300	7.643033677494684	0.0	163444	1241.2478208122118	0.007782935	0.8204280894274675
5317.733346013677	300	7.684565535897144	0.0	179328	1458.4681415975415	0.008853272	0.8038340753355653
5320.226275860285	300	7.571951088790185	0.0	159914	1112.6144471069583	0.010084486	0.8245147236251973
5322.24855273454	300	7.970970461412759	0.0	131610	1100.9806273774257	0.010897225	0.8749457906604099
5323.690646101434	300	7.780571796404831	0.0	124011	690.3986650079279	0.010185494	0.8924950995913841
5324.931511564522	300	7.900986506303619	0.0	144254	879.585290101212	0.013346984	0.8884442716063916
5326.582422923791	300	7.701170927663405	0.0	149991	1199.8155786402144	0.013641097	0.83174963111049
5328.772904003185	300	7.831478240279921	0.0	147968	1869.6926873834834	0.013606574	0.7808512133376597
5332.893831467717	300	7.7105507757485885	0.0	161857	3120.927464531332	0.012369048	0.6407965903034153
5336.821301133976	300	7.783081109490516	0.0	145210	3927.469666258072	0.010389311	0.5690978291521205
5340.893283995755	300	7.711098247711332	0.0	172312	3071.982861779184	0.009169526	0.6457586479889101
5344.54202205765	300	7.692313413553778	0.0	167025	3518.784834157553	0.008427991	0.5987590513516448
5347.449406899757	300	7.698597549368309	0.0	160064	2493.71586418547	0.0077705346	0.7020418626162831
5349.471184804707	300	7.764543171355239	0.0	137507	1434.0543780130706	0.0073008267	0.8161504433012512
5352.421915321418	300	7.758039590967097	0.0	118421	1006.5035803881417	0.007380057	0.8581025135551227

