7808.837628318421	750	4.0	2.3226168467032533	450283	2322.6168467032535	0.14909947	0.11773831532967466
7809.853475607668	300	6.984152710752376	0.0	155580	1015.8472892476235	0.906534	-0.11507518450273888
7810.9980833887485	300	7.846080878652669	0.0	139857	1138.0718320997075	0.05030799	0.376572871705821
7812.676919202054	300	7.864930927415087	0.0	155432	981.1499512375821	0.026370395	0.39344318783968474
7815.464340446676	300	7.910063231348077	0.0	163442	1454.8676960670107	0.03212796	0.3488921823525537
7818.825197455164	300	7.660911568182022	0.0	126289	1249.1516631660538	0.025344385	0.353891806694771
7821.7128647614445	300	7.712930487552389	0.0	153295	2447.981080629634	0.017823867	0.2372600474090609
7826.845142493886	300	6.580652755111442	0.0	173849	5132.277732440946	0.01081696	-0.10193697604962948
7829.691684911503	300	7.6283635110485335	0.0	150710	1452.2892440629075	0.009312872	0.3315437950342426
7831.933716333806	300	7.954474467724631	0.0	139105	1173.8890433239021	0.008401801	0.37976574990039924
7834.381080859525	300	7.774863346654145	0.0	141840	1179.6111210704862	0.008651777	0.36796784705883545
7836.9094327831945	300	7.634564058543839	0.0	156148	2140.299288110306	0.010627743	0.26313032484795934
7839.26278716113	300	7.84691320165548	0.0	160746	1787.650856888361	0.008020947	0.3116669894146314
7841.400172473885	300	7.746072329652281	0.0	179801	1600.8408720031985	0.007820971	0.3240454334029478
7843.285065896202	300	7.6868978102689685	0.0	140051	1059.1745193833115	0.009024151	0.3745136612034794
7844.952823563354	300	7.505878518760212	0.0	138313	1181.019291508757	0.009732993	0.3510154782716375
7847.074956547405	300	7.528181209756127	0.0	143509	977.6973090040839	0.010625572	0.37274159470934953
7849.321287082692	300	7.512233708136708	0.0	150616	1015.9475016194185	0.013418623	0.36791985659660237
7851.026328609557	300	7.864904456787299	0.0	165384	1647.3292513494084	0.016046215	0.3268236034142653
7852.924833404869	300	7.894508206389284	0.0	140881	1470.396250398015	0.011104304	0.3463671378595288
7855.464535016437	300	7.8437117493623685	0.0	157671	1550.7964570269155	0.010256325	0.33515233863245647
7857.820345920293	300	7.6202588747046445	0.0	157812	2223.452874657723	0.01062122	0.25392089220326797
7860.274393053451	300	7.614414255975482	0.0	163927	2005.8446187291631	0.009230912	0.2753164291255513
7862.832048708183	300	7.7646876905731075	0.0	137654	1349.7265654023736	0.008330072	0.3503203241205819
7865.748550944339	300	7.65040108855994	0.0	146754	1614.2866020131682	0.008943547	0.3167214078336794
7867.939547732215	300	7.741010559392935	0.0	153938	1909.3905291670055	0.008890107	0.2928741070453579
7870.031700255573	300	7.610737364869232	0.0	181901	1630.2731945237024	0.007790849	0.31264376585195675
7870.955979522155	300	7.9095374484952625	0.0	111155	701.1999163739704	0.008952629	0.4242260988935569
7872.9804061246805	300	7.898863769836698	0.0	153605	1010.6736786585641	0.012799263	0.3926116177489372
7875.081406715408	300	7.850240022405898	0.0	149029	1048.6237474307993	0.014106688	0.38577762665728865
7877.965750646764	300	7.554256444877082	0.0	157421	1795.9835775288159	0.014330953	0.292542670051936
7879.822778669267	300	7.77992258703834	0.0	157488	1274.333857838743	0.011731446	0.358811775906022
7882.209913307707	300	7.967702345151214	0.0	143881	1312.2202418871261	0.013806693	0.3667593723832383
7884.909284609101	300	7.6354738737302466	0.0	163444	1332.2284714209677	0.0127819795	0.34399426996604365
7886.7476255738175	300	7.8148748493581115	0.0	179328	1320.5990243721349	0.013887394	0.3563697756476685
7888.855780110984	300	7.829668574447356	0.0	159914	985.2062749107554	0.0165815	0.3908336584118842
7890.626189519917	300	7.780937939109179	0.0	131610	1048.7306353381773	0.020743774	0.38143555766050596
7892.525817599614	300	7.871963315057827	0.0	124011	908.9746240513515	0.018972289	0.40110024478597905
7893.7350016135015	300	7.842698040436892	0.0	144254	1029.2652746209346	0.019301038	0.38724210006521226
7895.066078809466	300	7.662118874088028	0.0	149991	680.5791663488632	0.027271476	0.41082451299561545
7896.315844237748	300	7.6274851222542965	0.0	147968	1034.6337518337307	0.057706445	0.37325444495752047
7898.447796975851	300	7.7790745679272275	0.0	161857	848.4105543270687	0.04741895	0.40135110506274485
7899.841609682485	300	7.853939382498371	0.0	145210	925.1351854288574	0.068559796	0.39835769286326245
7903.094817714245	300	7.651674027220746	0.0	172312	1702.2653552776244	0.0805908	0.3080030911735342
7906.709570602791	300	7.549768949688525	0.0	167025	2101.9050775322203	0.060797032	0.2616700516023108
7909.613233956343	300	7.60936125492055	0.0	160064	1940.4076947679741	0.049293287	0.281544308955737
7910.771440508413	300	7.611885793776532	0.0	137507	997.4754611440196	0.04754424	0.3759953159966313
7914.497020495904	300	7.509461254994936	0.0	118421	602.4245387815952	0.08494468	0.409098874559024

