4440.495964626108	750	4.0	4.549356298858494	450283	4549.356298858494	0.08474924	-0.10493562988584942
4441.982773702098	300	6.513190924009408	0.0	155580	1486.8090759905917	0.48587173	-0.19160647484847115
4443.05082507069	300	7.592247960518019	0.0	139857	920.942963491389	0.02205274	0.3824212011832373
4444.367452484585	300	7.807488370290575	0.0	155432	1284.7595902274438	0.022411596	0.35949206412041657
4446.1496785360105	300	7.897309251661218	0.0	163442	1410.1791186293574	0.020950455	0.3525639163658904
4448.693068680663	300	7.726637688634162	0.0	126289	1170.6715630270558	0.017426722	0.3658476992369296
4450.548908760954	300	7.9550769297509305	0.0	153295	1271.560758883232	0.0148634175	0.37003623222110993
4453.636223225781	300	7.933559338991192	0.0	173849	1521.5175907597381	0.015380505	0.3436956996109757
4455.149475250425	300	7.604831825652974	0.0	150710	1328.7275133382168	0.012971196	0.3424292377694892
4457.663788898942	300	7.564937218947376	0.0	139105	1539.8946067055992	0.013737436	0.3188191155136511
4459.73767720535	300	7.825202610448717	0.0	141840	1739.7346084986589	0.012483572	0.3151017023031789
4462.409851481359	300	7.996192316649598	0.0	156148	2329.0102937991205	0.010215526	0.26686099041068784
4464.876338802384	300	7.7445306710911135	0.0	160746	1251.661645558485	0.008645358	0.35886700238734615
4466.872674439833	300	7.888775618550209	0.0	179801	1355.7550525409038	0.010544041	0.3574729709052977
4468.93573934036	300	7.767533455991248	0.0	140051	1621.2421625589602	0.011680298	0.32334662474355697
4471.296447815426	300	7.568090658941	0.0	138313	1699.4427970502472	0.008937255	0.3030613864787878
4473.738249914371	300	7.802822410377032	0.0	143509	1765.2682485639689	0.008522063	0.3111495757921676
4475.67500905248	300	7.547709728363449	0.0	150616	1255.1126820135833	0.008366279	0.3462205898213572
4477.447093372279	300	7.8774908775617964	0.0	165384	1170.2188508016518	0.00974162	0.37532129476744713
4479.072346230998	300	7.695797187450636	0.0	140881	1181.6936901111612	0.010792505	0.3628179552045486
4480.777956791651	300	7.509771505727836	0.0	157671	1186.0256817228003	0.011517331	0.3507581509357097
4482.616826401388	300	7.685129140325109	0.0	157812	1324.6423654027285	0.012880147	0.34785633473004646
4484.230221274862	300	7.900545273304582	0.0	163927	1284.583867020527	0.012293734	0.3653256928794837
4486.386456640298	300	7.621833046163156	0.0	137654	1278.7122271414255	0.012914298	0.3484933426710547
4487.865308456042	300	7.84616876463927	0.0	146754	1275.6642815238868	0.011241276	0.3628191196375657
4489.814510588366	300	7.503161518036882	0.0	153938	1343.0072466023862	0.012042928	0.3346468702170665
4492.971052858596	300	7.507987758832936	0.0	181901	1495.1737592039456	0.012531577	0.31973185900666395
4495.50218531472	300	7.548105772283358	0.0	111155	1459.8819865495793	0.012821915	0.3257684121127519
4498.884237452124	300	7.737704928869216	0.0	153605	3310.400843414141	0.009892615	0.15256647371291188
4501.068782518083	300	7.926258128383528	0.0	149029	1811.446800485688	0.007844023	0.31424645297540166
4504.87077686288	300	7.9868100267226785	0.0	157421	2439.4481016608493	0.008101141	0.2552308165040825
4507.549577296864	300	7.7986829217984575	0.0	157488	2188.12710492422	0.0071916413	0.2686049721199816
4510.020582006423	300	7.693517303049262	0.0	143881	1605.1656187491947	0.007045209	0.3203282695656594
4512.458445057787	300	7.787505280271993	0.0	163444	1906.0120227772693	0.0074240807	0.2961178777392726
4514.301935195391	300	7.611685706263497	0.0	179328	1675.8195740084955	0.007713996	0.308148399240619
4516.776583543498	300	7.933196800007388	0.0	159914	1178.4889062561092	0.008838102	0.3779759093748508
4519.223106207697	300	7.90301522683337	0.0	131610	1030.1815731740198	0.010047184	0.3909202943596836
4520.713543944053	300	7.575966904167974	0.0	124011	1327.048322665397	0.013031534	0.3407930992439586
4523.531920034246	300	7.618473532416792	0.0	144254	1457.4933717511801	0.011814403	0.3304052586009315
4525.785095265371	300	7.8673272905752745	0.0	149991	1751.1462418415176	0.014171092	0.3165933314768029
4529.733521716097	300	7.918900839848866	0.0	147968	2448.4264507264093	0.016634088	0.2500886574179132
4533.267128165787	300	7.9323253255086	0.0	161857	1986.5755143402653	0.014413211	0.297112781410261
4537.605304608637	300	7.594148882658606	0.0	145210	3338.176442849994	0.01676549	0.14081666088116346
4541.295427293752	300	7.904026197543943	0.0	172312	3190.122685114664	0.014872085	0.17498936883503008
4544.555094408787	300	7.801857685683901	0.0	167025	2602.1685118600417	0.014561036	0.22739925416923962
4547.469720107125	300	7.548294100101973	0.0	160064	1753.563585581927	0.014177924	0.2964120226981806
4549.930206057567	300	7.7885822482589395	0.0	137507	1759.7118518430345	0.0202476	0.31081520533188023
4553.34571799175	300	7.586213263467434	0.0	118421	2202.368984791505	0.023441378	0.25390143048756414

