10633.509882276427	750	4.0	4.010168074006698	450283	4010.168074006698	0.6024247	-0.05101680740066983
10634.683800369072	300	6.8260819073535774	0.0	155580	1173.9180926464226	0.5568938	-0.1407616900550437
10635.747915030444	300	7.821067726748995	0.0	139857	1005.0141806045834	0.030124575	0.38831531486135384
10636.795677926695	300	7.951736480852442	0.0	155432	869.3312458965538	0.023381703	0.41005040546362226
10638.403965662215	300	7.586808423969687	0.0	163442	864.9280568827552	0.033587676	0.3876827208098299
10639.781506543492	300	7.864717813100556	0.0	126289	722.0906108691312	0.03833437	0.41933580223187167
10640.72670783446	300	7.989842364819174	0.0	153295	874.875448281382	0.033703044	0.4118776029730602
10642.694096263172	300	7.671311028906983	0.0	173849	818.5313359121915	0.03157052	0.3976038057154673
10644.01349377321	300	7.651040839338	0.0	150710	1020.270189568982	0.036950514	0.3761630335017268
10644.957643704274	300	7.803529519739812	0.0	139105	847.5113195981876	0.03010339	0.4029694630239195
10646.496077039374	300	7.50263219607423	0.0	141840	800.8973236655823	0.028276209	0.3888247798880812
10647.408777663393	300	7.770049870731138	0.0	156148	732.5823253430924	0.03178127	0.4123698843863869
10648.409396566629	300	7.529799606600855	0.0	160746	740.2502641302838	0.040179864	0.396587448999525
10649.657044361957	300	7.741160033240307	0.0	179801	788.639573360548	0.04094097	0.4049585447414644
10651.187319199891	300	7.520526625106113	0.0	140051	720.6334081341934	0.041868776	0.3979695732557127
10652.135664752632	300	7.741174606586388	0.0	138313	779.3520185197249	0.038184054	0.40588821105967676
10653.66806243018	300	7.874472553971838	0.0	143509	866.7020526145492	0.03121104	0.40548432936178497
10655.954995549793	300	7.838853744633541	0.0	150616	1035.618809338297	0.028831292	0.38636647810576663
10657.253502548852	300	7.5452575003895	0.0	165384	1293.5962442440418	0.0236438	0.34221896934993956
10658.706647416328	300	7.6561404440606715	0.0	140881	889.1170563288297	0.019939711	0.389597072120909
10659.805976922426	300	7.578489496434824	0.0	157671	1077.6509476258466	0.021559428	0.36589049876459184
10660.855218129456	300	7.559708258005376	0.0	157812	1018.7812384294475	0.020578232	0.37060364228239123
10661.901359533495	300	7.6218675545867605	0.0	163927	937.8407034186148	0.020362904	0.38258265181981105
10663.484935234212	300	7.629230021138163	0.0	137654	992.6375334485984	0.022868503	0.37756312297627537
10666.116194419303	300	7.909069545626584	0.0	146754	1220.1604755115784	0.019232351	0.3723007990505036
10669.561663218627	300	7.836884395854466	0.0	153938	2072.185149772118	0.015752232	0.2825867597636923
10671.065854141065	300	7.521430840711753	0.0	181901	1315.4535551427118	0.010858009	0.3385440720302134
10674.301381367895	300	7.893035853442985	0.0	111155	1128.3949872687685	0.015092168	0.3804752421133097
10677.70769878998	300	7.913443300182309	0.0	153605	1979.5925532606752	0.011590677	0.29663095093532676
10682.013522580342	300	7.607619509820175	0.0	149029	3305.823790362135	0.009631862	0.14489384032754749
10684.434319762364	300	7.9534952294027335	0.0	157421	2154.1242804174417	0.0078106364	0.2816810237959267
10687.004548218278	300	7.806717409246788	0.0	157488	1646.7778201559454	0.0075749117	0.32324205606232975
10688.848935450786	300	7.516249149373072	0.0	143881	1290.4682598737168	0.008108279	0.34071874584844536
10692.566399485955	300	7.798785114202677	0.0	163444	2217.464035170394	0.0086538745	0.26567766612062793
10695.096877383505	300	7.6042376548300945	0.0	179328	1694.5474593725835	0.008028913	0.30581010748962256
10696.582209166916	300	7.6745370442120855	0.0	159914	1429.700610618009	0.008949017	0.33668850420145446
10698.260805107755	300	7.738054622189984	0.0	131610	1436.482422022102	0.009930402	0.33998017168466377
10700.091512951303	300	7.5287574598242175	0.0	124011	1209.297162365766	0.009442123	0.349617625002437
10703.399118058904	300	7.920660222615006	0.0	144254	1608.0972372092106	0.011116212	0.33423154019251683
10705.943537072566	300	7.833204650979899	0.0	149991	2087.455571635108	0.013093252	0.2808297335227329
10710.149266559696	300	7.627475163849382	0.0	147968	1705.7294871305166	0.014104754	0.3061442490275347
10712.286925590663	300	7.709992088944877	0.0	161857	1417.4830749045047	0.0146367205	0.34012619806860434
10714.363895354658	300	7.80159524697833	0.0	145210	1908.3968419665482	0.022670094	0.2967600187394908
10716.828587543328	300	7.573535652156345	0.0	172312	2228.059594821986	0.022003017	0.2505400187775729
10719.360648231004	300	7.660821581244025	0.0	167025	1412.7140709123184	0.022269264	0.33752994173651973
10721.738539899368	300	7.581549088942971	0.0	160064	2079.2724923010546	0.035466645	0.2659195688288302
10725.601188191506	300	7.718900796805519	0.0	137507	2362.6482921374527	0.033082183	0.24616647058659968
10727.091894708188	300	7.579181172064538	0.0	118421	1139.7196247409822	0.027586564	0.35972686077993543

