5028.727515201425	750	4.0	3.252274383373264	450283	3252.2743833732643	0.007214109	0.17079242677895268
5029.701375120587	300	7.026140080838887	0.0	155580	973.8599191611128	0.049878877	0.32099784740448245
5030.690607466642	300	7.649591059078628	0.0	139857	876.5490217602593	0.012052771	0.8577076217778246
5031.673149696853	300	7.954661577520382	0.0	155432	694.9294815582462	0.013263237	0.9135372161573957
5033.184685217365	300	7.712700158190901	0.0	163442	741.9614193294816	0.016837955	0.8789585831844466
5034.046194016491	300	7.516732914119205	0.0	126289	695.9672440716961	0.019188732	0.8593615502973386
5034.896677668874	300	7.774261851154657	0.0	153295	742.4710629645476	0.015543843	0.8865087587879127
5036.187444520321	300	7.577884662940636	0.0	173849	696.3771882140214	0.018523373	0.8668710792628077
5036.968594837483	300	7.94450433597556	0.0	150710	633.3803269650763	0.02243107	0.9184379975774489
5038.536540017723	300	7.634416798154543	0.0	139105	1310.0875378210155	0.025313318	0.8124801751546781
5039.982647124877	300	7.9752919704368175	0.0	141840	659.1248277177261	0.018788323	0.9196649556104664
5041.048295095949	300	7.720959196119429	0.0	156148	754.3327743173886	0.022590935	0.8787412068941013
5042.007779117316	300	7.571874817212668	0.0	160746	649.0843789067599	0.022523351	0.8708583130476718
5042.952821773588	300	7.669553234007055	0.0	179801	902.3215832056143	0.023268461	0.8575951335493615
5044.154843180372	300	7.94490304809796	0.0	140051	724.6501859090952	0.022802051	0.9093602414313369
5045.675133962977	300	7.703443319682707	0.0	138313	1241.4597284152535	0.020480879	0.827865792721559
5047.598959321022	300	7.780946105755675	0.0	143509	922.4972139270326	0.017747533	0.8693314613908888
5049.088442756864	300	7.906868545693249	0.0	150616	1374.0775600624254	0.01649923	0.8397213112631082
5050.89001530975	300	7.843785140390009	0.0	165384	1063.0834053032395	0.016185008	0.8630316980392233
5051.924812740605	300	7.910630994004024	0.0	140881	933.1541463859851	0.016116884	0.8842782093193661
5053.077988556372	300	7.584864737905064	0.0	157671	825.7662560989605	0.016045064	0.854794015679565
5054.428168312492	300	7.683479615829458	0.0	157812	901.3851220756055	0.0153807625	0.8594082966601796
5056.963556347832	300	7.985183024831293	0.0	163927	1698.2965909981651	0.015561451	0.8169690466851499
5059.323322878214	300	7.718845448461408	0.0	137654	1266.3375763698834	0.012308131	0.8272797382229736
5060.725538936758	300	7.914451881894714	0.0	146754	804.3935665666945	0.012533685	0.8976260396366067
5061.285232161828	300	7.898516510549251	0.0	153938	515.9353713454639	0.013872564	0.9245042883823077
5062.519769578196	300	7.533126710277582	0.0	181901	865.3898002716684	0.018940661	0.8444434680421513
5063.549011535211	300	7.888079563317795	0.0	111155	645.0471469597867	0.018160421	0.9103044409855461
5064.381318903354	300	7.769023265274227	0.0	153605	619.0562980435672	0.015996492	0.8982034170625586
5066.393638789674	300	7.764488919163709	0.0	149029	1504.534346110518	0.019672435	0.809095747869661
5068.758610029961	300	7.910895959624739	0.0	157421	853.5929595389696	0.015003271	0.8922670438160041
5072.317684604921	300	7.707047827018936	0.0	157488	1203.848132605803	0.017911803	0.8320720077169287
5073.435383008156	300	7.760811870078791	0.0	143881	946.2359569401451	0.01709649	0.8644715745038271
5074.47803058883	300	7.545219293389135	0.0	163444	715.5925766896554	0.017781911	0.8609162847642012
5075.232068385836	300	7.93672787787806	0.0	179328	608.4914155110757	0.019619424	0.9199667145690748
5076.237772095896	300	7.701649228095915	0.0	159914	735.0786497821449	0.022727288	0.8782823806654486
5076.959131116999	300	7.71128222368312	0.0	131610	490.367004412797	0.023805844	0.9039429495906396
5078.154167433685	300	7.779260107185051	0.0	124011	432.02211649806924	0.022943193	0.9181707976657979
5079.928711584931	300	7.89349509815593	0.0	144254	1385.7650090291215	0.032140985	0.8369013212222874
5081.637787059793	300	7.848347022333657	0.0	149991	1545.148075822273	0.01996563	0.8153884952755013
5083.779587063493	300	7.734410682003477	0.0	147968	1613.9363403301793	0.019436698	0.7944417309808924
5086.069092800136	300	7.543589664366917	0.0	161857	1690.8210176365615	0.018336888	0.7631922272574719
5087.9564646480985	300	7.579246128388578	0.0	145210	964.3435359783381	0.018215928	0.8402425472290362
5090.028236005673	300	7.529874543593914	0.0	172312	1549.3715847946642	0.017540779	0.7756437383496505
5092.135909782588	300	7.577237537025802	0.0	167025	1452.6370065681128	0.015195748	0.7911651955530657
5094.007422194474	300	7.6589997352562165	0.0	160064	918.2378017695834	0.014310963	0.8547004510186321
5094.852125735905	300	7.938285255099381	0.0	137507	720.7144801568364	0.014497825	0.9089367004484991
5095.506748625788	300	7.992968355294633	0.0	118421	445.31689980474675	0.015826667	0.9432282854462449

