3507.7807756917637	750	4.0	7.947206251782381	450283	7947.2062517823815	0.004705182	-34.54258822155033
3510.5391682159316	300	5.241607475832228	0.0	155580	2758.392524167771	0.004705182	-0.20528261390187635
3513.7062168579155	300	6.07455883384848	0.0	139857	3167.048641983749	0.0047421902	0.2840243042167355
3518.232095850399	300	5.548679841364558	0.0	155432	4525.878992483921	0.004705182	0.09752480898203275
3520.946535869712	300	6.834239822051922	0.0	163442	2714.4400193126367	0.004705182	0.4024053386946385
3523.987764278176	300	7.793011413587552	0.0	126289	2541.2284084643697	0.004705182	0.5120093724227464
3528.2471193951787	300	7.5336562965852645	0.0	153295	3259.355117002287	0.004705182	0.4152334721168063
3531.8042123267487	300	7.606884841798623	0.0	173849	2926.7714547866426	0.004705182	0.45554017036180244
3535.4741012168024	300	7.93699595174524	0.0	150710	3669.8888900533816	0.004705182	0.41300200230010803
3539.8730572439536	300	7.538039924594078	0.0	139105	4398.956027151163	0.004705182	0.3016953103589224
3543.8916948464343	300	7.519402322113207	0.0	141840	4018.637602480872	0.004705182	0.33793326206896357
3548.566451679646	300	6.844645488901763	0.0	156148	4674.756833211443	0.004705182	0.20737521475300724
3553.47731922985	300	5.933777938697566	0.0	160746	4910.867550204197	0.004705182	0.09609208969662353
3557.7151271468697	300	5.695970021677562	0.0	179801	4237.807917020004	0.004705182	0.14050876643869398
3560.208040888601	300	7.203056279946319	0.0	140051	2492.913741731243	0.004705182	0.46005697634532317
3562.244974645745	300	7.786664392042304	0.0	138313	1416.3918879040136	0.004705182	0.6238821163270437
3566.172255662937	300	7.533294875316311	0.0	143509	2753.369516725993	0.004705182	0.46579724493001684
3569.844033941038	300	7.861516597215592	0.0	150616	3171.77827810072	0.004705182	0.4555480884765585
3573.3530596575924	300	7.534848666371637	0.0	165384	3326.6679308439548	0.004705182	0.4086169577012386
3576.462828017513	300	7.696143341116755	0.0	140881	2338.705325254883	0.004705182	0.5229380169285157
3578.954923031189	300	7.97062730391156	0.0	157671	1725.516037205194	0.004705182	0.6106763440603017
3580.536116175118	300	7.953320286932578	0.0	157812	1517.3070169789828	0.004705182	0.6298314257167306
3582.9810216256674	300	7.927810548832862	0.0	163927	1525.5097380997156	0.0074736127	0.6265558118600725
3585.6249727829377	300	7.960532888422295	0.0	137654	1467.2776604105682	0.018029904	0.6355285825943282
3588.6029072084793	300	7.574902371631539	0.0	146754	2385.630516790756	0.010658044	0.5065759144821735
3590.68659550024	300	7.784210184826516	0.0	153938	1790.6921868050224	0.004705182	0.5862158661588972
3594.926944192395	300	7.54386149267178	0.0	181901	3740.348692154735	0.00543983	0.36811637650738543
3598.4330413288326	300	7.627485299008163	0.0	111155	2416.3761936636165	0.004705182	0.5085625142649581
3601.1013910997726	300	7.823170980425448	0.0	153605	1804.3143185827162	0.004705182	0.5886036745400463
3602.849112212308	300	7.621328121836246	0.0	149029	1701.8428585892018	0.004705182	0.5794232123607808
3604.6588131755566	300	7.789416800684812	0.0	157421	1331.9113211514334	0.0052203326	0.6325950955119601
3608.4581444899977	300	7.99008548624417	0.0	157488	1799.3313144406432	0.014691919	0.605167688851882
3612.4504776462113	300	7.9977523300303925	0.0	143881	2992.3331562137773	0.0076687527	0.48660544724081284
3614.306105168109	300	7.774665563457576	0.0	163444	1723.086766572817	0.004705182	0.5920577273555327
3616.529815112238	300	7.564080969055581	0.0	179328	2210.5845944019943	0.004705182	0.5230389342291706
3618.5907074018314	300	7.84519752762208	0.0	159914	1718.8834414335024	0.004705182	0.5992668428535828
3620.723208715721	300	7.819951261257585	0.0	131610	1525.2462663644944	0.0078501105	0.6162005780746072
3622.0727228808964	300	7.868821740932308	0.0	124011	951.1295203252763	0.0069884695	0.6783160927710531
3625.9796688353504	300	7.884541028630556	0.0	144254	984.2807123017527	0.116784856	0.6765139731632005
3632.647929771276	750	5.216280092705226	0.0	390680	6668.26093592533	0.31793696	-0.5746384441108849
3635.678651217955	300	6.185558646025873	0.0	147968	3030.721446679353	0.004705182	-0.14165911617496424
3640.0758919318605	300	5.7883179321205125	0.0	161857	4397.24071390536	0.004705182	0.13345407975136558
3643.0616562555083	300	6.802553608472963	0.0	145210	2985.764323647549	0.004705182	0.3722230736205824
3646.270285907954	300	7.593923956027182	0.0	172312	3208.629652445781	0.004705182	0.4261068503762854
3650.2873239363616	300	7.576885927619519	0.0	167025	3517.0380284076628	0.004705182	0.39362608287445755
3654.3440121058484	300	7.520197758133156	0.0	160064	3056.688169486363	0.004705182	0.4342047670037121
3657.9865891835843	300	7.877620680396991	0.0	137507	3142.5770777361645	0.004705182	0.4600182451123312
3661.894618390027	300	7.969591473954342	0.0	118421	3408.029206442648	0.004705182	0.4423253273072476

