14280.47268122155	750	4.0	5.775321338143219	450283	5775.321338143219	0.004705182	-24.986294601538024
14281.789840966416	300	6.682840255133825	0.0	155580	1317.159744866175	0.004717578	0.07756098302374734
14284.3365851479	300	7.565708724972165	0.0	139857	1117.1315301616603	0.048194505	0.6325409140395147
14286.58855647469	300	7.754529372912417	0.0	155432	1311.1793520597464	0.14386348	0.6313103372184563
14288.98555673521	300	7.986425230017497	0.0	163442	1768.1041428949195	0.44566888	0.6079381021186568
14291.68188496346	300	7.882709203355406	0.0	126289	1603.7160266620926	0.26728693	0.6143941264294837
14293.144535709564	300	7.562689902448396	0.0	153295	1320.01930090701	0.04483232	0.6119615718116596
14295.959809275231	300	7.571368832711687	0.0	173849	2491.3210697367085	0.2511474	0.49566675198686494
14298.510819037007	300	7.962840276089046	0.0	150710	1108.5285566226419	0.023664963	0.6716255817000599
14300.33086017452	300	7.6840602383593355	0.0	139105	1278.7800377297094	0.6080041	0.6277675330899815
14301.577180829325	300	7.7015305466988195	0.0	141840	982.529691660517	0.34205505	0.6590741050450706
14307.660256552206	750	5.618454823817789	0.0	405134	6083.075722881031	0.6792294	-0.4774101406025805
14310.654220787437	300	6.624490588587214	0.0	160746	2993.964235230575	0.012844865	-0.0957356887859126
14313.703905881492	300	7.574805494533092	0.0	179801	3049.6850940541217	0.005152246	0.4401611322232613
14316.278943033025	300	7.737544888271353	0.0	140051	2337.2606062617383	0.005287528	0.5270674355419721
14318.332632294363	300	7.769588549288745	0.0	138313	1467.956338982609	0.005792057	0.6170821016390932
14322.02693646853	300	7.800302923382496	0.0	143509	1969.285625906249	0.023514504	0.5699054669147972
14325.11233991195	300	7.895110413803166	0.0	150616	2405.1925095793304	0.005719772	0.5354401089612809
14328.178369690615	300	7.692201081990203	0.0	165384	1702.9093318129628	0.005474773	0.5861381692802079
14332.234295089567	300	7.63627568303823	0.0	140881	2555.925398951973	0.0066874623	0.4954536783480297
14333.857070129729	300	7.649411019110264	0.0	157671	1486.8646639279648	0.004705182	0.603624043112879
14336.156614932626	300	7.572593762878187	0.0	157812	1576.817256232078	0.013489809	0.5872350342801071
14339.888404821691	300	7.84080387381356	0.0	163927	3231.789889064626	0.013720523	0.44755330383866965
14344.17911250208	300	7.550096193423604	0.0	137654	2290.7076803899554	0.004705182	0.5136805748295539
14347.29143880469	300	7.881545709829141	0.0	146754	2168.550483594464	0.004705182	0.5577986931410223
14351.345143701332	300	7.827840813187369	0.0	153938	2553.704896641772	0.004705182	0.5141140935290711
14354.661142186114	300	7.918581852274175	0.0	181901	2909.258960913193	0.004705182	0.4872926168798802
14358.40456234898	300	7.725241518775654	0.0	111155	1693.340333498521	0.004705182	0.5902752492993719
14361.527107760541	300	7.904008722679266	0.0	153605	2821.232796096388	0.004705182	0.49469255281251867
14365.042055008036	300	7.857191430663188	0.0	149029	2546.817292016078	0.004705182	0.5176278848106955
14367.40893638059	300	7.577815760126148	0.0	157421	2279.3756705370392	0.004705182	0.517481816113829
14370.158165820269	300	7.986953862795808	0.0	157488	2090.8618973303405	0.004705182	0.5757132081903646
14374.34755571877	300	7.7975639642950485	0.0	143881	2189.38989850076	0.004705182	0.5476314116808905
14377.437646722054	300	7.6363971445769625	0.0	163444	2661.1668197180857	0.004705182	0.484941227084756
14379.761597528124	300	7.698883905325443	0.0	179328	1437.513239251519	0.004705182	0.6133210079980803
14382.841045092786	300	7.622378848903609	0.0	159914	1576.5050564218352	0.0049425736	0.5920581262708771
14385.304471012607	300	7.872137124112305	0.0	131610	1750.2417247913024	0.004705182	0.5987239817833293
14388.050207426199	300	7.8508611008333595	0.0	124011	2521.2760232789456	0.004705182	0.5195727101295511
14392.163174588348	300	7.737893938682705	0.0	144254	3612.967162150655	0.004705182	0.3995303764581722
14396.093059933524	300	7.808008593507744	0.0	149991	2429.885345174961	0.004705182	0.5245871746341286
14398.062407633202	300	7.82699120198651	0.0	147968	1481.0173915212347	0.004705182	0.6213010679821163
14400.734616426264	300	7.720051935534559	0.0	161857	1606.9392664519507	0.004705182	0.5984158526253955
14404.54414733127	300	7.910521030528882	0.0	145210	2309.530905005677	0.004705182	0.5464895590709562
14407.07306913947	300	7.55846028973592	0.0	172312	1852.0607407929617	0.004705182	0.5583503227161528
14409.665533610663	300	7.815658583343277	0.0	167025	1742.8017063926443	0.004705182	0.5940318588663918
14411.956929245644	300	7.61479221025299	0.0	160064	1700.8663730902865	0.004705182	0.578891771874691
14414.553408110653	300	7.566817413193263	0.0	137507	1547.9747970597277	0.004705182	0.5895632998710342
14416.29412659268	300	7.715710172654315	0.0	118421	1351.1072405389473	0.004705182	0.6235811555266528

