12745.927036433539	750	4.0	2.7720774829579558	450283	2772.077482957956	0.06647841	0.15619225170420442
12747.011060158165	300	6.915976275372986	0.0	155580	1084.0237246270135	0.67788553	0.11417632031732156
12748.43253326534	300	7.928290287432563	0.0	139857	987.6859879404237	0.10339836	0.6722576316587743
12749.985639099665	300	7.688630944193083	0.0	155432	739.6593432394806	0.07925494	0.6737534249988293
12751.267772838308	300	7.794287315653471	0.0	163442	894.343628539611	0.1291189	0.668560078593339
12752.354520624875	300	7.529808477422386	0.0	126289	764.4788382310844	0.11722549	0.6558259906062187
12754.049340777095	300	7.693532861179552	0.0	153295	836.275616242834	0.08700516	0.664568509125428
12756.806460282662	300	7.744245338235312	0.0	173849	949.2875229442403	0.087033585	0.6581991068489601
12759.626945689823	300	7.562918635465019	0.0	150710	1181.326702770292	0.089798205	0.6173611670219439
12761.434342778673	300	7.968799533835992	0.0	139105	1594.1191016290263	0.07426951	0.6155538445026476
12762.935774595973	300	7.624722532996555	0.0	141840	844.0770008394376	0.06065236	0.6570965662499713
12765.053231780585	300	7.854671348921362	0.0	156148	1770.0511840751929	0.070935406	0.5868616702750832
12769.285941870256	300	7.621961259250351	0.0	160746	3732.710089671011	0.057458453	0.36796472349499554
12773.190596179475	300	7.7173069500320395	0.0	179801	3404.6543092183115	0.044947516	0.41004266996878463
12774.579066612594	300	7.700456999934922	0.0	140051	1016.8499500971187	0.033552267	0.6471844482339594
12775.370224701972	300	7.600688172906997	0.0	138313	599.7688270279257	0.035225015	0.679190042112413
12778.284314723402	300	7.649337841067829	0.0	143509	451.3503318391687	0.05938834	0.6987630718599295
12781.45301265733	300	7.7013586521490724	0.0	150616	1947.9791889187566	0.09512315	0.5541592100296218
12782.855789670097	300	7.950329513470275	0.0	165384	1251.0291386787976	0.050570443	0.6480666313171045
12783.335168359852	300	7.991514110436434	0.0	140881	458.8154030338404	0.04255034	0.7312932069365591
12783.87014400237	300	7.549307951588101	0.0	157671	442.2061588483323	0.08774912	0.6899495824071096
12784.652997137493	300	7.98926617356238	0.0	157812	560.041778025721	0.10730623	0.7209519575763694
12786.396885769347	300	7.5137274646326295	0.0	163927	975.5387089297515	0.09710025	0.633156125042548
12788.938623626733	300	7.5870334974027775	0.0	137654	2426.6939672298527	0.0831662	0.4951696108994349
12792.204347015191	300	7.986693733951172	0.0	146754	2100.3397634516064	0.061987396	0.5666719892815908
12794.145635191564	300	7.718741544118585	0.0	153938	1267.9521898325854	0.041675415	0.623852396182274
12797.421975606801	300	7.542239291619815	0.0	181901	2176.5022524987703	0.04042389	0.51583254586015
12800.394001777453	300	7.64114521596212	0.0	111155	2901.0940756576942	0.04295428	0.4529919646865468
12805.918573775223	300	6.11657321819232	0.0	153605	5524.5719977698	0.03270577	0.04237954569222313
12808.035520673055	300	7.8058519066586145	0.0	149029	1810.7213115337065	0.027459268	0.5780469667691797
12809.539115110083	300	7.922167476294317	0.0	157421	1383.684430364297	0.019620463	0.6320623440331926
12810.834634009958	300	7.554363020189163	0.0	157488	867.8044561051538	0.023608949	0.6478813581028807
12811.491386388501	300	7.524844052801656	0.0	143881	529.5189673875063	0.040081922	0.6788391873962104
12812.845608237003	300	7.936349772128402	0.0	163444	588.4942806732545	0.06343742	0.7129605872721617
12814.137240607939	300	7.6483973560754475	0.0	179328	1287.952416052955	0.07423261	0.6150114012730419
12815.36371123728	300	7.542002095346323	0.0	159914	606.3952607291247	0.057936907	0.6728201776995175
12817.803151601724	300	7.767319549930238	0.0	131610	774.682545416084	0.08986318	0.6779035716891072
12818.499682770595	300	7.691432894008943	0.0	124011	575.8866559212952	0.07360694	0.6904031833502402
12819.72959173462	300	7.571800691970932	0.0	144254	1119.6322020380126	0.07987392	0.6243943970903719
12821.024607812387	300	7.889430962579947	0.0	149991	682.3697293909836	0.073771864	0.6990101881718015
12822.353952226615	300	7.7460820441556315	0.0	147968	643.3489184243157	0.09159866	0.6889715869517036
12823.394434253774	300	7.968838716476475	0.0	161857	777.2433276791563	0.10112252	0.6972452324094216
12824.274345148397	300	7.835502652406452	0.0	145210	633.3360640700232	0.08946161	0.6986690265395251
12825.650780185482	300	7.5855725681389305	0.0	172312	749.9300842675228	0.11058597	0.6627039238247587
12827.198488140899	300	7.549970980838876	0.0	167025	1035.6015873000533	0.1137722	0.6306745191565754
12828.3487911795	300	7.74587271259869	0.0	160064	804.0982682401864	0.0962228	0.6728762944762039
12829.171744416553	300	7.657498417252071	0.0	137507	588.3742953466187	0.09363262	0.6858542915431021
12830.027300224685	300	7.7420100460396535	0.0	118421	415.4883712124167	0.11585354	0.7113616398561147

