12522.698961443024	750	4.0	2.148641230861048	450283	2148.641230861048	0.0132346675	0.12234517923947658
12523.785654172028	300	6.913307270993737	0.0	155580	1086.6927290062629	0.3091521	-0.09170384753328516
12524.732646969018	300	7.582477833357409	0.0	139857	830.8294376363284	0.013001728	0.4257056417514377
12526.562587145241	300	7.710589401083006	0.0	155432	1371.8884322744022	0.013513792	0.3796067152704801
12527.994620438702	300	7.7885986453913505	0.0	163442	1421.9907556916542	0.012409806	0.3794720606980265
12530.000350368136	750	7.7207549781591185	0.0	318564	1567.8436672322302	0.011084861	-0.03702787826269674
12531.480051149163	300	7.559847694946647	0.0	153295	1160.9072832124716	0.26729006	-0.0587165264568492
12532.458608198853	300	7.829965904658289	0.0	173849	729.8817902883592	0.012369141	0.45126841094253967
12533.362065165333	300	7.652575108369547	0.0	150710	677.3907962887426	0.023492416	0.4454305855744549
12534.064888932511	300	7.979196209726807	0.0	139105	673.3788986427393	0.022077862	0.4662455941738841
12535.205340689441	300	7.848692798929205	0.0	141840	630.5034107976013	0.020212397	0.4623766797835477
12536.571402596011	300	7.630636018710027	0.0	156148	718.0567802191783	0.021883346	0.43999279407769143
12537.784663750206	300	7.863008071537807	0.0	160746	767.6279471722203	0.023354314	0.44955893068412345
12539.799796318272	300	7.973258333766322	0.0	179801	1389.7497377714844	0.025864853	0.3942373930134792
12541.467968168112	300	7.946863790643831	0.0	140051	1026.394543122492	0.018194675	0.4289232535332228
12542.358329607185	300	7.737571767365634	0.0	138313	709.2920232781966	0.016990654	0.44755275406276507
12543.346282508282	300	7.739130077165526	0.0	143509	498.44169020010725	0.020847026	0.4687351817330672
12544.716630501427	300	7.658711662191265	0.0	150616	1080.4184149742616	0.031549677	0.40551135831976043
12545.949664648471	300	7.857159296703739	0.0	165384	801.552365487524	0.016310476	0.44580094042546387
12546.920087238217	300	7.867688945060348	0.0	140881	489.47035164339036	0.017759018	0.4776672448321653
12548.187999367241	300	7.869209061598647	0.0	157671	498.47988346170166	0.027613996	0.47686129893397783
12549.512727587395	300	7.781560974152296	0.0	157812	1087.6480874463516	0.033260982	0.4124664730701159
12551.681870880417	300	7.770529398795261	0.0	163927	1011.0315753570358	0.01829025	0.41943865081923276
12553.924308767802	300	7.858366390185882	0.0	137654	1412.1630086093783	0.016826179	0.3848153194559123
12556.474075064156	300	7.523620619446989	0.0	146754	1834.745770738893	0.015323025	0.32163543257178
12558.912019182202	300	7.7271588422811295	0.0	153938	796.4617771658586	0.011260132	0.4381849708562172
12561.524772773648	300	7.621523174097969	0.0	181901	1605.6356681831594	0.015511758	0.35066535249303965
12565.331598165538	300	7.681669439534477	0.0	111155	1439.8537345634925	0.012021196	0.3710026874447881
12569.441001969531	300	7.572265635542024	0.0	153605	3609.403803992452	0.008476475	0.14720994275236382
12571.673487040292	300	7.52421091682091	0.0	149029	1548.0547187211143	0.0058900537	0.35034143135942797
12572.626754151383	300	7.744792518296035	0.0	157421	779.4183985248752	0.0066874297	0.4409914134712472
12574.55016892941	300	7.715009476065385	0.0	157488	529.7830422306511	0.0100550195	0.46409350896125395
12577.427990322194	300	7.77291468107049	0.0	143881	1942.094794994895	0.018718574	0.32648140899764866
12579.611032964169	300	7.734256658979515	0.0	163444	2038.658022090974	0.007762788	0.31440895990735473
12580.36230881597	300	7.720810966519795	0.0	179328	513.4456924597209	0.0061037727	0.46608983709174767
12580.931042940598	300	7.690359055376251	0.0	159914	530.4519111435433	0.021273963	0.4624859707768939
12581.382758619278	300	7.7436422752780905	0.0	131610	446.7167800981609	0.027702782	0.47418968512529713
12581.965562016081	300	7.674740016668642	0.0	124011	568.9022586094494	0.024217954	0.45766474611107777
12585.273719250732	300	7.962611991940303	0.0	144254	1712.12802472834	0.019271167	0.36133416795366746
12589.371426170206	300	7.864905072465992	0.0	149991	2597.7069194743103	0.016909432	0.26666959601192597
12591.97976401296	300	7.997604173285658	0.0	147968	1367.3008991803333	0.013188692	0.39800389184255286
12595.097738173605	300	7.919135659751504	0.0	161857	1578.4685135341545	0.013637865	0.37198284831128603
12599.066518764716	300	7.9503550686398246	0.0	145210	2968.7805911116798	0.018767007	0.23490285360905355
12605.163610158128	300	5.8532636752274065	0.0	172312	6097.091393412418	0.011350605	-0.20899643870929635
12607.850162773144	300	7.166711060213288	0.0	167025	2686.5526150141186	0.008115814	0.21414790069215123
12609.664702241076	300	7.635406435570737	0.0	160064	1531.3046246425513	0.006579112	0.35896616068914855
12610.951498826447	300	7.718625564529826	0.0	137507	916.780871040912	0.008284457	0.4256197316092555
12611.53920219724	300	7.689781740799555	0.0	118421	528.8438237302705	0.013235693	0.46261069735717764

