13402.176938532175	750	4.0	1.3915974527875299	450283	1391.5974527875298	0.006672065	0.3568601198375261
13402.689864419612	300	7.487074112564271	0.0	155580	512.9258874357297	0.004705182	0.4240036570104895
13403.732725529986	300	7.9629053085484305	0.0	139857	524.1688040158401	0.004705182	0.931631153147805
13404.542054081428	300	7.86758710017629	0.0	155432	595.3182083721401	0.004705182	0.9127470912283934
13405.515097864485	300	7.773070427854396	0.0	163442	594.5166723218939	0.004705182	0.9011570905386979
13406.051724942585	300	7.814020410820398	0.0	126289	459.05001703399756	0.004705182	0.9197599287811422
13407.064416446976	300	7.7464632463584495	0.0	153295	567.5571644619481	0.004705182	0.9005678017391533
13408.06342277567	300	7.524527161376194	0.0	173849	721.9360849822542	0.004705182	0.8577270368216011
13409.038025487196	300	7.840760970368184	0.0	150710	683.7661910080086	0.004705182	0.9005900194124264
13410.142016205516	300	7.769183871468107	0.0	139105	571.5770989000782	0.004705182	0.9029711673308253
13410.925561783371	300	7.528617963799548	0.0	141840	740.5659076685596	0.004705182	0.8563691537518417
13411.803847962618	300	7.520964637721176	0.0	156148	507.6533260783732	0.004705182	0.8787154411029776
13412.857413752055	300	7.794498140985877	0.0	160746	726.4664967352971	0.004705182	0.8906078288182029
13414.54440834034	300	7.994550569493402	0.0	179801	799.947571492476	0.004705182	0.9079605772905786
13415.549819869397	300	7.945368265661997	0.0	140051	549.182303831406	0.004705182	0.926964470941466
13416.376305172236	300	7.89024018395529	0.0	138313	555.1280817067071	0.004705182	0.9195631234731524
13417.240525963467	300	7.6888085086069005	0.0	143509	701.4316753483887	0.004705182	0.8800616099156395
13418.496057923638	300	7.887437053062166	0.0	150616	801.3714555447353	0.004705182	0.8945926781569877
13419.43664239835	300	7.674225001268462	0.0	165384	713.2120517937037	0.004705182	0.8770829187290733
13420.4001715001	300	7.54114675720307	0.0	140881	633.0782440653909	0.004705182	0.8686648741950089
13421.259240581252	300	7.896837612119885	0.0	157671	644.3091450831861	0.004705182	0.9114596142085685
13422.235292441439	300	7.71119166435982	0.0	157812	685.6459477600667	0.004705182	0.8844038737230702
13423.3807446049	300	7.628668529293906	0.0	163927	582.5231350659138	0.004705182	0.8845268656804011
13424.28338769769	300	7.968811449395783	0.0	137654	659.857079898122	0.004705182	0.9187915680654939
13425.129058022647	300	7.887369283862874	0.0	146754	581.4421655329095	0.004705182	0.9165772395655252
13425.868456770278	300	7.779784066058764	0.0	153938	607.5852178041084	0.004705182	0.9006791817394028
13427.457062747106	300	7.93138779960906	0.0	181901	848.3962664497049	0.004705182	0.8953168797984387
13428.46151739556	300	7.919265296970207	0.0	111155	512.122502638854	0.00471138	0.9274474675944182
13429.258680199364	300	7.736849958477775	0.0	153605	682.4153384924316	0.0047289017	0.887895013296065
13430.13012964535	300	7.578498958639189	0.0	149029	658.3509998385853	0.004752621	0.8707495463650923
13430.884157758614	300	7.9430341965802835	0.0	157421	635.4647620589053	0.0047824783	0.9180480331452898
13432.006975872866	300	7.610906853557901	0.0	157488	832.1273430223831	0.004942731	0.8573733768124249
13433.368705163732	300	7.880387502739632	0.0	143881	730.51935081827	0.0049962597	0.900807467169046
13434.325879423564	300	7.632405385847526	0.0	163444	747.982116892106	0.005146091	0.8684423643231955
13434.97695384003	300	7.996464249084351	0.0	179328	635.9411367631737	0.0054155514	0.9245975064425155
13436.499710130864	300	7.912652782019399	0.0	159914	583.8114670649513	0.0064330283	0.9194621112843975
13437.871466182143	300	7.746247082264047	0.0	131610	666.4056997553536	0.0073468	0.890656258015663
13439.534559203845	300	7.782375813675173	0.0	124011	963.8712685888728	0.0076103844	0.8653705846958416
13441.020931332436	300	7.828800645435432	0.0	144254	1453.5751682397397	0.0075255972	0.8221323574956849
13441.96268028522	300	7.564324548719913	0.0	149991	764.4760967155208	0.007266446	0.8583868951761068
13443.27439196642	300	7.8921051981530566	0.0	147968	672.219350566857	0.009137364	0.9080842734569753
13444.550378892502	300	7.62885792943044	0.0	161857	763.2472687226175	0.012181399	0.8664778379118164
13445.692427829274	300	7.964203227723277	0.0	145210	664.6547017071629	0.014939421	0.9177428199414615
13446.806225131011	300	7.941001732386981	0.0	172312	523.2014953362959	0.01580425	0.9290234075765158
13448.434296471234	300	7.587264008475034	0.0	167025	853.7377239119457	0.018033475	0.8522931114241458
13449.406605267524	300	7.78827633248549	0.0	160064	798.9876759895461	0.018442411	0.8825874922980264
13451.075816309207	300	7.690331428795751	0.0	137507	597.9449036897387	0.020772912	0.8905983249498068
13452.376333838742	300	7.580705690523027	0.0	118421	609.6257382727227	0.025105778	0.8758945419277506

