978.4192246956167	750	4.0	3.13772266060829	450283	3137.72266060829	0.004705182	-13.380860420384334
979.3890743535742	300	7.0301503420424005	0.0	155580	969.8496579575992	0.059564695	0.14572098856939952
981.2549147772494	750	7.806016265647779	0.0	350812	1724.1340763946218	0.5685822	0.1690393384900506
982.5916143970771	750	7.598519696114129	0.0	382355	1207.4965695336507	0.71851623	0.6507313047915871
985.4752884688565	1850	7.946284171071491	0.0	996749	2652.2355250426376	0.043270227	-0.5014350120454575
989.674578691911	1850	7.746993948017039	0.0	801058	4199.290223054452	0.004705182	0.4246776040921312
996.4095109198552	1850	5.012061720072886	0.0	905515	6734.932227944153	0.032869067	-0.09212698097596017
999.0141950566735	300	6.407377583254632	0.0	173849	2604.684136818254	0.6968744	-1.177705056377627
1001.4691597510378	300	7.952412888890389	0.0	150710	1954.9646943642429	0.15604591	0.5859783198689996
1004.677941531352	300	7.7006768511921875	0.0	139105	1751.7360376982008	0.22060725	0.5820713012631473
1006.1856057980585	300	7.71036763684695	0.0	141840	990.3092143452366	0.12739864	0.6591467329062944
1007.307063880171	300	7.963316150571391	0.0	156148	747.0514862755579	0.69510543	0.7078190922031191
1008.9955045627833	750	7.611299135833668	0.0	386351	1352.0170147377235	0.1344519	0.1875092960987974
1012.8010890621979	1850	7.721718710513676	0.0	1036454	3389.5804253199904	0.34227058	-0.5967841869258639
1016.1089282423868	1850	7.805801090716452	0.0	821631	2915.9176197972242	0.005713294	0.5586751197989643
1019.3377581203088	1850	7.88234689855139	0.0	923170	2923.4541921650625	0.0055078585	0.5652890849429132
1022.867844792521	1850	7.854991405323708	0.0	966699	3027.3554932276825	0.004752144	0.5522659570299672
1026.580577662534	1850	7.6049906599595065	0.0	885714	3250.0007453642015	0.004718532	0.5059385714345028
1030.1906718350015	1850	7.994896487492067	0.0	987708	3610.0941724674403	0.0049038036	0.5074581147933103
1033.051794433074	1850	7.87574823686389	0.0	923755	2619.1482506281764	0.0062557994	0.5950845502906383
1035.2059789520574	1850	7.55464322264449	0.0	891604	1821.1050142193997	0.004705182	0.6439821455783464
1038.2018435936654	1850	7.518250692372334	0.0	955231	2536.3925302721573	0.004705182	0.5689505709170672
1040.845604044726	1850	7.5161065177099715	0.0	968026	2502.1441746623627	0.004705182	0.572169027191219
1043.7510844087587	1850	7.689174383292866	0.0	874175	2826.932134417105	0.004705182	0.5563482130950892
1046.2253619210962	1850	7.831309737181828	0.0	897976	2357.864646111038	0.004705182	0.6169356538411023
1048.7269965605155	1850	7.74869894593531	0.0	905935	2082.6107912465177	0.004705182	0.6365096552910783
1051.675094316899	1850	7.534161906080086	0.0	1076599	2714.5370398552236	0.004705182	0.5526675926485601
1053.9169204740738	1850	7.800029247756745	0.0	758197	2234.1326583233413	0.004705182	0.62629806939755
1056.46063164546	1850	7.792020363489475	0.0	972798	2508.0088842672703	0.004705182	0.5981395824457061
1059.2274801267408	1850	7.541447237908446	0.0	975811	2750.57312558103	0.004705182	0.5497652056758016
1062.1095146622965	1850	7.783567681480496	0.0	873429	2757.8795564279503	0.004705182	0.5723389348271573
1065.1008904136818	1850	7.759957342851736	0.0	954453	2523.610338628759	0.004705182	0.5934933342545391
1069.38544588057	1850	7.475401875963573	0.0	885062	4284.555466888162	0.004705182	0.3900100292046545
1074.2932295284088	1850	6.567618228124868	0.0	1035329	4907.783647838706	0.056978505	0.24031198691571626
1078.5864825534084	1850	6.274365203125268	0.0	1026056	4293.2530249996	0.7036128	0.2735391069656164
1081.3437775286502	1850	7.5170702278834085	0.0	943942	2757.2949752418594	0.69569165	0.5467467053501225
1083.8923545905498	1850	7.788107946796079	0.0	728962	2228.9622810873298	0.006077268	0.6256676681398465
1086.7752315167959	1850	7.546476917079046	0.0	938587	2741.631029717034	0.0048860805	0.5511435276894306
1089.8681760065324	1850	7.785627615475343	0.0	908665	2760.8493016037037	0.0047092345	0.5722402313349005
1093.3169450822445	1850	7.882290605185871	0.0	930577	3403.3370102894714	0.004705182	0.5172953848290471
1096.8704128299312	1850	7.953272773553741	0.0	858450	3429.01783163213	0.011157599	0.521559418353261
1100.7159796198268	1850	7.717714298133155	0.0	1025005	3735.5584754205865	0.05026897	0.46823257874912266
1104.0244226988102	1850	7.668496949379067	0.0	886255	3049.217348754087	0.062118016	0.532129464773879
1106.8697468161156	1850	7.575447765340997	0.0	973972	2593.0491840380687	0.014527771	0.5687901898510818
1110.647077888484	1850	7.517919700790481	0.0	958994	3557.5280645505177	0.004705182	0.46680515916732856
1114.32746397028	1850	7.752628158801426	0.0	982064	3265.291541989054	0.03220504	0.5186197714916948
1119.345701941781	1850	6.734390187300431	0.0	830730	5018.237971500996	0.011851567	0.24531854816813325
1120.8209810551398	750	7.523416871969908	0.0	314107	1210.973315330523	0.05091284	-0.45684510332259215

