11482.881475790518	750	4.0	2.7039540741785544	450283	2703.9540741785545	0.004705182	-11.472278640093498
11483.741702667134	300	7.139773123385195	0.0	155580	860.2268766148045	0.2698274	0.16723458597384686
11485.826969467702	750	7.914230289098276	0.0	350812	1725.54283428692	0.21708527	0.17931418739736138
11491.842714936944	1850	5.8984848198554385	0.0	933276	6015.745469242837	0.87900573	-1.034889058324354
11496.89604370404	1200	4.845156052759477	0.0	652874	5053.328767095961	0.92826664	-0.6247975437225057
11498.385881953925	300	7.355317802874982	0.0	126289	1489.8382498844956	0.55285347	-0.32498012709326907
11501.041628331583	300	7.85176281644751	0.0	153295	2503.554986427472	0.016026089	0.521431604983644
11502.342860773382	300	7.662242243463328	0.0	173849	1189.520572984182	0.00663632	0.6345934723656399
11504.235876218074	300	7.6865904984755655	0.0	150710	975.6517449877635	0.38187632	0.6583239028216966
11506.344553965697	750	7.610933417265427	0.0	362795	2075.657081210137	0.5315013	0.11511008861711927
11508.362345070742	750	7.9785481741500375	0.0	353220	1632.3852431153903	0.18128473	0.6448206172095132
11512.882785699125	1850	7.458107545767056	0.0	917428	4520.440628382981	1.0331447	-0.7352430861935598
11520.893241897002	1850	4.0	0.5523486521090254	946851	8010.456197876081	0.019890789	-2.6921906910795297
11523.793266052953	750	5.099975844047369	0.0	434409	2900.0241559526307	0.0891231	-0.8590091843270034
11525.132107838088	300	7.761134058912034	0.0	140051	838.8417851353339	0.28414172	0.22917980256385764
11528.446749385495	750	7.651397676096769	0.0	366214	2609.7363828152647	0.5765092	0.06559689008748082
11532.076038522548	750	7.834205632665926	0.0	360831	2317.192043430843	0.10903122	0.5624468009082009
11539.38106764603	750	4.529176509182358	0.0	372963	7305.029123483568	0.08353189	-0.2544497760821293
11541.390267416211	300	6.519976739001291	0.0	165384	2009.1997701810674	0.004705182	-0.007318820970969808
11544.114638169372	300	7.785954418063089	0.0	140881	1234.0223209382018	0.004705182	0.6420507372084189
11548.083138945349	300	7.601878274786504	0.0	157671	1684.0761432765858	0.007071061	0.5793278136575166
11551.50467425419	300	7.658322898566199	0.0	157812	1443.5553762203042	0.026222186	0.6088127505705658
11553.188506575514	300	7.960396637464659	0.0	163927	1197.9262611015413	0.036338754	0.6624506082132489
11555.163534257223	300	7.505835869621449	0.0	137654	954.5607678432107	0.4249198	0.6430351588171338
11557.71938204301	750	7.513145490910305	0.0	359903	1992.6903787111446	0.5520044	0.11399455805344771
11561.061798525805	750	7.813515852901148	0.0	379700	3199.6296380091567	0.09000427	0.47221162626044666
11564.485210518173	750	7.713203321911193	0.0	425781	2600.312530989955	0.12224714	0.5224881400378893
11567.141312396683	750	7.7917020798435805	0.0	277716	1921.5012420676114	0.062098734	0.5979248650125314
11570.949029441432	750	7.983985035095167	0.0	400396	3807.717044748413	0.073770925	0.42781074118935414
11574.326690122045	750	7.581313564384593	0.0	400508	2402.671470710574	0.5096044	0.5295577046294397
11578.361254237603	750	7.546749448827192	0.0	358218	3034.5641155574012	0.07581295	0.46304160411606066
11581.287386544296	750	7.753459962710995	0.0	400322	2293.2894861161963	0.36958188	0.5570651926808967
11585.13456876091	750	7.906277746097977	0.0	369834	2847.1822166130178	0.049628224	0.5163848077192961
11592.509110021612	750	4.531736485395303	0.0	412837	7374.541260702675	0.26392677	-0.2611545891379015
11594.750021200796	300	6.290825306210611	0.0	179328	2240.9111791846917	0.004705182	-0.052546051846190295
11597.423833046374	300	7.617013460631748	0.0	159914	2673.811845578863	0.004705182	0.4818110225393526
11598.979660220666	300	7.563744496814652	0.0	131610	1553.2689638170948	0.004705182	0.5887381114459942
11601.606075957137	300	7.9318157623151855	0.0	124011	1631.9287344994664	0.004705182	0.6162994186420245
11604.527414068552	300	7.863390269593864	0.0	144254	1568.4254927213235	0.004705182	0.6160637101441713
11605.888475191536	300	7.634315955449344	0.0	149991	1229.0743141445193	0.008839097	0.6279501607857245
11607.63782448676	300	7.645634726756819	0.0	147968	988.6812286925224	0.014121674	0.6530789141374533
11609.67563262039	300	7.647064640705807	0.0	161857	998.5700860510129	0.08327354	0.6522276592701138
11612.040208148646	750	7.804395914368328	0.0	372093	1842.668726337478	0.6885927	0.15702991281432732
11615.699615007064	750	7.84564598161827	0.0	438281	1958.749932750057	0.072295114	0.5993921587714959
11618.094448899516	750	7.533557426728004	0.0	398987	1812.0885548902659	0.50276464	0.5840194128247649
11620.729256235714	750	7.5475264704072575	0.0	393804	1986.030956320747	0.65378976	0.5679697092639244
11624.083095549657	750	7.524995008376962	0.0	331053	2022.5314620302968	0.4678803	0.5621509794586604
11626.87162959305	750	7.556381864635388	0.0	314107	1968.6131437415736	0.13223125	0.5705638324403708

