13833.4500012674	750	4.0	3.9247822452337946	450283	3924.7822452337946	0.011947295	-0.055268922197798054
13834.801397560615	300	6.648603706784821	0.0	155580	1351.3962932151785	0.123564884	-0.13471817671723396
13837.581850331984	300	7.596466642774696	0.0	139857	1052.1370640101254	0.00800903	0.4044491797026385
13840.185963355083	300	7.858567994454978	0.0	155432	1237.8986483197182	0.009071447	0.4022543557516968
13841.75463563184	300	7.912338976715407	0.0	163442	946.2290177395687	0.011667108	0.4347820052009886
13843.021400735264	300	7.670178059262833	0.0	126289	742.1609174525748	0.011939175	0.4400537578889021
13845.364819529821	300	7.855770745420139	0.0	153295	1314.4073138426936	0.012608062	0.39442866113472186
13847.749489620353	300	7.722941478659854	0.0	173849	2132.8292667602855	0.01033524	0.3042846366704448
13849.559715164845	300	7.923749099251199	0.0	150710	799.1923794086555	0.010019553	0.450198801692567
13852.456333537784	300	7.5309565286736415	0.0	139105	1392.792570577558	0.014649294	0.3662892469145793
13855.414406949798	300	7.613832747696484	0.0	141840	1417.1237809771571	0.012002792	0.3690358895635471
13858.285628920581	300	7.953696534923762	0.0	156148	2660.1362127727216	0.009915636	0.2659761330856955
13860.244311939101	300	7.769897923719029	0.0	160746	1683.798611204734	0.0075294916	0.35212248004219837
13862.358275610246	300	7.865358239354051	0.0	179801	1904.5396843649773	0.007804814	0.336014642453363
13864.419927499393	300	7.959244350169645	0.0	140051	1406.113889184406	0.007932324	0.3917251038973948
13866.303179228913	300	7.635387528291613	0.0	138313	1323.8568218780324	0.007149925	0.3797097592606551
13868.57852189603	300	7.732413534153445	0.0	143509	1402.973994138166	0.007297911	0.3778621674010063
13872.603463474376	300	7.70747195580867	0.0	150616	3024.941578344775	0.00672038	0.214106560333797
13876.96980409436	300	7.341131335824024	0.0	165384	4366.340619984647	0.005668656	0.05707036742076943
13880.450726861049	300	7.860208569136588	0.0	140881	3480.9227666874367	0.005192127	0.17805447983252565
13882.609799486381	300	7.712959104068421	0.0	157671	2147.2494650681674	0.0049756933	0.3022187184276921
13886.677865815835	300	7.589837571923894	0.0	157812	2123.121532144527	0.005173808	0.2969364159610232
13889.51951140577	300	7.886487142211299	0.0	163927	2203.3504297125955	0.005145016	0.30745412434717917
13891.581559794495	300	7.579610580409935	0.0	137654	1806.8765618013651	0.004856769	0.327921726025717
13893.965985078357	300	7.619983832891194	0.0	146754	1459.6267475187424	0.0048025125	0.3651700357340579
13896.966890255859	300	7.781930521861206	0.0	153938	1338.0533110299878	0.0051390748	0.3874490474435591
13900.951725024386	300	7.797095753334935	0.0	181901	2484.83476852627	0.005866538	0.27371872866103897
13903.813483356773	300	7.650059866591204	0.0	111155	1647.0358867437328	0.0054703355	0.3483088739178095
13906.370408139848	300	7.95895867887438	0.0	153605	1191.1011877168232	0.005185877	0.41320851958819893
13910.490355317497	300	7.839011501225326	0.0	149029	3119.9471776490536	0.0064236955	0.21282722199191012
13914.41471924007	300	7.91464757865112	0.0	157421	2924.363922574206	0.00562895	0.23711280233850696
13916.060114432736	300	7.82201731061066	0.0	157488	1592.63026804046	0.005020572	0.36449677603935277
13917.454950940752	300	7.995981509413756	0.0	143881	1326.0358011969047	0.0054047257	0.4020289851489018
13918.789800361401	300	7.5579571669999535	0.0	163444	938.0243424138033	0.006328907	0.41345360962634925
13920.743402309978	300	7.519568822327459	0.0	179328	1038.388344672493	0.0078171585	0.4010179378584494
13923.528168342995	300	7.5997925552722885	0.0	159914	1919.7762670551713	0.007837314	0.3178931289292335
13925.08944702938	300	7.9466481095603925	0.0	131610	1153.1444457118967	0.0068183895	0.41623478320656737
13926.864203938132	300	7.833336790021592	0.0	124011	613.3113195388003	0.0069100503	0.463136138352702
13930.40947632417	300	7.71642340110851	0.0	144254	1616.9133889130828	0.012121461	0.35546884460820616
13932.6239472419	300	7.94836740230686	0.0	149991	1268.05599880165	0.010216993	0.4048510836942463
13933.902329892615	300	7.632383522412543	0.0	147968	815.9838798943177	0.00958395	0.43030930309158477
13935.457334080167	300	7.591080771046918	0.0	161857	1041.3027513656257	0.014107516	0.40519599398410233
13936.886244774387	300	7.8034761800307315	0.0	145210	787.6045910161863	0.017681371	0.44384052308053457
13938.74065458243	300	7.556924303610463	0.0	172312	1246.5518764202677	0.018938122	0.3825363022638597
13939.484837010818	300	7.858762141228068	0.0	167025	698.1621623823945	0.016460836	0.45624013851874734
13940.340006063507	300	7.664187747886939	0.0	160064	694.5743933411284	0.03429039	0.4444380158390534
13942.250099018722	300	7.634438590452318	0.0	137507	1029.7491574346197	0.039600816	0.4090612170900405
13944.520083527834	300	7.604618158286375	0.0	118421	1029.8204321659437	0.02985785	0.40719031260653665

