5660.267911706537	750	4.0	4.264022486880352	450283	4264.022486880352	0.17859527	-18.336579655981406
5661.521492702133	300	6.746419004404097	0.0	155580	1253.5809955959026	0.010245589	0.09003838597342939
5663.039281123434	300	7.586326453931424	0.0	139857	1160.0925504726724	0.11107177	0.6302292922251183
5667.202114601554	300	7.423492975811083	0.0	155432	4162.833478120341	0.20967853	0.3142822891904776
5671.65106597628	300	6.974541601085669	0.0	163442	4448.951374725414	0.0069207894	0.24245841137198304
5674.950741181492	300	7.674866395873967	0.0	126289	3299.6752052117013	0.004705182	0.42479309838773566
5679.513984108902	300	7.111623468463155	0.0	153295	4563.242927410812	0.004705182	0.24422354410757385
5683.593758139206	300	7.031849438159363	0.0	173849	4079.7740303037917	0.004705182	0.28489209129774395
5686.643296476826	300	7.982311100539589	0.0	150710	2049.5383376197747	0.004705182	0.5793986929339191
5689.267646258919	300	7.670991893113851	0.0	139105	1311.3192074257386	0.0049645146	0.6232557728023304
5692.645351373135	300	7.988654609039076	0.0	141840	1682.337284074775	0.0197958	0.616729368305447
5696.656403452723	300	7.977602529452252	0.0	156148	3011.052079586824	0.011539914	0.48279411333373684
5699.287669917111	300	7.530179280721695	0.0	160746	1947.4232487305571	0.004705182	0.5460919921526923
5701.2383815789535	300	7.591745071929825	0.0	179801	1438.4342087918708	0.00636242	0.6029166746316564
5703.296703677209	300	7.7787227493273825	0.0	140051	1813.0223226024418	0.043575227	0.583454680576798
5705.56023308621	300	7.72460793745306	0.0	138313	2054.1148118743226	0.017679812	0.5541368185279854
5708.29177054561	300	7.658546401416988	0.0	143509	1066.0615360360707	0.010943882	0.6465836469964247
5712.3388001776375	300	7.611516769389353	0.0	150616	3047.0296320276357	0.14808021	0.44396018101614265
5715.558939204059	300	7.632700052923768	0.0	165384	2978.816716465584	0.0057933833	0.4528203880698773
5717.283500544042	300	7.966080547460622	0.0	140881	1166.6195054631457	0.004705182	0.666128366676607
5721.3339231776035	300	7.915657913899107	0.0	157671	2050.422633561516	0.029842075	0.5728948171705894
5724.972368108674	300	7.860617763454578	0.0	157812	2055.040150444529	0.01083764	0.5671353874549236
5728.548042326609	300	7.544482954200196	0.0	163927	1816.1348092543835	0.0085740825	0.5605975811870443
5731.614582094119	300	7.980982770035091	0.0	137654	1563.5001841651047	0.0069555584	0.6278746549346927
5734.538826463235	300	7.940380415300015	0.0	146754	2040.6023547350758	0.010537012	0.5762564143566472
5737.7859598477235	300	7.698634749295976	0.0	153938	1741.745666004039	0.0056379233	0.5828737837673268
5740.259896699442	300	7.584360149228891	0.0	181901	1614.274600067086	0.006096793	0.584621828167844
5742.637379839468	300	7.965449772041573	0.0	111155	1118.9103771873179	0.014413715	0.6708385666418392
5746.515937557377	300	7.510457275506686	0.0	153605	1454.9924965348876	0.014769552	0.5934368016001039
5749.8235423838	300	7.638437486982323	0.0	149029	2372.0197885243624	0.013763101	0.514052315516339
5752.379701819557	300	7.548150278552112	0.0	157421	1590.2872084302107	0.004705182	0.5835353254724744
5754.557199017508	300	7.907337788741141	0.0	157488	1640.8124898109702	0.0067765806	0.6130550098931178
5755.917759887277	300	7.575399712696637	0.0	143881	1331.9380760445033	0.0063107535	0.611993028208524
5757.604587193116	300	7.796297370808977	0.0	163444	1279.1023418876591	0.010579174	0.6385382562568098
5762.40070309988	300	7.0001814640445295	0.0	179328	4796.1159067644485	0.032627318	0.210209824580594
5766.735386544925	300	6.665498019000185	0.0	159914	4334.683445044344	0.004705182	0.22413940275543998
5770.169180673324	300	7.231703890600731	0.0	131610	3433.794128399454	0.004705182	0.36872630327933426
5773.975069337545	300	7.425815226380164	0.0	124011	3805.8886642205675	0.004705182	0.35020028987890334
5777.652975672605	300	7.747908891320345	0.0	144254	3677.9063350598194	0.004705182	0.3940004099214782
5780.489218043581	300	7.542844451412342	0.0	149991	2205.0644399080034	0.004705182	0.5215469103366039
5783.350708343971	300	7.712688314401658	0.0	147968	1330.1561370106851	0.004705182	0.6253854085337484
5787.511269642417	300	7.5521270159557465	0.0	161857	2160.561298445911	0.004705182	0.5268906820373807
5790.474514014911	300	7.871452527270725	0.0	145210	2680.67448868502	0.004705182	0.5056148121575483
5793.089893858581	300	7.865047594990723	0.0	172312	2006.4049322800022	0.004705182	0.5724252856712304
5795.318433767508	300	7.500265110521452	0.0	167025	1364.7824844692716	0.004705182	0.6014767951593852
5798.148956933929	300	7.7268822395404495	0.0	160064	2273.3828709810027	0.004705182	0.5324289168190435
5800.701319097167	300	7.684271310441938	0.0	137507	2042.6109290985119	0.004705182	0.5514047598847467
5803.43225493781	300	7.768678902289679	0.0	118421	915.5924081522594	0.004705182	0.6722309401482273

