4339.117092225481	750	4.0	4.39150033291431	450283	4391.50033291431	0.004705182	-18.897482178530822
4340.503071982033	300	6.61402024344835	0.0	155580	1385.979756551649	0.20962518	0.06405497627373735
4343.424030135768	750	7.69306208971392	0.0	350812	2920.958153734431	0.60064167	0.03848496091022163
4347.146073547966	750	7.686259586265005	0.0	382355	2506.8025034489156	0.15309003	0.5292457771279264
4350.400055834588	750	7.54188885917872	0.0	411561	2644.3707270862847	0.56506467	0.5015931055976715
4356.129923855336	1850	5.812020838430884	0.0	801058	5729.8680207478355	0.7229655	-1.0146235715146994
4359.9919038471935	1200	5.950040846573022	0.0	561791	3861.9799918578633	0.66381574	-0.3993162291399128
4362.849647747891	750	7.0922969458750265	0.0	437162	2857.7439006979953	0.37037063	-0.013017952499185637
4365.278887667643	750	7.507278712918895	0.0	374758	2085.018232956133	0.58235234	0.5541970884737367
4368.841788117922	1200	7.944378262640313	0.0	560821	3562.9004502785815	0.64104205	0.022549003893887032
4372.868114141607	1200	7.918052238954777	0.0	607410	4026.3260236855363	0.60144746	0.4236725363785219
4378.83966471502	1850	5.94650166554222	0.0	917428	5971.550573412557	0.54632527	-0.5758478919057114
4381.5585185275395	750	7.227647853022583	0.0	386351	2718.8538125196364	0.90837234	-0.636101262597845
4384.841044518917	750	7.945121861644311	0.0	434409	3282.5259913782725	0.6523446	0.4765892212119125
4388.170642528491	750	7.618512125892403	0.0	337059	2826.609735751909	0.6162088	0.49074428261835173
4391.54603959693	750	7.582307785783769	0.0	366214	2536.204340108634	0.37591785	0.5163001126471913
4395.414585029737	750	7.713762352977058	0.0	360831	3868.545432806711	0.6060544	0.3957186572417375
4398.105436754007	750	7.637205576160728	0.0	372963	2576.5567768163296	0.14898384	0.5175488446829195
4402.157535973354	1200	7.585106356813442	0.0	639204	4052.099219347287	0.5299275	-0.06095120874928489
4405.912146748014	750	7.830495582154063	0.0	350713	2754.6107746593793	0.5917948	0.06834783114010973
4410.68673434794	1200	7.055907982228144	0.0	601738	4774.587599925919	0.61141115	-0.18413600135151215
4415.529834704216	750	6.212807625951145	0.0	399894	4843.100356276999	0.4877129	-0.2962054605217087
4422.136163237089	750	4.0	0.39352090692169533	401853	6606.32853287284	0.30249196	-1.9276534667584326
4425.13617427131	300	4.999988965779515	0.0	137654	3000.0110342204853	0.06136383	-0.25270052546244776
4428.121890748764	300	6.014272488325611	0.0	146754	2985.7164774539033	0.011225362	0.2963548903090259
4431.203827198698	300	6.932336038391593	0.0	153938	3081.9364499340177	0.011127144	0.37509756971302305
4434.655563471721	300	7.480599765368315	0.0	181901	3451.7362730232776	0.019805327	0.3908886041282021
4438.336882240766	300	7.7992809963229215	0.0	111155	2181.3187690453947	0.02368225	0.5486037909415238
4440.035903939639	300	7.72264032564294	0.0	153605	1576.6406706799808	0.077377945	0.6016948477389724
4442.303059159225	300	7.9902532254467005	0.0	149029	1232.3871001962386	0.27369222	0.6618782553682308
4446.248924216898	750	7.884704741805063	0.0	358218	3605.5484836416385	0.67639834	-0.01152824555405646
4450.186860518648	750	7.946768440054424	0.0	400322	3437.9363017506394	0.08478711	0.4612066752477204
4453.62257295265	750	7.543038656444144	0.0	369834	3403.7297836102807	0.10613582	0.4257678692595771
4457.9234510436045	750	7.242160565489449	0.0	412837	4300.878090954694	0.0845276	0.307093174889362
4462.2985606848215	750	6.867050924272401	0.0	401088	4375.109641217048	0.16731657	0.2635652838099273
4466.742206331709	750	6.42340527738468	0.0	365161	4443.64564688772	0.46021432	0.21401027751502444
4471.744478653617	750	5.421132955477161	0.0	321064	5002.27232190752	0.6398659	0.061677741847327106
4473.354462844484	300	7.811148764609483	0.0	124011	1109.9841908676779	0.18764277	0.20687953515891083
4475.819213328752	300	7.595709793589238	0.0	144254	1215.4389710202452	0.6700598	0.625597807446041
4479.582900507538	750	7.832022614801936	0.0	390680	2763.687178787303	0.6256248	0.06758716938272386
4483.338478646275	750	7.570732948451312	0.0	345516	2761.289666350624	0.21898942	0.4926774885659155
4486.492731735093	750	7.9557506357344865	0.0	384505	3114.982312716826	0.17612235	0.494366620855779
4491.09146062586	750	7.357021744967004	0.0	372093	4598.728890767482	0.27547994	0.28836361604675925
4494.307254646167	750	7.613124568247758	0.0	438281	2743.8971767192456	0.19103605	0.49849697987807007
4497.508601713794	750	7.913399379728648	0.0	398987	2699.725188519111	0.32058018	0.531815975987982
4500.716994372906	750	7.515013994725927	0.0	393804	2398.3853850027203	0.5380882	0.5236049030738409
4503.691768774088	750	7.942630502690466	0.0	331053	2572.3834920354598	0.7167416	0.5473636749704662
4507.906401985352	750	7.727997291425924	0.0	314107	3214.6332112645437	0.5320914	0.462480008656728

