13286.410142665602	750	4.0	7.571061952176263	450283	7571.061952176264	0.64429903	-32.381147789706766
13288.389937088763	300	6.020205576839139	0.0	155580	1979.794423160861	0.014530611	-0.3802325581395349
13289.796817274126	300	7.927193595526365	0.0	139857	1093.0119813127735	0.024417628	0.06976744186046512
13291.920047413936	300	7.992512618095603	0.0	155432	1434.6809774307612	0.5220628	0.06976744186046512
13294.041196253893	300	7.836212803157912	0.0	163442	1156.29981493769	0.19610366	0.06976744186046512
13295.168555149292	300	7.809957896567258	0.0	126289	1026.2549065906553	0.55364096	0.06976744186046512
13299.61466369265	750	7.3638493532095985	0.0	352642	4446.108543357659	0.69668365	-0.2755813953488372
13305.818463762256	750	5.160049283603468	0.0	437162	6203.800069606131	0.22224788	0.1744186046511628
13308.519862011088	300	6.458651034771407	0.0	150710	2701.3982488320603	0.33379608	-0.3802325581395349
13312.437726547078	300	6.540786498782276	0.0	139105	3917.86453598913	0.13623504	0.06976744186046512
13316.286398259123	300	6.692114786738204	0.0	141840	3848.6717120440726	0.030261759	0.06976744186046512
13319.76307036592	300	7.215442679940474	0.0	156148	3476.672106797729	0.03005951	0.06976744186046512
13322.440051328544	300	7.884761858595979	0.0	160746	2330.6808213444947	0.12680876	0.06976744186046512
13323.931016841298	300	7.517429177608448	0.0	179801	1367.3326809875307	0.17792621	0.06976744186046512
13327.631660042045	750	7.816785976861605	0.0	337059	2200.6432007468425	0.628242	-0.2755813953488372
13331.200358347662	750	7.954574754510188	0.0	366214	2862.2112223514173	0.24961326	0.1744186046511628
13334.406785014571	750	7.994605005587753	0.0	360831	2959.969748922435	0.16794568	0.1744186046511628
13338.889623815736	750	7.511766204423992	0.0	372963	3982.8388011637608	0.16227046	0.1744186046511628
13344.96333044141	750	5.438059578750634	0.0	405596	6073.706625673358	0.42685843	0.1744186046511628
13348.1729739037	300	6.228416116460081	0.0	140881	3209.643462290554	0.15703431	-0.3802325581395349
13350.965288349496	300	7.436101670664985	0.0	157671	2792.314445795097	0.040293112	0.06976744186046512
13353.232196632986	300	7.795127617227074	0.0	157812	1640.9740534379096	0.15881245	0.06976744186046512
13357.345471289997	750	7.681852960215673	0.0	401853	4113.2746570114	0.3920812	-0.2755813953488372
13360.631258240282	750	7.843563914302587	0.0	343800	2838.2890459130854	0.47516763	0.1744186046511628
13363.955755837284	750	7.840064091838072	0.0	359903	2503.4998224645146	0.4272687	0.1744186046511628
13367.102794465296	750	7.8970436555015	0.0	379700	2443.0204363365715	0.22097257	0.1744186046511628
13371.847263721402	750	7.1525743993973006	0.0	425781	4744.4692561042	0.2889924	0.1744186046511628
13373.918350096425	300	7.776274921274486	0.0	111155	876.2994781228141	0.5659786	-0.3802325581395349
13380.604196845154	750	5.0904281725466545	0.0	400396	6685.846748727831	0.6949226	-0.2755813953488372
13382.40025574409	300	7.294369273610039	0.0	149029	1796.0588989366152	0.11952018	-0.3802325581395349
13383.804687588632	300	7.670499637922636	0.0	157421	1123.869635687404	0.2978943	0.06976744186046512
13387.157287916423	750	7.514480535553246	0.0	400322	3156.019102369389	0.6003438	-0.2755813953488372
13389.395969373638	300	7.798430448258626	0.0	143881	1216.0500872946202	0.668803	-0.3802325581395349
13392.356470319264	750	7.669495655654701	0.0	412837	2628.9347926039272	0.3114696	-0.2755813953488372
13397.653506155515	750	6.372459819403865	0.0	401088	5297.035836250836	0.24638706	0.1744186046511628
13404.402540337569	750	4.0	0.3765743626483882	365161	6749.034182052253	0.6968267	-1.4448511547369063
13408.146338282315	300	4.256202055253803	0.0	131610	3743.797944746196	0.02134392	-0.3802325581395349
13411.526237434051	300	4.876302903517923	0.0	124011	3379.8991517358813	0.004705182	0.06976744186046512
13414.941749347192	300	5.460790990377178	0.0	144254	3415.511913140744	0.004705182	0.06976744186046512
13417.314328989782	300	7.088211347786808	0.0	149991	2372.5796425903695	0.005243093	0.06976744186046512
13419.59546508629	300	7.687355711302811	0.0	147968	1400.855636483996	0.08067837	0.06976744186046512
13421.600954921378	300	7.739750995119308	0.0	161857	1447.6047161835036	0.35093355	0.06976744186046512
13423.010857245168	300	7.628742411776606	0.0	145210	1111.0085833427015	0.64424384	0.06976744186046512
13426.455937207174	750	7.7556493105476525	0.0	438281	3373.0931012289534	0.6885761	-0.2755813953488372
13430.811417239458	750	7.400169278263335	0.0	398987	4355.4800322843175	0.23899315	0.1744186046511628
13435.304478434951	750	6.907108082769296	0.0	393804	4493.061195494039	0.53228503	0.1744186046511628
13438.485940902467	300	7.725645615255442	0.0	137507	2181.462467513854	0.68890035	-0.3802325581395349
13442.513062678228	300	7.698523839492038	0.0	118421	2527.1217757634035	0.267107	0.06976744186046512

