10553.248647338245	750	4.0	1.6132241480558394	450283	1613.2241480558394	0.14857318	0.18867758519441605
10555.743549416675	1200	5.50509792157064	0.0	611087	2494.90207842936	1.0283108	-0.15542158774477094
10558.303272969219	1200	6.945374369027047	0.0	571051	2559.723552543593	0.24215606	0.37811354280983117
10561.53322320357	1200	7.715424134673114	0.0	617681	2729.950234353933	0.3188063	0.4092189849816763
10564.901871814673	1200	7.824999792914847	0.0	652874	2890.4243417582675	0.356825	0.40002005288135123
10566.723174392682	1200	7.673460581331314	0.0	520315	1651.5392115835327	0.35664758	0.5144373651748539
10568.725140078423	1200	7.817359445523649	0.0	561791	1856.101135807666	0.29652962	0.5029748517644614
10570.022004673954	300	7.956859417973315	0.0	173849	860.5000275503322	0.3515523	-0.48874628913170104
10571.117762370724	300	7.717162848779579	0.0	150710	739.6965691937378	0.027864203	0.4083530211293499
10572.820695556467	300	7.98872683399609	0.0	139105	728.4360147834878	0.026927827	0.4264518256464068
10575.049970001734	300	7.576338192093168	0.0	141840	1412.3886419029222	0.03082636	0.33228227281553074
10576.93789665785	300	7.875817765716032	0.0	156148	1200.520426377136	0.01791453	0.37218656771953845
10579.760172273463	300	7.973383115680251	0.0	160746	1402.4346500357797	0.015507649	0.3580929797264377
10581.987095022643	300	7.954842176227399	0.0	179801	1518.5409394528522	0.016134575	0.34532354206892724
10583.497703555726	300	7.51372881455007	0.0	140051	1441.1133616773295	0.015406069	0.32549671474164643
10584.664774759889	300	7.864940855371508	0.0	138313	1148.7879591785613	0.011794396	0.3766800075428631
10587.043630174227	300	7.884654780244253	0.0	143509	980.2860751272547	0.012578306	0.3947623162525403
10588.525576242006	300	7.5279663206107434	0.0	150616	856.6884596335107	0.015949324	0.3848290490748204
10589.506623091444	300	7.720071785764111	0.0	165384	807.8945348466343	0.018132087	0.4017150331255935
10593.22944004674	300	7.997254830467321	0.0	140881	3222.8169552967884	0.025351722	0.17754673137452875
10596.668831632353	300	7.670543648755085	0.0	157671	2826.711181712237	0.0097884685	0.1967378598759691
10598.197820984999	300	7.742389226833089	0.0	157812	1428.1544219219957	0.00824963	0.3410838844848685
10599.832304892137	300	7.610564690974657	0.0	163927	1131.824535858431	0.0091682775	0.36247783960007296
10601.42374173141	300	7.901175956978625	0.0	137654	1209.3887339960334	0.011954743	0.3728846239115607
10602.186662834893	300	7.665739462626799	0.0	146754	735.4364943518243	0.00988207	0.40556506697899253
10602.770262157885	300	7.647682057994145	0.0	153938	518.0574046326536	0.015610487	0.4261743881613687
10603.52804673317	300	7.921560815382316	0.0	181901	726.1212426118286	0.04889959	0.4224854267002119
10604.262532421424	300	7.55014961859225	0.0	111155	371.4111967900662	0.04386028	0.434743231483009
10605.404996465699	300	7.555454784687816	0.0	153605	494.6948339044344	0.05726649	0.4227464406525451
10606.145714540156	300	7.578980367142678	0.0	149029	476.47441754513744	0.08908143	0.4260388311919036
10607.083827490038	300	7.807045739657953	0.0	157421	771.9346274847251	0.11500794	0.4107468959801496
10610.375563998383	300	7.56926665618454	0.0	157488	1237.779083473414	0.05844874	0.3493012576641924
10612.630941554107	300	7.9035566147578065	0.0	143881	1665.7100414267325	0.034500502	0.3274012842796896
10613.825213849046	300	7.851254186438167	0.0	163444	1052.302428319639	0.024669314	0.3854731438204215
10615.335293559374	300	7.78719923108287	0.0	179328	1064.0549553552976	0.027568698	0.38029445640714965
10616.963636244147	300	7.561040237683512	0.0	159914	726.1589933993574	0.029114023	0.3999491155152838
10618.084275102501	300	7.751812687191788	0.0	131610	809.2275504917229	0.03832894	0.40356553790031446
10619.566725133081	300	7.636293316333387	0.0	124011	615.5193708584014	0.03244301	0.41571639518499653
10620.275196365354	300	7.950523006558549	0.0	144254	685.7703097748375	0.044151254	0.42833065693242556
10620.979141464477	300	7.78490095124489	0.0	149991	665.6220553136585	0.06075935	0.41999410392143977
10622.180296897137	300	7.618484799820399	0.0	147968	666.416151424491	0.07713288	0.40951368484632583
10623.141024694158	300	7.980490551428331	0.0	161857	637.9942483920667	0.10122724	0.434981234625064
10623.953605680976	300	7.945566832333508	0.0	145210	534.923719094822	0.1468291	0.44310555511136207
10625.413375004578	300	7.8445107758937755	0.0	172312	601.056056439733	0.22938772	0.4301763178493877
10626.494804435979	300	7.7181526697742955	0.0	167025	626.3581061194791	0.29028872	0.4197487312489456
10627.188186412925	300	7.703997324942446	0.0	160064	514.1553448318505	0.32822073	0.4300842983257178
10627.794902734307	300	7.780252523308334	0.0	137507	423.74480163411124	0.47737393	0.4438913025433598
10629.49971420242	300	7.864332539625713	0.0	118421	415.9199836826204	0.6240457	0.449928785358345

