8049.275741167367	750	4.0	2.342534869962582	450283	2342.534869962582	0.004705182	-9.912816944932198
8051.259652273419	300	5.929311924870432	0.0	155580	1070.6880751295678	0.7667371	-0.3099031748982093
8052.533425821261	300	5.784036714095674	0.0	139857	1145.2752107747597	0.77630746	0.13097288633229692
8053.407606864675	300	5.631195351371854	0.0	155432	652.8413627238195	0.68876576	0.22976485340046776
8054.706560748408	750	5.872388183100193	0.0	411561	1258.8071682716627	0.74797535	-0.15209893186827533
8056.050911609738	750	5.825286210316712	0.0	318564	1047.1019727834805	0.43613392	0.3581313088381913
8058.010649911972	300	5.754041455772774	0.0	153295	571.2447545439361	0.5951304	-0.18741553194697552
8060.820689770444	750	5.718268333781274	0.0	437162	2535.7731219915004	0.71277833	-0.30211610741205064
8062.542989697667	750	5.5292516668605405	0.0	374758	1689.0166669207342	0.66537833	0.2220226758825695
8063.761994464625	750	5.821390985082958	0.0	362795	1207.8606817775826	0.5839768	0.31046626954370315
8065.446681426977	750	5.654619465396539	0.0	353220	1166.771519686419	0.60084593	0.3213996859477551
8066.013185332867	300	5.605325219484939	0.0	156148	549.2942459115998	0.586743	-0.17692231692494348
8067.808641714253	750	5.7912018683303215	0.0	386351	1314.1233511546186	0.70489	-0.16463866031258295
8070.170964838301	750	5.6157068881728485	0.0	434409	2175.494980157473	0.66578245	0.1723745646026982
8072.300234135739	750	5.579486335248828	0.0	337059	1536.2205529240196	0.6777231	0.2441055740897559
8073.943674313592	750	5.614290523229127	0.0	366214	1465.1958120197014	0.69103086	0.25593848748658427
8075.715847607938	750	5.517326068473186	0.0	360831	1596.9644547559408	0.6960951	0.2348205051672926
8076.489010656164	300	5.918348973704599	0.0	150616	598.977094768587	0.6656006	-0.1995730616244148
8077.626556043973	300	5.616669285128734	0.0	165384	801.6796885758647	0.63208187	0.18710714782666615
8078.65627747384	300	5.664741362611938	0.0	140881	951.9279225167961	0.4428975	0.15757495546870393
8079.62264590254	300	5.835453992537221	0.0	157671	829.287370074717	0.2925011	0.18087819182207648
8080.598587654119	300	5.931023593610616	0.0	157812	904.4303989266047	0.31627524	0.16585024140942506
8081.828250439369	300	5.60194783916161	0.0	163927	829.0757544490062	0.19441342	0.18092435968012138
8083.719958070445	300	5.68638754377398	0.0	137654	915.5602953876287	0.23572403	0.1638341032869858
8085.083409506832	300	5.942735502974407	0.0	146754	1243.652040799574	0.12182806	0.12061251465768622
8087.265817240566	300	5.9364313911514985	0.0	153938	1006.3041118229085	0.052551184	0.1490603071553357
8088.77869901552	300	5.588042329080054	0.0	181901	1348.3890620714453	0.06916881	0.11124385699893206
8090.6728030601635	300	5.733236615199392	0.0	111155	854.8057138806618	0.02958735	0.17547847138155806
8092.402903671255	300	5.967835480035512	0.0	153605	1265.4011351638812	0.02686634	0.11853948588450855
8093.775855740572	300	5.773709254840464	0.0	149029	1194.1262251950484	0.01763423	0.12561486117223414
8096.0786299998035	300	5.9817349897860534	0.0	157421	1291.9742650544106	0.013172753	0.11610138379473282
8098.168315473455	300	5.752292274048501	0.0	157488	1229.4427157375526	0.012654063	0.12200649780580772
8100.679518934814	300	5.756811927325892	0.0	143881	1495.4803467226093	0.008780579	0.10030222084076837
8103.966462020883	300	5.886201889109597	0.0	163444	1870.6100382162945	0.006179176	0.08018774460497995
8108.003295597455	300	5.84936831253802	0.0	179328	4036.8335765715788	0.004705182	0.037157836000609346
8112.044782930676	300	5.807880979316996	0.0	159914	4041.487333221023	0.004705182	0.037115048899695934
8115.042030679315	300	5.931584088320365	0.0	131610	2376.2968909966307	0.004705182	0.06312342559901649
8118.272861366846	300	5.98164415437618	0.0	124011	2449.9399339441866	0.004705182	0.06122599085868741
8122.725971856235	300	5.528533664986096	0.0	144254	2953.110489390084	0.004705182	0.05079390037688025
8124.771518824707	300	5.6527608167387955	0.0	149991	1875.7728482473005	0.004705182	0.0799670387276147
8126.828034408473	300	5.909390094467148	0.0	147968	1243.3707222716482	0.004705182	0.12063980381164903
8128.057223790152	300	5.746367872375325	0.0	161857	1163.022222091822	0.004705182	0.12897431979434468
8129.455341165127	300	5.790392764681275	0.0	145210	955.9751076940498	0.004705182	0.15690785125338846
8130.722453376729	300	5.812907816521034	0.0	172312	977.484948160241	0.004705182	0.1534550483691031
8133.572799565003	300	5.547548301604567	0.0	167025	1765.3595149164667	0.005332665	0.08496852835502898
8135.966996930639	300	5.647942912466108	0.0	160064	899.6053891384605	0.004705182	0.16673977480687716
8138.027627745648	300	5.859923579209529	0.0	137507	1288.0193332565773	0.005532204	0.11645787926237561
8139.324922195865	300	5.66258211397758	0.0	118421	697.3414652319489	0.004705182	0.2151026541209724

