1473.21970053581	750	4.0	6.240793125191714	450283	6240.793125191714	0.06501426	-0.12805944740289227
1475.8279140682037	300	5.39178646760646	0.0	155580	2608.2135323935404	0.004705182	-0.04423428024585346
1478.356093359208	300	6.863607176602174	0.0	139857	2528.179291004286	0.004705182	0.5954976616898788
1481.6415503156181	300	7.578150220191981	0.0	155432	2285.456956410193	0.004705182	0.7079958913048924
1485.4642909980007	300	7.755409537809281	0.0	163442	3322.740682382701	0.004705182	0.6261540656622946
1489.6973316700207	300	7.522368865789316	0.0	126289	2233.0406720199644	0.004705182	0.7063500892339779
1492.7039320444371	300	7.893280884582324	0.0	153295	2629.0879812069916	0.004705182	0.7125425746448839
1497.0439856898001	300	7.553227239219327	0.0	173849	3840.053645362998	0.004705182	0.5494589342837173
1501.0242946862948	300	7.572918242724774	0.0	150710	2980.3089964945516	0.004705182	0.6378646850324236
1505.087298328658	300	7.509914600361618	0.0	139105	2563.0036423631545	0.004705182	0.6718160402285185
1508.6306645812772	300	7.966548347742626	0.0	141840	3043.366252618993	0.004705182	0.6801612213041095
1512.6863325239303	300	7.910880405089553	0.0	156148	3555.6679426530727	0.004705182	0.6220576249563863
1515.8904384817577	300	7.833783900676961	0.0	160746	3077.0965044125915	0.004705182	0.6603955159335471
1520.1192349746636	300	7.604987407770885	0.0	179801	2728.7964929060768	0.004705182	0.6669755765317925
1522.8452919604813	300	7.919861811722495	0.0	140051	2185.1255960483895	0.004705182	0.7602208110707641
1526.8466167289894	300	7.918537043214364	0.0	138313	2501.3247685081296	0.004705182	0.7284373221234715
1530.6863110256672	300	7.594817945414099	0.0	143509	1823.7190978002661	0.004705182	0.7562276730760845
1533.688185603786	300	7.511868303443511	0.0	150616	2082.949641970589	0.004705182	0.7200626677237534
1536.7770727030993	300	7.696887164660952	0.0	165384	2314.9811387825594	0.004705182	0.719704150685646
1540.605747939831	300	7.579502574260539	0.0	140881	2617.3845904004124	0.004705182	0.6749701056490925
1543.391421377981	300	7.672311135401022	0.0	157671	2407.1914388595183	0.004705182	0.7074486713435705
1545.8966060390462	300	7.988959880813811	0.0	157812	1683.3512545872109	0.004705182	0.8189299159576439
1547.6244716339863	300	7.560943724582774	0.0	163927	1428.0161562310366	0.004705182	0.7916154524025164
1551.1538255919534	300	7.956191536503684	0.0	137654	1604.752188079091	0.004705182	0.8227438524670261
1554.7835207150827	300	7.848644826483142	0.0	146754	2607.546710020542	0.004705182	0.7091854023035616
1557.614110607493	300	7.839424029632122	0.0	153938	2009.2207968510193	0.004705182	0.7678794841985446
1561.926489078662	300	7.527045558463498	0.0	181901	4312.378471168624	0.004705182	0.498993749507768
1564.7568291425287	300	7.828749328894158	0.0	111155	2198.29622956934	0.004705182	0.7476539152112309
1568.7176656667564	300	7.867912804666359	0.0	153605	2460.836524227799	0.004705182	0.726235474999126
1572.8825176765329	300	7.7030607948898195	0.0	149029	3664.85200977654	0.004705182	0.585479333517674
1577.6986241103523	300	6.886954361070595	0.0	157421	4816.106433819225	0.004705182	0.36958766892619116
1583.039184776753	300	5.546393694669956	0.0	157488	5340.560666400639	0.004705182	0.15162065636528832
1587.515657035265	300	5.069921436158021	0.0	143881	4476.472258511935	0.004705182	0.17919855614249558
1591.7044844337984	300	4.881094037624639	0.0	163444	4188.827398533382	0.004705182	0.18464816211103452
1597.8094192840906	300	4.0	1.223840812667744	179328	6104.934850292383	0.0047391523	-0.11575294898272664
1603.5887880812716	300	4.0	1.7793687971808312	159914	5779.368797180831	0.004741298	-0.08319634367157153
1606.951723577868	300	4.637064503403679	0.0	131610	3362.9354965963207	0.0047459463	0.2371065590079946
1610.0260485647023	300	5.562739516569342	0.0	124011	3074.324986834337	0.0047551244	0.38026247421322
1613.541709981562	300	6.047078099709451	0.0	144254	3515.66141685989	0.004746423	0.3959310423685144
1616.848527381636	300	6.740260699635539	0.0	149991	3306.8174000739127	0.00476609	0.5024040253717085
1620.0278439048548	300	7.560944176416844	0.0	147968	2679.316523218695	0.0047759824	0.6664854714925674
1623.7842288800473	300	7.804559201224158	0.0	161857	2756.3849751926873	0.004770619	0.6888582393218621
1626.265663865999	300	7.843563565656448	0.0	145210	1960.99563556771	0.004784147	0.7732131167566616
1630.2464399174069	300	7.862787514248438	0.0	172312	3980.7760514080105	0.004902493	0.5736086928710863
1634.5301964392559	300	7.579030992399271	0.0	167025	4283.756521849166	0.0049439054	0.5082746853899061
1637.5863738379073	300	7.568428259894016	0.0	160064	3010.6027325052564	0.0050335424	0.6342809246641472
1640.6159886034936	300	7.886408114673917	0.0	137507	1682.020145220098	0.0056174016	0.8064007641988098
1644.6922512218039	300	7.810145496363546	0.0	118421	1576.2626183103712	0.00763694	0.8075602255547434

