9760.74326525574	750	4.0	5.460500454044817	450283	5460.500454044817	0.029187594	-0.11265004540448176
9762.042819881339	300	6.700445374400823	0.0	155580	1299.5546255991767	0.5368614	0.07166285010056239
9764.617854338318	300	7.562955671427937	0.0	139857	1137.489702972886	0.06462523	0.6217484687490783
9766.814814904437	300	7.9982477844272655	0.0	155432	1064.7078870006708	0.058663715	0.6713588083354844
9768.265474193533	300	7.589044441287639	0.0	163442	1409.2033431396258	0.08538462	0.5971142376012604
9770.41969961208	300	7.512659805142168	0.0	126289	1076.3846361454714	0.07307332	0.6229677024355288
9772.414490152387	300	7.634184811740177	0.0	153295	1378.4749934019915	0.05964925	0.6045769736015331
9774.463631891333	300	7.847771744369247	0.0	173849	1286.4130673709296	0.054205537	0.6345544954028164
9777.396260028665	300	7.667822063940275	0.0	150710	2179.949680428972	0.060996976	0.5277007276752946
9781.426618974885	300	7.637463117720427	0.0	139105	2030.3589462198493	0.05006922	0.5397073935763266
9784.685446820527	300	7.579567886911234	0.0	141840	2057.895230809193	0.04216596	0.5313234539211982
9787.468524443437	300	7.563495320873686	0.0	156148	2516.072566037548	0.039463207	0.4839426633512112
9790.369003542173	300	7.661758342840907	0.0	160746	1401.7369780327792	0.03531389	0.6049323010380002
9794.334453791638	300	7.503404288010386	0.0	179801	2658.3540548305214	0.036987543	0.4638706615259579
9797.023803988319	300	7.847277334687949	0.0	140051	1656.1269533224372	0.03209595	0.5975350254661593
9801.015305949813	300	7.855775373194432	0.0	138313	1991.5019614935165	0.030588666	0.5648239588938069
9803.307108455496	300	7.762236727527414	0.0	143509	1593.5386456670187	0.026916452	0.5955236571853392
9805.996459689986	300	7.891693002141307	0.0	150616	1370.5437253861069	0.029726649	0.6304127719196315
9809.335979508598	300	7.8763368140373275	0.0	165384	2515.356188103978	0.0327936	0.5144381363547323
9812.910925515087	300	7.84594561649588	0.0	140881	3030.391197541448	0.02904335	0.45997909145007954
9815.560816023257	300	7.903277743035731	0.0	157671	1942.6678734601483	0.026131261	0.57432697316421
9818.516794799889	300	7.86889966732412	0.0	157812	1534.3780757116112	0.023497403	0.6118126850761096
9821.71715804584	300	7.974518480608813	0.0	163927	1894.3811867153076	0.027706133	0.5860838035676763
9822.954978047026	300	7.813599419033764	0.0	137654	1160.9190615750488	0.027972125	0.6437806373435287
9824.819500570155	300	7.754788627275405	0.0	146754	1058.810791758358	0.029474841	0.6482721148266974
9826.907932185859	300	7.728428775707714	0.0	153938	1026.3598515676913	0.034942213	0.6489537132808061
9828.255249302749	300	7.890806008931325	0.0	181901	1337.622766776388	0.039214496	0.6336186076909327
9829.869076407565	300	7.688739736079992	0.0	111155	702.0662728513332	0.041132838	0.6775233120486459
9831.784888236596	300	7.7867142235473565	0.0	153605	902.0255125326353	0.043565333	0.667055406986717
9833.369048423812	300	7.741527259687962	0.0	149029	1045.186963859394	0.050348025	0.648344829618715
9835.45069629799	300	7.870189872277671	0.0	157421	871.3373874102921	0.048695743	0.6782422263379743
9837.470528072861	300	7.855429294725358	0.0	157488	1514.7605775523132	0.054520946	0.6124644411568098
9838.733720520797	300	7.871368612418	0.0	143881	984.0606823073572	0.04811097	0.6670845293269149
9840.398103432684	300	7.808743115286445	0.0	163444	1062.6254971315548	0.050033163	0.6531377182484512
9841.754411698974	300	7.681467651521176	0.0	179328	1127.275463765268	0.052146982	0.6342951827339076
9843.903515581307	300	7.706432087615705	0.0	159914	975.0355639054702	0.056248255	0.6519469641300804
9845.027032832184	300	7.8017076358917095	0.0	131610	904.7244517239964	0.05785476	0.6682436224180691
9846.450042942106	300	7.554598961507378	0.0	124011	1247.1086743843325	0.05445607	0.6099738815681592
9848.565084843327	300	7.580028814165582	0.0	144254	1474.5701473417962	0.052219003	0.5897007874434232
9851.242601017186	300	7.576506552174894	0.0	149991	1503.5222619906876	0.047191963	0.5864630359999398
9854.5582110999	300	7.6006984567532525	0.0	147968	1475.8080954216425	0.04806401	0.5915871153770896
9856.738060312116	300	7.585674896790891	0.0	161857	1515.0235599623616	0.046142153	0.5862045277166781
9858.21019158272	300	7.672022059116494	0.0	145210	1413.6528376743977	0.046640042	0.6047388614816394
9860.118129698525	300	7.577292222678661	0.0	172312	1094.7298364378328	0.045465626	0.6274186850117165
9861.628620634227	300	7.568650889511002	0.0	167025	1008.6413331676607	0.054097056	0.6351871656881789
9863.222620231652	300	7.972575901564671	0.0	160064	1096.0749879463306	0.058986902	0.6657255076325312
9865.3345125635	300	7.570591973881463	0.0	137507	901.9839276832072	0.05843367	0.6460416766916516
9867.95244395229	300	7.98658056706869	0.0	118421	1084.011406812773	0.062128283	0.6682938194661528

