8035.887695444346	750	4.0	7.229722006325715	450283	7229.722006325715	0.31521285	-31.385657541541004
8038.3702634110905	300	5.517432033254713	0.0	155580	2482.567966745287	0.0050872583	-0.15115172605210161
8040.620941387094	300	7.266754057251941	0.0	139857	2250.6779760027725	0.0057597235	0.4904115375266523
8043.904755991172	300	7.982939453173061	0.0	155432	3283.8146040788806	0.0059572365	0.45603154595445006
8048.305698491	300	7.581996953345817	0.0	163442	3900.9424998272434	0.006904268	0.3557275778596344
8051.596993855899	300	7.765211802135669	0.0	126289	2816.785151210147	0.004705182	0.4817779534496447
8055.568095565563	300	7.7941100924714775	0.0	153295	2971.101709664192	0.004705182	0.4691277914138311
8058.686538543114	300	7.587694484323161	0.0	173849	2206.415608148317	0.004705182	0.5257286609622298
8061.344870524364	300	7.719542254699418	0.0	150710	1868.1522296237438	0.004705182	0.5722454989393776
8063.3123477690115	300	7.580893517738388	0.0	139105	1138.6487369610293	0.004705182	0.6318507471950597
8065.505577982562	300	7.963692564656845	0.0	141840	1117.2009530815433	0.018148929	0.6708403758128376
8068.520160116675	300	7.639416189834945	0.0	156148	2324.2763748219004	0.08408952	0.51892085816612
8070.0468069489325	300	7.841245619951076	0.0	160746	1298.1705698838687	0.007145402	0.640957754332503
8073.172957214615	300	7.667408675547169	0.0	179801	1673.8369444039063	0.081512436	0.5866591102766858
8075.2873713507615	300	7.766358296712975	0.0	140051	1401.050378834194	0.063049175	0.6234617821140009
8079.222879276741	300	7.83085037073335	0.0	138313	1935.5079259796253	0.11969264	0.5762234639837969
8081.715879726481	300	7.973785968409747	0.0	143509	2357.064402323602	0.019001365	0.5478255326532746
8085.913779776903	300	7.617803881106698	0.0	150616	2355.982087303049	0.012697463	0.5136700772502346
8089.760021493672	300	7.771562164337055	0.0	165384	3846.241716769643	0.00509333	0.3794435265874438
8092.717047348295	300	7.737129143720491	0.0	140881	2534.433020616564	0.004705182	0.5073101782134677
8095.613795462094	300	7.850051489523594	0.0	157671	1387.077654196897	0.004705182	0.6329146210144474
8099.282179817909	300	7.775694498466717	0.0	157812	2074.3569910568763	0.008102651	0.5570297410897223
8102.33140490886	300	7.6880957021710925	0.0	163927	2587.598796295625	0.0051679583	0.49727407528445083
8106.330721417283	300	7.539250561887227	0.0	137654	2648.845140283866	0.004705182	0.4768229242828695
8110.686911390902	300	7.1830605882670895	0.0	146754	4356.189973620138	0.004705182	0.27180474474611027
8113.970371306194	300	7.6096612586508545	0.0	153938	2573.399329616235	0.004705182	0.49114461620640637
8117.668348894619	300	7.911683670225055	0.0	181901	2697.9775884258	0.004705182	0.5077567961420364
8120.375497153739	300	7.607128699215387	0.0	111155	1804.5549710096682	0.004705182	0.5677852902974112
8121.957519833498	300	7.552413931891589	0.0	153605	1554.714767323798	0.004705182	0.587502951139678
8123.4285737097125	300	7.795540945001103	0.0	149029	1256.8729868904873	0.004705182	0.6406883848991812
8125.585605365816	300	7.864115604611222	0.0	157421	1931.42534038988	0.009493266	0.5798335397101781
8128.615451581463	300	7.661995664145272	0.0	157488	1702.1199404659508	0.0052027563	0.58330980207341
8130.425344771395	300	7.855912230769209	0.0	143881	1306.083433376064	0.005147212	0.6415781462079903
8134.462206842892	300	7.819050159272969	0.0	163444	2536.8620714962403	0.018242547	0.5149522654550382
8138.692997707246	300	7.588259294918688	0.0	179328	3230.7908643542814	0.004794771	0.42334549901355967
8142.657823766379	300	7.623433235786157	0.0	159914	1964.8260591325309	0.004705182	0.5533275119546043
8146.529405294367	300	7.751851707798156	0.0	131610	2871.5815279880017	0.004705182	0.475012391266862
8150.469264536673	300	7.8119924654916835	0.0	124011	2939.859242306474	0.004705182	0.47397323719904516
8154.623869229324	300	7.657387772841624	0.0	144254	3154.604692650058	0.004705182	0.4376178119969426
8157.217296442469	300	7.716841240110656	0.0	149991	2440.546532730968	0.004705182	0.5147460928560073
8160.9173317319255	300	7.823263892689764	0.0	147968	1893.577347420893	0.004705182	0.5796863145689416
8163.280816035603	300	7.544750792919645	0.0	161857	1778.5130997701185	0.004705182	0.5643855319214532
8164.936663201041	300	7.9443127168034735	0.0	145210	1100.4380761161724	0.004705182	0.6706513307783178
8166.335906392939	300	7.657395737064977	0.0	172312	1286.916979738496	0.019863447	0.6243873498537917
8168.820452942255	300	7.526285597087794	0.0	167025	2131.1101399771837	0.033896327	0.5273485314827807
8170.489738050686	300	7.803361152140989	0.0	160064	1222.9244449468044	0.005604837	0.6448359430596509
8172.645912316549	300	7.918454460651821	0.0	137507	1384.9066914891678	0.047861677	0.6397155822315501
8175.750246121518	300	7.711921345354021	0.0	118421	1206.5331152978	0.03466888	0.6376738890486913

