14328.209202836799	750	4.0	3.9247822452337946	450283	3924.7822452337946	0.052077837	-0.04247822452337946
14329.560599130014	300	6.648603706784821	0.0	155580	1351.3962932151785	0.5692626	-0.16960189764746653
14332.341051901383	300	7.596466642774696	0.0	139857	1052.1370640101254	0.026499912	0.369565458772406
14334.945164924482	300	7.858567994454978	0.0	155432	1237.8986483197182	0.02137284	0.3673706348214643
14336.513837201239	300	7.912338976715407	0.0	163442	946.2290177395687	0.021631163	0.3998982842707561
14337.780602304663	300	7.670178059262833	0.0	126289	742.1609174525748	0.028320141	0.4051700369586696
14340.124021099218	300	7.855770745420139	0.0	153295	1314.4073138426936	0.028896963	0.3595449402044893
14342.508691189752	300	7.722941478659854	0.0	173849	2132.8292667602855	0.018772464	0.2694009157402123
14344.318916734244	300	7.923749099251199	0.0	150710	799.1923794086555	0.011785635	0.41531508076233437
14347.215535107181	300	7.5309565286736415	0.0	139105	1392.792570577558	0.024421103	0.3314055259843468
14350.173608519197	300	7.613832747696484	0.0	141840	1417.1237809771571	0.0163254	0.33415216863331454
14353.04483048998	300	7.953696534923762	0.0	156148	2660.1362127727216	0.0122484835	0.23109241215546295
14355.0035135085	300	7.769897923719029	0.0	160746	1683.798611204734	0.00918895	0.31723875911196586
14357.117477179645	300	7.865358239354051	0.0	179801	1904.5396843649773	0.010133447	0.3011309215231305
14359.179129068792	300	7.959244350169645	0.0	140051	1406.113889184406	0.008798752	0.3568413829671623
14361.062380798312	300	7.635387528291613	0.0	138313	1323.8568218780324	0.008272459	0.3448260383304226
14363.337723465429	300	7.732413534153445	0.0	143509	1402.973994138166	0.0094139995	0.3429784464707737
14367.362665043775	300	7.70747195580867	0.0	150616	3024.941578344775	0.008983059	0.17922283940356443
14371.72900566376	300	7.341131335824024	0.0	165384	4366.340619984647	0.007960796	0.022186646490536865
14375.209928430448	300	7.860208569136588	0.0	140881	3480.9227666874367	0.007120292	0.14317075890229308
14377.36900105578	300	7.712959104068421	0.0	157671	2147.2494650681674	0.0063873064	0.2673349974974596
14381.437067385234	300	7.589837571923894	0.0	157812	2123.121532144527	0.0063703703	0.2620526950307907
14384.278712975169	300	7.886487142211299	0.0	163927	2203.3504297125955	0.006494427	0.27257040341694666
14386.340761363894	300	7.579610580409935	0.0	137654	1806.8765618013651	0.0063889595	0.2930380050954844
14388.725186647756	300	7.619983832891194	0.0	146754	1459.6267475187424	0.006428951	0.33028631480382536
14391.726091825258	300	7.781930521861206	0.0	153938	1338.0533110299878	0.0069806366	0.3525653265133266
14395.710926593783	300	7.797095753334935	0.0	181901	2484.83476852627	0.008021326	0.23883500773080643
14398.57268492617	300	7.650059866591204	0.0	111155	1647.0358867437328	0.0075097797	0.31342515298757695
14401.129609709247	300	7.95895867887438	0.0	153605	1191.1011877168232	0.007246146	0.3783247986579664
14405.249556886896	300	7.839011501225326	0.0	149029	3119.9471776490536	0.009205273	0.17794350106167756
14409.17392080947	300	7.91464757865112	0.0	157421	2924.363922574206	0.007533286	0.20222908140827445
14410.819316002135	300	7.82201731061066	0.0	157488	1592.63026804046	0.0067668576	0.32961305510912026
14412.21415251015	300	7.995981509413756	0.0	143881	1326.0358011969047	0.0073931054	0.3671452642186693
14413.5490019308	300	7.5579571669999535	0.0	163444	938.0243424138033	0.008910478	0.37856988869611674
14415.502603879377	300	7.519568822327459	0.0	179328	1038.388344672493	0.013325505	0.3661342169282169
14418.287369912394	300	7.5997925552722885	0.0	159914	1919.7762670551713	0.016050342	0.2830094079990009
14419.84864859878	300	7.9466481095603925	0.0	131610	1153.1444457118967	0.011992481	0.38135106227633486
14421.623405507531	300	7.833336790021592	0.0	124011	613.3113195388003	0.0118216835	0.4282524174224695
14425.16867789357	300	7.71642340110851	0.0	144254	1616.9133889130828	0.027206726	0.32058512367797354
14427.3831488113	300	7.94836740230686	0.0	149991	1268.05599880165	0.0206436	0.36996736276401376
14428.661531462014	300	7.632383522412543	0.0	147968	815.9838798943177	0.021401405	0.39542558216135215
14430.216535649566	300	7.591080771046918	0.0	161857	1041.3027513656257	0.047279526	0.3703122730538698
14431.645446343786	300	7.8034761800307315	0.0	145210	787.6045910161863	0.060832698	0.40895680215030206
14433.499856151828	300	7.556924303610463	0.0	172312	1246.5518764202677	0.066470414	0.3476525813336272
14434.244038580217	300	7.858762141228068	0.0	167025	698.1621623823945	0.06657682	0.42135641758851483
14435.099207632906	300	7.664187747886939	0.0	160064	694.5743933411284	0.18216643	0.4095542949088209
14437.009300588119	300	7.634438590452318	0.0	137507	1029.7491574346197	0.20813976	0.3741774961598079
14439.279285097233	300	7.604618158286375	0.0	118421	1029.8204321659437	0.13339265	0.3723065916763041

