9096.325408428891	750	4.0	6.579692689023528	450283	6579.692689023527	0.04784135	-28.118259958150006
9097.312196345041	300	7.013212083850239	0.0	155580	986.7879161497615	0.049087472	-0.3802325581395349
9100.4850488637	300	7.565026031742614	0.0	139857	1948.1860521076244	0.6556586	0.06976744186046512
9104.773995890277	300	7.2760790051655375	0.0	155432	4288.947026577077	0.6454009	0.06976744186046512
9108.501226565828	300	7.548848329613888	0.0	163442	3727.2306755516497	0.14294481	0.06976744186046512
9112.076983894776	300	7.7013918066944225	0.0	126289	1347.4565229194645	0.049403973	0.06976744186046512
9116.057742505802	300	7.720633195668743	0.0	153295	2980.75861102568	0.047342543	0.06976744186046512
9120.250439622308	300	7.527936079161056	0.0	173849	3192.697116507686	0.025710363	0.06976744186046512
9122.407693120897	300	7.765187610948404	0.0	150710	1262.7484682126515	0.04057685	0.06976744186046512
9123.519090314825	300	7.911741486272203	0.0	139105	853.4461246762006	0.11398804	0.06976744186046512
9125.48590719483	300	7.847308623794095	0.0	141840	1064.4328624781092	0.44540542	0.06976744186046512
9128.82729346694	750	7.922807534654166	0.0	405134	2424.501089139928	0.66541326	-0.2755813953488372
9130.325250750046	300	7.91227141783533	0.0	160746	1010.5361168188367	0.3883063	-0.3802325581395349
9132.85831366565	300	7.534450605177215	0.0	179801	1877.8208126581167	0.678247	0.06976744186046512
9134.101055967563	300	7.895700438943975	0.0	140051	1138.7501662332402	0.60333395	0.06976744186046512
9137.027095701646	750	7.934676649242529	0.0	366214	2461.0237897014463	0.7145198	-0.2755813953488372
9139.037737311692	750	7.806863878410633	0.0	360831	1627.8127708318955	0.5185716	0.1744186046511628
9141.094465411334	750	7.564914238645931	0.0	372963	1741.949639764701	0.14316338	0.1744186046511628
9142.624239024492	750	7.577416628655349	0.0	405596	1487.4976099905841	0.109431885	0.1744186046511628
9144.321376008998	750	7.95998613798594	0.0	350713	1617.4304906694083	0.041704785	0.1744186046511628
9146.617537972665	750	7.5817583839720175	0.0	386472	1878.2277540139225	0.051733576	0.1744186046511628
9150.24313016629	750	7.956166190347783	0.0	399894	3125.592193624234	0.09246555	0.1744186046511628
9151.6324860666	300	7.673251470479332	0.0	163927	782.914719868452	0.5095384	-0.3802325581395349
9154.512732448373	750	7.576348793514914	0.0	343800	2096.9026769644197	0.5511006	-0.2755813953488372
9157.693945649378	300	7.907414097866349	0.0	146754	1668.9346956485647	0.44232392	-0.3802325581395349
9160.861466986618	300	7.514792705774901	0.0	153938	1892.6213920914481	0.46949732	0.06976744186046512
9165.115151591854	300	7.261108100539325	0.0	181901	4253.684605235575	0.19471602	0.06976744186046512
9168.402651163731	300	7.973608528663055	0.0	111155	3287.4995718762707	0.021069832	0.06976744186046512
9172.34461662512	300	7.725667801649062	0.0	153605	3747.9407270139923	0.0164781	0.06976744186046512
9177.073855456456	300	6.996428970310773	0.0	149029	4729.238831338289	0.00892451	0.06976744186046512
9180.101350070929	300	7.968934355837717	0.0	157421	3027.494614473056	0.0047466615	0.06976744186046512
9184.433343357328	300	7.636941069438577	0.0	157488	4331.99328639914	0.0054387115	0.06976744186046512
9188.246748423582	300	7.823536003184687	0.0	143881	3313.405066253891	0.004705182	0.06976744186046512
9192.49771752033	300	7.572566906436684	0.0	163444	4250.969096748003	0.004705182	0.06976744186046512
9196.335856712003	300	7.734427714763927	0.0	179328	3338.1391916727566	0.004705182	0.06976744186046512
9197.651921628407	300	7.989027691191023	0.0	159914	1245.4000235729045	0.004705182	0.06976744186046512
9198.960792463238	300	7.659924763191379	0.0	131610	829.1029279996429	0.00814787	0.06976744186046512
9201.266858964302	300	7.766775408575589	0.0	124011	1393.149354615789	0.033275068	0.06976744186046512
9205.195453765653	300	7.783936638624517	0.0	144254	2982.838769951072	0.0219971	0.06976744186046512
9208.003175613578	300	7.802953739861536	0.0	149991	2480.9828987629808	0.009982658	0.06976744186046512
9209.542262798423	300	7.6967795840204705	0.0	147968	1106.1741558410642	0.008132425	0.06976744186046512
9210.759475777673	300	7.999629622897912	0.0	161857	1197.1499611225595	0.04252649	0.06976744186046512
9212.340351805964	300	7.7392230608147115	0.0	145210	1260.4065620831996	0.15027003	0.06976744186046512
9213.822571905754	300	7.748347739023473	0.0	172312	990.8753217912391	0.116194814	0.06976744186046512
9215.33875584611	300	7.840928258345481	0.0	167025	907.4194806779917	0.3324517	0.06976744186046512
9216.984428708158	300	7.962474004660591	0.0	160064	878.4542536848899	0.47622824	0.06976744186046512
9219.181539049832	750	7.562528157005036	0.0	331053	1399.9458476555549	0.6844772	-0.2755813953488372
9220.9771478105	750	7.983305942679879	0.0	314107	1579.2222143251568	0.29626957	0.1744186046511628

