15693.181463635305	750	4.0	6.308048004947866	450283	6308.0480049478665	0.6592065	-27.33029193547847
15696.211121345263	300	4.9703422900424306	0.0	155580	3029.6577099575693	0.006934005	-0.2585187198046746
15697.81869986429	300	7.362763771014124	0.0	139857	1607.5785190283066	0.004705182	0.5639625290225487
15701.279639735765	300	7.9018238995385035	0.0	155432	1960.9398714756198	0.011082392	0.5805115535247908
15703.813167741788	300	7.89817193968149	0.0	163442	2003.6519598570137	0.024119869	0.5758888393340122
15707.5435650892	300	7.9929113033595565	0.0	126289	1405.260636321932	0.01167227	0.6448467448236804
15710.186156579528	300	7.894183937589549	0.0	153295	2598.727365770008	0.012199215	0.5159974489369814
15714.170051815478	300	7.910288701638719	0.0	173849	3983.89523595083	0.0058400445	0.3790307640525255
15717.849801944007	300	7.949293370079075	0.0	150710	2960.995331559645	0.004705182	0.4850749988622033
15722.098999362825	300	7.700095951261202	0.0	139105	2249.197418817871	0.004705182	0.5322692508621399
15723.403063300984	300	7.932040109174382	0.0	141840	1268.05584208682	0.004705182	0.6527083015275086
15727.413964622463	300	7.8545934249222915	0.0	156148	2077.4466842520897	0.013248042	0.5643148845349832
15729.66478857803	300	7.725908818201462	0.0	160746	2128.68460672083	0.006296772	0.5468050503173113
15731.788549915009	300	7.860097776485392	0.0	179801	1365.8110417160694	0.006002295	0.6360082489816301
15733.10729373091	300	7.9197010113648245	0.0	140051	940.396765120567	0.040880047	0.6842865568137525
15735.750408034686	300	7.882317375318143	0.0	138313	1537.3836360466805	0.37098974	0.6209896515900499
15738.203025045827	300	7.538874208412821	0.0	143509	1343.443166905324	0.07127294	0.6073268971642899
15739.691879148364	300	7.689034074461863	0.0	150616	1349.840133950959	0.09900905	0.6211402609353098
15741.1955852204	300	7.9816880084382245	0.0	165384	1207.3460660236371	0.21111405	0.6635579467593802
15742.46409107391	300	7.870615165785988	0.0	140881	1111.0728426522353	0.5885812	0.662494379751138
15744.045292633931	300	7.638730872106322	0.0	157671	1231.8842936796668	0.6470237	0.6280941036577239
15747.989087838578	750	7.694935667460722	0.0	399894	3443.7952046456003	0.6895889	-0.01361841015961024
15751.766506033413	750	7.917517472625279	0.0	401853	3777.418194835443	0.27097565	0.42444304655222914
15755.778507849498	750	7.791781930893558	0.0	343800	2625.7355417317212	0.6573906	0.5275091208018734
15759.650180712866	750	7.659078612536832	0.0	359903	3132.703318356726	0.40351176	0.46403949553378193
15763.387380185064	750	7.921879140337888	0.0	379700	3237.1994721989445	0.6686592	0.4788847343690185
15765.204151064901	300	7.936578194725258	0.0	181901	1485.300945612628	0.6657624	0.18142058714868514
15766.560401272867	300	7.999188067353134	0.0	111155	937.3901273721251	0.10619213	0.6922379414999348
15768.234189151828	300	7.886724115671055	0.0	153605	1112.46395168208	0.15108751	0.6639057738733177
15770.31064519573	300	7.56415808135828	0.0	149029	1322.5660343127736	0.24067673	0.6118482123862581
15771.870484593908	300	7.676183334564375	0.0	157421	1387.9747467939042	0.11518714	0.61608990109895
15774.32928776795	300	7.672714139733999	0.0	157488	1003.469194830377	0.19268139	0.6542065422874903
15777.985663537234	750	7.942193211698632	0.0	369834	3230.520928035366	0.6959042	0.03150784160763348
15782.214659574061	750	7.713197174871446	0.0	412837	3728.996036827185	0.2178072	0.40961919779449374
15784.616112178968	300	7.819896373456849	0.0	179328	1893.300801414596	0.59088045	0.12938984155540503
15787.759591481541	300	7.857232604915935	0.0	159914	1462.6637685409162	0.039897468	0.6260472002275768
15790.062840702021	300	7.761015756691244	0.0	131610	1596.2168482246911	0.05963833	0.6034309095295842
15794.128862611045	300	7.694993847666454	0.0	124011	1566.021909024789	0.011006985	0.6000957184797762
15798.065504677006	300	7.758351781704883	0.0	144254	3436.64206596157	0.008412576	0.4191319770877438
15801.98589773954	300	7.8379587191723825	0.0	149991	2920.3930625325006	0.004705182	0.478419137072771
15806.144618072707	300	7.679238386003279	0.0	147968	1658.7203331691023	0.004705182	0.5893093946896606
15809.223580854396	300	7.559161890631567	0.0	161857	2620.0764953717107	0.004705182	0.4816162771545233
15812.892105800182	300	7.890636944845885	0.0	145210	2168.5249457856826	0.004705182	0.5586762887886254
15816.28977731693	300	7.650506707023389	0.0	172312	2740.1302378224955	0.004705182	0.4784029469501001
15817.891833919388	300	7.703249102256705	0.0	167025	1447.2576047666855	0.004705182	0.6127667266910732
15819.139750454297	300	7.646690305147088	0.0	160064	1056.5587971096181	0.005764176	0.6463927579345342
15821.631985440663	300	7.921251714364469	0.0	137507	1225.438590782618	0.030423103	0.6559316312016407
15823.381616211042	300	7.614834550966676	0.0	118421	806.417163397793	0.06100238	0.6683407681865174

