13804.962343049112	750	4.0	3.9247822452337946	450283	3924.7822452337946	0.016655508	0.10354164059289966
13806.313739342328	300	6.648603706784821	0.0	155580	1351.3962932151785	0.004705182	0.236629071856305
13809.094192113698	300	7.596466642774696	0.0	139857	1052.1370640101254	0.004705182	0.8335894442713452
13811.698305136797	300	7.858567994454978	0.0	155432	1237.8986483197182	0.004705182	0.8473754410011853
13813.266977413554	300	7.912338976715407	0.0	163442	946.2290177395687	0.004705182	0.8831816100758992
13814.533742516978	300	7.670178059262833	0.0	126289	742.1609174525748	0.004705182	0.8736883484939746
13816.877161311533	300	7.855770745420139	0.0	153295	1314.4073138426936	0.004705182	0.8393791927608175
13819.261831402067	300	7.722941478659854	0.0	173849	2132.8292667602855	0.004705182	0.7411363138661932
13821.07205694656	300	7.923749099251199	0.0	150710	799.1923794086555	0.004705182	0.899294103560344
13823.968675319496	300	7.5309565286736415	0.0	139105	1392.792570577558	0.004705182	0.7914352345384515
13826.92674873151	300	7.613832747696484	0.0	141840	1417.1237809771571	0.004705182	0.7992349987620109
13829.797970702295	300	7.953696534923762	0.0	156148	2660.1362127727216	0.004705182	0.7168973873808995
13831.756653720815	300	7.769897923719029	0.0	160746	1683.798611204734	0.004705182	0.7918371814974059
13833.870617391958	300	7.865358239354051	0.0	179801	1904.5396843649773	0.004705182	0.7815497419206914
13835.932269281106	300	7.959244350169645	0.0	140051	1406.113889184406	0.004705182	0.8429846190983369
13837.815521010627	300	7.635387528291613	0.0	138313	1323.8568218780324	0.004705182	0.8112231046555217
13840.090863677744	300	7.732413534153445	0.0	143509	1402.973994138166	0.004705182	0.8152913739355051
13844.11580525609	300	7.70747195580867	0.0	150616	3024.941578344775	0.004705182	0.6500150311358464
13848.482145876074	300	7.341131335824024	0.0	165384	4366.340619984647	0.004705182	0.47064234999591914
13851.96306864276	300	7.860208569136588	0.0	140881	3480.9227666874367	0.004705182	0.623275594057951
13854.122141268095	300	7.712959104068421	0.0	157671	2147.2494650681674	0.004705182	0.7384617511533095
13858.190207597549	300	7.589837571923894	0.0	157812	2123.121532144527	0.004705182	0.7256724934018586
13861.031853187484	300	7.886487142211299	0.0	163927	2203.3504297125955	0.004705182	0.7542774934307408
13863.093901576209	300	7.579610580409935	0.0	137654	1806.8765618013651	0.004705182	0.7560342442348249
13865.47832686007	300	7.619983832891194	0.0	146754	1459.6267475187424	0.004705182	0.7957441883607936
13868.479232037573	300	7.781930521861206	0.0	153938	1338.0533110299878	0.004705182	0.8278973994198391
13872.464066806098	300	7.797095753334935	0.0	181901	2484.83476852627	0.004705182	0.7150917338037773
13875.325825138485	300	7.650059866591204	0.0	111155	1647.0358867437328	0.004705182	0.7807168198396492
13877.882749921562	300	7.95895867887438	0.0	153605	1191.1011877168232	0.004705182	0.8644506168639224
13882.002697099211	300	7.839011501225326	0.0	149029	3119.9471776490536	0.004705182	0.6567559104473935
13885.927061021785	300	7.91464757865112	0.0	157421	2924.363922574206	0.004705182	0.6856531670886391
13887.572456214448	300	7.82201731061066	0.0	157488	1592.63026804046	0.004705182	0.8073892961916704
13888.967292722466	300	7.995981509413756	0.0	143881	1326.0358011969047	0.0047058966	0.8555284352087744
13890.302142143113	300	7.5579571669999535	0.0	163444	938.0243424138033	0.004710188	0.8402458778076974
13892.255744091692	300	7.519568822327459	0.0	179328	1038.388344672493	0.004721631	0.8254695952474065
13895.040510124707	300	7.5997925552722885	0.0	159914	1919.7762670551713	0.0047551244	0.747236180743726
13896.601788811093	300	7.9466481095603925	0.0	131610	1153.1444457118967	0.0047716917	0.8667262815272533
13898.376545719846	300	7.833336790021592	0.0	124011	613.3113195388003	0.004772288	0.9067188288132085
13901.921818105884	300	7.71642340110851	0.0	144254	1616.9133889130828	0.004851843	0.7919231021498258
13904.136289023614	300	7.94836740230686	0.0	149991	1268.05599880165	0.005330314	0.8554474105818317
13905.414671674327	300	7.632383522412543	0.0	147968	815.9838798943177	0.005836716	0.8616394885028433
13906.96967586188	300	7.591080771046918	0.0	161857	1041.3027513656257	0.007044001	0.8340078716530867
13908.398586556099	300	7.8034761800307315	0.0	145210	787.6045910161863	0.008247735	0.8856025550414818
13910.252996364143	300	7.556924303610463	0.0	172312	1246.5518764202677	0.009667302	0.8092655947889995
13910.997178792531	300	7.858762141228068	0.0	167025	698.1621623823945	0.012137666	0.901373061268297
13911.852347845219	300	7.664187747886939	0.0	160064	694.5743933411284	0.01735314	0.8777073657030671
13913.762440800434	300	7.634438590452318	0.0	137507	1029.7491574346197	0.01822485	0.8405167039300018
13916.032425309546	300	7.604618158286375	0.0	118421	1029.8204321659437	0.020871297	0.8368275906657638

