15184.248841061639	750	4.0	1.384287999087403	450283	1384.287999087403	0.0054113697	0.1987805024168411
15185.523062071954	750	6.725778989683334	0.0	398865	1274.2210103166653	0.59781826	0.38014838814912333
15186.181240631136	300	7.610944210024296	0.0	139857	614.83477965904	0.5513978	-0.0009157439091529648
15186.832422486603	300	7.552025138677862	0.0	155432	558.9190713464332	0.026156366	0.4509933849629556
15188.276772952886	300	7.955981302341141	0.0	163442	596.0438363367205	0.03451777	0.47252816869288183
15188.915690823678	300	7.870675705768215	0.0	126289	585.3055965729244	0.04157794	0.46827039288345357
15189.805185432346	300	7.827734619643465	0.0	153295	542.9410861247509	0.0331358	0.469823026045474
15191.53035742183	300	7.6184253670731925	0.0	173849	709.3092525702713	0.037958056	0.44010438111527994
15192.593613670435	300	7.5647286016784525	0.0	150710	1053.6967653947404	0.050313808	0.4023095819956618
15193.443277024995	300	7.549676599252481	0.0	139105	515.0520024259722	0.030812602	0.45523330814091545
15195.012244597672	300	7.637498493782097	0.0	141840	912.1781054703839	0.041945778	0.4210095662445752
15198.018192285272	300	7.937919369234852	0.0	156148	1199.5791245472453	0.028990457	0.4110457690526863
15201.067611298497	300	7.816394225249194	0.0	160746	2621.525143985658	0.02079413	0.26125584560974136
15203.726934407401	300	7.870679524315219	0.0	179801	945.714700933976	0.011813173	0.4322297211065361
15206.440903374405	300	7.580499244800094	0.0	140051	2290.1802795151248	0.019589176	0.2796468957787259
15210.067703425462	300	7.713993658416165	0.0	138313	1366.5055863839298	0.010931032	0.3803577659428498
15213.248393581254	300	7.823795707955289	0.0	143509	1390.1979504608748	0.008746471	0.38485115763135064
15216.994850459301	300	7.66581338589828	0.0	150616	1657.9823220570083	0.008485679	0.3481988253431742
15220.533545377964	300	7.995703233161195	0.0	165384	2170.1101527370847	0.0073679895	0.3176041577290988
15222.374683633685	300	7.904426550263877	0.0	140881	1591.2766828973174	0.0066171195	0.36978271203199314
15223.988083753791	300	7.727657233672555	0.0	157671	1176.769316591323	0.005880233	0.40018536637563495
15225.714901184981	300	7.8975639389347	0.0	157812	1330.0932947378549	0.008079905	0.3954721376398658
15226.814546161606	300	7.8211034568488795	0.0	163927	1076.4604820858212	0.0071972236	0.41605663877470533
15228.197801479533	300	7.591068054704028	0.0	137654	730.0354021448516	0.008230057	0.43632193413474907
15229.742350678833	300	7.9704034224956635	0.0	146754	1120.6646322083661	0.01007539	0.4209674716153749
15231.754348989674	300	7.92134651722122	0.0	153938	1049.056905274444	0.009062737	0.42506218772911436
15234.080507521261	300	7.8947380066619095	0.0	181901	1526.60851055931	0.009267498	0.37564399529067094
15235.472462826458	300	7.908535388276678	0.0	111155	986.2026183852323	0.009283047	0.4305469208590017
15238.173394454205	300	7.940945946808368	0.0	153605	1967.5894414683098	0.009065928	0.3344338984589245
15240.617988351234	300	7.545320091434169	0.0	149029	1895.625855374199	0.0077010733	0.3169036411074482
15242.159075360865	300	7.704260540444986	0.0	157421	1341.0595509891834	0.0073208846	0.38229404960912583
15244.453572232896	300	7.537025790750318	0.0	157488	1167.2347496946677	0.007822648	0.38922435788266063
15245.790215378265	300	7.712335331734532	0.0	143881	824.6904590157853	0.008408501	0.43443563326206225
15247.36245113392	300	7.807193759084639	0.0	163444	905.1415726498916	0.009668364	0.4323191736080334
15248.70834736351	300	7.77279276429082	0.0	179328	1034.4009947938198	0.009775899	0.41724316921902677
15249.770253300383	300	7.942587451253445	0.0	159914	830.2053130373749	0.010376686	0.4482749053298353
15251.501410346407	300	7.587859183158456	0.0	131610	854.7282680949895	0.012407342	0.4236520930681371
15252.910559671851	300	7.686498999901715	0.0	124011	901.3601832567421	0.011671871	0.42515389009841553
15254.42840924704	300	7.981468697399576	0.0	144254	705.0303025021389	0.012380997	0.46322248426749213
15256.644325267176	300	7.67992038117599	0.0	149991	801.548316223584	0.018195577	0.4347239131313736
15258.760337486425	300	7.8840981520072635	0.0	147968	795.8222291687277	0.020922039	0.4480576325138137
15261.655217764473	300	7.501752941523199	0.0	161857	882.3452104840657	0.021630634	0.41550875872702586
15262.849102215429	300	7.891078230327349	0.0	145210	1110.6747111958514	0.023671333	0.41700863920610665
15264.534025826422	300	7.725221366210091	0.0	172312	1165.8568641172574	0.020111829	0.40112436990663747
15265.756854467654	300	7.943340433532146	0.0	167025	781.8809326779455	0.02262655	0.4531544047581971
15266.816816575098	300	7.998833205588835	0.0	160064	944.5072279433103	0.03318376	0.44036007348520373
15267.77684563732	300	7.926546099727573	0.0	137507	572.2871058612623	0.034559425	0.47306414157707966
15268.670180074469	300	7.888749854833246	0.0	118421	537.7962448943272	0.04711741	0.4741509623678777

