20885.622275179965	750	4.0	2.752351768226307	450283	2752.351768226307	0.6403082	-11.68522849390361
20888.451319897074	750	5.17095528289082	0.0	398865	2829.0447171091805	0.6971112	0.2549206124959449
20890.704842801737	750	6.917432378227826	0.0	350812	2253.5229046629934	0.273281	0.48057323057688284
20893.352726908983	750	7.825950043445325	0.0	382355	1091.4823347825	0.52762395	0.684223161778991
20905.744414261077	1850	4.0	4.5657373086505775	996749	12391.687352095903	0.20481604	-21.487885029630185
20906.835251607343	300	6.9091626537328334	0.0	126289	1090.8373462671661	0.29604903	-0.9780229849487279
20908.4797535705	300	7.911374859875352	0.0	153295	997.7877938574825	0.34418672	0.6777460522461696
20913.968892912893	750	6.422235517480654	0.0	437162	5489.139342394698	0.23382558	-0.34065168277699215
20919.602101984532	750	4.789026445843255	0.0	374758	5633.209071637398	0.25416964	-0.06225691448192461
20922.39351721004	750	5.997611220333478	0.0	362795	2791.4152255097783	0.14225146	0.3382501500574544
20924.238913399276	750	7.765151963388285	0.0	353220	1232.4592569451918	0.14457175	0.6642735841622861
20930.489956686797	1850	5.514108675863506	0.0	917428	6251.04328752478	0.6155875	-1.0954154877965503
20934.699139192122	1200	5.30492617054067	0.0	624282	4209.182505322836	0.9622326	-0.49612951287721474
20938.912856423256	750	5.091208939408667	0.0	434409	4213.717231132003	0.40381235	-0.3412223165383205
20941.277026117714	750	6.727039244949908	0.0	337059	2364.1696944587593	0.3628781	0.45118299269927914
20946.849188049426	750	5.154877313237774	0.0	366214	5572.161931712133	0.28235662	-0.020938632106414112
20949.359343209217	300	6.644722153445229	0.0	143509	2510.155159792545	0.32332176	-0.0454074697659988
20950.86754165026	300	7.527306375590011	0.0	150616	1117.4157778552187	0.56480175	0.6288162188043642
20955.48130210688	750	6.913545918967855	0.0	405596	4613.760456622156	0.13214026	-0.20582460080995058
20960.06196479336	750	6.332883232485225	0.0	350713	4580.66268648263	0.16075306	0.1915957222209564
20964.519639685986	750	5.875208339862386	0.0	386472	4457.674892622838	0.642058	0.1598427647795086
20966.89540721424	300	7.49944081160755	0.0	157812	2375.767528254836	0.66936773	0.050298951058664304
20970.345466503335	300	7.583735232945984	0.0	163927	2915.705578661565	0.49519068	0.4544185813946639
20972.50025410822	300	7.97851829046868	0.0	137654	1105.2169424773049	0.031631984	0.6734657700998197
20976.478810227014	750	7.999962171673242	0.0	359903	3478.5561187954395	0.62609476	0.01226465162683138
20980.617976741705	750	7.860795656982333	0.0	379700	2639.166514690909	0.07505353	0.5328086743223894
20984.54686327115	750	7.584999064208335	0.0	425781	2775.796592773998	0.33794802	0.49259992603625813
20988.300490084643	750	7.831372250714887	0.0	277716	2253.626813493449	0.47953984	0.5685306076178473
20993.460501622834	1200	6.671360712527165	0.0	622896	5160.011538187721	0.4667415	-0.25969151386876493
20996.269713748603	750	7.862148586757237	0.0	400508	2809.2121257699287	0.14778966	0.06593433426735867
21000.01843181439	750	7.825759822924134	0.0	358218	3536.3887638331034	0.5020581	0.4397142099291452
21004.03116151669	750	7.813030120626503	0.0	400322	3012.729702297632	0.113261126	0.49085486753935825
21008.313353003152	750	7.530838634162188	0.0	369834	3782.191486464315	0.25690648	0.38674743274389495
21012.23165895125	750	7.612532686063075	0.0	412837	3418.3059480991133	0.08829247	0.4309991333964449
21015.859528134693	750	7.876376289747363	0.0	401088	3236.156396315712	0.14055786	0.47460934005229677
21018.510298282676	750	7.506847561820574	0.0	365161	2369.5287279267886	0.16429526	0.5257045401856686
21022.019535862444	750	7.997609982049896	0.0	321064	2509.237579770678	0.49467868	0.5589701045623197
21026.76087150138	750	7.256274343114548	0.0	361565	4741.3356389353485	0.43481538	0.26440588748289556
21030.47518517168	750	7.541960672819232	0.0	378327	3214.3136702953166	0.13412197	0.44460572342258053
21034.53612560401	750	7.481020240492098	0.0	390680	4060.9404323271337	0.10442334	0.35407746024861264
21038.004843808132	750	7.945195513621706	0.0	345516	3035.824726870393	0.09252658	0.5012664367505603
21042.313932512025	750	7.6361068097280835	0.0	384505	3809.0887038936226	0.1158942	0.394189894437458
21048.89498018003	750	5.05505914172697	0.0	372093	6581.047668001113	0.0951037	-0.1314348199891544
21052.43367854232	300	5.5163607794365035	0.0	172312	3538.698362290467	0.120293416	-0.2568678750234476
21053.999756300043	300	7.950283021714586	0.0	167025	1566.0777577219167	0.004705182	0.6246620113585049
21055.65999508274	300	7.9790666434476805	0.0	160064	971.2163782669047	0.3941347	0.6869186061281941
21058.04241397248	750	7.572368420294475	0.0	331053	1906.6982231532045	0.1959084	0.12829404893880988
21060.048122785374	750	7.69237429913782	0.0	314107	1379.9941211566552	0.7071381	0.6425151635309552

