6452.78049225924	750	4.0	8.215266709904062	450283	8215.266709904063	0.004705182	-35.28000013005953
6455.809554105662	300	4.97093815357864	0.0	155580	3029.0618464213608	0.007776173	-0.4004797169535461
6459.263220887528	300	5.517271371711869	0.0	139857	2453.6667818667706	0.0052248267	0.061132995363730167
6461.649545306556	300	5.958106883744424	0.0	155432	2059.164487967445	0.01160668	0.07284507909713499
6465.142102511155	300	5.645408189774868	0.0	163442	1812.6986939695573	0.020263318	0.08274954933162164
6467.197900941507	300	5.517438253713084	0.0	126289	1127.9699360617842	0.44780838	0.1329822677045036
6470.319186225563	300	5.540709944680857	0.0	153295	1476.7283090322276	0.0090555	0.10157589522902988
6473.723519935853	300	5.955821495997271	0.0	173849	1584.8884486835857	0.08857618	0.09464388495265427
6475.820901780547	300	5.586853266454053	0.0	150710	1868.9682295432174	0.14391717	0.08025818610980913
6478.3274672196485	300	5.9427773210778465	0.0	139105	1144.0759453762066	0.05421058	0.1311101772624679
6480.877495220745	300	5.649008100792769	0.0	141840	1293.7692202850778	0.13241899	0.11594030654628495
6484.571287260588	300	5.955216060949584	0.0	156148	2193.7920398431847	0.13977925	0.06837475807903934
6486.484784994537	300	5.57349255185255	0.0	160746	1381.723509097034	0.037943527	0.1085600693716401
6489.201128913523	300	5.591207680935408	0.0	179801	1482.2848709171424	0.057994507	0.10119512311232703
6492.752625607367	300	5.562488934347788	0.0	140051	1528.718746587621	0.04955034	0.09812138454822207
6495.669685446251	300	5.990347950384145	0.0	138313	1572.1409839636433	0.033398904	0.09541129041863897
6497.951797776225	300	5.7767511699067144	0.0	143509	1213.5967804774293	0.026787579	0.12359953685851899
6501.077428583975	300	5.703193545580227	0.0	150616	1573.557624326487	0.027172552	0.09532539366914058
6503.250019376081	300	5.5729347698395815	0.0	165384	1630.258775740645	0.023290312	0.09200993255310237
6505.525694597659	300	5.576263133832439	0.0	140881	1496.671636007142	0.013464568	0.10022238438364059
6509.119891468701	300	5.982066262789913	0.0	157671	2594.196871042526	0.011871251	0.0578213633954927
6512.156702229536	300	5.695261110679358	0.0	157812	2286.805152110555	0.0056971377	0.06559369514344539
6515.043348066474	300	5.841940991822695	0.0	163927	2353.3201188566622	0.0047553987	0.06373973468296189
6517.558636299333	300	5.885959782134273	0.0	137654	1455.9812096884245	0.004705182	0.10302330758245125
6520.066435387017	300	5.576713792776916	0.0	146754	1309.2459893573555	0.005087207	0.11456976093058542
6523.305738273524	300	5.536338879586995	0.0	153938	1540.3749131899212	0.0065916753	0.09737889049969595
6526.87851307418	300	5.624415403916979	0.0	181901	1911.9234756700164	0.005112122	0.07845502286509341
6528.421725344208	300	5.578234993396598	0.0	111155	1046.1804105203814	0.0050696046	0.14337871221024717
6532.199140153711	300	5.6980434708987815	0.0	153605	1380.191522497816	0.0048845713	0.108680569004319
6534.377330791417	300	5.8025597620478875	0.0	149029	1395.4837088508932	0.005961152	0.10748961026819656
6537.458225522437	300	5.643465951466101	0.0	157421	1659.0938105817856	0.0059951167	0.09041080078973973
6540.724578023534	300	5.6111901086363085	0.0	157488	1532.2758428297932	0.0050471984	0.09789360101310568
6542.988075982681	300	5.546479467696741	0.0	143881	2064.7106409395683	0.004705182	0.07264940521241317
6546.491379727292	300	5.959221273495038	0.0	163444	1587.2581942017034	0.004705182	0.09450258347882784
6549.004656052351	300	5.575605929169603	0.0	179328	1883.615344325434	0.004705182	0.07963409326213493
6552.826615635512	300	5.753646346008533	0.0	159914	2321.959583161071	0.004705182	0.06460060764528593
6557.023033348879	300	5.557228632642317	0.0	131610	2696.4177133662165	0.004705182	0.05562936308289546
6558.491586659524	300	5.861971034951067	0.0	124011	1195.2575976912474	0.004705182	0.12549596027646184
6561.09685584417	300	5.800984280104227	0.0	144254	2060.9867548468405	0.004705182	0.07278067151438197
6564.0573840905645	300	5.697861471807318	0.0	149991	1603.1228082969085	0.004705182	0.09356737938209102
6566.992234925531	300	5.929138716372186	0.0	147968	1768.7227554351332	0.004705182	0.08480696001623933
6570.938946960751	300	5.982426681151802	0.0	161857	2946.7120352203838	0.004705182	0.05090419362568679
6572.295812046308	300	5.7554142197496	0.0	145210	1227.0124614022018	0.004705182	0.12224814720184947
6573.7139954181885	300	5.586248831386687	0.0	172312	1169.165388362913	0.004705182	0.12829664775659563
6576.122841991905	300	5.881334498287015	0.0	167025	1204.914333099671	0.004705182	0.12449017816405371
6579.859855619026	300	5.719793785534974	0.0	160064	1161.5407127520414	0.004705182	0.12913882255974019
6581.924949978821	300	5.589983153822254	0.0	137507	1129.8106317127197	0.004705182	0.13276561203235424
6585.702450771011	300	5.812482361632273	0.0	118421	1777.5007921899805	0.004705182	0.0843881480441939

