2021.934437533494	750	4.0	5.693969597015465	450283	5693.969597015464	0.007539799	-0.07337709458526737
2023.737774128669	300	6.1966634048252285	0.0	155580	1803.336595174772	0.027069924	0.13563310824156716
2025.9830245815822	300	7.707691269693634	0.0	139857	1488.9721351315945	0.007158191	0.8036390545619786
2028.6308794708095	300	7.631902950590819	0.0	155432	1575.7883191028166	0.0073253512	0.7855997074600715
2031.6355363502785	300	7.970607824518663	0.0	163442	1661.2951260721543	0.00809862	0.81886956532008
2033.1144890849284	300	7.557812267142044	0.0	126289	1412.795557376619	0.009353948	0.7927508652488389
2035.2233067917587	300	7.541482078663683	0.0	153295	1516.3301884783612	0.007634931	0.780381082535756
2037.8284115949582	300	7.6751733837896845	0.0	173849	1866.308694873998	0.009013957	0.7618903530247207
2040.5445972737646	300	7.6514785937993945	0.0	150710	1523.6947899902898	0.008693216	0.7932261024767047
2043.9393700430667	300	7.520337644006393	0.0	139105	1631.1409497930022	0.009548515	0.766289262618425
2046.496149666665	300	7.51376380871177	0.0	141840	1506.573835294624	0.009139461	0.7779342900519757
2050.493852235538	300	7.516061239838845	0.0	156148	2497.702568872924	0.009285897	0.6791050849092426
2053.518091752942	300	7.74289561682498	0.0	160746	2273.1656230138647	0.0081192525	0.7295664538423727
2057.155640632267	300	7.634658124357709	0.0	179801	2108.2374924672717	0.0076282453	0.7326949766978936
2059.562637371379	300	7.875815476830559	0.0	140051	1758.8426475271497	0.008093456	0.7974106207151654
2062.2576367074257	300	7.5123927830496	0.0	138313	1863.4226937809588	0.0076582227	0.7420801210427475
2065.862732850149	300	7.907296640326184	0.0	143509	2605.0961427234156	0.0074279364	0.7166723106600686
2068.177880028017	300	7.738059467736777	0.0	150616	2169.237172589406	0.0064887116	0.7393621703077631
2070.522065723848	300	7.673921670160569	0.0	165384	2064.137797576208	0.0065976246	0.7419528912788106
2072.2951335172775	300	7.572411665323238	0.0	140881	1601.5100048373308	0.006596183	0.7756820361175487
2076.1504355310876	300	7.500539614714471	0.0	157671	2571.8720506087675	0.00712604	0.6697716519964438
2079.8583384557514	300	7.792636690050591	0.0	157812	3207.90292466388	0.0065499484	0.6422343491183399
2083.7998230255384	300	7.851152120263595	0.0	163927	3941.484569786995	0.005881707	0.5761011966851883
2087.6871706672596	300	7.963804478542417	0.0	137654	3387.347641721178	0.0054214243	0.6454242916160914
2091.6856389654527	300	7.965336180349205	0.0	146754	2498.468298193213	0.0050440934	0.7345013481203516
2093.3866483379365	300	7.884148135690361	0.0	153938	1581.188044658844	0.0053563574	0.8162049303276258
2096.2549603759394	300	7.874902751851694	0.0	181901	2009.2453838386668	0.006077247	0.7722576511852867
2098.2572916443914	300	7.688270516207438	0.0	111155	1186.6322356442556	0.0065851915	0.8314751269355807
2100.8166624175183	300	7.861434565048068	0.0	153605	1826.835951159369	0.006336513	0.7888356516706654
2103.072444084326	300	7.8798111951281316	0.0	149029	1981.6233699199372	0.0063436166	0.7756259074558991
2106.7567630127355	300	7.81973094136676	0.0	157421	2560.08025376137	0.0065865954	0.710361995236354
2111.5629069301185	300	7.013587023984179	0.0	157488	4806.143917382581	0.006502699	0.38621949764476354
2116.2030717203593	300	6.37342223374293	0.0	143881	4640.164790241251	0.005629938	0.3237750393926481
2121.320071420945	300	5.256422533156981	0.0	163444	5116.999700585948	0.005479115	0.1381734590649042
2126.109834343948	300	4.466659610154344	0.0	179328	4789.762923002638	0.004921338	0.07338359829850927
2128.9710300883794	300	5.6054638657227605	0.0	159914	2861.1957444315826	0.004994522	0.40685065555378586
2130.858296981086	300	7.7181969730160285	0.0	131610	1887.2668927067327	0.005077525	0.7651067380858384
2133.756225588982	300	7.842118881067806	0.0	124011	1876.0780919482224	0.0051796557	0.7815264931494916
2135.9388929244565	300	7.691710499804449	0.0	144254	2150.4083812633576	0.0053132074	0.7355222537273622
2138.078008375456	300	7.968282255910108	0.0	149991	1223.4282438943408	0.0051880786	0.862369111134113
2139.3539223355365	300	7.9931688844224515	0.0	147968	975.1133714876547	0.006626313	0.8902733979928777
2141.540212378081	300	7.800424119446918	0.0	161857	1692.7447649755336	0.008940343	0.7947116938881977
2143.401404417564	300	7.741600819489462	0.0	145210	1058.8232999574561	0.008900588	0.8508408150446972
2145.3485353085025	300	7.579219672283261	0.0	172312	1662.381147206201	0.010534208	0.7704355195203291
2147.8557569354125	300	7.587983816194598	0.0	167025	1491.2358560886646	0.010648182	0.7886321742422406
2150.139190680851	300	7.819259800386113	0.0	160064	2268.7240158084846	0.011476457	0.7394394463537048
2154.34937643945	300	7.609074041786742	0.0	137507	2710.1857585993703	0.010371273	0.6693412344800886
2157.983949399862	300	7.97450108137506	0.0	118421	2134.5729604116814	0.009313166	0.7720224897560403

