5840.036883480603	750	4.0	2.7857807865153212	450283	2785.7807865153213	0.49660695	-11.80443877736472
5842.437105591844	750	5.599777888758914	0.0	398865	2400.222111241086	0.120838664	0.1744186046511628
5843.237001698038	300	7.97283123685524	0.0	139857	626.9466519036746	0.68788564	-0.3802325581395349
5845.723953590945	750	7.5608299841817646	0.0	382355	1912.0012526734758	0.37625197	-0.2755813953488372
5848.1795026020945	750	7.600530779623261	0.0	411561	1960.299204558503	0.17759877	0.1744186046511628
5850.054280270944	750	7.585766881894604	0.0	318564	1514.7638977286565	0.098228596	0.1744186046511628
5851.810286730942	750	7.5177706137562925	0.0	352642	1567.9962681383122	0.06561014	0.1744186046511628
5854.208608649173	750	7.697614679020026	0.0	437162	2320.155934736268	0.05286197	0.1744186046511628
5857.010879593395	750	7.535562208206702	0.0	374758	2162.0524708133235	0.040318225	0.1744186046511628
5860.375971044244	750	7.618125733786419	0.0	362795	2417.4364744202826	0.05151894	0.1744186046511628
5862.368291276748	750	7.690793096198371	0.0	353220	1927.3326375880483	0.054743245	0.1744186046511628
5864.812892725148	750	7.8009862028569446	0.0	405134	1889.8068933414268	0.05044002	0.1744186046511628
5867.679411754954	750	7.77012392733269	0.0	386351	2030.862275524253	0.042706776	0.1744186046511628
5870.436635840959	750	7.519340261471738	0.0	434409	2250.7836658609526	0.045048192	0.1744186046511628
5873.236067681185	750	7.7728446086307414	0.0	337059	1746.4956528409975	0.0459289	0.1744186046511628
5876.453887080152	750	7.570402959940125	0.0	366214	1702.441648690616	0.041806392	0.1744186046511628
5878.670856338218	750	7.799607210794816	0.0	360831	1770.795749145308	0.042620372	0.1744186046511628
5881.41617214489	750	7.775036023768915	0.0	372963	2024.5711870259022	0.04036428	0.1744186046511628
5884.311805614685	750	7.872591622544867	0.0	405596	1902.4444012240485	0.039592303	0.1744186046511628
5888.023995897649	750	7.763090977197906	0.0	350713	2609.5006453469614	0.037847944	0.1744186046511628
5890.803401496468	750	7.649732982296848	0.0	386472	1613.3579949010584	0.050597798	0.1744186046511628
5894.177481706921	750	7.675716755329671	0.0	399894	2474.0162269671773	0.04305108	0.1744186046511628
5897.966169932844	750	7.636404567361129	0.0	401853	3539.3121879685423	0.051254928	0.1744186046511628
5901.64321788343	750	7.959356616775045	0.0	343800	2677.0479505860844	0.10073851	0.1744186046511628
5904.738857288253	750	7.899748927683908	0.0	359903	3059.6076890911363	0.07140179	0.1744186046511628
5907.743835999696	750	7.650275406028157	0.0	379700	2749.4735216557515	0.14909442	0.1744186046511628
5909.928362754137	750	7.5607647045508495	0.0	425781	2089.5107014773066	0.14349106	0.1744186046511628
5911.458741247997	750	7.843083446103266	0.0	277716	1217.6812584475833	0.09203324	0.1744186046511628
5913.762096573989	750	7.662754419813182	0.0	400396	2180.329026290084	0.05070961	0.1744186046511628
5916.241799103576	750	7.659416338370347	0.0	400508	2003.338081442835	0.05549636	0.1744186046511628
5918.891431050089	750	7.527782594187122	0.0	358218	1631.6337441832259	0.051122572	0.1744186046511628
5921.834656882852	750	7.600168706969191	0.0	400322	1927.6138872179297	0.04283509	0.1744186046511628
5924.522763620773	750	7.703921330282463	0.0	369834	1896.247376686728	0.04603635	0.1744186046511628
5928.33989990737	750	7.7162829246000015	0.0	412837	3487.638405682461	0.04067172	0.1744186046511628
5931.971191588163	750	7.7153859626615375	0.0	401088	3000.8969619384648	0.076402135	0.1744186046511628
5935.738025227093	750	7.522166464623035	0.0	365161	2693.219498038504	0.095825695	0.1744186046511628
5938.954852157706	750	7.665560064762354	0.0	321064	2356.60639986068	0.13044478	0.1744186046511628
5942.700547619197	750	7.712822689893264	0.0	361565	2452.7373748690893	0.16214147	0.1744186046511628
5946.894193176601	750	7.519177132489297	0.0	378327	4193.645557403967	0.10453461	0.1744186046511628
5952.1270804579835	750	6.286289851106698	0.0	390680	5232.887281382599	0.32531822	0.1744186046511628
5953.757706878669	300	7.875722065468708	0.0	147968	1410.5677856379907	0.61989844	-0.3802325581395349
5957.751738889887	750	7.881690054250599	0.0	384505	3994.0320112181093	0.6800852	-0.2755813953488372
5961.961846067469	750	7.671582876668397	0.0	372093	4210.107177582202	0.624197	0.1744186046511628
5966.861769844533	750	6.77165909960541	0.0	438281	4899.923777062987	0.686091	0.1744186046511628
5968.74485870043	300	7.792175510111938	0.0	167025	1479.4835894934731	0.6226759	-0.3802325581395349
5971.034827526977	300	7.58399370653987	0.0	160064	1208.1818035720676	0.342559	0.06976744186046512
5973.662076507498	750	7.606262765767344	0.0	331053	1977.7309407725272	0.6576872	-0.2755813953488372
5976.39282221705	750	7.9956488403652655	0.0	314107	2110.613925402079	0.31962013	0.1744186046511628

