624.6907490786692	750	4.0	4.127748728925795	450283	4127.748728925795	0.033083044	-0.07556557056699809
627.3146888127818	300	5.376060265887466	0.0	155580	2623.939734112534	0.11570259	-0.3415064858630542
628.6795641339005	300	7.759466779627364	0.0	139857	1116.593486260102	0.006192971	0.4081910460309326
629.8135972005264	300	7.7265912114135755	0.0	155432	1032.875568213788	0.007422019	0.4145081148222022
631.3122274008009	300	7.772854827132407	0.0	163442	953.7363842811674	0.012482858	0.42531350919789124
632.7754986246206	300	7.868666151819244	0.0	126289	904.188675313164	0.01179766	0.4362564878876189
634.7794198713772	300	7.5862468217442185	0.0	153295	1282.4193300750255	0.009443969	0.38078221428174364
637.9696700260375	300	7.686872702754869	0.0	173849	1899.3741189893497	0.008872408	0.3253758529534768
640.6135016669778	300	7.630394866770237	0.0	150710	2556.477835984631	0.010514239	0.25613561650490924
644.2695850911405	300	7.911030076216635	0.0	139105	2219.364790553602	0.008008705	0.307386621638412
646.0520486593865	300	7.953157604148175	0.0	141840	1457.8724720684595	0.0076531563	0.38616882398264757
648.2491939548382	300	7.6768805522111325	0.0	156148	1276.2770519370426	0.00805996	0.38706105024972404
649.5846317819215	300	7.934595755626819	0.0	160746	1242.2847965843143	0.008902367	0.4065674759984773
650.8078878035936	300	7.579544260040222	0.0	179801	855.0514955865967	0.0080896	0.42310008762408674
651.629018635798	300	7.978081068830829	0.0	140051	601.4631912093937	0.011650777	0.4733674686112199
652.6960443483512	300	7.909402014001733	0.0	138313	568.679054829096	0.014408776	0.47235344132243123
653.3780295500819	300	7.827582813498389	0.0	143509	581.8192005033437	0.016797144	0.46592572672354754
653.9356292759857	300	7.81386594641025	0.0	150616	513.7168670881405	0.01933413	0.47187865587205907
654.6109461074967	300	7.793148879012462	0.0	165384	520.717067397787	0.025885873	0.4698838191287328
655.2751069416171	300	7.793368420308973	0.0	140881	499.7804587034893	0.035781734	0.47199120132919437
656.2897279133581	300	7.548248031546827	0.0	157671	745.1203887621441	0.033778265	0.4321371840256949
657.4146772129951	300	7.500523749467831	0.0	157812	1047.7242820789966	0.0284056	0.3988940270640723
658.4511740903541	300	7.935887743317344	0.0	163927	564.6360061504868	0.022886246	0.47441310427251787
659.0505913026806	300	7.942109587058345	0.0	137654	493.77815625900007	0.03835006	0.4818877544954791
660.5480580311395	300	7.906195798512639	0.0	146754	535.913788545706	0.038504954	0.47542957948270187
662.379131946591	300	7.521435344143439	0.0	153938	1384.7604543691996	0.035695266	0.36649738450227753
663.4773693586992	300	7.525473373480523	0.0	181901	995.9619706629173	0.016893605	0.40562960970647344
665.0627440726952	300	7.503923727705184	0.0	111155	521.5496457753409	0.02092291	0.4517239893342724
667.4503671515743	300	7.537024736375928	0.0	153605	1466.8989913292555	0.023378812	0.35925786782080243
668.4955658268168	300	7.689787438029569	0.0	149029	847.2372983463601	0.014042085	0.4307717059724445
669.5497441122156	300	7.916678916778243	0.0	157421	773.1085212513261	0.016678888	0.4523653011037401
670.6547812348756	300	7.539695285522117	0.0	157488	876.9836312561266	0.01697576	0.41841631314975225
671.6385900753909	300	7.851817629966303	0.0	143881	687.8776555558138	0.017306304	0.45683455724754507
672.458296498705	300	7.809930001289025	0.0	163444	541.8876286772775	0.015257019	0.46881558314306887
673.7894869464101	300	7.558244112754895	0.0	179328	751.6858885341297	0.023998523	0.4321053891240005
675.0111569476691	300	7.827161386710774	0.0	159914	731.0827260441217	0.022922583	0.4509730349952437
675.6598683715449	300	7.7580993838803955	0.0	131610	569.0620028303795	0.020029217	0.4628587321397193
677.9074097694619	300	7.549153357444608	0.0	124011	708.9460264357878	0.022397418	0.4358112031269417
679.5032291433305	300	7.755541332250883	0.0	144254	1293.6120251937239	0.022656605	0.39024385167654035
680.7244317409828	300	7.671043669762177	0.0	149991	584.4976624887056	0.017672218	0.45587418404149804
681.8245298317696	300	7.529347086950576	0.0	147968	641.6965828115996	0.03288802	0.44129825558348357
683.0554472501517	300	7.873089232247181	0.0	161857	1156.257854703396	0.036470626	0.41132601247534173
684.2293213847709	300	7.548481932276891	0.0	145210	824.6072999702898	0.024608675	0.42420311170050923
685.3531510804511	300	7.77120047776122	0.0	172312	777.28145451567	0.024540333	0.4428556053387418
686.2939876406821	300	7.5590563182279915	0.0	167025	712.1441595332301	0.03621807	0.43611032486615897
687.11561730047	300	7.537587626682918	0.0	160064	521.4686915450727	0.045660377	0.4538360784434077
687.5089973882019	300	7.66097810543843	0.0	137507	376.609521244489	0.06250483	0.47603390039568544
688.4160295997714	300	7.750847330397341	0.0	118421	410.1307750410894	0.098533385	0.47829860157595744

