1804.6463915435957	750	4.0	5.558065529459364	450283	5558.065529459364	0.04971738	-0.12240655294593639
1807.4541106754436	300	5.192280868151962	0.0	155580	2807.719131848038	0.5341501	-0.22582259875702548
1808.8396430100604	300	7.8067485335352504	0.0	139857	1385.5323346167118	0.052207015	0.620653061424632
1810.6700493619305	300	7.742203846012171	0.0	155432	1564.5446875230796	0.04028614	0.5964748552723758
1814.7047849340438	300	7.607766973228976	0.0	163442	2134.436872783195	0.05692423	0.5264116508681984
1818.362701120877	300	7.949850786395711	0.0	126289	2157.9161868332644	0.04859684	0.5573313702936564
1821.9926613641233	300	7.91897802675451	0.0	153295	2530.872759641201	0.03406448	0.517033337137756
1823.3273158790898	300	7.606194539673761	0.0	173849	1312.7834870807494	0.030382497	0.6084240702751984
1825.4558185545545	300	7.982878744534231	0.0	150710	1123.3157951395297	0.04357615	0.664003378392001
1827.0133671425415	300	7.911697895453322	0.0	139105	1071.180849080909	0.04504154	0.6622945354247447
1828.9518890367085	300	7.825620765372893	0.0	141840	1086.0771300804308	0.04815224	0.6524339064244707
1831.29147945754	300	7.922047932250443	0.0	156148	1403.572833122448	0.049962543	0.6300618780991107
1833.4361701282073	300	7.742711424121218	0.0	160746	1179.3365081292238	0.047188647	0.635045035182866
1836.151860518971	300	7.652543357708508	0.0	179801	1590.1680664127107	0.050087653	0.5851930348958814
1837.7220954889617	300	7.940186987188541	0.0	140051	1212.3563705199663	0.04834799	0.650947547452089
1840.0693710051544	300	7.73048857652767	0.0	138313	1209.6984106608716	0.04718267	0.6308201730012288
1843.27055472545	300	7.888685168995795	0.0	143509	1341.8034075318762	0.04592975	0.6329942919316535
1846.0738188823211	300	7.796743323242044	0.0	150616	2591.94184575375	0.044698127	0.49903910360991377
1848.4865038119476	300	7.831061966287485	0.0	165384	1465.6813569545589	0.038090594	0.6150026405260021
1849.7082438802686	300	7.618693751862902	0.0	140881	1212.3682144245843	0.035744965	0.6196811459262088
1851.9723195834547	300	7.926341851068229	0.0	157671	1192.351900794672	0.03768254	0.6516015549369181
1853.7789647037978	300	7.923881163492196	0.0	157812	1502.4606875760323	0.040614534	0.6203513743920128
1856.419378843071	300	7.770766257789257	0.0	163927	1653.1149057029402	0.037890263	0.5903955279997112
1858.8693392390758	300	7.719435705171942	0.0	137654	1551.3305526173162	0.035228923	0.5955820670662397
1861.2214489056325	300	7.682695812637241	0.0	146754	1536.7398925347006	0.033648014	0.5934681785255016
1863.9535842609675	300	7.804313026780836	0.0	153938	1378.3827858564055	0.032379255	0.6211311632687957
1867.8093890849004	300	7.948508202847886	0.0	181901	1855.8048239329487	0.034875188	0.5874119403336622
1870.889243392536	300	7.783359769335882	0.0	111155	1165.1484335120035	0.03444364	0.6404168942167142
1872.6834405409643	300	7.9836140801834645	0.0	153605	1299.7456891524175	0.032052666	0.6464319003826002
1874.733661795546	300	7.680729168030617	0.0	149029	1802.8849121528472	0.033905584	0.5666624203756929
1876.972828416404	300	7.584814085815924	0.0	157421	2095.9150822146926	0.033323538	0.5280316616241294
1880.6008584140754	300	7.60242480880187	0.0	157488	2482.3892770140533	0.030573763	0.4910968849545766
1884.537133024504	300	7.666150198372939	0.0	143881	2936.2746104289304	0.027989455	0.4519056457488754
1887.3227738705991	300	7.864287435868651	0.0	163444	2301.862762504288	0.02579458	0.5346156768877977
1890.1069765022364	300	7.624075209845434	0.0	179328	1740.2122260232175	0.023902252	0.5674200915551468
1892.9405688456045	300	7.754274178968377	0.0	159914	1869.8010308770567	0.02697753	0.5671230608169691
1895.521022749793	300	7.840942945119676	0.0	131610	1413.3312338487015	0.027920345	0.6211985780280184
1898.565412807876	300	7.892309222748063	0.0	124011	1448.6337223716132	0.027651593	0.6226636996750878
1900.9223974647107	300	7.60169505718644	0.0	144254	1790.6141655616232	0.028963141	0.560203427755219
1904.7300965187549	300	7.793996003142289	0.0	149991	1807.6990540441502	0.031228323	0.5771962059011726
1908.2383447246614	300	7.711906730347613	0.0	147968	2082.0892727946757	0.032495663	0.5417740022468378
1910.8112723734796	300	7.618522352994434	0.0	161857	1593.3843773531787	0.031476572	0.5815628610933908
1912.8806908058295	300	7.563584744051925	0.0	145210	1054.9376089425105	0.036163136	0.6300648554647987
1915.4082743694569	300	7.582033431442011	0.0	172312	2481.5513126099136	0.042169906	0.4891976199467442
1917.4159614689688	300	7.856205964194671	0.0	167025	1725.8274672473397	0.03928646	0.5914332832931978
1919.964828769356	300	7.947702115633448	0.0	160064	1408.5038485612217	0.037128277	0.6320636458892306
1921.059923198	300	7.890336665224331	0.0	137507	1057.3654504091182	0.039642904	0.6615986956521545
1922.7967438637058	300	7.515790807488938	0.0	118421	874.5458577353928	0.046807352	0.6434560702547599

