4800.521375222512	750	4.0	11.415819972284071	450283	11415.81997228407	0.004705182	-49.80448859175777
4803.344464294886	300	5.176910927625635	0.0	155580	2823.0890723743646	0.004705182	-0.21797938618337576
4805.640866806812	300	6.880508415700065	0.0	139857	2296.4025119255693	0.004705182	0.44866249499178135
4808.723201160419	300	7.798174062092836	0.0	155432	2082.334353607229	0.004705182	0.5583956887876742
4812.529077584534	300	7.992297637977527	0.0	163442	3805.8764241153094	0.009352179	0.4047261000428096
4816.686043442599	300	7.835331779912842	0.0	126289	2656.965858064684	0.004705182	0.5045090115828665
4820.721102567749	300	7.800272654762541	0.0	153295	4035.0591251503006	0.004705182	0.3633252036007744
4826.0611894087115	300	6.460185813800578	0.0	173849	5340.0868409619625	0.004705182	0.10383752636824573
4831.264202416149	300	5.257172806362817	0.0	150710	5203.013007437761	0.004705182	0.0017535188057798967
4836.077745062414	300	4.4436301600977	0.0	139105	4813.542646265117	0.004705182	-0.03760386406262367
4840.650182864935	300	4.0	0.12880764242361784	141840	4572.437802521318	0.004705182	-0.6100661572162163
4844.833249866042	300	4.0	0.18306700110761084	156148	4183.067001107611	0.004705182	-0.8044443194160155
4850.339607116077	300	4.0	1.5063572500347573	160746	5506.357250034757	0.004705182	-6.62692141469546
4856.4391332805435	300	4.0	2.0995261644660888	179801	6099.526164466089	0.004705182	-9.236864638193317
4861.071347055339	300	4.0	0.6322137747958132	140051	4632.213774795813	0.004705182	-2.780690123644106
4864.007363563212	300	5.06398349212802	0.0	138313	2936.01650787198	0.004705182	0.2098584742188765
4866.00997700686	300	7.061370048479296	0.0	143509	2002.613443648724	0.004705182	0.4954495427898186
4868.475379343261	300	7.605879715695003	0.0	150616	1455.4903327842937	0.004705182	0.6025715380140869
4870.950973425896	300	7.883038628485756	0.0	165384	1222.8410872092472	0.004705182	0.652513327923905
4872.63284546921	300	7.868479114091337	0.0	140881	1014.5595143944203	0.007791	0.6719401151351126
4873.670707983368	300	7.838204173922757	0.0	157671	1030.2749401685787	0.04574155	0.6674545746122786
4876.321686609705	300	7.671508580998734	0.0	157812	1166.695592924023	0.28649446	0.6377678660579683
4877.578119424917	300	7.915433766399446	0.0	163927	1256.0748145992877	0.35681182	0.6523080246111785
4880.643378622982	750	7.942983191723362	0.0	343800	1972.4505746760838	0.5998963	0.15739091343302036
4882.62884493698	750	7.966654336418305	0.0	359903	1476.3288553050565	0.086702734	0.6592814603767346
4887.36556123702	1850	7.229938036377837	0.0	905935	4736.716300040468	0.9374684	-0.7788322320730878
4892.6321253518	1850	5.963373921598544	0.0	1076599	5266.564114779293	0.02915531	0.14627472808304443
4895.867765543681	1850	6.727733729716256	0.0	758197	3235.6401918822885	0.28729194	0.42293763440225685
4899.973364083516	1850	6.622135189882674	0.0	972798	4105.5985398335815	0.010531918	0.32577781822844404
4904.013875031439	1850	6.581624241959592	0.0	975811	4040.5109479230823	0.012491931	0.3283873519096343
4908.180553969566	1850	6.414945303832779	0.0	873429	4166.678938126813	0.013666737	0.29972751265395586
4912.147420208205	1850	6.448079065193499	0.0	954453	3966.86623863928	0.024351183	0.32289794538854727
4917.279388017672	1850	5.316111255727199	0.0	885062	5131.9678094663	0.010301083	0.09743457972155589
4919.908209703522	750	6.687289569877102	0.0	412837	2628.8216858500973	1.118963	-0.6791081585589411
4922.899445354504	750	7.696053918895157	0.0	401088	2491.235650981944	0.13030681	0.5317451781984065
4926.656470547377	750	7.939028726022869	0.0	365161	3257.025192872289	0.079322726	0.478552829724065
4928.364775409084	750	7.768257810713123	0.0	321064	1170.770915309747	0.207489	0.670741359716729
4930.42758085906	750	7.640622011424795	0.0	361565	1627.6357992883288	0.9410738	0.6127697782743606
4934.462711168389	1850	7.605491702095784	0.0	908665	4035.130309329011	1.0164689	-0.672526159077879
4938.4367781653455	1850	7.63142470514062	0.0	930577	3974.0669969551636	0.007085626	0.4360762536437427
4942.108509540052	1850	7.959693330433518	0.0	858450	3671.731374707102	0.0067457077	0.4979060500583513
4946.415265935738	1850	7.652936934747794	0.0	1025005	4306.756395685724	0.0051615164	0.4048778907075066
4950.461136496529	1850	7.607066373956175	0.0	886255	4045.8705607916186	0.0062928256	0.4265513797604739
4955.306524758793	1850	6.761678111692726	0.0	973972	4845.388262263449	0.007336323	0.26523001332015383
4959.928791334583	1850	6.139411535902198	0.0	958994	4622.266575790528	0.022986341	0.2276483056043873
4964.931299159604	1850	5.136903710881216	0.0	982064	5002.507825020982	0.15050465	0.09313164506905158
4966.686021201324	750	7.382181669160619	0.0	331053	1754.7220417205976	0.9921454	-0.5248140272963103
4968.719060340553	750	7.587467072021948	0.0	314107	1794.71459713867	0.16150676	0.5909456742013107

