8746.898510875753	750	4.0	4.717391294739914	450283	4717.391294739914	0.08479383	-20.110363962730467
8748.353441012281	300	6.545069863471299	0.0	155580	1454.9301365287008	0.03735182	-0.3802325581395349
8750.037526275766	300	7.794187947363007	0.0	139857	1250.881916108293	0.21300355	0.06976744186046512
8752.140918350005	300	7.98909351718201	0.0	155432	1805.094430180997	0.6629189	0.06976744186046512
8754.592552250657	300	7.507425379334589	0.0	163442	1981.6681378474207	0.5091108	0.06976744186046512
8758.563716001601	750	7.536261628389191	0.0	318564	3971.1637509453976	0.6927633	-0.2755813953488372
8762.19468917004	750	7.706339829645782	0.0	352642	3329.921798743409	0.60191214	0.1744186046511628
8766.293484084023	750	7.607544915663414	0.0	437162	4098.794913982368	0.3134532	0.1744186046511628
8769.905922661348	750	7.7212487211895695	0.0	374758	3386.296194473844	0.41822362	0.1744186046511628
8773.755191828175	750	7.8719795543629205	0.0	362795	3849.269166826649	0.55744797	0.1744186046511628
8775.33767210282	300	7.51844521092877	0.0	141840	1353.5343434341507	0.47641727	-0.3802325581395349
8778.97221335929	300	7.840647605549963	0.0	156148	1677.7976053788082	0.5255377	0.06976744186046512
8780.786082254897	300	7.7170850118902905	0.0	160746	1623.562593659672	0.67964804	0.06976744186046512
8785.818005344883	750	6.685161921905147	0.0	434409	5031.923089985144	0.6694807	-0.2755813953488372
8792.54467356438	750	4.0	0.041506297592478404	337059	6726.668219497626	0.4803573	-0.004058474996494338
8794.795090320678	300	5.749583243701708	0.0	138313	2250.416756298292	0.020913333	-0.3802325581395349
8797.039407049919	300	7.505266514461867	0.0	143509	2244.316729239841	0.043859653	0.06976744186046512
8800.669995586226	300	7.874677978155032	0.0	150616	2630.588536306835	0.101402804	0.06976744186046512
8803.51934461774	300	7.862113169336959	0.0	165384	2512.5648088180737	0.2228781	0.06976744186046512
8807.627720887438	750	7.753736899639181	0.0	350713	4108.376269697778	0.5843638	-0.2755813953488372
8809.945972762407	300	7.927191265600533	0.0	157671	1326.5456340386484	0.6672294	-0.3802325581395349
8813.761762848559	750	7.86514932869137	0.0	399894	3562.0419369091633	0.6921655	-0.2755813953488372
8817.935398773434	750	7.691513403816306	0.0	401853	3673.635924875064	0.40574378	0.1744186046511628
8822.258939056086	750	7.367973121164455	0.0	343800	4323.540282651851	0.5659992	0.1744186046511628
8825.288196263942	750	7.878806676519743	0.0	359903	2989.166444644711	0.6152059	0.1744186046511628
8829.663200707639	750	7.50380223282415	0.0	379700	3375.0044436955945	0.6307431	0.1744186046511628
8835.131206158185	750	6.035796782276765	0.0	425781	5468.0054505473845	0.52681744	0.1744186046511628
8837.23072127083	300	7.557589554481945	0.0	111155	978.2072277948198	0.19887953	-0.3802325581395349
8840.570974106446	750	7.733117127098392	0.0	400396	3324.472427383553	0.6452629	-0.2755813953488372
8844.622059397641	750	7.682031835903046	0.0	400508	4051.0852911953457	0.49946958	0.1744186046511628
8848.447976358275	750	7.856114875270099	0.0	358218	3825.916960632947	0.5784048	0.1744186046511628
8852.31842124228	750	7.602283782298119	0.0	400322	3253.8310929719814	0.33015278	0.1744186046511628
8856.371888292775	750	7.548816731802632	0.0	369834	3553.4670504954856	0.6621856	0.1744186046511628
8860.200248478552	750	7.720456546024849	0.0	412837	3828.3601857777835	0.52388585	0.1744186046511628
8864.291628718549	750	7.629076306028676	0.0	401088	4091.3802399961733	0.62371916	0.1744186046511628
8869.725050556099	750	6.195654468479814	0.0	365161	5433.421837548861	0.64514804	0.1744186046511628
8874.184939708573	750	5.735765316004657	0.0	321064	4459.889152475158	0.20575649	0.1744186046511628
8876.154743125497	300	7.765961899081376	0.0	124011	1969.803416923281	0.08762738	-0.3802325581395349
8880.112212314876	750	7.808492709702037	0.0	378327	3457.4691893793397	0.18599866	-0.2755813953488372
8881.906163715239	300	7.60171938883443	0.0	149991	1206.7733208676075	0.69232315	-0.3802325581395349
8883.537351478813	300	7.744714589796518	0.0	147968	1357.0047990379117	0.62672067	0.06976744186046512
8887.433597852085	750	7.8484682165248625	0.0	384505	3896.246373271656	0.69071805	-0.2755813953488372
8891.372963777327	750	7.909102291282845	0.0	372093	3439.3659252420166	0.3876637	0.1744186046511628
8895.36838761418	750	7.913678454428198	0.0	438281	3995.4238368546467	0.23338564	0.1744186046511628
8899.005110242584	750	7.787926642177961	0.0	398987	3625.751812250238	0.5136634	0.1744186046511628
8903.283044814427	750	7.5099920703371374	0.0	393804	3777.9345718408235	0.6247839	0.1744186046511628
8907.0954484298	750	7.697588454963489	0.0	331053	3312.4036153736492	0.64715207	0.1744186046511628
8910.908574885698	750	7.884461999066753	0.0	314107	3813.1264558967355	0.6935281	0.1744186046511628

