1943.6005692359438	750	4.0	1.7282306058808998	450283	1728.2306058809	0.031088594	-7.256973000636706
1944.2783430583365	300	7.32222617760719	0.0	155580	677.7738223928094	0.38726217	-0.3802325581395349
1945.9970029974868	750	7.625898465083829	0.0	350812	1696.3277125233612	0.45659912	-0.2755813953488372
1947.9849486980136	750	7.973091732903986	0.0	382355	1652.8067321798428	0.09890243	0.1744186046511628
1949.1797169789552	750	7.568277014621636	0.0	411561	904.8147182823511	0.07165784	0.1744186046511628
1950.336997115175	750	7.754613813691314	0.0	318564	813.6632009303203	0.059769806	0.1744186046511628
1951.2960050801564	750	7.9769182320454455	0.0	352642	777.6955816458677	0.061469767	0.1744186046511628
1952.1560042336826	750	7.657574908950154	0.0	437162	819.3433230952924	0.078280464	0.1744186046511628
1953.1103571444046	750	7.905726373604484	0.0	374758	751.8485353456692	0.13014728	0.1744186046511628
1954.1066773086065	750	7.588818364741821	0.0	362795	816.9080088626631	0.14095592	0.1744186046511628
1955.3765002138443	750	7.703613037442512	0.0	353220	885.2053272993095	0.12611638	0.1744186046511628
1956.779894837786	750	7.994224547840877	0.0	405134	1209.3884896016345	0.103807025	0.1744186046511628
1958.2796211231275	750	7.976364424639956	0.0	386351	1017.8601232009205	0.09177436	0.1744186046511628
1960.0975880275753	750	7.713314105936555	0.0	434409	1263.0503187034005	0.08934776	0.1744186046511628
1961.709136222863	750	7.784998286864917	0.0	337059	1428.3158190716376	0.08375743	0.1744186046511628
1962.809395215924	750	7.80648495939233	0.0	366214	978.5133274725872	0.05530034	0.1744186046511628
1963.9396343527687	750	7.972238261914344	0.0	360831	834.2466974779858	0.06733731	0.1744186046511628
1967.1212280134428	750	7.879437636960607	0.0	372963	2592.8006249537366	0.08362999	0.1744186046511628
1968.9304541862955	750	7.929220996844451	0.0	405596	1450.2166401161555	0.041527864	0.1744186046511628
1970.4682274575177	750	7.814839232501559	0.0	350713	1114.3817643428931	0.04204756	0.1744186046511628
1975.1523991062334	4300	7.130667583785985	0.0	2039773	4684.1716487155745	0.04918407	-2.55
1977.2389070747533	1850	7.651195091523434	0.0	955231	1979.47249226255	0.7741114	-2.0197674418604654
1978.2648340917026	750	7.751749344977612	0.0	401853	899.445746545823	0.42449275	-0.9255813953488373
1979.4633126733033	750	7.86075075137892	0.0	343800	890.998593598692	0.06371525	0.1744186046511628
1980.945315628265	750	7.568489186849045	0.0	359903	1292.2615645298758	0.055066515	0.1744186046511628
1982.7387158766485	750	7.961659772173276	0.0	379700	1106.8294146757685	0.04260113	0.1744186046511628
1984.1423229998463	750	7.66814164647801	0.0	425781	1293.518125695265	0.04392755	0.1744186046511628
1985.3845647081932	750	7.897065329005987	0.0	277716	771.0763174720234	0.048144113	0.1744186046511628
1986.727553527251	750	7.611153552914511	0.0	400396	1285.911776091476	0.05022994	0.1744186046511628
1988.7767515714029	750	7.565093062321888	0.0	400508	1046.060490592623	0.045853987	0.1744186046511628
1991.7103098635598	750	7.5448827070229	0.0	358218	2020.210355298988	0.05052113	0.1744186046511628
1993.7932213921708	750	7.525100930146478	0.0	400322	1519.7817768764219	0.038382135	0.1744186046511628
1995.7226765526668	750	7.886938144765747	0.0	369834	1638.1627853807302	0.040143497	0.1744186046511628
1998.1734340400699	750	7.692205660121838	0.0	412837	2194.732484643909	0.03406891	0.1744186046511628
1999.8376638557102	750	7.878103201181202	0.0	401088	1314.1024589406359	0.045709856	0.1744186046511628
2001.0472946129505	750	7.868351539410949	0.0	365161	1009.7516617702537	0.034338627	0.1744186046511628
2002.2893407525592	750	7.657268040841558	0.0	321064	1211.083498569391	0.039443705	0.1744186046511628
2005.8087746555973	750	7.8380324433421755	0.0	361565	2319.2355974993825	0.03515117	0.1744186046511628
2009.5187400781172	750	7.95814884685164	0.0	378327	2879.8835964905347	0.036418263	0.1744186046511628
2014.1478277405129	750	7.329061184456041	0.0	390680	4629.087662395599	0.044265795	0.1744186046511628
2015.760444681864	750	7.992337391077847	0.0	345516	1336.7237933781955	0.1802257	0.1744186046511628
2017.881447248873	750	7.5897827435498035	0.0	384505	1902.5546475280423	0.056029204	0.1744186046511628
2019.530517070907	750	7.554471820898245	0.0	372093	1535.31092265156	0.07125142	0.1744186046511628
2020.4849377004705	750	7.674140879507908	0.0	438281	880.3309413903371	0.061362974	0.1744186046511628
2021.4236338780745	750	7.791837668142383	0.0	398987	882.303211365525	0.03155249	0.1744186046511628
2022.7994235157707	750	7.732139318113553	0.0	393804	1059.6983500288297	0.03193249	0.1744186046511628
2023.60252502315	750	7.5036342750076805	0.0	331053	728.5050431058725	0.030165695	0.1744186046511628
2024.9398762338385	750	7.807256806450041	0.0	314107	696.3774685576402	0.03626607	0.1744186046511628

