12774.483004292499	750	4.0	4.236019030700693	450283	4236.019030700693	0.004705182	-18.12635531754688
12776.344441358367	300	5.857290982416554	0.0	155580	1142.7090175834455	0.09710835	-0.3187329865329899
12778.490406100114	300	5.7136725307798	0.0	139857	1643.6184516367528	0.42174464	0.09126205650138972
12780.846323163041	300	5.626887139626648	0.0	155432	1086.7853911531524	0.22557783	0.13802173016039523
12784.707812191868	300	5.76539811080011	0.0	163442	2361.4890288265383	0.5729101	0.06351924492087833
12788.21380037982	300	5.762714472024891	0.0	126289	1502.6836387752196	0.539822	0.09982141026188274
12792.145542709344	300	5.830972142500792	0.0	153295	2931.742329524099	0.04789809	0.05116411442077484
12796.351945505592	300	5.6245693462533435	0.0	173849	3706.402796247449	0.043399848	0.040470506916266
12800.014780572725	300	5.513876631061145	0.0	150710	2110.692715192198	0.007653842	0.07106671611662861
12804.023678720348	300	5.504978483439116	0.0	139105	2508.8981476220297	0.017877389	0.0597872018607739
12807.831903698894	300	5.696753504893379	0.0	141840	2808.224978545737	0.005773452	0.05341452381699089
12810.525214440377	300	5.514730897054531	0.0	156148	2682.0226078388478	0.007031555	0.055927940190209205
12812.213552130595	300	5.841206042469639	0.0	160746	1173.5248545848926	0.0047908183	0.12782004523718335
12814.060364468567	300	5.530206272248923	0.0	179801	1310.9997702207168	0.012432643	0.11441649602634664
12815.82705304188	300	5.8397683028188005	0.0	140051	690.4379694301225	0.037051845	0.21725340528970014
12818.990934604679	300	5.645952809060817	0.0	138313	2193.8154937579834	0.24070832	0.06837402708969456
12821.760078729085	300	5.556413805227293	0.0	143509	1589.5390038335233	0.022276934	0.09436698290400045
12823.938348771151	300	5.7670813444818485	0.0	150616	1289.3324607454433	0.010995407	0.11633927211704238
12825.703899829585	300	5.593774553474067	0.0	165384	1673.3067910077814	0.0313476	0.08964285617323026
12827.719051268592	300	5.607321072583578	0.0	140881	986.4534808904903	0.013931637	0.15205988209863902
12830.235221505427	300	5.808584828324166	0.0	157671	2298.736244259411	0.06690618	0.0652532452884023
12832.14633755691	300	5.54174380362149	0.0	157812	1766.8410247026766	0.00748553	0.08489728159059583
12833.770892750506	300	5.591603763162728	0.0	163927	950.1400404587624	0.007640866	0.15787146485014408
12834.646905811496	300	5.540804842588004	0.0	137654	550.7989205747238	0.03137599	0.2723316883836383
12835.933481450404	300	5.565124050440689	0.0	146754	975.6807921473147	0.17217542	0.15373880597759274
12839.852060271316	300	5.526282130114469	0.0	153938	1038.8419203262208	0.12545162	0.14439155473519635
12841.661478524014	300	5.766441339557875	0.0	181901	1759.8407905565937	0.0420955	0.08523498307625814
12843.307995067533	300	5.797971803869663	0.0	111155	968.4695356882111	0.017649367	0.15488355025375933
12845.343775548881	300	5.784105109611955	0.0	153605	1513.8666942577063	0.014433164	0.09908402144585753
12847.355552751715	300	5.589173435240318	0.0	149029	1694.9316743716374	0.009010002	0.08849914263099104
12849.820104094282	300	5.990320514186119	0.0	157421	1598.852921054199	0.0055700038	0.0938172598772237
12854.2862815594	300	5.524143049067896	0.0	157488	2466.1774651182227	0.0065738996	0.06082287350428342
12858.54261932442	300	5.267805284048927	0.0	143881	4256.33776501897	0.004705182	0.03524156405837578
12863.606416132483	300	4.204008475984045	0.0	163444	5063.796808064882	0.004705182	0.029622041658761217
12868.945861561546	300	4.0	1.135436953078676	179328	5339.445429062721	0.004705182	-4.854286093097244
12874.04709018969	300	4.0	1.1012286281431278	159914	5101.228628143128	0.004705182	-4.705878420117115
12878.48668762424	300	4.0	0.43959743454960154	131610	4439.5974345496015	0.004705182	-1.8564821213972174
12882.32404780923	300	4.162639815009482	0.0	124011	3837.360184990518	0.004705182	0.03908937206017596
12887.033851395972	300	4.0	0.5471637717315961	144254	4709.803586741078	0.004705182	-2.320955756564719
12891.39794662871	300	4.0	0.364095232736925	149991	4364.095232736925	0.004705182	-1.5312381151778338
12895.771868443364	300	4.0	0.37392181465497376	147968	4373.921814654974	0.004705182	-1.5735696371953567
12900.38940328933	300	4.0	0.6175348459653415	161857	4617.534845965341	0.004705182	-2.6229149718072238
12904.57088478709	300	4.0	0.18148149776109404	145210	4181.481497761094	0.004705182	-0.7444979870136939
12909.628274906641	300	4.0	1.0573901195514528	172312	5057.390119551453	0.004705182	-4.517117947287954
12914.374183643473	300	4.0	0.7459087368315986	167025	4745.908736831599	0.004705182	-3.1758013980262643
12917.371398177034	300	5.002785466437372	0.0	160064	2997.214533562628	0.004705182	0.050046467585255924
12919.053945487494	300	5.500008043841727	0.0	137507	1502.7774225956448	0.004705182	0.09981518070780918
12920.354189197895	300	5.779771128073042	0.0	118421	720.2369157686849	0.004705182	0.20826480386653048

