11916.908122969186	750	4.0	0.9321555281170851	450283	932.1555281170852	0.004705182	-3.2582687709034657
11918.046208803733	1200	6.861914165452815	0.0	611087	1138.0858345471852	0.004705182	0.75
11919.034377471595	1200	9.873745497592505	0.0	571051	988.1686678603105	0.004705182	1.2
11920.202266090055	1200	12.705856879132396	0.0	617681	1167.8886184601092	0.004705182	1.2
11921.384029023331	1200	15.524093945855023	0.0	652874	1181.7629332773727	0.004705182	1.2
11922.398009473032	1200	18.510113496153593	0.0	520315	1013.9804497014326	0.004705182	1.2
11923.377784672897	1200	21.530338296287823	0.0	561791	979.7751998657694	0.07774695	1.2
11926.183731403518	2850	22.724391565666696	0.0	1638769	2805.946730621125	0.2711759	1.2000000000000002
11928.678520465099	2850	24.229602504086014	0.0	1348011	2494.7890615806823	0.56062484	2.85
11933.505955725386	4300	23.402167243797265	0.0	2169201	4827.4352602887475	0.44942123	2.8499999999999996
11938.369116389422	4300	22.53900657976174	0.0	2173522	4863.1606640355285	0.004705182	4.3
11942.670080074191	4300	22.23804289499283	0.0	2102452	4300.963684768906	0.0063895015	4.3
11946.687406209847	4300	22.22071675933713	0.0	2209463	4017.3261356557005	0.0055791344	4.3
11951.021577109925	4300	21.886545859257833	0.0	2275376	4334.170900079299	0.0064363005	4.3
11954.702194578067	4300	22.20592839111631	0.0	2005399	3680.617468141525	0.004705182	4.3
11959.497772606675	4300	21.410350362507376	0.0	2152483	4795.578028608933	0.0048855655	4.3
11963.671644225462	4300	21.23647874372016	0.0	2289689	4173.871618787214	0.019063424	4.3
11967.508475501249	4300	21.39964746793294	0.0	2059512	3836.8312757872186	0.007704029	4.3
11971.615611105382	4300	21.292511863799213	0.0	2220726	4107.135604133726	0.0062330747	4.3
11975.598906177476	4300	21.309216791705218	0.0	2156729	3983.295072093994	0.004705182	4.3
11979.187453168139	4300	21.72066980104283	0.0	2039773	3588.5469906623885	0.004705182	4.3
11983.26113713397	4300	21.646985835213613	0.0	2176469	4073.683965829214	0.004705182	4.3
11987.30071385703	4300	21.607409112151185	0.0	2221506	4039.5767230624297	0.004705182	4.3
11990.865160250947	4300	22.04296271823393	0.0	2044075	3564.4463939172538	0.004705182	4.3
11995.171987609949	4300	21.73613535923207	0.0	2186790	4306.827359001862	0.004705182	4.3
11999.339564576476	4300	21.568558392705707	0.0	2105231	4167.5769665263615	0.004705182	4.3
12003.867831474527	4300	21.040291494654447	0.0	2395588	4528.266898051259	0.004705182	4.3
12007.702099221086	4300	21.20602374809425	0.0	1972048	3834.2677465602005	0.004705182	4.3
12011.734165624963	4300	21.173957344217673	0.0	2134614	4032.066403876575	0.004705182	4.3
12015.6640047868	4300	21.244118182379943	0.0	2164140	3929.8391618377314	0.004705182	4.3
12019.700283555725	4300	21.207839413454735	0.0	2113193	4036.2787689252054	0.004705182	4.3
12023.777078493475	4300	21.131044475705377	0.0	2147852	4076.7949377493555	0.004705182	4.3
12027.76260535302	4300	21.14551761615848	0.0	2191074	3985.5268595469	0.004705182	4.3
12031.73398856374	4300	21.174134405440306	0.0	2286761	3971.3832107181734	0.004705182	4.3
12035.631342039214	4300	21.276780929965344	0.0	2307787	3897.3534754749585	0.004705182	4.3
12039.970104885733	4300	20.93801808344782	0.0	2143948	4338.762846517527	0.004705182	4.3
12044.147364846924	4300	20.760758122255627	0.0	1919781	4177.259961192192	0.004705182	4.3
12048.879598715004	4300	20.028524254176517	0.0	2147467	4732.233868079105	0.004705182	4.3
12053.038628496872	4300	19.86949447230782	0.0	2133870	4159.029781868698	0.004705182	4.3
12056.990013103712	4300	19.918109865468544	0.0	2146120	3951.3846068392786	0.004705182	4.3
12061.029108074006	4300	19.87901489517575	0.0	2108491	4039.094970292792	0.004705182	4.3
12065.238806529842	4300	19.66931643933928	0.0	2184571	4209.698455836469	0.004705182	4.3
12069.745929960234	4300	19.162193008946893	0.0	2121928	4507.1234303923875	0.004705182	4.3
12073.798427848193	4300	19.10969512098994	0.0	2219102	4052.4978879569485	0.004705182	4.3
12077.717733237483	4300	19.190389731698758	0.0	2124950	3919.3053892911867	0.004705182	4.3
12081.891442552393	4300	19.01668041678812	0.0	2246506	4173.709314910635	0.004705182	4.3
12085.532378461501	4300	19.37574450768034	0.0	1961140	3640.9359091077768	0.004705182	4.3
12089.394717198746	4300	19.51340577043412	0.0	2155012	3862.3387372462234	0.004705182	4.3

