8990.272434789906	750	4.0	1.7041197936685797	450283	1704.1197936685796	0.06886833	0.26298802063314203
8992.112942833654	750	6.159491956252071	0.0	398865	1840.5080437479282	0.8316958	0.4593597883707211
8993.325132536558	300	7.970711009202722	0.0	139857	688.7809470493507	0.78005207	0.2562735509400297
8994.490236065885	300	7.604863627237272	0.0	155432	865.8473819654506	0.11340624	0.6529882495522796
8995.38805764512	300	7.905580896985466	0.0	163442	699.2827302518051	0.12616484	0.6988894692066561
8996.538150061473	300	7.839804160999993	0.0	126289	565.7767359854743	0.1501436	0.7058432810587019
8997.671655037011	300	7.66520949911493	0.0	153295	674.5946618850633	0.115709834	0.6779821576004207
8998.48375631945	300	7.543613924122783	0.0	173849	621.5955749921461	0.10620201	0.671456896621726
8999.807770260495	300	7.561859807323759	0.0	150710	981.7541167990234	0.1393445	0.6372154545823332
9000.830106626032	300	7.766821574827107	0.0	139105	795.0382324966514	0.09975723	0.6758195749022711
9001.51903071487	300	7.681008658879022	0.0	141840	585.8129159480842	0.0936012	0.6883968004811765
9002.068442538566	300	7.872858257224896	0.0	156148	308.15040165412586	0.112207025	0.7348204253497086
9003.70464653715	750	7.565387035704988	0.0	386351	1307.471221519909	0.2496794	0.19938676707031916
9005.575761436856	750	7.51919596008293	0.0	434409	1546.1910756220568	0.7740254	0.6210226995558593
9008.57423769707	750	7.667419718168001	0.0	337059	2351.776241914929	0.75986636	0.5548789434003453
9010.211828744446	750	7.851974232230077	0.0	366214	1315.4454859379227	0.6686963	0.6764599454905827
9012.120338658364	750	7.503792070290623	0.0	360831	1348.1821619394536	0.6738427	0.6393255626418177
9012.812604875535	300	7.89282284244419	0.0	150616	610.969227846434	0.6180209	0.25648009864305404
9013.879042450608	300	7.550252487619442	0.0	165384	842.5703548247478	0.0738132	0.650005018938516
9017.31272056832	1850	7.660347034088483	0.0	923755	3389.905453530959	0.08380717	-1.010821796287991
9018.622003451053	750	7.9875919248126355	0.0	386472	1172.7551092758474	0.8399881	-0.39608219623955604
9020.023796944564	300	7.879959122035283	0.0	157812	607.6328027773523	0.6493374	0.2555627443401961
9021.309796396174	300	7.974039736797013	0.0	163927	905.9193852382709	0.058291107	0.6848834258796824
9022.183138936969	300	7.787408404235088	0.0	137654	686.6313325619245	0.068582185	0.6886623340556699
9023.202668993148	300	7.525999032711716	0.0	146754	761.4093715233731	0.07260181	0.6557624687788771
9025.196828536771	300	7.752979593678912	0.0	153938	1273.0194390328027	0.06598715	0.626675321581994
9026.842129218188	300	7.865899314814796	0.0	181901	1387.0802788641167	0.052950583	0.6262506804793273
9028.835765421112	300	7.798191447779502	0.0	111155	1067.7078670352948	0.053870887	0.6516033315930271
9031.849785021946	300	7.8591457963077715	0.0	153605	1439.04565147173	0.049181685	0.6203973635437579
9035.245016918285	300	7.884016846819253	0.0	149029	1475.1289494885195	0.04643149	0.6192077434043204
9036.518179918925	300	7.747486743423687	0.0	157421	1136.5301033955648	0.0415371	0.6397900754583972
9038.450529806647	300	7.694628238684291	0.0	157488	1052.8585047393972	0.04369004	0.6430167457381076
9039.67529318007	300	7.536992310465681	0.0	143881	657.6359282186091	0.047132373	0.6672089093709266
9041.519614193623	300	7.648395488289134	0.0	163444	888.5968221765467	0.05849187	0.6549467790184638
9046.291934412966	300	6.876075268948218	0.0	179328	4772.320219340916	0.05980056	0.19146629797112263
9048.853078957753	300	7.889525191914756	0.0	159914	1986.5500770334618	0.046390954	0.5686013172103639
9050.252165988188	300	7.797278925074173	0.0	131610	1092.2462668405815	0.03186228	0.6490607487794052
9051.429026298882	300	7.877269218524212	0.0	124011	920.0097065499624	0.034548257	0.6740634608464834
9052.80609077152	300	7.747162193277822	0.0	144254	1130.1070252463905	0.047981028	0.6404008207716291
9053.898231180267	300	7.599570770100043	0.0	149991	647.5914231777783	0.047773473	0.6742991150744514
9055.092441186576	300	7.969740226229844	0.0	147968	629.8305438701991	0.067710675	0.7120741826138324
9056.24519076045	300	7.840555213512605	0.0	161857	629.1850127172379	0.083821654	0.699575493242377
9056.804058149284	300	7.917903790173195	0.0	145210	422.65142333941003	0.099259585	0.7277510012604023
9060.111587123607	300	7.872247328759342	0.0	172312	545.6564614138526	0.14960852	0.7110104065804608
9061.5834062407	300	7.702273931167612	0.0	167025	669.9733975917296	0.16094169	0.6820488000468773
9062.607273301364	300	7.9862633225860264	0.0	160064	716.0106085815867	0.1395858	0.7050630472633325
9065.345643665662	300	7.791006308979069	0.0	137507	1195.257013606957	0.13065544	0.6381496621875188
9066.570524206938	300	7.585122785685322	0.0	118421	1205.8835232937474	0.10384681	0.6170648385785229

