11694.601317591387	750	4.0	2.5585548523374078	450283	2558.5548523374077	0.014315125	-10.82736726039969
11697.336383856202	750	5.264933735184073	0.0	398865	2735.066264815927	0.5715002	0.1744186046511628
11699.657696808144	750	6.943620783241986	0.0	350812	2321.3129519420877	0.711782	0.1744186046511628
11702.892156578462	750	7.709161012923803	0.0	382355	2734.459770318182	0.22186366	0.1744186046511628
11705.438400863613	750	7.735735718504924	0.0	411561	1973.4252944188788	0.2460461	0.1744186046511628
11708.49683641799	750	7.857927408083242	0.0	318564	1877.8083104216823	0.12551416	0.1744186046511628
11711.672013183532	750	7.685652656838387	0.0	352642	2172.2747512448545	0.18210912	0.1744186046511628
11715.214320693165	750	7.825949956871933	0.0	437162	2359.702699966454	0.4021011	0.1744186046511628
11718.579941544325	750	7.614441893174668	0.0	374758	2211.5080636972652	0.21530494	0.1744186046511628
11722.074122579455	750	7.78940775984171	0.0	362795	2825.034133332957	0.32925996	0.1744186046511628
11726.284360800062	750	7.5791695392363545	0.0	353220	4210.238220605355	0.5520792	0.1744186046511628
11729.934741469979	750	7.573671803627538	0.0	405134	3005.4977356088175	0.5053012	0.1744186046511628
11732.886130359748	300	7.810418773447896	0.0	160746	1263.2530301796419	0.5824718	-0.3802325581395349
11736.831064780894	300	7.742019516470214	0.0	179801	2568.399256977682	0.3863852	0.06976744186046512
11742.986405684269	750	5.586678613097637	0.0	337059	6155.3409033725775	0.12693569	-0.2755813953488372
11745.00529465983	300	7.567789637535111	0.0	138313	2018.8889755625262	0.013306739	-0.3802325581395349
11746.81080042724	300	7.925419294482064	0.0	143509	1642.3703430530459	0.016282525	0.06976744186046512
11749.098284154503	300	7.99824509532836	0.0	150616	1427.1741991537037	0.03826866	0.06976744186046512
11752.470793088456	300	7.952145392405977	0.0	165384	1546.0997029223836	0.11161643	0.06976744186046512
11754.424852981869	300	7.608320170915924	0.0	140881	1843.8252214900535	0.1376884	0.06976744186046512
11756.714266882596	300	7.83873045161245	0.0	157671	1269.5897193034732	0.04326947	0.06976744186046512
11759.827688144964	300	7.696931963592342	0.0	157812	1641.798488020108	0.14535649	0.06976744186046512
11763.247389953825	300	7.572892431983528	0.0	163927	1624.0395316088147	0.22643737	0.06976744186046512
11766.29046598234	300	7.584185627902814	0.0	137654	1488.706804080713	0.262421	0.06976744186046512
11768.642844146949	300	7.990181067215818	0.0	146754	1594.0045606869974	0.21336791	0.06976744186046512
11770.951669713168	300	7.594955162366871	0.0	153938	1895.225904848946	0.21773744	0.06976744186046512
11773.964726299755	300	7.695226637758736	0.0	181901	1399.728524608134	0.12854408	0.06976744186046512
11777.315028339426	300	7.746739687211815	0.0	111155	948.4869505469218	0.27585107	0.06976744186046512
11782.153694204004	750	6.908073822634055	0.0	400396	4838.66586457776	0.3219623	-0.2755813953488372
11784.270481537467	300	7.569920580254604	0.0	149029	1338.1532423794513	0.11972488	-0.3802325581395349
11786.751633932692	300	7.673661432682501	0.0	157421	1896.2591475721038	0.11453386	0.06976744186046512
11790.732285238126	300	7.693010127249377	0.0	157488	2480.6513054331226	0.06433245	0.06976744186046512
11793.413087160372	300	7.9303814426716235	0.0	143881	1762.6286845777552	0.034840316	0.06976744186046512
11795.84975483241	300	7.826134277983714	0.0	163444	1604.2471646879092	0.037323177	0.06976744186046512
11797.648037564482	300	7.6082031131240075	0.0	179328	1217.9311648597072	0.0350342	0.06976744186046512
11799.269307381941	300	7.892744017001778	0.0	159914	1215.4590961222298	0.10308422	0.06976744186046512
11801.457103088052	300	7.6867515481135325	0.0	131610	1205.9924688882454	0.24644804	0.06976744186046512
11804.669256424912	750	7.996576531796327	0.0	361565	2690.1750163172046	0.15680821	-0.2755813953488372
11806.06379020068	300	7.660298789681601	0.0	144254	1336.2777421147255	0.4914858	-0.3802325581395349
11807.990637091236	300	7.736003313731846	0.0	149991	1424.2954759497545	0.11446785	0.06976744186046512
11809.597635147702	300	7.6237800118014825	0.0	147968	1112.2233019303644	0.12309051	0.06976744186046512
11812.44411411505	300	7.612927948395132	0.0	161857	1510.8520634063489	0.16805215	0.06976744186046512
11813.850452802686	300	7.932572037547858	0.0	145210	1180.355910847275	0.105064675	0.06976744186046512
11817.884527841812	300	7.8984969984220115	0.0	172312	2034.0750391258462	0.15401617	0.06976744186046512
11821.254247419298	300	7.898666108136455	0.0	167025	2999.8308902855574	0.049228434	0.06976744186046512
11822.603382338992	300	7.574042915390284	0.0	160064	1324.6231927461704	0.020417508	0.06976744186046512
11824.433733409354	300	7.896123348682097	0.0	137507	1177.9195667081888	0.03958673	0.06976744186046512
11826.450559810346	300	7.593925857014627	0.0	118421	1302.1974916674706	0.057139672	0.06976744186046512

