17402.782565651534	750	4.0	3.3429362672757508	450283	3342.9362672757507	0.14630859	-14.200207344634565
17403.970687308654	300	6.811878342882704	0.0	155580	1188.1216571172963	0.080004334	-0.3802325581395349
17405.178066936325	300	7.7087175103186985	0.0	139857	1103.160832564006	0.5221904	0.06976744186046512
17408.66324614526	750	7.5032372795796185	0.0	382355	2705.48023073908	0.68888235	-0.2755813953488372
17412.32538693231	750	7.537016480052147	0.0	411561	2966.2207995274707	0.41959655	0.1744186046511628
17414.41142587352	750	7.9219570079571096	0.0	318564	1615.0594720950367	0.21142495	0.1744186046511628
17416.58412756165	750	7.786095893702241	0.0	352642	2135.8611142548684	0.119855165	0.1744186046511628
17418.725060199507	750	7.709049847412536	0.0	437162	2077.0460462897045	0.09447561	0.1744186046511628
17420.885411233776	750	7.520817602208437	0.0	374758	1688.232245204098	0.05572216	0.1744186046511628
17423.267945714357	750	7.735609794599508	0.0	362795	1785.2078076089297	0.051681653	0.1744186046511628
17426.59825024782	750	7.909120788058416	0.0	353220	2326.489006541092	0.045992535	0.1744186046511628
17430.96637467114	750	7.54099636473498	0.0	405134	2868.1244233234347	0.040357	0.1744186046511628
17435.591415345232	750	6.9159556906445445	0.0	386351	4625.0406740904355	0.070106424	0.1744186046511628
17440.4343037124	750	6.073067323475481	0.0	434409	4842.888367169063	0.26242304	0.1744186046511628
17442.841759558127	300	7.665611477749794	0.0	140051	1407.4558457256883	0.6960254	-0.3802325581395349
17446.86686203684	750	7.640508999036221	0.0	366214	4025.1024787135716	0.6729295	-0.2755813953488372
17450.074700658006	300	7.737803413173176	0.0	143509	1902.705585863044	0.4830575	-0.3802325581395349
17453.067891240084	300	7.62877461593515	0.0	150616	2109.028797238027	0.6796843	0.06976744186046512
17459.743559692717	750	4.953106163298966	0.0	405596	6675.668452636183	0.6968416	-0.2755813953488372
17462.16772302499	300	6.528942831025721	0.0	140881	2424.1633322732455	0.048024528	-0.3802325581395349
17464.72443128174	300	7.972234574276863	0.0	157671	2056.7082567488583	0.17846084	0.06976744186046512
17466.014618570844	300	7.502491780973695	0.0	157812	969.7427933031677	0.3776666	0.06976744186046512
17469.534367446082	300	7.947839629404716	0.0	163927	1054.6521515689792	0.53115237	0.06976744186046512
17472.24395798239	750	7.595592785087019	0.0	343800	2352.2468443176967	0.32386178	-0.2755813953488372
17475.207245382142	750	7.957620854905927	0.0	359903	2137.9719301810924	0.19944032	0.1744186046511628
17477.256301603495	750	7.965750445662572	0.0	379700	1991.8704092433557	0.04610765	0.1744186046511628
17479.46987927175	750	7.6075546273438155	0.0	425781	1858.1958183187571	0.061170742	0.1744186046511628
17481.031421386655	750	7.609474475855017	0.0	277716	1498.0801514887992	0.06353065	0.1744186046511628
17483.284500269154	750	7.8546660113169455	0.0	400396	1754.8084645380711	0.060442545	0.1744186046511628
17486.91202677664	750	7.8050379140517085	0.0	400508	3049.628097265236	0.043014307	0.1744186046511628
17490.1343784107	750	7.862811378635542	0.0	358218	2942.2265354161673	0.059859265	0.1744186046511628
17494.66313433845	750	7.33405545088766	0.0	400322	4528.755927747882	0.0765815	0.1744186046511628
17501.013135594712	750	4.984054194625714	0.0	369834	6350.001256261946	0.28141138	0.1744186046511628
17502.93047608538	300	7.0667137039564105	0.0	163444	1917.3404906693042	0.10897849	-0.3802325581395349
17506.284726799324	300	7.712462990010707	0.0	179328	2354.2507139457043	0.36847988	0.06976744186046512
17509.42523156104	300	7.522447242785858	0.0	159914	2690.015747224849	0.32591885	0.06976744186046512
17513.398655142206	300	7.549023661618116	0.0	131610	1973.4235811677422	0.29696566	0.06976744186046512
17516.40691772585	300	7.676848667625452	0.0	124011	1372.1749939926635	0.6192807	0.06976744186046512
17521.736694971052	750	6.347071422425576	0.0	378327	5329.777245199876	0.5873901	-0.2755813953488372
17524.922040182617	750	7.161726210861367	0.0	390680	3185.3452115642085	0.5640715	0.1744186046511628
17528.157584900702	750	7.926181492773965	0.0	345516	2735.5447180874016	0.6748996	0.1744186046511628
17530.399232354823	300	7.748735233964911	0.0	161857	1177.4462588090528	0.448699	-0.3802325581395349
17532.556799370705	300	7.557052304678968	0.0	145210	1191.6829292859445	0.54151154	0.06976744186046512
17535.89152643972	300	7.777630746471433	0.0	172312	1279.4215582075328	0.6467339	0.06976744186046512
17539.809060051695	750	7.8600971344946595	0.0	398987	3917.533611976774	0.6362934	-0.2755813953488372
17544.445661668193	750	7.2234955179974865	0.0	393804	4636.6016164971725	0.13053536	0.1744186046511628
17548.255689261583	750	7.413467924609984	0.0	331053	3810.027593387503	0.5461335	0.1744186046511628
17550.391542309953	300	7.80527565275568	0.0	118421	1108.192271854305	0.58275324	-0.3802325581395349

