6374.72366948847	750	4.0	6.865112348267744	450283	6865.112348267744	0.07401675	-0.34930193250119307
6376.784245406034	300	5.939424082436076	0.0	155580	2060.575917563924	0.06699848	-0.24995986567390513
6379.0677996103195	300	7.655869878150015	0.0	139857	1783.5542042860604	0.0058127856	0.3350201678860025
6381.83781260393	300	7.835484621153693	0.0	155432	1820.3852569963224	0.0058392743	0.3425629840527061
6383.642478425383	300	7.777965664583729	0.0	163442	1557.5189565699638	0.007984306	0.3652546793097193
6384.957114472007	300	7.974221054664428	0.0	126289	1303.7446099193016	0.006129431	0.40289807585482906
6388.958602589411	300	7.972732937258886	0.0	153295	2001.4881174055413	0.0061128237	0.33303071776835874
6393.088363311717	300	7.7640423006606945	0.0	173849	2708.6906365981918	0.00597437	0.24926730106170675
6396.0337124178905	300	7.686902814277877	0.0	150710	2077.1394863828164	0.006537142	0.3076011981843182
6400.0891060607655	300	7.631509171402373	0.0	139105	2055.393642875504	0.0060273865	0.3063136798553304
6403.754159553685	300	7.9664556784829	0.0	141840	3665.0534929194723	0.00601181	0.16628185154346653
6409.200625190274	300	6.519990041894177	0.0	156148	5446.465636588723	0.005312233	-0.10226346511025369
6415.225575833357	300	4.495039398810925	0.0	160746	6024.950643083252	0.0050300783	-0.28667138095240985
6421.737591047699	300	4.0	2.016975815531802	179801	6512.015214342728	0.0050912723	-0.3663178005040402
6426.361992092228	300	4.0	0.6244010445290232	140051	4624.401044529023	0.005193392	-0.17755638352266973
6430.044725883129	300	4.3172662090997544	0.0	138313	3682.733790900246	0.0048451526	-0.0635605200910574
6434.688690544528	300	4.0	0.3266984522994835	143509	4643.964661399238	0.004761918	-0.17951274520969124
6439.472716540238	300	4.0	0.7840259957100834	150616	4784.025995710083	0.0047584614	-0.19351887864077572
6442.892581644311	300	4.580134895927466	0.0	165384	3419.865104072535	0.0047392715	-0.020844358481554304
6445.1976684835145	300	6.275048056723643	0.0	140881	2305.0868392038224	0.004744635	0.19656554055507802
6448.18957847369	300	7.283138066547975	0.0	157671	2991.909990175667	0.0047448734	0.19088885107191428
6451.647250637619	300	7.825465902617936	0.0	157812	2957.6721639300395	0.004733312	0.22820812345084962
6456.439959195607	300	7.032757344630239	0.0	163927	4792.708557987697	0.0047141216	-0.0048398008291470895
6459.93060538104	300	7.542111159197732	0.0	137654	3490.6461854325084	0.0047294977	0.15720104983683997
6463.633270470438	300	7.839446069798824	0.0	146754	3702.665089398907	0.0047261603	0.15458259135276836
6467.784273060463	300	7.688443479774392	0.0	153938	4151.002590024432	0.00472473	0.10031117941368883
6471.1810280879345	300	7.8094511163205675	0.0	181901	2878.9923634538254	0.0047173398	0.23507517935488548
6471.797245886437	300	7.780223492078323	0.0	111155	529.2276242422458	0.0047294977	0.4682249267609032
6472.678020626332	300	7.868331185260475	0.0	153605	411.89230681784704	0.0059224083	0.4854651893272275
6473.482190411008	300	7.975687566461163	0.0	149029	392.6436187993114	0.014673138	0.49409983195412405
6474.220523908515	300	7.562283862645812	0.0	157421	413.4037038153509	0.01847488	0.46618609196406074
6474.806778547919	300	7.6166214637907395	0.0	157488	445.662398855073	0.021444779	0.46635632253164644
6475.636576120599	300	7.747018783223797	0.0	143881	369.60268056694173	0.032143548	0.4821121268250257
6476.207448651407	300	7.826680035377363	0.0	163444	420.33874784643353	0.0544604	0.4820173483566743
6477.06056416371	300	7.890389094706001	0.0	179328	436.2909406713627	0.0648472	0.48440394528222136
6477.869894745129	300	7.934136060812467	0.0	159914	456.2530338935332	0.08257848	0.48514192134165834
6478.606582175857	300	7.552331143211533	0.0	131610	381.80491760093463	0.080817975	0.4687239256208599
6479.1441757288285	300	7.70097571378869	0.0	124011	351.35542942284303	0.07346064	0.4810591600997413
6479.561642341803	300	7.815361450076507	0.0	144254	385.61426371218187	0.08495598	0.484782385188796
6480.131998237156	300	7.936109624530838	0.0	149991	379.25182554566857	0.097103946	0.49296538990884303
6480.902188196738	300	7.501566660643377	0.0	147968	434.54296388746207	0.117037155	0.46027734083169736
6481.465148650749	300	7.5579099694852445	0.0	161857	443.6566911581324	0.10016647	0.46288742490724705
6482.026583349873	300	7.591844458350257	0.0	145210	466.0655111349881	0.12053648	0.4627674484636248
6482.578461972957	300	7.648589788802612	0.0	172312	443.2546695476441	0.10374315	0.46859511577563134
6483.442955375284	300	7.685655107406758	0.0	167025	462.9346813958539	0.14371765	0.46894369700356947
6484.541565989112	300	7.527129060458357	0.0	160064	658.5260469484001	0.14822105	0.4394766825140398
6487.094648763602	300	7.965630042653537	0.0	137507	561.4990178048206	0.106485344	0.4765856968155965
6488.556582076032	300	7.745455212280772	0.0	118421	720.1748303727625	0.10639437	0.44695718866050455

