6830.126922850041	750	4.0	2.512266498290951	450283	2512.266498290951	0.004705182	-10.05274594265109
6831.507329654174	300	5.550929842309493	0.0	155580	949.0701576905071	0.03513592	-0.15000000000000002
6838.3641746399835	750	4.0	1.3059151434999894	350812	6856.844985809483	0.06417897	-5.3154351170499545
6840.856153032527	300	5.5080216074560955	0.0	155432	2491.978392543904	0.004705182	-0.15000000000000002
6844.687982640331	300	5.642186873171833	0.0	163442	2865.834734284262	0.004705182	0.3
6848.719083940769	300	5.524633612012094	0.0	126289	2117.553261159739	0.004705182	0.3
6852.493078523639	300	5.750639029142145	0.0	153295	3273.994582869949	0.004705182	0.3
6856.6705560013015	300	5.573161551479879	0.0	173849	3177.4774776622653	0.004705182	0.3
6860.55099434512	300	5.692723207661794	0.0	150710	3380.438343818085	0.004705182	0.3
6864.248321193152	300	5.995396359630271	0.0	139105	2697.3268480315232	0.004705182	0.3
6868.13786555625	300	5.602016819161755	0.0	141840	1893.379540468516	0.004705182	0.3
6871.753951126776	300	5.6020564976639236	0.0	156148	1999.960321497831	0.004705182	0.3
6875.371402194256	300	5.836393593187421	0.0	160746	1765.6629044765023	0.004705182	0.3
6877.16588347265	300	5.50004701644204	0.0	179801	1336.3465767453806	0.004705182	0.3
6878.977817061972	300	5.553147582155958	0.0	140051	946.8994342860832	0.004705182	0.3
6881.836437657747	300	5.5413543665352885	0.0	138313	511.7932156206706	0.008737417	0.3
6887.671755656209	750	4.0	0.2939636319260335	360831	5835.317998461322	0.5399114	-0.9640436172819438
6890.467662542154	300	5.204093114054369	0.0	150616	2795.906885945631	0.007370844	-0.15000000000000002
6893.055691666964	300	5.709104717330845	0.0	165384	1994.9883967235241	0.004705182	0.3
6896.7970939257975	300	5.904923923306849	0.0	140881	2804.1807940239964	0.004705182	0.3
6900.917428048757	300	5.784589800347043	0.0	157671	3620.334122959806	0.004705182	0.3
6904.826146345476	300	5.875871503627437	0.0	157812	2908.718296719606	0.004705182	0.3
6908.930945164432	300	5.771072684672278	0.0	163927	2604.798818955159	0.004705182	0.3
6912.671079498495	300	5.566541826463274	0.0	137654	1704.5308582090051	0.004705182	0.3
6916.158258249299	300	5.540754227137767	0.0	146754	1525.7875993255066	0.004705182	0.3
6918.368556982807	300	5.601300488673506	0.0	153938	1439.453738464261	0.004705182	0.3
6921.720672714957	300	5.6856651106201666	0.0	181901	1415.6353780533404	0.004705182	0.3
6924.062550082122	300	5.642966561086246	0.0	111155	2042.6985495339197	0.004705182	0.3
6926.311885967738	300	5.702887984093632	0.0	153605	1940.0785769926156	0.004705182	0.3
6929.01893708099	300	5.633991067279023	0.0	149029	1068.8969168146089	0.004705182	0.3
6931.451328936941	300	5.7668723190229185	0.0	157421	2367.1187482561045	0.004705182	0.3
6933.5513660653205	300	5.759490289180172	0.0	157488	1007.3820298427457	0.004705182	0.3
6937.117093640782	300	5.5479540177179185	0.0	143881	711.5362714622541	0.0047086384	0.3
6938.2967531751465	300	5.565219959534839	0.0	163444	982.7340581830789	0.2301437	0.3
6940.308348552672	300	5.817884965862842	0.0	179328	1247.3349936719962	0.1797231	0.3
6942.237847651816	300	5.755265579718174	0.0	159914	1062.6193861446686	0.027466193	0.3
6943.433319300209	300	5.890969674020974	0.0	131610	864.2959056971993	0.06148679	0.3
6945.092456286117	300	5.756989014414616	0.0	124011	633.9806596063594	0.12606014	0.3
6946.931975498791	300	5.6948075902290185	0.0	144254	1062.1814241855968	0.53256226	0.3
6949.582710963136	300	5.943108804799869	0.0	149991	1751.6987854291494	0.21387473	0.3
6953.702003421159	300	5.823816346776713	0.0	147968	4119.2924580231565	0.006770034	0.3
6957.617962181646	300	5.907857586290209	0.0	161857	3915.9587604865037	0.004705182	0.3
6961.455594304165	300	5.681185468744273	0.0	145210	1726.6721175459363	0.004705182	0.3
6965.527621775448	300	5.609157997461228	0.0	172312	3072.027471283045	0.004705182	0.3
6968.027984819086	300	5.520470128270629	0.0	167025	1588.6878691905986	0.004705182	0.3
6969.8085520499635	300	5.7010241000548065	0.0	160064	1319.4460282158223	0.004705182	0.3
6973.877779820901	300	5.571970877917012	0.0	137507	1629.0532221377948	0.004705182	0.3
6977.76361701807	300	5.686133680748173	0.0	118421	3385.8371971688393	0.004705182	0.3

