11472.050590060382	750	4.0	3.791441730238546	450283	3791.441730238546	0.014003424	-0.04193487069827323
11473.437636314953	300	6.6129537454278156	0.0	155580	1387.046254572185	0.12945285	-0.14051129543774749
11475.010576571769	300	7.595727680951124	0.0	139857	1017.2260644766923	0.007977112	0.4078940945420086
11476.176982310062	300	7.500381907997402	0.0	155432	1095.3457729537217	0.009301495	0.394123012884698
11477.89661017726	300	7.726097871219312	0.0	163442	1274.28403677809	0.013069304	0.39033643420363057
11478.789965710122	300	7.61709211059814	0.0	126289	609.0057606211711	0.009843049	0.4500514017804991
11480.176629327721	300	7.510935202218785	0.0	153295	606.1569083793548	0.013966779	0.4437014802309711
11482.062510549242	300	7.558247931769063	0.0	173849	1452.6872704497216	0.020522077	0.3620054896208268
11483.889651759211	300	7.716274283219916	0.0	150710	841.9736485491469	0.015701868	0.43295349877656264
11485.1335066143	300	7.566930617335212	0.0	139105	649.3436658847029	0.016075991	0.44288251792521305
11487.393287385985	300	7.704295816543752	0.0	141840	1362.6348007914594	0.022776261	0.38013872938507104
11488.510485806173	300	7.644269625297605	0.0	156148	1060.026191246147	0.015983758	0.40664795338671816
11491.066107597211	300	7.800044777498682	0.0	160746	1344.224847798924	0.014356968	0.38796403474400776
11494.647663108954	300	7.679965512296907	0.0	179801	1620.0792652017751	0.012666146	0.3528736389286118
11498.44765208922	300	7.5307092074349455	0.0	140051	1649.256304861962	0.013077008	0.3406274159087204
11501.574149082127	300	7.842826962832763	0.0	138313	1687.8822446021825	0.008806134	0.356272181647062
11503.665708938353	300	7.716354418423105	0.0	143509	1626.4725444096587	0.008072358	0.35450861764071073
11506.268798558438	300	7.977353269038097	0.0	150616	1239.0011493850095	0.0081341835	0.40956818530661265
11507.999317413967	300	7.584138119573117	0.0	165384	1393.215149464979	0.007651179	0.3695708384570544
11510.48287984111	300	7.711008768533655	0.0	140881	873.1293510394628	0.008014414	0.4295088338596397
11513.18821496515	300	7.723557768417171	0.0	157671	1487.451000116483	0.008994104	0.3688609814446574
11514.338156786218	300	7.627528886493868	0.0	157812	1096.0288819233033	0.0075901113	0.40200138814376896
11515.661225006497	300	7.717951231626592	0.0	163927	909.5776548672764	0.008420887	0.42629790742016693
11517.456235630498	300	7.872191192782084	0.0	137654	845.7600388445071	0.010935638	0.44231966659466204
11519.641383177941	300	7.994242683037866	0.0	146754	1377.9485097442175	0.01120201	0.3967290376456774
11521.654131280107	300	7.561468188955375	0.0	153938	1432.7744940824907	0.00902868	0.3641980333316944
11524.205848660815	300	7.930596283743082	0.0	181901	2130.871905212294	0.008111827	0.3174587981429457
11527.118445230766	300	7.744720760015593	0.0	111155	1185.8755237274881	0.008426683	0.40034121605845824
11530.620633346269	300	7.521987268375711	0.0	153605	1722.7334916398815	0.0074810223	0.33273457603972634
11532.615684978713	300	7.799188716585555	0.0	149029	1222.798551790155	0.0072525474	0.40005316053781426
11534.458507251818	300	7.5189040773588385	0.0	157421	1280.2846392267174	0.008076635	0.37678676184248816
11536.963009257981	300	7.542921977216463	0.0	157488	1975.982100142375	0.0075443704	0.308718134492024
11540.842612005781	300	7.663319229417379	0.0	143881	1879.6027477990858	0.0063949367	0.3258808979889101
11544.214405752045	300	7.916483621195086	0.0	163444	1746.8356082222917	0.005913468	0.3549803864326962
11547.768809094956	300	7.736761066262226	0.0	179328	2179.722554932859	0.0061064754	0.3004590320783358
11550.210951813135	300	7.843030048660563	0.0	159914	2393.731017601664	0.006263189	0.28569999721135136
11553.82164051719	300	7.971891594422628	0.0	131610	1871.1384542379342	0.005605477	0.34601310015785336
11558.12068696524	300	7.672845146372087	0.0	124011	2299.046448050542	0.005293455	0.2845318977734337
11561.197945174286	300	7.553514410283	0.0	144254	2619.3307360890867	0.005217847	0.24504529796401137
11565.283135179783	300	7.4683244047876975	0.0	149991	4085.1900054953016	0.005126994	0.09313499567993344
11569.204656560487	300	7.546803024082943	0.0	147968	3921.521380704755	0.0049587376	0.11440677186494108
11573.196798160858	300	7.554661423711468	0.0	161857	3492.1416003714753	0.0048624272	0.15783589987505176
11575.196512794817	300	7.60319423599535	0.0	145210	1951.467187716117	0.0049193935	0.31493664190833015
11577.42711501332	300	7.777016916865276	0.0	172312	1826.1773191300738	0.0051515745	0.3383295463213049
11580.177100703831	300	7.509236454295969	0.0	167025	1767.780462569307	0.0057029324	0.32743295306679987
11583.168663575298	300	7.834557637534923	0.0	160064	1674.6788167610462	0.0059956615	0.3570756916000606
11584.953673869128	300	7.780494546471514	0.0	137507	1054.063091063408	0.0068096826	0.41575832097836135
11587.92633734716	300	7.579636446838242	0.0	118421	1200.8580996332732	0.010076453	0.3885251888942953

