16710.02208819373	750	4.0	2.692351768226307	450283	2692.351768226307	0.004705182	-10.82711260337312
16711.024239347684	300	5.540100221306276	0.0	155580	959.8997786937232	0.016810074	-0.15000000000000002
16712.120608768888	300	5.988041212639333	0.0	139857	1052.059008666944	0.04263026	0.3
16714.033991093944	300	5.6685052563552345	0.0	155432	319.5359562840981	0.013749639	0.3
16725.494012591134	1850	4.0	5.79151624083207	996749	11460.021497187305	0.0049399836	-24.603519835577902
16727.68428867422	750	5.809723916915136	0.0	318564	2190.2760830848642	0.42474347	-0.3500000000000001
16730.014991483753	300	5.716444505769119	0.0	153295	1593.279411146018	0.6735822	-0.15000000000000002
16733.68551049088	300	5.589896725251359	0.0	173849	2126.5477805177597	0.005346073	0.3
16737.63007349351	300	5.6453337226199745	0.0	150710	2444.563002631385	0.025570111	0.3
16739.000715061615	300	5.999279991185407	0.0	139105	1146.0537314345677	0.0065816008	0.3
16740.623214804684	300	5.725324099988076	0.0	141840	773.9558911973296	0.00779959	0.3
16744.81486763124	750	5.533671273430624	0.0	405134	4191.6528265574525	0.28079134	0.3
16747.313356371124	300	5.8645252856036425	0.0	160746	1169.1459878269827	0.27508113	-0.15000000000000002
16750.15742331655	300	5.522163141218096	0.0	179801	1842.3621443855468	0.03517797	0.3
16752.865229596013	300	5.554112382957102	0.0	140051	1468.0507582609935	0.004705182	0.3
16756.667517322916	300	5.751824656051612	0.0	138313	2302.2877269054907	0.004705182	0.3
16758.629441639365	300	5.736884155281536	0.0	143509	1514.940500770077	0.004705182	0.3
16761.781315272125	300	5.914439208589381	0.0	150616	822.4449466921544	0.004705182	0.3
16764.837693355435	300	5.875964548119053	0.0	165384	2538.474660470329	0.13356677	0.3
16767.56602461876	300	5.625750637375383	0.0	140881	1750.2139107436697	0.004705182	0.3
16770.273168229687	300	5.516237493905231	0.0	157671	2109.5131434701525	0.004705182	0.3
16773.940648041633	300	5.766312778759228	0.0	157812	2749.924715146003	0.004705182	0.3
16777.307154264185	300	5.526837220632264	0.0	163927	1239.4755581269633	0.004705182	0.3
16778.920955755217	300	5.543451788281252	0.0	137654	1483.385432351012	0.004705182	0.3
16780.03209391964	300	5.543090735458409	0.0	146754	1000.3610528228437	0.004705182	0.3
16781.56767572445	300	5.660688422352388	0.0	153938	882.4023131060208	0.007631724	0.3
16784.105051863356	300	5.883590170251548	0.0	181901	1777.0982521008414	0.042366326	0.3
16785.99252596258	300	5.514991987541969	0.0	111155	868.5981827095789	0.0047999006	0.3
16787.772228836813	300	5.954578551683153	0.0	153605	1060.4134358588155	0.004797163	0.3
16789.626249118097	300	5.752213130227745	0.0	149029	1702.3654214554078	0.015740298	0.3
16791.792903702957	300	5.989713262712121	0.0	157421	1262.4998675156228	0.004705182	0.3
16793.663419043532	300	5.881532941596351	0.0	157488	1608.180321115769	0.004952631	0.3
16795.85911014099	300	5.689854869598366	0.0	143881	1191.6780719979854	0.004705182	0.3
16797.546354483766	300	5.858239191440971	0.0	163444	1331.615678157396	0.0047105458	0.3
16798.59497643892	300	5.836742584672553	0.0	179328	1021.4966067684186	0.004705182	0.3
16802.515878140566	300	5.909854379041332	0.0	159914	1426.8882056312211	0.07232746	0.3
16804.55329167519	300	5.683154426735459	0.0	131610	1726.6999523058732	0.006580129	0.3
16806.871933967763	300	5.604190014612668	0.0	124011	1078.9644121227896	0.004705182	0.3
16809.764526826697	300	5.937732601367825	0.0	144254	1666.4574132448427	0.004705182	0.3
16812.157265801266	300	5.684430750928219	0.0	149991	1253.3018504396064	0.004705182	0.3
16814.933026545288	300	5.61626893148125	0.0	147968	1568.1618194469684	0.004705182	0.3
16818.632088072703	300	5.917207404068015	0.0	161857	3199.0615274132356	0.004705182	0.3
16822.908214565763	300	5.641080911007456	0.0	145210	3276.1264930605585	0.004705182	0.3
16825.326339894138	300	5.913411795843695	0.0	172312	1727.669115163762	0.004705182	0.3
16826.76775288491	300	5.992933321065733	0.0	167025	920.4784747779618	0.004705182	0.3
16828.23838510682	300	5.7330844921055615	0.0	160064	759.848828960173	0.004705182	0.3
16829.87975504142	750	5.867791235781966	0.0	331053	1365.2932563235956	0.13600229	0.3
16834.092978914225	750	5.6545673629780575	0.0	314107	1713.2238728039088	0.9827336	0.75

