1196.0384888856213	750	4.0	3.478694088168143	450283	3478.694088168143	0.08622442	0.002130591183185704
1197.2436160533393	300	6.794872832282032	0.0	155580	1205.1271677179675	0.6390797	-0.14583316475416974
1198.511823622833	300	7.987679694553293	0.0	139857	807.1931377287391	0.03223028	0.4185106671367069
1199.8063171034532	300	7.930940146300687	0.0	155432	1056.7395482526053	0.032039218	0.3900098043185324
1202.7210304192731	300	7.812460445024473	0.0	163442	1118.4797012762133	0.029831	0.37643080768640824
1204.469576455315	300	7.71630419137525	0.0	126289	1096.1562536492233	0.02723431	0.37265338659603076
1208.6446396584056	300	7.541240988284659	0.0	153295	2175.06320309059	0.02018309	0.2538212414587322
1212.247921486582	300	7.937959160108283	0.0	173849	3103.2818281763766	0.01282164	0.18579426468913002
1215.0152910795016	300	7.584641832428527	0.0	150710	2353.3173276797556	0.009012866	0.23870838175880743
1218.5510980779518	300	7.738764461073352	0.0	139105	1845.8773713551757	0.008530624	0.2990850416815669
1222.3447162182524	300	7.945146320772614	0.0	141840	3293.618140300737	0.008250454	0.16720983101821468
1226.2539357381088	300	7.632310463592126	0.0	156148	2312.8358571804865	0.007415386	0.24573581825645924
1229.20516201669	300	7.879889069839584	0.0	160746	2252.421393752541	0.0070978906	0.2672509274897199
1230.6971511684244	300	7.743297007886758	0.0	179801	1136.5920619528254	0.0068455674	0.37029685679763985
1234.6269548396065	300	7.813493336704574	0.0	140051	1429.8036711821833	0.008681392	0.34536296642581754
1238.152063957018	300	7.578539072680552	0.0	138313	2234.9542640240215	0.007998951	0.25016326564013236
1240.5533756724076	300	7.892960727479483	0.0	143509	1685.5783452010694	0.007481798	0.3247522109473608
1242.202363532334	300	7.611333506460782	0.0	150616	1281.627221018701	0.007724477	0.34754562205192874
1246.001905568971	300	7.81179146982366	0.0	165384	2799.542036637122	0.00843064	0.20828276320026656
1247.5839539055994	300	7.839218577281667	0.0	140881	1472.572892541993	0.007903568	0.3426938718259049
1250.2013010215376	300	7.900282760455861	0.0	157671	1438.9358168258057	0.0076984004	0.3498740908459107
1251.9883642103898	300	7.98595676313583	0.0	157812	1414.3259973200313	0.009083147	0.35768969796398625
1253.4362562246376	300	7.708379423278024	0.0	163927	1277.5773398578067	0.009454958	0.35401597996909584
1255.6152570570207	300	7.714036296631624	0.0	137654	1494.3431266463992	0.009752975	0.3326929558748366
1258.3031836453429	300	7.7974018553388085	0.0	146754	1416.6344412928154	0.009013707	0.345674171829394
1260.4349331608416	300	7.747173247404136	0.0	153938	1550.2286079346723	0.01001709	0.3291754671692913
1262.8207383675885	300	7.575031078912767	0.0	181901	1672.1421684913698	0.009020809	0.306225225582911
1263.9243456505196	300	7.995058927574793	0.0	111155	1079.9721513379736	0.01040407	0.3916939678396272
1268.2328112610046	300	7.68659331708986	0.0	153605	1308.4656104849325	0.010002294	0.34956552126962304
1271.018483522517	300	7.644807543372735	0.0	149029	1541.7857737171255	0.011098226	0.32362189408908343
1274.0882223890028	300	7.7218813255276695	0.0	157421	1922.9262178450651	0.010888562	0.29032496106097283
1276.9979648082026	300	7.53041645924793	0.0	157488	1691.464866279739	0.009364491	0.30150454207502175
1278.8774486381185	300	7.509813344250058	0.0	143881	1520.603114997871	0.009747896	0.3173030225158415
1282.8495444573903	300	7.537717524978374	0.0	163444	1972.095819271684	0.00985205	0.27389776338398
1286.812556038474	300	7.574705943894631	0.0	179328	1963.0115810837426	0.009242443	0.27711796338504013
1288.4637151278216	300	7.751120480857604	0.0	159914	1323.585463037026	0.009447436	0.3520864837498976
1290.3691301332158	300	7.547199791315819	0.0	131610	1203.9206895417854	0.011222767	0.35130791800306016
1292.854596754251	300	7.700213557724534	0.0	124011	1346.986233591286	0.011625925	0.3465647239986548
1295.0336944588807	300	7.894904894131374	0.0	144254	1305.3086635931586	0.011149865	0.362900689523895
1298.3918594172007	300	7.7227169499896995	0.0	149991	1672.1879441416756	0.014884924	0.3154510149601887
1301.1478314184858	300	7.857719494436411	0.0	147968	1864.9974555532879	0.016783291	0.3046077228469469
1303.568007282047	300	7.878118883521674	0.0	161857	1479.600610914736	0.016277734	0.344422369128631
1305.924701370241	300	7.7350593652477215	0.0	145210	1143.0595182739526	0.021966131	0.36913525850058737
1309.6882118398648	300	7.640121444396203	0.0	172312	2094.937920851519	0.034709193	0.2680137981896108
1313.1586021870567	300	7.5942125256861495	0.0	167025	2045.9089187100542	0.030557204	0.2700473909843789
1316.1330479246756	300	7.679230466617719	0.0	160064	2414.982059068431	0.029485136	0.23845369825676432
1317.89031220727	300	7.725330107595732	0.0	137507	953.9003590219874	0.030489922	0.3874430958225345
1319.2310131548954	300	7.911661600069194	0.0	118421	1313.668507526538	0.057077125	0.3631119992516708

