7962.3959878434625	750	4.0	4.746018619318359	450283	4746.018619318359	0.004705182	-20.457362638708634
7963.697142934454	300	6.698844909008274	0.0	155580	1301.1550909917264	0.00684766	0.08070191482491862
7966.62009220915	300	7.510957131585015	0.0	139857	1187.8877774232599	0.07451022	0.6201953852359191
7968.944267728525	300	7.781400020414154	0.0	155432	1229.5571111708612	0.14685397	0.642058892153124
7970.86328833267	300	7.854199017793641	0.0	163442	1427.2010026205132	0.5738474	0.6293014905566421
7972.2846299133025	300	7.719438032989982	0.0	126289	1134.7609848036595	0.6174782	0.6455745919615227
7974.373464355734	300	7.988311028638927	0.0	153295	1231.127004351055	0.36120576	0.6618173262676209
7977.799841940712	300	7.568976045789361	0.0	173849	1919.3349828495657	0.6264905	0.5526350521716926
7981.211568391093	300	7.9816340930632865	0.0	150710	1587.3419527260744	0.15657195	0.6255531686720502
7983.328046312995	300	7.755587299889747	0.0	139105	1226.04679317354	0.2532412	0.6399254198000838
7984.52254133232	300	7.838555449942205	0.0	141840	917.0318499475414	0.39935908	0.6788126943568229
7986.028449653923	300	7.604332830928401	0.0	156148	1234.222619013805	0.60354465	0.6245494199463812
7988.633078576269	300	7.917861201950174	0.0	160746	1186.471628978227	0.69767773	0.6595019866476587
7992.561768062474	750	7.989171715746855	0.0	434409	3428.6894862033187	0.69390416	0.016212721044915168
7994.371984084767	300	7.897487122985844	0.0	140051	1091.6845927610125	0.5725567	0.2170196616459954
7995.925660653179	300	7.589914529746497	0.0	138313	1307.5725932393464	0.6322069	0.6158266443882954
7997.903965622481	300	7.938814027881566	0.0	143509	1151.1005018649298	0.30529255	0.66505583304615
8000.721093668834	300	7.708852305173492	0.0	150616	1729.961722708075	0.6025033	0.585035629646901
8003.518480730965	300	7.558741940730531	0.0	165384	2150.110364442961	0.13289738	0.5285724695845668
8005.483518294093	300	7.829861417410198	0.0	140881	1728.8805233203332	0.016307563	0.5967910163505682
8007.664233092327	300	7.967582633547681	0.0	157671	1862.278783862516	0.021382436	0.5967070163567958
8010.119884154904	300	7.978975114194443	0.0	157812	1488.6075193532376	0.014084084	0.6351706822232609
8013.302681757659	300	7.716098074928686	0.0	163927	1762.8770392657573	0.039682142	0.582441511695736
8016.1304587294635	300	7.547169799221929	0.0	137654	1668.9282757067572	0.016082892	0.5755768464772688
8019.855626091396	300	7.724010466304111	0.0	146754	2323.1593329178177	0.011005504	0.5271748591357339
8022.736311548272	300	7.684671761923215	0.0	153938	2039.3387043808973	0.0050443616	0.5517705262739258
8026.731455996278	300	7.689527313917444	0.0	181901	3495.1444480057703	0.005060208	0.4066573043969023
8030.894085332172	300	7.5268979780227765	0.0	111155	3662.6293358946673	0.004705182	0.3742555542630541
8036.157215056085	300	6.2637682541098085	0.0	153605	5263.129723912968	0.004705182	0.09262782117732793
8041.720946317045	300	4.700036993149512	0.0	149029	5563.731260960297	0.004705182	-0.08794327181419315
8047.5432890912025	300	4.0	1.1223057810081027	157421	5822.342774157614	0.004705182	-5.0070986502931305
8052.560522980264	300	4.0	1.0172338890623651	157488	5017.233889062365	0.004705182	-4.474778626416934
8056.548526524946	300	4.011996455317996	0.0	143881	3988.0035446820048	0.004705182	0.003404803664239342
8061.875636435346	300	4.0	1.3151134550815633	163444	5327.109910399558	0.004705182	-5.786648362433206
8067.092930333101	300	4.0	1.2172938977556478	179328	5217.293897755648	0.004705182	-5.355042664667377
8069.8958300506465	300	5.197100282455161	0.0	159914	2802.8997175448385	0.004705182	0.23598279801171174
8072.1801366331165	300	6.912793699984403	0.0	131610	2284.3065824707587	0.004705182	0.4529795838248821
8075.4792017333	300	7.613728599800428	0.0	124011	2299.065100183974	0.004705182	0.5189695254312625
8079.550512780596	300	7.542417552504714	0.0	144254	3071.3110472957137	0.004705182	0.4348811600850939
8084.182904711246	300	6.910025621855757	0.0	149991	4632.391930648957	0.004705182	0.21790461829127183
8087.661504546751	300	7.431425786351009	0.0	147968	3478.5998355047477	0.004705182	0.3834691956253995
8093.012004999092	300	6.080925334009295	0.0	161857	5350.500452341715	0.004705182	0.06629190617191483
8095.473500021286	300	7.619430311815017	0.0	145210	2461.4950221942786	0.004705182	0.5032753295945969
8097.371844537509	300	7.529525628409459	0.0	172312	1589.9046834055566	0.004705182	0.5817809338954597
8097.810524321855	300	7.599405724144315	0.0	167025	430.11990426514444	0.004705182	0.7044854517046455
8098.851947854937	750	7.707973859644251	0.0	393804	891.4318645000628	0.07199356	0.24287286490596488
8101.322228598278	1850	7.647829307764825	0.0	830730	2060.144551879426	0.13213007	-0.4709525399060291
8103.46389886003	1850	7.672062339119791	0.0	846370	1975.7669686450329	0.004705182	0.6398176756637803

