9868.999254325885	750	4.0	8.215266709904062	450283	8215.266709904063	0.18250266	-35.72205423728573
9872.028316172307	300	4.97093815357864	0.0	155580	3029.0618464213608	0.022967668	-0.2584017808977342
9874.481982954174	300	6.517271371711869	0.0	139857	2453.6667818667706	0.01643413	0.39797408313534804
9877.13793264803	300	7.861321677856908	0.0	155432	2155.9496938549614	0.044373542	0.5571121856878151
9880.046097225564	300	7.759211905112741	0.0	163442	2102.1097727441665	0.35316643	0.5526679942805534
9881.504010761111	300	7.618282563583489	0.0	126289	1140.9293415292523	0.24299422	0.6352214255686724
9885.519519654152	750	7.6027736705437015	0.0	352642	3015.508893039787	0.32242733	0.02033952239128256
9889.709337610591	750	7.412955714103797	0.0	437162	4189.817956439905	0.1152862	0.3346384185879779
9894.32985421688	750	6.792439107816615	0.0	374758	4620.516606287181	0.13975817	0.23184311382533096
9897.308340464004	750	7.813952860693018	0.0	362795	2978.486247123598	0.26202852	0.49436802785352124
9901.039417641126	750	7.784071244437386	0.0	353220	3029.881616255632	0.15450591	0.48635235087563655
9906.28359275023	750	6.53989613533315	0.0	405134	5244.175109104236	0.13151866	0.1451697108664337
9909.432738719632	750	7.390750165931965	0.0	386351	3149.1459694011846	0.42064	0.4365683076427046
9913.02596301664	750	7.797525868921868	0.0	434409	3593.2242970100974	0.11243482	0.43131310594097366
9917.199029613766	750	7.62445927179584	0.0	337059	3173.066597126027	0.16135168	0.4566710161404742
9921.559003382921	750	7.264485502640609	0.0	366214	4359.973769155232	0.11702026	0.3033324080455553
9924.859360353756	750	7.809697716206154	0.0	360831	2954.787786434455	0.23638378	0.49632831135276123
9928.773306690653	750	7.895751379307021	0.0	372963	3413.9463368991337	0.17373897	0.45869522073374774
9933.039733194963	750	7.622295830601525	0.0	405596	3773.455548705497	0.11868738	0.3964238872697547
9937.091420541863	750	7.570608483700564	0.0	350713	3551.6873469009606	0.09739252	0.41362574063492047
9942.762141072611	750	5.899887952952054	0.0	386472	5670.72053074851	0.08548745	0.04091364222088134
9948.502491214771	750	4.15953781079287	0.0	399894	5740.350142159184	0.692966	-0.13356002943921347
9950.05222535081	300	6.609803674754024	0.0	163927	1549.7341360388466	0.07375444	0.04727368871991311
9952.175829144255	300	7.715733343306533	0.0	137654	1394.0703314474904	0.46685207	0.6192870766378265
9955.352831290373	750	7.8469989821456725	0.0	359903	2868.7343611608603	0.6646879	0.058523943793296396
9959.254928066657	750	7.944902205861119	0.0	379700	3402.096776284555	0.11611387	0.46461100059854665
9963.590652297165	750	7.6091779753538065	0.0	425781	4335.724230507312	0.13060397	0.33893441037664773
9967.218889150245	750	7.980941122274846	0.0	277716	2628.2368530789618	0.075855635	0.5454657802329677
9971.092461569857	750	7.851317730284025	0.0	400396	3629.623391990821	0.12147924	0.43285072520486456
9975.210353238765	750	7.733426061375643	0.0	400508	3617.8916689083817	0.11054334	0.42267668826783766
9979.227951364639	750	7.715827935501973	0.0	358218	3517.59812587367	0.08641473	0.43101220263790063
9983.011496548845	750	7.932282751295663	0.0	400322	3783.5451842063108	0.0776815	0.42525152273454614
9987.653145043027	750	7.290634257112869	0.0	369834	4641.648494182794	0.08884466	0.2776817833510232
9991.506917828137	750	7.4368614720025725	0.0	412837	3853.7727851102964	0.25739205	0.370543892519294
9995.73128002519	750	7.212499274949076	0.0	401088	4224.362197053496	0.11599535	0.31188983081927313
10000.869981478658	750	6.07379782148204	0.0	365161	5138.701453467037	0.17125654	0.11085457558417233
10003.63139079351	300	7.312388506630234	0.0	131610	2761.4093148518054	0.5424141	-0.006269227917944709
10005.82386520114	300	7.6725904999522605	0.0	124011	2139.7980066779724	0.020436108	0.5405617606309892
10009.620663322694	300	7.7155295631509615	0.0	144254	1457.0609368012992	0.032992423	0.6129684020271957
10011.701467884635	300	7.689995865057043	0.0	149991	1525.533698093919	0.23827738	0.6036634779762435
10014.68085585044	300	7.872937376078396	0.0	147968	1817.058488978645	0.36758703	0.5921193305402692
10020.456466532769	750	6.097326693748456	0.0	384505	5775.610682329941	0.558144	-0.40057166618101386
10022.042227835364	300	7.8334161075296365	0.0	145210	1263.9105862188194	0.26089746	0.19363015308881354
10024.310338669675	300	7.550286068061619	0.0	172312	1283.130039468017	0.6905701	0.614456614574878
10026.635449955527	300	7.6252207890564225	0.0	167025	1425.0652790051972	0.48268634	0.6074756440334357
10030.13568138158	750	7.710128031453889	0.0	393804	2915.092757602534	0.5006732	0.04071411711951295
10034.280424327357	750	7.565385085676479	0.0	331053	3644.7429457774097	0.19415969	0.40381742265673837
10038.53195329272	750	7.313856120312946	0.0	314107	4251.528965363534	0.070907876	0.31892886737695836

