16320.492922775114	750	4.0	6.3928079957343495	450283	6392.80799573435	0.2174471	-27.31465577700654
16321.562010384852	300	6.93091239026107	0.0	155580	1069.0876097389298	0.05276792	-0.3802325581395349
16323.975455451902	300	7.9451376737770625	0.0	139857	1485.7747164840077	0.59004563	0.06976744186046512
16327.070110736617	300	7.771645254399002	0.0	155432	2173.4924193780603	0.73483735	0.06976744186046512
16329.081085271368	300	7.991739367240846	0.0	163442	1279.9058871581562	0.54161274	0.06976744186046512
16331.222391680218	300	7.521620462762221	0.0	126289	970.1189044786244	0.704198	0.06976744186046512
16335.078023548187	750	7.665988594792238	0.0	352642	3355.6318679699825	0.50973535	-0.2755813953488372
16337.575883396994	300	7.8354683708607915	0.0	173849	1330.520223931447	0.5646712	-0.3802325581395349
16341.055815996086	750	7.654171869451449	0.0	374758	2681.2965014093415	0.71584576	-0.2755813953488372
16345.129723120812	750	7.5802647447246985	0.0	362795	3573.9071247267507	0.609241	0.1744186046511628
16346.47376723851	300	7.7995143829300595	0.0	141840	1280.7503617946381	0.6742722	-0.3802325581395349
16347.449314252135	300	7.848387711120897	0.0	156148	951.1266718091622	0.5268988	0.06976744186046512
16349.765678805703	300	7.66241560524345	0.0	160746	1185.9721058774462	0.71050924	0.06976744186046512
16352.360595474156	300	7.580153432862684	0.0	179801	2582.2621723807665	0.65892714	0.06976744186046512
16354.32934928757	300	7.9221037885422705	0.0	140051	1658.049644320413	0.29407158	0.06976744186046512
16355.973350324914	300	7.990455449765777	0.0	138313	931.6483387764916	0.2135691	0.06976744186046512
16358.003467964545	300	7.9865729124852445	0.0	143509	1003.8825372805344	0.6177939	0.06976744186046512
16361.782447497353	750	7.99020065430572	0.0	372963	2496.372258179524	0.70410216	-0.2755813953488372
16366.02598242312	750	7.746665728540229	0.0	405596	3243.53492576549	0.41692185	0.1744186046511628
16367.543543241614	300	7.665956424290096	0.0	140881	1080.7093042501324	0.7080835	-0.3802325581395349
16370.822587711105	750	7.919859980016205	0.0	386472	3246.0964442738914	0.5577092	-0.2755813953488372
16372.161479218834	300	7.996888219711087	0.0	157812	922.9717603051167	0.70726365	-0.3802325581395349
16375.33098513193	300	7.6900951511744555	0.0	163927	1306.793068536632	0.70730424	0.06976744186046512
16376.54293268966	300	7.555477837489896	0.0	137654	634.6173136845596	0.52064276	0.06976744186046512
16381.036256637062	750	7.062153890087066	0.0	359903	4493.3239474028305	0.64234114	-0.2755813953488372
16385.125681029025	750	6.9727294981265	0.0	379700	4089.4243919605656	0.33978042	0.1744186046511628
16387.75145575777	300	7.619881425557486	0.0	181901	1852.8480725690154	0.16384251	-0.3802325581395349
16389.03962958979	300	7.967257818634558	0.0	111155	1152.6236069229267	0.08430208	0.06976744186046512
16391.28087184278	300	7.644411785691551	0.0	153605	822.8460329430067	0.13249215	0.06976744186046512
16393.315015345313	300	7.99153819644557	0.0	149029	1152.8735892459817	0.53997755	0.06976744186046512
16395.320237272037	300	7.654562175729217	0.0	157421	1336.9760207163533	0.25076747	0.06976744186046512
16397.854082269292	300	7.7017626111029625	0.0	157488	1452.7995646262552	0.18372464	0.06976744186046512
16401.963846019426	300	7.591998860968466	0.0	143881	3109.763750134497	0.17609853	0.06976744186046512
16406.250015516915	300	7.305829363477655	0.0	163444	4286.1694974908105	0.044459783	0.06976744186046512
16410.960535003942	300	6.595309876452557	0.0	179328	4710.519487025099	0.014730471	0.06976744186046512
16414.392800822705	300	7.163044057688378	0.0	159914	3432.2658187641787	0.0052244375	0.06976744186046512
16417.57051241321	300	7.985332467181346	0.0	131610	2177.7115905070305	0.0053962786	0.06976744186046512
16419.539429754586	300	7.789611579770685	0.0	124011	1195.7208874106627	0.006521376	0.06976744186046512
16422.271027212886	300	7.86541110610254	0.0	144254	1424.2004736681458	0.0086208	0.06976744186046512
16423.59752830363	300	7.620859000545068	0.0	149991	1244.552105557473	0.009531074	0.06976744186046512
16426.049950798693	300	7.860622279108613	0.0	147968	1260.2367214364554	0.016902456	0.06976744186046512
16427.19338617029	300	7.794997528123083	0.0	161857	1065.6247509855298	0.03977195	0.06976744186046512
16428.575520030845	300	7.547835841151482	0.0	145210	747.161686971601	0.17833409	0.06976744186046512
16430.263383068905	300	7.621390394413425	0.0	172312	926.4454467380566	0.595711	0.06976744186046512
16432.137839830768	300	7.884870823642602	0.0	167025	1236.519570770822	0.69519997	0.06976744186046512
16433.884350414373	300	7.635584155885344	0.0	160064	1249.2866677572588	0.56082475	0.06976744186046512
16436.259394745302	300	7.81167391984516	0.0	137507	1323.9102360401844	0.32073954	0.06976744186046512
16437.757078296036	300	7.898399215921945	0.0	118421	913.2747039232137	0.15036587	0.06976744186046512

