11561.17453759735	750	4.0	2.671225734575557	450283	2671.225734575557	0.80247796	-10.736270658674895
11562.43267729186	300	5.596543105862897	0.0	155580	903.4568941371031	0.018213592	-0.15000000000000002
11565.03999529022	300	5.710225506867855	0.0	139857	886.3175989950415	0.081293896	0.3
11568.860841897553	300	5.889378899536425	0.0	155432	2820.8466073314303	0.04643017	0.3
11572.083580983677	300	5.928932835993185	0.0	163442	1960.4460635432395	0.004705182	0.3
11574.766195566479	300	5.883772008183703	0.0	126289	1545.1608278094811	0.0047614416	0.3
11577.610564309505	300	5.870314538017118	0.0	153295	2513.4574701665865	0.004705182	0.3
11579.243949068343	300	5.864077766427301	0.0	173849	1506.2367715898156	0.004705182	0.3
11581.079646474755	300	5.914803137896018	0.0	150710	949.2746285312817	0.006866526	0.3
11582.82640434621	300	5.9396355052590515	0.0	139105	975.1676326369683	0.1101026	0.3
11584.502283339747	300	5.84249113744919	0.0	141840	1097.1443678098628	0.12577015	0.3
11586.403649485794	300	5.906175391588877	0.0	156148	936.3157458603131	0.03116682	0.3
11588.860058998816	300	5.965495892421569	0.0	160746	1940.6794991673078	0.36313012	0.3
11591.358771075878	300	5.5840048655665155	0.0	179801	1381.4910268550536	0.007083593	0.3
11592.618146023007	300	5.712927836056675	0.0	140051	871.0770295098405	0.010125957	0.3
11594.7485591564	300	5.661870271069592	0.0	138313	1051.057564987082	0.22531295	0.3
11596.431745399646	300	5.904954881198715	0.0	143509	756.9153898708782	0.13178371	0.3
11599.565414335872	750	5.676255949424471	0.0	372963	2228.698931774245	0.652244	0.3
11602.36357960988	750	5.974658309895141	0.0	405596	2701.5976395293287	0.09857941	0.75
11605.661498073701	750	5.688982823725015	0.0	350713	2285.675486170127	0.0801189	0.75
11608.361209445386	750	5.605248607608175	0.0	386472	2083.7342161168403	0.2829944	0.75
11612.247719194693	750	5.718738858300738	0.0	399894	2386.5097493074377	0.066775896	0.75
11614.832962824872	750	5.912360490898231	0.0	401853	1806.3783674025076	0.060386345	0.75
11618.88503280894	1850	5.860290506830342	0.0	874175	3552.0699840678876	0.74879825	0.75
11622.661680091202	1850	5.657434570171554	0.0	897976	3702.855936658789	0.015625993	1.85
11626.750460536152	1850	5.568654125222616	0.0	905935	3588.780444948937	0.021613695	1.85
11630.962284035926	1850	5.3568306254480555	0.0	1076599	4211.82349977456	0.03201903	1.85
11634.488546393028	1850	5.640897077961466	0.0	758197	3215.9335474865893	0.07089706	1.85
11638.013666324909	1850	5.818501473828175	0.0	972798	3322.3956041332913	0.024981376	1.85
11641.781874465712	1850	5.585759629299333	0.0	975811	3732.7418445288417	0.0066441456	1.85
11646.08037849919	1850	5.287255595822324	0.0	873429	4298.504033477009	0.008428676	1.85
11650.986708142753	1850	4.380925952257386	0.0	954453	4906.329643564937	0.5655629	1.85
11653.384531571886	750	5.983102523124584	0.0	369834	2397.823429132803	0.1318199	-0.3500000000000001
11656.473353407722	750	5.86775328243138	0.0	412837	2115.349240693204	0.05552529	0.75
11658.649654612855	750	5.9813390014376635	0.0	401088	1886.4142809937161	0.10893452	0.75
11660.073494237753	750	5.564362617557241	0.0	365161	1416.976383880423	0.91164756	0.75
11663.967287205838	1850	5.670569649472	0.0	728962	3393.7929680852403	0.1282556	0.75
11669.982424757061	1850	4.0	0.34456790175149216	938587	6015.137551223493	0.042800106	0.36835802246858385
11672.274223459006	750	5.708201298056534	0.0	378327	2291.7987019434663	0.015602809	-0.3500000000000001
11674.757518178161	750	5.805350145614122	0.0	390680	1902.851152442412	0.08305244	0.75
11677.024458185006	750	5.577101925547624	0.0	345516	1728.2482200664979	0.07127155	0.75
11679.890958089629	750	5.698197943126078	0.0	384505	1878.903982421546	0.1669037	0.75
11682.785786214125	750	5.689581765479142	0.0	372093	2008.616177646936	0.42410135	0.75
11685.737115726346	750	5.797022959291855	0.0	438281	2392.5588061872872	0.19092587	0.75
11688.058602310992	750	5.670665005487061	0.0	398987	2126.3579538047934	0.11313476	0.75
11689.69716521728	750	5.653947901262198	0.0	393804	1516.7171042248633	0.10398249	0.75
11690.985483478195	750	5.765711714837227	0.0	331053	888.2361864249697	0.9675249	0.75
11694.762487896223	1850	5.77225046656709	0.0	846370	2993.461248270137	0.0077192644	0.75

