5281.162582045077	750	4.0	4.3779972098671385	450283	4377.997209867139	0.2629214	-0.08779972098671385
5282.42085980899	300	6.741722236087304	0.0	155580	1258.2777639126964	0.5070673	-0.15447013663581316
5283.62708647805	300	7.696746402752328	0.0	139857	1044.975833334976	0.026389472	0.37654906683852285
5284.984019223314	300	7.928905452727764	0.0	155432	1267.8409500245634	0.020974737	0.36877249579302895
5286.537124388036	300	7.581898720336248	0.0	163442	1347.006732391515	0.020773835	0.33916799678186405
5287.653558113979	300	7.551731106880628	0.0	126289	1030.1676134556196	0.018836726	0.3689664328344773
5289.499896623499	300	7.5016949131642745	0.0	153295	1050.0361937163545	0.017426223	0.3638523127011317
5291.418283364715	300	7.7606527147577635	0.0	173849	1241.0421984065104	0.019708842	0.36093657483170916
5293.862932886671	300	7.627000187034247	0.0	150710	1133.652527723516	0.01703812	0.36332225891728887
5296.908584213825	300	7.659673077774161	0.0	139105	1467.3271092600855	0.018413763	0.33199685643487653
5299.1132466205045	300	7.78650388328118	0.0	141840	1373.1691944929805	0.014326417	0.3493395732557757
5302.083864387319	300	7.891941639316347	0.0	156148	1394.5622439648346	0.01320579	0.3537901280607882
5303.755307105097	300	7.9142480561529736	0.0	160746	1477.6935831633723	0.013049267	0.3468711451932236
5307.575811292161	300	7.845870496577691	0.0	179801	3068.3775595752836	0.012118463	0.18352915007857729
5310.217120538403	300	7.756279168101362	0.0	140051	1589.5913284763271	0.008822262	0.32580831515870246
5311.744528429127	300	7.993434286522446	0.0	138313	1262.844881578915	0.0083351135	0.3733051547497614
5314.230499536127	300	7.752730204244425	0.0	143509	1240.704082278021	0.009103734	0.36047522953747446
5316.026459174456	300	7.952383883141642	0.0	150616	1300.3463211027831	0.009611089	0.36698936058607434
5317.707162006393	300	7.574839120985984	0.0	165384	1377.5447621556589	0.0095852995	0.33567296884605813
5320.008386994641	300	7.825805623602592	0.0	140881	1249.033497383392	0.010416598	0.36420950173682276
5322.454960645487	300	7.508614619912354	0.0	157671	1317.1910036902382	0.011018287	0.33756931337549834
5324.391343547345	300	7.855114454410414	0.0	157812	1153.5001655019394	0.010444022	0.3755946368504569
5327.324709136029	300	7.869873023496975	0.0	163927	1485.241430913438	0.013160862	0.34334292087721713
5330.2179692534555	300	7.957305067518682	0.0	137654	1412.5679559782932	0.01205172	0.3560747711220883
5333.803493024588	300	7.514889238826589	0.0	146754	1442.4158286920929	0.010501686	0.3254389945574525
5335.241191168285	300	7.887594080948122	0.0	153938	1127.2951578784678	0.010594722	0.38024511427141083
5337.847643336892	300	7.879569556104258	0.0	181901	1508.024524843864	0.013087522	0.3416706447721297
5339.174375219767	300	7.865417422548264	0.0	111155	1014.1521335559926	0.01257811	0.3901733755536672
5341.483826434794	300	7.756981637194322	0.0	153605	1608.4357853539423	0.011182429	0.3239677737892509
5344.241020678169	300	7.683892234843033	0.0	149029	1573.0894023512883	0.010987995	0.32293432444256076
5346.9269297662295	300	7.96299016382498	0.0	157421	1720.9020710180537	0.010591058	0.3255966781372559
5350.141325269051	300	7.8182959019355005	0.0	157488	1644.6942618894784	0.009998175	0.32417406768202095
5352.377873450141	300	7.579872422356217	0.0	143881	1738.4234795792845	0.009881571	0.29989967843933507
5354.89354577652	300	7.811098581422255	0.0	163444	1768.7738409339627	0.0096764	0.31131627724549465
5357.007515969544	300	7.79256277063243	0.0	179328	1518.535810789824	0.009496317	0.3351815920855445
5359.749845352118	300	7.834115241962805	0.0	159914	1458.4475286696259	0.011480481	0.34378744975571274
5362.066981737969	300	7.632487994989708	0.0	131610	1201.627246973097	0.011077398	0.356867774989547
5364.791665341728	300	7.987900810049447	0.0	124011	1144.5871849402608	0.011717181	0.38478508213406437
5367.259210875297	300	7.504176252673519	0.0	144254	1483.7245573759278	0.0131328935	0.32063856005450214
5370.095933804489	300	7.652725285674544	0.0	149991	1351.450966998974	0.015418701	0.3431502336547616
5373.257540302227	300	7.794557998901706	0.0	147968	1858.1672867728373	0.018896556	0.3013431462540729
5377.485259972085	300	7.566838329043647	0.0	161857	2727.719669858059	0.017940653	0.20015542857942203
5380.95859107887	300	7.685752173063287	0.0	145210	2881.0861559803607	0.017267168	0.19225089521841937
5383.360532262091	300	7.83090409035498	0.0	172312	1854.848082708307	0.015335801	0.30394669737635555
5384.912619471285	300	7.868407079013763	0.0	167025	1462.4970113412155	0.020708112	0.34552574130423863
5387.13424497549	300	7.867389325337866	0.0	160064	1501.0177536758968	0.029912451	0.34161005746602696
5388.884239706049	300	7.807695840323462	0.0	137507	1059.6934850144048	0.034304302	0.38201164151877587
5390.210019453581	300	7.699956589329253	0.0	118421	1107.7392509942085	0.051427655	0.37047336173365747

