1359.5622933977872	750	4.0	6.835416697573638	450283	6835.416697573638	0.011507736	-29.650714183031866
1362.8688316198509	300	4.693461777936518	0.0	155580	3306.5382220634815	0.042502284	-0.3128568399802335
1365.0551489777938	300	6.507144419993679	0.0	139857	2186.3173579428385	0.01568782	0.4237342947327063
1367.5909647516385	300	7.971328646148999	0.0	155432	2035.8157738446798	0.079655536	0.5797138753964473
1370.2302153569203	300	7.96874740737036	0.0	163442	2002.5812387786382	0.5205081	0.5827888816904161
1373.1352790550266	750	7.814550222468861	0.0	318564	2654.1971849014994	0.466551	0.07685443083634513
1376.0460734056815	750	7.9245863228439335	0.0	352642	2389.9638996249264	0.1200695	0.5638688610682281
1379.8280953045353	750	7.92399055603189	0.0	437162	3000.5957668120445	0.47183898	0.5027483311060092
1382.6527012216125	750	7.872400653964034	0.0	374758	2551.589902067855	0.6394268	0.5426833299428326
1386.3127633816605	1200	7.748877595744912	0.0	560821	3623.5230582191216	0.72430223	-0.0023304218058236015
1390.185252567213	1200	7.876388410192403	0.0	607410	3872.489185552509	0.60900617	0.43504602857011476
1394.607976306398	1200	7.453664671007335	0.0	594078	4422.723739185069	0.6073603	0.33933492525097186
1399.9296994151725	1200	6.131941562233058	0.0	624282	5321.723108774277	0.73667514	0.12221761306575807
1403.1942331287978	750	6.867407848607735	0.0	434409	3264.533713625323	0.2081869	-0.0753427690515342
1406.3272437424662	750	7.734397234939293	0.0	337059	2633.0106136684412	0.2049035	0.5212582703686097
1409.1138399096385	750	7.591608916070376	0.0	366214	2142.7883188689175	0.40854785	0.5565369592999487
1413.0729160907454	1200	7.548974721018449	0.0	617242	3542.6341950519272	0.7134672	-0.01348241798110733
1416.6758110808564	1200	7.946079730907459	0.0	581493	3102.8949901109895	0.520905	0.5187133181958039
1421.615093176749	1850	7.006797635014846	0.0	987708	4939.282095892613	0.6374809	-0.3705663329181573
1427.3646650647117	1850	5.257225747051992	0.0	923755	5749.571887962854	0.3518237	0.030006373675141917
1434.4181657014628	1850	4.0	1.7962748896989988	891604	7053.50063675099	0.9812563	-7.945377956603907
1435.6421239863953	300	6.776041715067634	0.0	157812	1223.9582849323663	0.71660745	-1.0041481228576965
1440.3759178842263	750	6.042247817236784	0.0	401853	4733.79389783085	0.2213879	-0.3016913931871433
1444.1341349344107	750	6.284030767052338	0.0	343800	3758.2170501844457	0.5468991	0.2691381796498258
1446.5419587507076	750	7.876206950755459	0.0	359903	2407.8238162968787	0.35683605	0.5574262989806975
1449.8322977161783	750	7.513779838778731	0.0	379700	2362.4271119767277	0.5071495	0.5270819414416172
1453.6728418412436	750	7.673235713713533	0.0	425781	3340.5441250651984	0.69611603	0.4446180521963949
1456.2532733703065	750	7.707247919461575	0.0	277716	2465.9877942519583	0.3865868	0.5353473993500524
1460.1521243907646	750	7.808396899003378	0.0	400396	3898.851020458198	0.29289538	0.40179678279275005
1464.9166813609634	750	7.043839928804813	0.0	400508	4764.556970198564	0.107367896	0.24163669671128413
1468.4098927725497	750	7.5506285172183	0.0	358218	2993.211411586513	0.26447746	0.4675502393244054
1472.0039204581894	750	7.9566008315785055	0.0	400322	3594.0276856397936	0.10286988	0.4465439158950699
1475.9771298869457	750	7.657541452047448	0.0	369834	3299.059379531057	0.11263181	0.4472559359445038
1479.925903035549	750	7.7087683034441925	0.0	412837	3948.773148603255	0.10047302	0.387215202628622
1483.6444428086893	750	7.990228530303782	0.0	401088	3218.539773140409	0.08395346	0.48732941197246465
1487.78595698378	1200	7.848714355213271	0.0	598727	4141.514175090511	0.17028435	-0.04452013012674477
1491.1158645692708	1200	7.635249140497515	0.0	487812	3213.465214715756	0.7364806	0.47773849253624195
1498.293363588516	1200	4.457750121252224	0.0	575591	7177.4990192452915	0.6210046	-0.22450283712785796
1499.543922338315	300	7.207191371453361	0.0	144254	1250.5587497988627	0.53506154	-0.31530951712968047
1503.229356982272	750	7.5217567274962835	0.0	390680	2685.434643957077	0.52095914	0.0455489729924321
1507.1190081289835	750	7.53689854102883	0.0	345516	3484.8581864674547	0.18242466	0.41706403577601275
1510.9592813635531	750	7.6966253064590235	0.0	384505	3340.273234569806	0.08694468	0.4468964165523429
1514.4867769184639	750	7.985410616910458	0.0	372093	3211.214689548566	0.11606808	0.4875981906049782
1518.3060892884785	750	7.688894869584233	0.0	438281	3796.5157473262248	0.19660047	0.4005281018022602
1523.428371559273	750	6.566612598789622	0.0	398987	5122.2822707946125	0.11024	0.15993048515080388
1526.1475218144276	300	7.847462343634923	0.0	160064	2219.1502551546982	0.69162023	0.09945815263756203
1528.5936307402	300	7.646522493067456	0.0	137507	2200.939850567467	0.33572754	0.5319385004823359
1532.7216214204623	300	7.518531812805297	0.0	118421	2127.9906802621585	0.08938442	0.5269141667648947

