12266.712076157406	750	4.0	2.731225734575557	450283	2731.225734575557	0.004705182	-11.59227394584031
12267.675533051543	300	7.036543105862896	0.0	155580	963.4568941371031	0.2543969	0.1469755758499922
12270.415384314363	750	7.828958850798239	0.0	350812	2207.584255064658	0.4486243	0.12290257093233747
12276.709035711885	750	5.535307453277008	0.0	382355	6293.65139752123	0.23295838	-0.05647073847966133
12278.681535118421	300	7.562808046739964	0.0	163442	1972.4994065370447	0.014535374	0.09672493277312397
12281.309365916472	300	7.543101539332985	0.0	126289	1519.7065074069792	0.023457749	0.5901074485958914
12285.298468160801	300	7.553999295003823	0.0	153295	2489.102244329162	0.0060901335	0.49421679646908867
12287.007343785075	300	7.968174702652414	0.0	173849	1585.8245923514087	0.0059457887	0.6244094228428154
12288.89213202873	300	7.757306134935972	0.0	150710	1210.8685677164417	0.06321793	0.6416086822034884
12290.096041043656	300	7.772311517893137	0.0	139105	984.9946170428365	0.45013177	0.6656403627050698
12292.570921460001	300	7.9993284896118055	0.0	141840	1772.9830282813307	0.6797907	0.608692167213537
12294.064196335003	300	7.73363970319256	0.0	156148	1265.6887864192452	0.037477426	0.6338487389536227
12295.979571023781	300	7.779745469845151	0.0	160746	1453.8942333474095	0.36199102	0.6194659275329271
12299.105286840922	300	7.767627803288909	0.0	179801	2512.1176665562416	0.23954079	0.5124772448154495
12300.877692961327	300	7.743223727779405	0.0	140051	1024.4040755095057	0.024460375	0.6588996834763984
12303.419032925054	750	7.51655480651401	0.0	366214	2226.6689212653955	0.53665173	0.0909248543611339
12306.1551568672	750	7.940828309022026	0.0	360831	2075.7264974919835	0.08571905	0.5968559112034884
12308.114201262719	750	7.556504900340755	0.0	372963	1884.3234086812715	0.16068888	0.5790046482750946
12311.3968865893	750	7.617522654167996	0.0	405596	2438.9822461727576	0.26204482	0.5294117937803897
12313.861436014442	750	7.707099539000514	0.0	350713	2410.423115167483	0.20821542	0.5408895854678089
12316.605159412677	750	7.882300937670983	0.0	386472	2324.7986013295304	0.0838438	0.5663153737539165
12319.193950219948	750	7.662368023087361	0.0	399894	2219.9329145836227	0.0964061	0.5556331454743979
12322.146086722307	750	7.695728727801226	0.0	401853	2466.6392952861356	0.1846872	0.5341735137497443
12323.934810390861	750	7.524115477960524	0.0	343800	1671.6132498407012	0.124495596	0.5971581448595684
12326.11953803987	750	7.565306872364694	0.0	359903	1458.808605595829	0.5267653	0.6224033285533352
12329.836326231441	1850	7.848518680790603	0.0	905935	3716.788191574091	0.716373	-0.6173003200141248
12334.085687474566	1850	7.599157437666696	0.0	1076599	4249.361243123907	0.005356782	0.4054410672780523
12337.718741261358	1850	7.608664807224334	0.0	758197	2990.492630442362	0.0052106865	0.5322430238429446
12341.624462278813	1850	7.7029437897710435	0.0	972798	3905.7210174532897	0.004705182	0.4497946460625819
12345.46270713696	1850	7.812962366600688	0.0	975811	3389.9814231703544	0.004705182	0.5119580205336216
12349.398298836286	1850	7.877370667275067	0.0	873429	3435.591699325621	0.004705182	0.5135963662211608
12354.082849809607	1850	7.192819693953648	0.0	954453	4684.5509733214185	0.004705182	0.3228116172851879
12358.712174757069	1850	6.563494746492555	0.0	885062	4629.324947461093	0.0064516263	0.2677609670855663
12364.556816542356	1850	4.718852961206929	0.0	1035329	5844.641785285626	0.02776454	-0.031319618277646954
12365.404893168632	300	7.870776334929421	0.0	179328	848.0766262775086	0.7438832	-0.8611904858952547
12367.686712656376	750	7.620091386381468	0.0	365161	1750.6849485479545	0.08458882	0.14848876698416844
12369.474401048947	750	7.811814473693135	0.0	321064	1308.2769126883325	0.5704583	0.6611831390794161
12371.249205747816	750	7.734117759700482	0.0	361565	1577.6967139926517	0.6659297	0.6267627605217827
12377.317010164828	1850	5.666313342686918	0.0	908665	6067.8044170135645	0.8006922	-1.06244172583447
12379.745257181174	750	7.238066326342086	0.0	390680	2428.2470163448324	1.0667453	-0.6060377928946246
12382.141146953092	750	7.916701244498411	0.0	345516	1821.3650818436763	0.06515726	0.6199697949518115
12384.530856710253	750	7.874108682456435	0.0	384505	2042.592562041975	0.2233995	0.5937474636598331
12386.535409239665	750	7.585391058310324	0.0	372093	1788.7176241461123	0.26711643	0.5913455527839432
12389.66123443827	750	7.935395821139967	0.0	438281	2649.9952371703566	0.44752228	0.5389061540048774
12392.6191115935	750	7.674372205243471	0.0	398987	2261.0236158964963	0.2113491	0.5526794917351678
12395.44212169741	750	7.611294003955412	0.0	393804	2063.0782012880586	0.104036465	0.5664026834945567
12397.046123772236	750	7.689258879352001	0.0	331053	1422.0351246034127	0.1302048	0.6380112004349596
12398.597085324167	750	7.664761626497915	0.0	314107	1024.4972528540861	0.9247793	0.6754070987391728

