6556.96577414404	750	4.0	3.252274383373264	450283	3252.2743833732643	0.004705182	-13.884888000550221
6557.939634063201	300	7.026140080838887	0.0	155580	973.8599191611128	0.046679683	0.14493397017812856
6558.928866409256	300	7.649591059078628	0.0	139857	876.5490217602593	0.5399936	0.6646729363844713
6561.242978493215	750	7.538876650646926	0.0	382355	1610.7144084317013	0.7117845	0.1546688089141733
6565.37957528495	1850	7.40227985891133	0.0	996749	4136.596791735596	0.31954864	-0.7022321818450202
6569.057863827191	1850	7.723991316670782	0.0	801058	3678.288542240548	0.040788777	0.4745637423485588
6573.080772724034	1850	7.541678430200707	0.0	905515	3682.3128864700752	0.051373787	0.4566134821119523
6577.105188300049	1850	7.517262854185796	0.0	1060487	4024.4155760149106	0.041314818	0.42005318577682055
6582.677847444994	1850	5.944603709240935	0.0	852833	5572.6591449448615	0.013322196	0.11385857045575776
6584.427048165306	750	7.793838714751313	0.0	362795	1650.764994489621	0.3635356	-0.4747958566529302
6586.2421790303415	750	7.720491073644504	0.0	353220	1573.3476411068093	0.5805513	0.6258860835446716
6588.114195694139	750	7.940374401359728	0.0	405134	1780.1166722847745	0.6918711	0.6263732045876502
6592.057358020765	1850	7.997212074734474	0.0	946851	3443.1623266252527	0.6957826	-0.5756258226769082
6596.6293848046935	1850	7.425185290806058	0.0	1036454	4572.026783928416	0.010625638	0.3564294932012285
6601.352755987897	1850	6.701814107602494	0.0	821631	4723.371183203564	0.16981702	0.2716697417159573
6604.392521744227	750	7.662048351271652	0.0	366214	3039.765756330842	0.5165913	-0.626380907481666
6607.750355103333	750	7.543244621019126	0.0	360831	2118.803730252525	0.4606903	0.554280298923493
6611.056872268078	750	7.879500938873625	0.0	372963	3163.743682145501	0.05761043	0.4821513625553111
6614.837406822612	750	7.590620336155766	0.0	405596	2788.88060271786	0.40752652	0.49183257895689986
6616.5452578661325	750	7.947521785554407	0.0	350713	1643.0985506013592	0.34809214	0.6407629607368033
6618.825456958657	750	7.539798495301376	0.0	386472	1907.7232902530316	0.03924644	0.5750566493443547
6621.922492905664	750	7.5375183990841865	0.0	399894	2502.2800962171896	0.049212605	0.5153815068545298
6625.593947791347	750	7.534168929337072	0.0	401853	3503.3494697471137	0.057669014	0.4149521791712186
6628.429601616431	300	7.505394753363376	0.0	137654	1528.7741759736975	0.68124664	0.135571360054951
6629.177536779099	300	7.8298669154841685	0.0	146754	675.5278378792082	0.07185922	0.7021268140906481
6631.281491017857	750	7.834093520499912	0.0	379700	1995.7733949842557	0.18322195	0.14457787482744075
6632.959935846194	750	7.77896150926829	0.0	425781	1555.132011231621	0.029391184	0.6333354934685236
6637.085209285768	1850	7.653688069693902	0.0	758197	3625.2734395743882	0.6883297	-0.6269015160755678
6639.005426795924	750	7.607872447455116	0.0	400396	1545.8156222387868	0.5733945	-0.4822003873640572
6643.213585178599	750	7.399714064780089	0.0	400508	4208.1583826750275	0.6828702	0.3315298519287987
6646.611587096897	750	7.9619931934279125	0.0	358218	1937.720871352178	0.673079	0.6126936183776347
6651.014918022464	750	7.558662267860401	0.0	400322	2903.33092556751	0.041361537	0.47731154570104384
6653.624842491297	750	7.690506057700401	0.0	369834	2368.1562101600016	0.345043	0.5435191342352746
6655.383677543685	750	7.651972651342705	0.0	412837	1538.5334063576963	0.22867465	0.6227725297645017
6657.210877841928	750	7.7035233062360025	0.0	401088	1448.4493451067026	0.08997176	0.6367427459413323
6658.973293911747	750	7.981690738395267	0.0	365161	1221.832567840734	0.6402715	0.6861783601738567
6661.381109378894	1850	7.508074755811002	0.0	728962	1973.615982584267	0.21764563	-0.4757512199568871
6664.938815265765	1850	7.551321654657117	0.0	938587	3456.7531011538845	0.004705182	0.4800976321311684
6674.286492143715	1850	4.0	1.7963552232932325	908665	9347.676877950349	0.008340179	-8.175141015179047
6675.860674444894	300	6.425817698820596	0.0	149991	1574.182301179404	0.013520471	-1.072879990400324
6678.190663145353	300	7.66222932151407	0.0	147968	1763.5883773065248	0.01235277	0.5771854481808705
6679.278646686253	300	7.64643767914037	0.0	161857	1015.7916423737017	0.009476243	0.6504451578633078
6681.343813281566	300	7.969950345246672	0.0	145210	1176.4873338936973	0.39223367	0.6655140563383674
6683.158499879012	300	7.921946720233829	0.0	172312	1548.0036250128433	0.06166321	0.6237420228959691
6684.402304298997	300	7.903385986957757	0.0	167025	1018.5607332760716	0.0073038572	0.6748998200623703
6686.9306778753835	750	7.621821008618765	0.0	393804	1781.5649783389918	0.12189015	0.1455672421423548
6689.523174043836	750	7.788977218416275	0.0	331053	1332.8437902024896	0.19766061	0.6565283391406531
6690.75591951683	750	7.617430690544221	0.0	314107	1171.546527872054	0.06224522	0.6561465140054943

