7840.57295785494	750	4.0	8.215266709904062	450283	8215.266709904063	0.01296162	-35.72205423728573
7843.60201970136	300	4.97093815357864	0.0	155580	3029.0618464213608	0.004705182	-0.2584017808977342
7846.055686483228	300	6.517271371711869	0.0	139857	2453.6667818667706	0.004705182	0.39797408313534804
7848.711636177082	300	7.861321677856908	0.0	155432	2155.9496938549614	0.0047141216	0.5571121856878151
7851.619800754619	300	7.759211905112741	0.0	163442	2102.1097727441665	0.009838059	0.5526679942805534
7853.077714290169	300	7.618282563583489	0.0	126289	1140.9293415292523	0.016986376	0.6352214255686724
7855.499892253444	300	7.855685721855952	0.0	153295	1262.5968417275371	0.024544723	0.6459050036284242
7857.331778521261	300	7.649533105821323	0.0	173849	1706.1526160346284	0.13608125	0.5817069988891083
7861.345491332486	300	7.635820294596455	0.0	150710	2513.7128112248674	0.048039928	0.4996311054574468
7863.267126852638	300	7.779725775574422	0.0	139105	1356.0945190220348	0.0143299	0.6292440033691686
7865.423825932297	300	7.55414675060953	0.0	141840	1225.5790249648903	0.07807895	0.6205833111778113
7867.799735331391	300	7.901752092710328	0.0	156148	2152.394657899201	0.23152049	0.5613591633923156
7870.5145144674225	300	7.531119857141049	0.0	160746	1870.6322355692794	0.034063302	0.5538616250351334
7872.592056758153	300	7.954422204907636	0.0	179801	1576.6976522334135	0.037345104	0.6239984230686157
7875.301376190118	300	7.725184770023026	0.0	140051	1229.2374348846092	0.10024394	0.6366800770278029
7878.461822451376	300	7.820002661784416	0.0	138313	1905.1821082386114	0.21240076	0.578211941247248
7879.967478681417	300	7.984806666174285	0.0	143509	1335.1959956101305	0.023316368	0.6510731282084998
7882.437120022027	300	7.78021600818423	0.0	150616	1204.5906579900548	0.08801454	0.644441574927063
7884.420109223609	300	7.7062467964031205	0.0	165384	1573.969211781111	0.23346695	0.6003840975122366
7886.381807139899	300	7.754907842708242	0.0	140881	1451.3389536948782	0.08501576	0.6173308052097569
7890.30259041298	300	7.8341245696279005	0.0	157671	1920.7832730803416	0.0610102	0.5780110746975802
7893.934735658618	300	7.708623012197151	0.0	157812	2625.5015574307486	0.019116286	0.49545957646092875
7897.72282893435	300	7.920529736464902	0.0	163927	2288.0932757322494	0.0064345654	0.5495966715002785
7899.782352259806	300	7.653136608156012	0.0	137654	1267.3931283088891	0.005737328	0.6259297889218506
7901.183549838077	300	7.953602898494715	0.0	146754	1199.5337096612966	0.017631155	0.6616359581376465
7904.001098156991	300	7.660660740242329	0.0	153938	1292.9421582523855	0.06369976	0.6240990923278604
7906.090870377486	300	7.768077657826266	0.0	181901	1892.5830824160623	0.057826627	0.5744740022480714
7907.254204041228	300	7.6150053994942795	0.0	111155	1153.0722583319878	0.013221842	0.6336917030611345
7908.951264321918	300	7.756605938354471	0.0	153605	1358.3994611398077	0.015063291	0.6267881981317645
7910.98479843026	300	7.859169303458566	0.0	149029	1397.4366348959043	0.024279471	0.6327563230628381
7913.68010743317	300	7.884563567226085	0.0	157421	1474.6057362324807	0.023614708	0.6274836401359695
7916.930017431654	300	7.809960220323244	0.0	157488	1574.6033469028412	0.024183467	0.6103032207956001
7920.598388251924	300	7.583428078978324	0.0	143881	1726.5321413449196	0.012474467	0.5733063612023139
7922.496402664664	300	7.5303402450712165	0.0	163444	1553.0878339071082	0.0068335524	0.5855410266395213
7925.154530076406	300	7.55373985761599	0.0	179328	1976.6003874552266	0.008017501	0.5454420110083675
7927.208097022922	300	7.772719829502612	0.0	159914	1781.0200281133784	0.0053731427	0.5860771220618474
7930.210768418398	300	7.852657605464954	0.0	131610	2920.0622240376583	0.005171718	0.4798670056986407
7932.509035810574	300	7.639828557096702	0.0	124011	2212.829048368252	0.004705182	0.530105281636531
7936.338595874984	300	7.682767620295403	0.0	144254	1457.0609368012992	0.004705182	0.6098150272017655
7938.435125517803	300	7.665752353190732	0.0	149991	1517.015267104671	0.004705182	0.602181855067481
7941.454264013625	300	7.8409403551361265	0.0	147968	1824.8119980546048	0.004705182	0.5882642294245444
7945.550949236285	300	7.744255132475621	0.0	161857	2596.685222660506	0.004705182	0.5017708426541263
7947.485860306473	300	7.982305443095651	0.0	145210	1761.9496893799699	0.004705182	0.6081570132223888
7949.588367640783	300	7.7075324858453165	0.0	172312	1274.7729572503351	0.004705182	0.6304274720585294
7951.764236290069	300	7.778465316231681	0.0	167025	1429.0671696136355	0.005125869	0.6218254176429956
7953.420148944638	300	7.958909680783341	0.0	160064	1319.5556354483385	0.005242184	0.6501445494812137
7956.097194898275	300	7.758565323525243	0.0	137507	2200.344357258098	0.0081083365	0.5427823016048471
7957.649969224144	300	7.52552886828011	0.0	118421	1233.0364552451333	0.004705182	0.6170830639345584

