25306.163610590196	750	4.0	1.384287999087403	450283	1384.287999087403	0.02786949	-5.202438396075833
25307.437831600513	750	6.725778989683334	0.0	398865	1274.2210103166653	0.38622883	0.75
25309.749342061896	1200	8.414268528300804	0.0	571051	2311.510461382532	0.012459487	0.75
25311.84152079739	1200	10.32208979281035	0.0	617681	2092.1787354904513	0.0050250185	1.2
25314.074988704313	1200	12.088621885885185	0.0	652874	2233.4679069251642	0.004705182	1.2
25315.787000184966	1200	14.376610405233633	0.0	520315	1712.0114806515544	0.004705182	1.2
25317.467647770958	1200	16.69596281923901	0.0	561791	1680.6475859946197	0.004705182	1.2
25320.067981825618	1200	18.095628764584124	0.0	709534	2600.334054654891	0.004705182	1.2
25321.815340641773	1200	20.3482699484272	0.0	584846	1747.358816156925	0.004705182	1.2
25323.618170249138	1200	22.545440341063152	0.0	560821	1802.8296073640447	0.004705182	1.2
25325.539909369654	1200	24.62370122054697	0.0	607410	1921.7391205161828	0.004705182	1.2
25327.723919305914	1200	26.439691284287967	0.0	594078	2184.0099362590013	0.010111317	1.2
25329.95027550011	1200	28.213335090094343	0.0	624282	2226.3561941936237	0.010067816	1.2
25333.54217608744	1200	28.621434502759	0.0	687371	3591.900587335342	0.009372081	1.2
25335.24546992639	1200	30.918140663812334	0.0	526950	1703.29383894667	0.004705182	1.2
25337.273082228294	1200	32.890528361906895	0.0	587876	2027.6123019054344	0.019609747	1.2
25340.670374458183	1200	33.4932361320193	0.0	617242	3397.292229887588	0.06341734	1.2
25344.87674265404	1200	33.28686793616273	0.0	581493	4206.368195856576	0.007283843	1.2
25351.63978301846	1200	30.52382757174251	0.0	639204	6763.040364420221	0.004705182	1.2
25358.85090388449	1200	27.312706705714895	0.0	586839	7211.120866027613	0.04391853	1.2
25364.47003275391	1200	25.693577836293784	0.0	601738	5619.128869421109	0.3327299	1.2
25371.027774555143	1200	23.135836035059846	0.0	616206	6557.7418012339385	0.28736722	1.2
25375.693166295237	750	22.47044429496661	0.0	401853	4665.391740093235	0.69221866	0.3
25378.789746291986	750	23.37386429821684	0.0	343800	3096.579996749771	0.004806308	0.75
25381.24217303347	750	24.921437556733306	0.0	359903	2452.4267414835376	0.004705182	0.75
25384.116814522946	750	26.04679606725971	0.0	379700	2874.641489473592	0.00935463	0.75
25386.858790007213	750	27.304820582992175	0.0	425781	2741.975484267535	0.008429005	0.75
25388.737771574437	750	29.425839015767057	0.0	277716	1878.9815672251175	0.05394303	0.75
25391.05883140153	750	31.10477918867233	0.0	400396	2321.0598270947253	0.16473567	0.75
25393.125266690495	750	33.03834389970808	0.0	400508	2066.4352889642482	0.657565	0.75
25396.990280723196	1200	33.17332986701031	0.0	570392	3865.0140326977735	0.12654638	0.75
25401.33135002381	1200	32.83226056639466	0.0	620283	4341.069300615647	0.0052394066	1.2
25405.68441277519	1200	32.47919781501429	0.0	584349	4353.062751380374	0.0057201535	1.2
25411.611555220647	1200	30.552055369556406	0.0	670129	5927.142445457882	0.0073538367	1.2
25417.62336038035	1200	28.54025020985374	0.0	690253	6011.805159702666	0.023566743	1.2
25421.984866324678	1200	28.178744265524195	0.0	598727	4361.505944329543	0.03300715	1.2
25425.039120477155	1200	29.12449011304736	0.0	487812	3054.2541524768308	0.0056119654	1.2
25428.445706347004	1200	29.717904243197825	0.0	575591	3406.585869849535	0.004705182	1.2
25431.941287248035	1200	30.22232334216762	0.0	605884	3495.5809010302073	0.004705182	1.2
25434.88134351174	1200	31.282267078459526	0.0	587506	2940.0562637080952	0.00778721	1.2
25438.31605256527	1200	31.847558024926766	0.0	566904	3434.7090535327584	0.15571931	1.2
25441.563158736066	1200	32.60045185413309	0.0	641452	3247.106170793671	0.11274451	1.2
25449.618925673552	2850	28.544684916647903	0.0	1343002	8055.76693748519	0.5711712	1.2000000000000002
25459.01397088591	2850	23.149639704290117	0.0	1587250	9395.04521235779	0.004705182	2.85
25469.425197722278	2850	16.738412867921813	0.0	1464921	10411.226836368302	0.004705182	2.85
25472.932407307304	1200	17.231203282894544	0.0	638661	3507.209585027269	0.5941172	-0.44999999999999996
25475.502276561143	1200	18.661334029053158	0.0	538612	2569.8692538413848	0.008908469	1.2
25481.509796100367	2850	16.6538144898314	0.0	1364537	6007.5195392217565	0.32497054	1.2000000000000002

