16379.255971489163	750	4.0	4.2446647119615655	450283	4244.664711961565	0.37740213	-18.251405446338744
16380.670759622697	300	6.5852118664659365	0.0	155580	1414.7881335340633	0.010451933	0.05840129902997948
16382.477595266388	300	7.821520534123352	0.0	139857	1263.6913323425845	0.06084019	0.6425071158019456
16384.28587573593	300	7.90395245027067	0.0	155432	1417.5680838526823	0.12511012	0.6350536077525921
16385.594590159933	300	7.799951412014789	0.0	163442	1104.001038255881	0.31888407	0.6564000923048516
16386.900857416662	300	7.72417446222283	0.0	126289	1075.776949791958	0.6678722	0.6519288822448397
16388.20344486777	300	7.558125856788132	0.0	153295	1166.048605434698	0.56523466	0.6269193466946322
16390.197458731538	300	7.649388409690426	0.0	173849	1408.7374470977077	0.6973324	0.6114345886131414
16392.051824270817	300	7.809843886536319	0.0	150710	1339.5445231541075	0.6778196	0.6337979059091676
16395.96260623108	750	7.899061926270005	0.0	362795	3410.781960266314	0.6668625	0.009330302364437326
16398.898174043126	750	7.64407943214506	0.0	353220	2754.982494124947	0.6917624	0.5003678895268191
16402.685074406938	750	7.857179068332527	0.0	405134	3286.900363812532	0.6107327	0.4676871885771199
16404.668672827283	300	7.984122732423104	0.0	160746	1373.0563359094224	0.6889305	0.19722126476537782
16406.04513152973	300	7.886164351920546	0.0	179801	1097.9583805025577	0.35933775	0.6653024530840035
16408.73043342255	750	7.857763599830742	0.0	337059	2528.400752089806	0.534848	0.09359341158097156
16412.62172911608	750	7.9664679062998625	0.0	366214	2891.29569353088	0.25990182	0.5177668324400078
16416.63894344213	750	7.69695923670611	0.0	360831	2769.508669593751	0.5450827	0.5040050142217726
16418.402702458352	300	7.9189325377728546	0.0	150616	1278.0266989332563	0.69390655	0.2004495969620087
16420.241562228697	300	7.542368725395721	0.0	165384	1376.5638123771337	0.33159226	0.6043511839113376
16422.622858479845	300	7.5428685788040495	0.0	140881	1499.5001465916712	0.32858962	0.5921056619575455
16424.20003964685	300	7.625176076180965	0.0	157671	1417.6925026230842	0.08551372	0.6082086180057604
16425.851306671502	300	7.589286896044605	0.0	157812	1535.8891801363611	0.12525252	0.5929345752301469
16429.223290748378	300	7.525983798966885	0.0	163927	2063.303097077721	0.043369323	0.5341001873551459
16432.765594924662	300	7.983679622681308	0.0	137654	3042.3041762855773	0.013759602	0.48025383090351825
16436.68002334511	300	7.776957961847465	0.0	146754	3706.7216608338417	0.004705182	0.39391488392116525
16440.487223278702	300	7.96975802825525	0.0	153938	2307.199933592216	0.004705182	0.55242428563605
16444.785094081682	300	7.671887225275148	0.0	181901	3297.8708029801014	0.004705182	0.4246867900011322
16448.11738441505	300	7.99213085443401	0.0	111155	1679.7563708411385	0.004705182	0.6173220522616021
16451.307500068426	300	7.628339942010618	0.0	153605	2863.7909124233925	0.004705182	0.46390330276470215
16453.09723833315	300	7.996633285123797	0.0	149029	1631.7066568868208	0.004705182	0.6225603878092457
16455.361548724104	300	7.7234938270642814	0.0	157421	1273.139458059515	0.004705182	0.6321271194982403
16457.14238967351	300	7.823658785310314	0.0	157488	1399.8350417539677	0.0067010457	0.6290985540062888
16458.71044927275	300	7.885131992015922	0.0	143881	938.526793294392	0.0062731383	0.68114624597208
16459.859794360254	300	7.875225813236355	0.0	163444	1009.9061787795675	0.13849361	0.6730548262787653
16461.95312370208	300	7.838280615687596	0.0	179328	1536.9451975487589	0.31640932	0.6167949064823829
16464.06094437124	300	7.717562405745731	0.0	159914	1120.7182099418644	0.06396691	0.6467983381599216
16465.648235441444	300	7.792468061750327	0.0	131610	925.0943439954048	0.18784927	0.6735704806279784
16467.18127928728	300	7.717044478436788	0.0	124011	1075.4235833135388	0.33387747	0.651277949721291
16471.03965254045	300	7.858671225268452	0.0	144254	1858.3732531683368	0.12533532	0.5866147206347359
16472.898280401856	300	7.577354104911945	0.0	149991	1781.317120356506	0.0065845894	0.5672432362845073
16475.379461917513	300	7.615418688608277	0.0	147968	1461.9354163036683	0.0050672963	0.6028451668183552
16477.372194523352	300	7.83867543536379	0.0	161857	1276.7432532444875	0.005972067	0.6428531027624861
16480.05012934312	300	7.567702701779966	0.0	145210	1270.9727335838224	0.013459191	0.6173487162672124
16483.479973722377	300	7.646261550741536	0.0	172312	1921.4411510384296	0.0114222625	0.5598632544350968
16486.348196163202	300	7.871351996938081	0.0	167025	2274.909553803454	0.004705182	0.54618162948512
16489.248145949667	300	7.828033523217861	0.0	160064	1543.318473720221	0.004705182	0.615171284384156
16490.702016716645	300	7.884413777100471	0.0	137507	943.6197461173891	0.004705182	0.6805678216749469
16492.297817248018	300	7.5266390458458865	0.0	118421	857.7747312545849	0.015336532	0.6547160922060843

