16497.403471133395	750	4.0	5.105653885378062	450283	5105.653885378062	0.026994744	-22.03975780937133
16501.559172873054	300	4.0	0.15570173966025685	155580	4155.701739660257	0.005586904	-1.1340371690476578
16504.01580630302	300	5.543366570032065	0.0	139857	2456.6334299679343	0.004705182	0.3039379567333959
16505.802235438514	300	7.756937434542367	0.0	155432	1286.4291354896984	0.0047166245	0.6340171375875922
16506.974078317642	300	7.508225056825533	0.0	163442	748.712377716835	0.06499249	0.6638499598566211
16508.8824458465	750	7.880606514503575	0.0	318564	1627.618542321958	0.43644023	0.18587028946849987
16510.173666366074	750	7.635370819535089	0.0	352642	1245.2356949684884	0.6559106	0.6505043554241519
16514.099844093853	1850	7.575274324996236	0.0	1060487	3560.096494538852	0.13416168	-0.6279312350324269
16517.191605710053	1850	7.807434124017411	0.0	852833	2767.840200978826	0.00608171	0.5736400430214541
16520.630674279393	1850	7.774860604158557	0.0	913888	3032.573519858853	0.004740702	0.5440314722389995
16524.37505909997	1850	7.660915628011413	0.0	939819	3113.9449761471437	0.0047454694	0.5249269910998569
16529.4833439825	1850	6.552630745478179	0.0	917428	5108.284882533234	0.0047187703	0.21881930093759283
16532.71110415183	1850	7.324870576150165	0.0	946851	3227.760169328014	0.24238798	0.48120074755642345
16536.38372162197	1850	7.6522531060082715	0.0	1036454	3672.6174701418945	0.0059442027	0.4682259639561902
16539.55481335242	1850	7.56125846214814	0.0	821631	3090.99464386013	0.0074608214	0.5176299070541813
16545.59055242314	1850	5.525519391427392	0.0	923170	6035.739070720748	0.006544073	0.02721322843121654
16548.57192251189	750	6.544149302680226	0.0	360831	2981.370088747167	0.15372209	-0.7281404148301724
16551.59580023384	750	7.520271580724727	0.0	372963	3023.8777219554986	0.43187284	0.4615617181011387
16555.32976265881	750	7.78630915575695	0.0	405596	2733.962424967777	0.41390955	0.5161596715527297
16559.233997269082	750	7.661715070960583	0.0	350713	3124.5940847963666	0.3423299	0.4651041810570497
16563.030860277297	750	7.864852062747477	0.0	386472	3296.863008213106	0.6912621	0.4674294587084231
16566.257731828322	300	7.524667992079055	0.0	157812	1840.1840706684216	0.26994547	0.1062854420639461
16569.928557878433	300	7.853841941967297	0.0	163927	3170.8260501117575	0.022551566	0.4549046168469672
16571.525720622016	300	7.844017368812581	0.0	137654	1509.824573154716	0.004705182	0.6200591380334846
16574.1636418805	300	7.813725791383795	0.0	146754	1530.2915774287865	0.008263779	0.6150968383051559
16577.015440554856	300	7.791641399632113	0.0	153938	1522.0843917516804	0.009307345	0.613791908669043
16579.042756394883	300	7.902840620822026	0.0	181901	1888.800778810088	0.010839112	0.5878233233887473
16581.21964959138	300	7.793651481681609	0.0	111155	1109.189139140417	0.008611693	0.6552749066481908
16582.96026123304	300	7.707197770530776	0.0	153605	1586.4537111508319	0.010830391	0.5992271799330067
16585.379452009824	300	7.654681232891828	0.0	149029	1552.5165376389493	0.010180672	0.5975661199030267
16587.007984927113	300	7.953751922819534	0.0	157421	1200.9293100722946	0.008060862	0.6615107418598678
16588.43780282717	300	7.557644756900761	0.0	157488	1396.1071659187721	0.054570485	0.6038671842266073
16590.178710193188	300	7.504046474460219	0.0	143881	1053.5982824405414	0.022094809	0.6329591760071709
16592.44344503353	300	7.920333601079347	0.0	163444	1583.712873380872	0.13152082	0.6200158334781067
16595.48826050264	300	7.998436802002636	0.0	179328	1921.8967990767107	0.018889822	0.5937149641721109
16599.02395374987	300	7.512049623404324	0.0	159914	1986.3871785983129	0.008319589	0.540450598717368
16601.205188622753	300	7.641085116281414	0.0	131610	1870.9645071229102	0.004908043	0.564412681033365
16603.04416010851	300	7.866734646779976	0.0	124011	1274.350469501437	0.004705182	0.6457931126316028
16604.475192640042	300	7.9085288751436	0.0	144254	958.2057716363761	0.005611905	0.681430325151993
16607.32971189099	300	7.777682653116546	0.0	149991	1130.8462220270528	0.04974947	0.6515721801731916
16610.434040727665	300	7.932354739740871	0.0	147968	1845.3279133756753	0.047856454	0.595011377953907
16611.912593811554	300	7.732578587945994	0.0	161857	1199.7761517948773	0.004705182	0.6403378688484578
16614.026601104597	300	7.509963421968989	0.0	145210	1222.6151659770057	0.018307794	0.616627000682706
16617.90296064385	300	7.633603882717976	0.0	172312	2376.359539251012	0.013042355	0.5131531004525515
16621.69855105764	300	7.838013468927544	0.0	167025	3295.590413790432	0.004705182	0.44090467167412395
16624.134799047526	300	7.851560566538901	0.0	160064	1986.452902388642	0.004705182	0.573122346600314
16626.63588146796	300	7.765916919072497	0.0	137507	1585.6436474664035	0.004705182	0.6049599721432876
16628.344131073587	300	7.764511445241289	0.0	118421	1001.4054738312083	0.004705182	0.6632485110278514

