4089.165257945289	750	4.0	6.542941104200595	450283	6542.941104200595	0.004705182	-27.384646748062558
4090.970695214984	300	5.9387518314227625	0.0	155580	1561.2481685772375	0.004705182	-0.15000000000000002
4095.0516320805395	300	5.825378006433912	0.0	139857	1613.3738249888504	0.004705182	0.3
4099.1318976641405	300	5.6040267635166945	0.0	155432	1721.351242917217	0.004705182	0.3
4102.523588436322	300	5.542638461917757	0.0	163442	2061.3883015989377	0.004705182	0.3
4104.949436452082	300	5.594865703629108	0.0	126289	1447.7727582886491	0.004705182	0.3
4106.768195852048	300	5.879523665781937	0.0	153295	1215.3420378471722	0.004705182	0.3
4108.760568028422	300	5.660046272954127	0.0	173849	1219.4773928278103	0.00475429	0.3
4110.642728378066	300	5.845413489905923	0.0	150710	1314.6327830482037	0.019313078	0.3
4112.606570775409	300	5.742256093631673	0.0	139105	1103.15739627425	0.01810098	0.3
4113.883246013359	300	5.644260979940962	0.0	141840	1097.995113690712	0.019482303	0.3
4116.925925544549	300	5.632261224025751	0.0	156148	1511.9997559152118	0.029083474	0.3
4118.461400995044	300	5.704863424565516	0.0	160746	1427.3977994602337	0.0071511986	0.3
4121.059714786946	300	5.799745377982546	0.0	179801	1405.1180465829693	0.0075576636	0.3
4123.008315705485	300	5.827042753221658	0.0	140051	972.7026247608882	0.021928903	0.3
4125.804557247337	300	5.931871105335558	0.0	138313	1395.1716478861008	0.08213398	0.3
4128.337144348431	300	5.911112568520741	0.0	143509	1020.7585368148173	0.008408049	0.3
4130.69318958519	300	5.6540041845806375	0.0	150616	1257.1083839401028	0.049178913	0.3
4133.106151139382	300	5.571991872045084	0.0	165384	1082.0123125355528	0.0166751	0.3
4134.501265292134	300	5.854909344996838	0.0	140881	1217.0825270482462	0.04980072	0.3
4136.171314452165	300	5.788900635033462	0.0	157671	1566.0087099633763	0.016519282	0.3
4140.019235814087	300	5.836960126656148	0.0	157812	3451.9405083773136	0.005973807	0.3
4142.441860978274	300	5.708637952284494	0.0	163927	1628.3221743716533	0.004705182	0.3
4144.573743104766	300	5.734848426846465	0.0	137654	1473.7895254380287	0.004705182	0.3
4148.411820589385	300	5.549855946914584	0.0	146754	3184.9924799318815	0.004705182	0.3
4151.681583087873	300	5.886517290813483	0.0	153938	2163.338656101101	0.004705182	0.3
4153.8718092194895	300	5.809616050698605	0.0	181901	1576.9012401148777	0.004705182	0.3
4157.863271747154	300	5.81815352303514	0.0	111155	991.4625276634645	0.004705182	0.3
4161.122985676469	300	5.955690281959647	0.0	153605	1362.4632410754932	0.004705182	0.3
4164.852432368201	300	5.8245923567141675	0.0	149029	1631.0979252454804	0.004705182	0.3
4169.116697408113	300	5.560327316802752	0.0	157421	3764.265039911415	0.004705182	0.3
4173.025838666336	300	5.651186058579644	0.0	157488	3409.1412582231073	0.004705182	0.3
4176.918561040712	300	5.758463684203513	0.0	143881	2892.7223743761306	0.004705182	0.3
4179.783772702141	300	5.943096501487819	0.0	163444	2815.367182715694	0.004705182	0.3
4183.885355447346	300	5.702227444741566	0.0	179328	3240.869056746253	0.004705182	0.3
4185.451786085327	300	5.759368926981295	0.0	159914	1442.8585177602708	0.004705182	0.3
4187.416599488538	300	5.798748313985276	0.0	131610	960.620612996019	0.004705182	0.3
4189.536727372595	300	5.825780795564308	0.0	124011	972.9675184209683	0.004705182	0.3
4191.602622776762	300	5.776413233299307	0.0	144254	1049.367562265	0.004705182	0.3
4193.139559712944	300	5.721208719658534	0.0	149991	1055.2045136407721	0.004705182	0.3
4194.247424646982	300	5.708142406910696	0.0	147968	1013.0663127478387	0.004732389	0.3
4196.601773799075	300	5.763367194009035	0.0	161857	944.7752129016602	0.006148727	0.3
4198.404532420255	300	5.7767747620146235	0.0	145210	1486.5924319944113	0.02947431	0.3
4200.8340986042	300	5.725074869635084	0.0	172312	1551.6998923795404	0.004705182	0.3
4204.10599393013	300	5.753060247452937	0.0	167025	1472.014622182147	0.004705182	0.3
4207.736284257921	300	5.822855440430889	0.0	160064	1930.2048070220478	0.004705182	0.3
4211.084941905202	300	5.713569401175261	0.0	137507	1609.2860392556283	0.004705182	0.3
4213.958284596835	300	5.971583897371322	0.0	118421	1241.985503803939	0.004705182	0.3

