7099.464483853913	750	4.0	3.1328471558220468	450283	3132.8471558220467	0.004705182	-13.359408199324864
7100.5269230137355	300	6.937560840178129	0.0	155580	1062.4391598218708	0.060202442	0.12755019192853162
7101.716996952631	300	7.5651670333222265	0.0	139857	872.393806855903	0.4250356	0.6569625479233691
7105.176012589326	750	7.624499238074619	0.0	382355	2440.667795247608	0.7119349	0.07991474312879188
7109.068756966728	750	7.731754860673264	0.0	411561	2892.744377401355	0.3204581	0.49503056242143717
7112.796154352201	750	7.758602382261082	0.0	318564	2973.1524784121816	0.36569762	0.4895738572702187
7114.709977341751	300	7.978813255216194	0.0	153295	1279.7891270448886	0.69639623	0.20603694234056358
7117.602145032063	300	7.95974643666331	0.0	173849	1519.0668185528837	0.59926134	0.6302739698902897
7121.856170253816	750	7.705721214910744	0.0	374758	3254.025221752566	0.6567236	0.006396709524304156
7124.155893639192	300	7.694422540378659	0.0	139105	1011.2986745320849	0.65588486	0.20551305294298847
7127.985733053624	750	7.864583125945628	0.0	353220	3829.83941443303	0.69412655	-0.03589406739125067
7129.379421417383	300	7.64687100670431	0.0	156148	1217.7121192413188	0.28888404	0.18029481845487733
7131.354590552294	300	7.982274537657439	0.0	160746	1664.5964690468713	0.45361033	0.6178893605715885
7133.311544377948	300	7.614083962512903	0.0	179801	1368.190575144536	0.13483256	0.6120911820065691
7134.723495904734	300	7.942489795774862	0.0	140051	1171.5941667380423	0.45508218	0.6633602634624579
7135.929302197267	300	7.904765343831379	0.0	138313	1037.7244519434826	0.5325432	0.6731162128872635
7138.535472460774	300	7.790721113323458	0.0	143509	1114.0442305079212	0.5031289	0.6545073461736863
7140.81598118259	300	7.72652977366457	0.0	150616	1564.1913396588882	0.66189235	0.6033141447037591
7142.242371328636	300	7.926493420320152	0.0	165384	1300.036353344419	0.12248069	0.6489763751955516
7144.676495765425	300	7.542608041076108	0.0	140881	1383.885379244044	0.4386644	0.6036420616351879
7147.514594213143	300	7.663678412740635	0.0	157671	1378.929628335473	0.13051614	0.6157907997815932
7150.201239239674	300	7.959940237615716	0.0	157812	1703.7381751249206	0.21011057	0.6118254877985099
7151.723940045695	300	7.770043265078551	0.0	163927	1189.8969725371653	0.05296573	0.6449318052034023
7154.911242609098	750	7.742793957338549	0.0	343800	2027.249307740002	0.31327713	0.13264259518689003
7157.331248421831	750	7.622817631113597	0.0	359903	2119.9763262249503	0.15017544	0.5618220334195456
7161.205449827597	750	7.74861622534848	0.0	379700	2874.2014057651177	0.13030767	0.49850778540248386
7164.9935021946385	750	7.671705549963985	0.0	425781	3576.910675384495	0.56754947	0.42083411713690755
7167.349365871782	300	7.63934448092148	0.0	111155	1032.3610690425053	0.3374223	0.19810548667834635
7170.295556457224	300	7.968000559000049	0.0	153605	1671.3439219214306	0.0864176	0.6158407283582141
7171.68964905384	300	7.768377568603635	0.0	149029	1199.6229903964143	0.018324329	0.6437988782086227
7174.6414185309895	300	7.689727666537968	0.0	157421	1078.6499020656674	0.08596666	0.6483260431619569
7176.67165295408	300	7.91117015668441	0.0	157488	1778.55750985356	0.24502087	0.5996493777280918
7177.653987002895	300	7.935841655645847	0.0	143881	975.3285010385621	0.0102767665	0.6823469388693209
7179.335378354206	300	7.803648758678337	0.0	163444	1632.1928969675107	0.21385485	0.6039367803188584
7181.747541117431	300	7.767166546987937	0.0	179328	1536.4822116903995	0.015177181	0.6099963938505177
7184.1914576708405	300	7.583048531750085	0.0	159914	1184.118015237853	0.03512101	0.6275112419540931
7186.227864499675	300	7.8997443912189045	0.0	131610	1183.3041405311785	0.07354856	0.6580749715425593
7187.452078031062	300	7.794188974427143	0.0	124011	1105.5554167917617	0.036113653	0.6556900131803808
7189.819340918057	300	7.974886616827425	0.0	144254	1319.302357599717	0.043262273	0.6517076758066276
7191.853959210682	300	7.62155768276198	0.0	149991	1353.3289340654437	0.014744479	0.6142967003173001
7194.079854658118	300	7.739254705073559	0.0	147968	1382.3029776884223	0.016527617	0.6227277702405998
7195.973771947623	300	7.589092257045275	0.0	161857	1650.1624480282853	0.009146038	0.5814885142125469
7197.76531772438	300	7.790196775095512	0.0	145210	1298.8954819497626	0.0055246074	0.6359717528696831
7199.035622351575	300	7.631369589831229	0.0	172312	1158.8271852642822	0.009434185	0.634691282581253
7200.959762286753	300	7.605038300287153	0.0	167025	1026.3312895440747	0.045765214	0.6454064551336399
7203.063123861052	300	7.832261840705302	0.0	160064	1272.776459581852	0.21958923	0.6426324662379994
7205.1385185534455	300	7.5648571520173045	0.0	137507	1267.4046886879967	0.044707045	0.6174316333067849
7207.061179607492	300	7.557521541046193	0.0	118421	1007.3356109711101	0.012528112	0.6427324800531115

