12915.086993312461	750	4.0	2.752351768226307	450283	2752.351768226307	0.012019222	0.06197412550295067
12916.106893091155	300	6.980100221306277	0.0	155580	1019.8997786937232	0.20765951	-0.08084999310749748
12918.813062592584	300	7.858141158220798	0.0	139857	1121.959063085479	0.011975027	0.41382163701048447
12921.13794513869	300	7.957805214011147	0.0	155432	900.3359442096504	0.010086329	0.44221295238496416
12924.425913091334	300	7.966094438496144	0.0	163442	1991.7107755150018	0.015565673	0.3335935457847413
12927.734010062486	300	7.5401745462349625	0.0	126289	1925.9198922611815	0.009424025	0.3135526408437996
12930.461940090427	300	7.5572980908102	0.0	153295	2482.876455424762	0.0076641915	0.2589272060633938
12932.212082217076	300	7.609753842343094	0.0	173849	1447.5442484671053	0.0069038672	0.3657389112299654
12934.440684952171	300	7.511751385287349	0.0	150710	1598.0024570557462	0.010132812	0.3445679368051172
12937.400262893669	300	7.657262577408257	0.0	139105	1854.4888078790918	0.008711595	0.32801375123033943
12941.341396140462	300	7.716129330616154	0.0	141840	2441.1332467921034	0.0068829623	0.2730284794145318
12943.060530311977	300	7.614673373063251	0.0	156148	1601.455957552901	0.0060218903	0.3506552109913956
12944.337111550201	300	7.680221922933486	0.0	160746	934.4514501297656	0.0062402096	0.4214524461005988
12946.684031897958	300	7.627826652650578	0.0	179801	2052.3952702829083	0.00920703	0.3063833596926028
12949.150768218258	300	7.591721064588049	0.0	140051	1536.1055880625283	0.0073019983	0.3557557286607328
12950.985477620661	300	7.52468168180582	0.0	138313	1567.0393827822304	0.006541023	0.3484723877648732
12952.067707053442	300	7.972401956175525	0.0	143509	1052.2797256302945	0.00639726	0.4279308706281734
12955.685734752906	300	7.983362988617733	0.0	150616	2489.0389675577917	0.00854682	0.28494001096306165
12959.250995755374	300	7.5952268581385365	0.0	165384	2388.136130479198	0.0064339996	0.2707717865159712
12961.496162334912	300	7.811205966213829	0.0	140881	784.0208919247075	0.0058756126	0.44468200462612617
12965.394439844624	300	7.912928456501337	0.0	157671	2898.2775097124927	0.0091134235	0.23961399849031678
12968.738005814266	300	7.890857141842398	0.0	157812	2022.0713146589387	0.006413828	0.3258551608294885
12972.167929951382	300	7.871642329277105	0.0	163927	2019.2148125652932	0.0057145	0.32493988525352224
12976.448649728703	300	7.59092255195434	0.0	137654	2280.7197773227654	0.005447658	0.2812444026951023
12978.2222275118	300	7.849848206542074	0.0	146754	1241.0743454122658	0.005779623	0.40139179929788554
12980.911348278816	300	7.581539565726364	0.0	153938	2268.3086408157105	0.0061494214	0.28189907970655925
12983.578509081535	300	7.853365289467305	0.0	181901	1228.174276259058	0.005210668	0.4029016238960333
12984.771069061022	300	7.8765785011030545	0.0	111155	976.7867883642498	0.007508953	0.4294911984127484
12987.605570225232	300	7.902214514558786	0.0	153605	974.3639865442702	0.0062840865	0.4313357294357296
12989.936809929912	300	7.921663208053824	0.0	149029	1480.5513065049613	0.008003441	0.38193254078310035
12991.589204888269	300	7.975809932460695	0.0	157421	1445.8532755931283	0.0072306553	0.3887865141497131
12993.953441457179	300	7.641962575389018	0.0	157488	1333.8473570716776	0.006769897	0.37912164618487837
12996.163319717229	300	7.662218027283046	0.0	143881	979.7445481059714	0.0081349015	0.41579789282482577
12997.845141030624	300	7.531374217056516	0.0	163444	1630.843810226529	0.008770388	0.3425102284736119
13000.288710868359	300	7.850077997274479	0.0	179328	1681.2962197820386	0.0081053	0.3573839737816836
13002.569944807614	300	7.880597879622874	0.0	159914	969.4801176516046	0.00730569	0.4304730766415017
13004.337490188575	300	7.81770214294417	0.0	131610	1062.895736678704	0.009771419	0.4172005311963728
13005.562123915874	300	7.972710024935965	0.0	124011	844.9921180082044	0.008639708	0.4486788856879099
13009.589838954782	300	7.94499498602757	0.0	144254	2527.7150389083945	0.009779826	0.2786744036661162
13011.213742934871	300	7.901721301081753	0.0	149991	1543.2736849458183	0.007337087	0.37441393375326026
13013.756778846142	300	7.720518526517821	0.0	147968	1181.2027745639311	0.008367443	0.39929585138120327
13016.794624586575	300	7.902512286656172	0.0	161857	1818.0062398616483	0.009971229	0.34699011486007847
13018.52833103289	300	7.730578813783282	0.0	145210	1171.9334728728893	0.010048029	0.4008515495043987
13020.95171751468	300	7.779772040611137	0.0	172312	1950.8067731721458	0.010763187	0.326038796151214
13025.350419760474	300	7.381069794815668	0.0	167025	4398.702245795469	0.009173756	0.05633035852666485
13028.89702419481	300	7.834465360479953	0.0	160064	3046.6044343357153	0.008250216	0.21987736252665807
13030.191353282575	300	7.781244005970985	0.0	137507	1053.2213545089694	0.0068848347	0.4158893358525221
13031.5309326663	300	7.547008200235234	0.0	118421	734.2358057357509	0.011178459	0.43314815287135955

