4992.070008651554	750	4.0	3.7572090788844412	450283	3757.209078884441	0.05349061	-15.981580434551933
4993.3007432654795	300	6.76926538607515	0.0	155580	1230.7346139248493	0.061561186	-0.3802325581395349
4995.9793169666	300	7.703950358079697	0.0	139857	1065.3150279954539	0.4501263	0.06976744186046512
4999.765377458052	300	7.712549439376089	0.0	155432	1991.400918703609	0.69430995	0.06976744186046512
5002.891522573119	300	7.5368066395964854	0.0	163442	2675.742799779603	0.5778917	0.06976744186046512
5005.603912146765	300	7.515812986567568	0.0	126289	1520.9936530289176	0.675142	0.06976744186046512
5009.236988773653	750	7.59497266683158	0.0	352642	2920.840319735987	0.6529074	-0.2755813953488372
5015.108464872429	750	5.7234965680558165	0.0	437162	5871.476098775764	0.22102667	0.1744186046511628
5018.161609517552	750	6.670351922933045	0.0	374758	3053.1446451227707	0.51365554	0.1744186046511628
5020.981405586198	300	7.633882366435717	0.0	139105	1536.4695564973276	0.6597188	-0.3802325581395349
5029.0107459687515	750	4.0	0.39545801611782916	353220	8029.340382553546	0.56086767	-1.9760508646555024
5032.2657624697695	300	4.744983498981756	0.0	156148	3255.016501018244	0.0069404882	-0.3802325581395349
5037.174736784908	300	4.0	0.16399081615646538	160746	4908.974315138221	0.0071254284	-0.6353930676123359
5042.245925465629	300	4.0	1.0711886807203792	179801	5071.188680720379	0.004705182	-4.536343885237165
5045.240497575319	300	5.005427890310248	0.0	140051	2994.572109689753	0.004705182	0.06976744186046512
5048.172189379106	300	6.073736086522806	0.0	138313	2931.6918037874416	0.0073399204	0.06976744186046512
5052.641145431591	300	5.604780034037622	0.0	143509	4468.956052485183	0.0053595467	0.06976744186046512
5057.889970841249	300	4.355954624379277	0.0	150616	5248.825409658346	0.00717896	0.06976744186046512
5063.807960162687	300	4.0	1.5620346970588435	165384	5917.98932143812	0.004705182	-6.646981755492561
5068.444915228416	300	4.0	0.6369550657290692	140881	4636.955065729069	0.004705182	-2.6691393407745325
5072.448813329078	300	4.0	0.0038981006620397237	157671	4003.8981006620397	0.004705182	0.053005609013694305
5075.649674179267	300	4.799139149810675	0.0	157812	3200.8608501893245	0.004705182	0.06976744186046512
5079.088821737989	300	5.359991591088695	0.0	163927	3439.1475587219797	0.004705182	0.06976744186046512
5080.7903210539735	300	7.65849227510428	0.0	137654	1701.4993159844166	0.0047303485	0.06976744186046512
5083.4151785730655	300	7.717184577070304	0.0	146754	1941.3076980339754	0.11945333	0.06976744186046512
5087.266361910354	300	7.866001239781283	0.0	153938	3851.183337289021	0.3083123	0.06976744186046512
5091.5825596730465	300	7.54980347708903	0.0	181901	3316.197762692252	0.22180617	0.06976744186046512
5095.561735863368	300	7.515680818548253	0.0	111155	3034.122658540777	0.26872557	0.06976744186046512
5100.515715026421	300	6.561701655495065	0.0	153605	4953.979163053188	0.12037265	0.06976744186046512
5105.055522387383	300	6.021894294534319	0.0	149029	4539.807360960745	0.013726923	0.06976744186046512
5111.156972945554	300	4.0	0.07955626363753254	157421	6101.450558171852	0.007707592	-0.27232449178092477
5115.342492153212	300	4.0	0.18551920765779778	157488	4185.519207657798	0.004705182	-0.7279651510680653
5119.537303635255	300	4.0	0.1948114820422934	143881	4194.811482042293	0.004705182	-0.7679219309213965
5125.342487643793	300	4.0	1.805184008538994	163444	5805.184008538994	0.004705182	-7.692523794857209
5131.507677914363	300	4.0	2.165190270568836	179328	6165.190270568836	0.004705182	-9.24055072158553
5135.893427621861	300	4.0	0.3857497074988687	159914	4385.749707498869	0.004705182	-1.5889563003846705
5138.714939346347	300	5.178488275514162	0.0	131610	2821.511724485838	0.004705182	0.06976744186046512
5139.974591960924	300	7.91883566093696	0.0	124011	1259.6526145772023	0.004705182	0.06976744186046512
5141.85666879301	300	7.976752050062167	0.0	144254	1442.083610874794	0.064096116	0.06976744186046512
5143.7576558624405	300	7.85125510695266	0.0	149991	1125.4969431095076	0.3225993	0.06976744186046512
5144.924894313147	300	7.820380987759718	0.0	147968	1030.8741191929425	0.689797	0.06976744186046512
5148.696239054212	750	7.752890744483688	0.0	384505	2567.4902432760296	0.5273007	-0.2755813953488372
5152.293456523852	750	7.901209249058244	0.0	372093	2851.6814954254446	0.12884538	0.1744186046511628
5155.287661212306	750	7.521874977938775	0.0	438281	2879.334271119469	0.11547962	0.1744186046511628
5157.684773644074	750	7.560753880222101	0.0	398987	1961.1210977166738	0.2009004	0.1744186046511628
5160.349936449876	750	7.501168172846672	0.0	393804	2059.5857073754296	0.14889403	0.1744186046511628
5162.5135087973085	750	7.727170505343647	0.0	331053	1773.9976675030243	0.12276812	0.1744186046511628
5164.477178327282	750	7.580123147321897	0.0	314107	1647.04735802175	0.08788335	0.1744186046511628

