6109.1173982883365	750	4.0	8.215266709904062	450283	8215.266709904063	0.04556319	-0.48431736866482483
6112.146460134758	300	4.97093815357864	0.0	155580	3029.0618464213608	0.057273924	-0.4073388291132385
6114.6001269166245	300	6.517271371711869	0.0	139857	2453.6667818667706	0.0056565804	0.19684650347554733
6117.25607661048	300	7.861321677856908	0.0	155432	2155.9496938549614	0.0052880505	0.31062135641079314
6120.164241188016	300	7.759211905112741	0.0	163442	2102.1097727441665	0.0068879	0.3096234877253622
6121.622154723566	300	7.618282563583489	0.0	126289	1140.9293415292523	0.005069208	0.3969334470012754
6124.044332686842	300	7.855685721855952	0.0	153295	1262.5968417275371	0.005599348	0.39960439437347584
6125.876218954658	300	7.649533105821323	0.0	173849	1706.1526160346284	0.0065727746	0.34236427844060235
6129.889931765883	300	7.635820294596455	0.0	150710	2513.7128112248674	0.008088252	0.2607512082200242
6131.811567286035	300	7.779725775574422	0.0	139105	1356.0945190220348	0.0060498677	0.3855071300014304
6133.968266365695	300	7.55414675060953	0.0	141840	1225.5790249648903	0.0068775644	0.3844599903468392
6136.344175764788	300	7.901752092710328	0.0	156148	2152.394657899201	0.008271019	0.31350376093470794
6139.05895490082	300	7.531119857141049	0.0	160746	1870.6322355692794	0.006998359	0.3185154884446202
6141.13649719155	300	7.954422204907636	0.0	179801	1576.6976522334135	0.0063578784	0.37436534351361844
6143.845816623515	300	7.725184770023026	0.0	140051	1229.2374348846092	0.0072901617	0.3947840255682108
6147.006262884774	300	7.820002661784416	0.0	138313	1905.1821082386114	0.0078806635	0.3331156764678974
6148.511919114813	300	7.984806666174285	0.0	143509	1335.1959956101305	0.0062498497	0.40041453800511234
6150.981560455424	300	7.78021600818423	0.0	150616	1204.5906579900548	0.0067235297	0.4006881556427415
6152.964549657006	300	7.7062467964031205	0.0	165384	1573.969211781111	0.007610578	0.3591272245273165
6154.926247573297	300	7.754907842708242	0.0	140881	1451.3389536948782	0.0074490914	0.3744315657300098
6158.847030846377	300	7.8341245696279005	0.0	157671	1920.7832730803416	0.0068364074	0.3324381792239422
6162.479176092014	300	7.708623012197151	0.0	157812	2625.5015574307486	0.006425172	0.2541225034494796
6166.267269367747	300	7.920529736464902	0.0	163927	2288.0932757322494	0.0060006483	0.30110750188606394
6168.326792693203	300	7.653136608156012	0.0	137654	1267.3931283088891	0.0056267343	0.3864654461090944
6169.7279902714745	300	7.953602898494715	0.0	146754	1199.5337096612966	0.0063836207	0.4120305311200225
6172.545538590389	300	7.660660740242329	0.0	153938	1292.9421582523855	0.0070357937	0.3843808013701396
6174.635310810882	300	7.768077657826266	0.0	181901	1892.5830824160623	0.006559921	0.33113026630276793
6175.798644474625	300	7.6150053994942795	0.0	111155	1153.0722583319878	0.006169857	0.39551433256542623
6177.495704755314	300	7.756605938354471	0.0	153605	1358.3994611398077	0.0061361217	0.38383164596340624
6179.529238863656	300	7.859169303458566	0.0	149029	1397.4366348959043	0.006975473	0.38633813890680246
6182.224547866567	300	7.884563567226085	0.0	157421	1474.6057362324807	0.0072784806	0.38020837025861476
6185.474457865051	300	7.809960220323244	0.0	157488	1574.6033469028412	0.0069950386	0.3655459000101512
6189.142828685321	300	7.583428078978324	0.0	143881	1726.5321413449196	0.006953212	0.3361947617318858
6191.0408430980615	300	7.5303402450712165	0.0	163444	1553.0878339071082	0.0064536585	0.3502212028564728
6193.698970509804	300	7.55373985761599	0.0	179328	1976.6003874552266	0.006678626	0.30933242328570926
6195.752537456318	300	7.772719829502612	0.0	159914	1781.0200281133784	0.0065153306	0.342576707462808
6198.755208851796	300	7.852657605464954	0.0	131610	2920.0622240376583	0.0064441543	0.23366859886802638
6201.053476243971	300	7.639828557096702	0.0	124011	2212.829048368252	0.0052854093	0.2910901009119512
6204.883036308381	300	7.682767620295403	0.0	144254	1457.0609368012992	0.005226313	0.36935060351856525
6206.979565951199	300	7.665752353190732	0.0	149991	1517.015267104671	0.0060379757	0.3622917162941862
6209.998704447022	300	7.8409403551361265	0.0	147968	1824.8119980546048	0.006762426	0.3424612933207799
6214.095389669682	300	7.744255132475621	0.0	161857	2596.685222660506	0.006284363	0.2592311444439082
6216.030300739871	300	7.982305443095651	0.0	145210	1761.9496893799699	0.005842777	0.35758284218571373
6218.13280807418	300	7.7075324858453165	0.0	172312	1274.7729572503351	0.006526098	0.38912720557053126
6220.308676723465	300	7.778465316231681	0.0	167025	1429.0671696136355	0.009704083	0.37813108623334907
6221.964589378034	300	7.958909680783341	0.0	160064	1319.5556354483385	0.010583388	0.4003600124343575
6224.641635331672	300	7.758565323525243	0.0	137507	2200.344357258098	0.011522408	0.29975961792475037
6226.194409657541	300	7.52552886828011	0.0	118421	1233.0364552451333	0.00938589	0.3819256296732261

