9189.489886235879	750	4.0	5.127185897414645	450283	5127.185897414644	0.008437032	-0.016698724625185346
9191.383167737133	300	6.106718498746048	0.0	155580	1893.2815012539522	0.02990549	0.1155329480604198
9193.526129639435	300	7.963756596441497	0.0	139857	1642.961902304551	0.0071789054	0.819856953463179
9196.586414035082	300	7.565328968055332	0.0	155432	1898.4276283861648	0.007089716	0.7451157595853385
9200.651516532535	300	7.500226470601892	0.0	163442	2065.10249745344	0.0073536807	0.7204099428095083
9203.173847294267	300	7.882540736391875	0.0	126289	1617.6857342100168	0.008122861	0.8123566927069732
9204.61049918961	300	7.9965373787828575	0.0	153295	1386.003357609018	0.006901561	0.8496003138216662
9206.827240349807	300	7.863490957850121	0.0	173849	2133.0464209327356	0.008640895	0.7584685114454495
9209.37039219061	300	7.508762488179433	0.0	150710	1854.728469670689	0.008086311	0.742501304003216
9213.142067564479	300	7.737087114312555	0.0	139105	1771.6753738668788	0.008219653	0.7789982918431011
9217.132564459682	300	7.6818880010619655	0.0	141840	1555.1991132505896	0.007919191	0.7938303778233756
9219.676626074852	300	7.942506103502507	0.0	156148	2239.3818975594577	0.008395193	0.7575911149329435
9221.231138760506	300	7.587589562281781	0.0	160746	1354.9165412207246	0.007786878	0.8022154264444086
9222.81048311856	300	7.972715464970937	0.0	179801	1114.874097310844	0.008759964	0.8737719025937157
9224.730267234043	300	7.795058571000204	0.0	140051	1177.6568939707345	0.011188097	0.8455579864603504
9226.316613352996	300	7.707949122281257	0.0	138313	1087.1094487189448	0.010112861	0.8438571607553804
9228.704713920455	300	7.9835171641177185	0.0	143509	1224.4319581635382	0.010462709	0.864149822960349
9230.932366718149	300	7.796525060368784	0.0	150616	1186.9921037489348	0.0103438115	0.8448055357295299
9234.271352811746	300	7.5473624177928595	0.0	165384	1749.1626425759246	0.0112155005	0.7578238938444276
9238.13568672464	300	7.68302850489843	0.0	140881	2364.333912894429	0.0101937	0.7130577180488935
9241.505346913518	300	7.8902770971678615	0.0	157671	2292.7514077305673	0.009237608	0.7458053486157192
9245.73186927655	300	7.6637547341368375	0.0	157812	3726.5223630310247	0.0088601615	0.5744591036982135
9249.400206187123	300	7.995417823563105	0.0	163927	2668.3369105737333	0.0072515695	0.7212287249010625
9253.469979979513	300	7.925644031173693	0.0	137654	3069.7737923894106	0.007158691	0.6724699331307962
9256.493755029791	300	7.519527434405424	0.0	146754	2906.116596768269	0.006046202	0.6386916597919408
9260.04441102721	300	7.553028624299479	0.0	153938	2966.498810105945	0.005650279	0.6367898944454178
9264.022093810732	300	7.575345840777444	0.0	181901	3477.682783522035	0.005217052	0.5884270465040197
9267.639629264204	300	7.957810387304289	0.0	111155	2117.5354534731546	0.0048901048	0.7716654085320225
9271.05868067193	300	7.602972385997535	0.0	153605	2354.8380013067544	0.00506066	0.7041226270996401
9274.671505069895	300	7.990147988030989	0.0	149029	3112.8243979665467	0.0049500754	0.6761292994900703
9279.400479616419	300	7.261173441506927	0.0	157421	4728.974546524061	0.005078746	0.4245064032111727
9284.92330028689	300	5.738352771036687	0.0	157488	5522.820670470241	0.0047068503	0.15709621023906195
9289.138070164665	300	5.523582893259287	0.0	143881	4214.769877777399	0.004705182	0.26138324195177925
9293.31456098362	300	5.347092074306815	0.0	163444	4176.490818952473	0.004705182	0.24341948887951892
9296.841257512942	300	5.820395544984455	0.0	179328	3526.6965293223593	0.004705182	0.3668386025599863
9299.358754988101	300	7.302898069825443	0.0	159914	2517.4974751590125	0.004710784	0.6508059300045164
9302.455830978568	300	7.811503988386492	0.0	131610	1491.3940814389512	0.004937094	0.8162148148500745
9304.7795709323	300	7.82247493253471	0.0	124011	1989.0290558517825	0.005252364	0.7678059208647026
9308.245914227962	300	7.656658671644587	0.0	144254	2165.8162608901225	0.005288421	0.7296535495051661
9312.140808477621	300	7.761764421985796	0.0	149991	3394.894249658792	0.005432834	0.6197233586376758
9316.35755012389	300	7.545022775717211	0.0	147968	3216.7416462685846	0.005296381	0.6107771133935158
9320.062591354876	300	7.839981544732512	0.0	161857	2705.0412309846974	0.0053668683	0.6983662782408695
9323.450562716405	300	7.914597949807434	0.0	145210	1925.3835949250786	0.005911124	0.7855450720853068
9325.64198381369	300	7.7251813179692785	0.0	172312	1689.4166318381554	0.0063688303	0.7857541346016336
9328.431255274743	300	7.511547848665821	0.0	167025	1713.6334693034573	0.007702755	0.7569547178261955
9330.978088747665	300	7.575950141578578	0.0	160064	1935.5977070872443	0.0075457534	0.7427101683231401
9334.293949515199	300	7.9486376262296545	0.0	137507	2627.3125153489236	0.007647858	0.7195551239916549
9338.670584416204	300	7.572002725224053	0.0	118421	2376.6349010056015	0.006657935	0.6981190538845774

