18289.840642014668	750	4.0	1.3915974527875299	450283	1391.5974527875298	0.004705182	-5.69790950597299
18291.15196855857	750	6.688673456098364	0.0	398865	1311.3265439016354	0.17529978	0.5527745562824794
18294.443862159653	1850	7.39677985501317	0.0	877771	3291.8936010851944	0.17470564	-0.6182912445052549
18298.0323842064	1850	7.694927625758595	0.0	933276	3201.8522292545745	0.004767282	0.5194099598411241
18302.0816254014	1850	7.645686430758251	0.0	996749	3549.2411950003448	0.004705182	0.4799315413959194
18304.650314616614	1850	7.934297391366211	0.0	801058	2211.389039392039	0.004705182	0.6414958951335299
18307.961297248297	1850	7.65745617298594	0.0	905515	2776.8412183802725	0.011855462	0.5583043903361986
18311.913598492432	1850	7.705154928851691	0.0	1060487	3952.3012441342494	0.0047407	0.44534944808388777
18315.340673847568	1850	7.9548385323016335	0.0	852833	3250.316396550056	0.004705182	0.5395802679487133
18319.539289532062	1850	7.756222847806119	0.0	913888	3698.615684495515	0.004705182	0.4756333502080295
18324.100344645347	1850	7.195167734520867	0.0	939819	4561.0551132852515	0.004705182	0.3353872049043498
18327.59259461347	1850	7.547257628642555	0.0	917428	3147.9101058783126	0.004705182	0.5105907644626679
18331.75148121474	1850	7.388371027372611	0.0	946851	4158.886601269944	0.004705182	0.3942000961073823
18335.823248034987	1850	7.316604207123431	0.0	1036454	4071.766820249179	0.004705182	0.39600443490147647
18339.195576272396	1850	7.617936782802011	0.0	821631	3198.66742432142	0.004705182	0.5123179828094293
18342.972520959374	1850	7.751294750456	0.0	923170	3366.6420323460115	0.004705182	0.5083563803632538
18347.041049917196	1850	7.682765792634174	0.0	966699	4068.528957821825	0.004705182	0.4315716965046247
18350.980678128675	1850	7.743137581153194	0.0	885714	3939.6282114809796	0.004705182	0.4502726254864319
18354.836947408123	1850	7.886868301706489	0.0	987708	3856.269279446706	0.004705182	0.472442766488652
18358.97541093527	1850	7.560001194723957	0.0	923755	3826.8671069825327	0.004705182	0.4439216473007745
18362.943914061314	1850	7.591498068677965	0.0	891604	3468.5031260459905	0.004705182	0.48278965587748834
18366.68580863709	1850	7.675600534845251	0.0	955231	3415.897533832714	0.004705182	0.496145174568642
18370.168377832477	1850	7.9423144485744945	0.0	968026	3233.286086270757	0.004705182	0.5400778414581175
18373.906393567726	1850	7.707948087807678	0.0	874175	3234.3663607668173	0.004705182	0.5174117811950104
18377.326938733986	1850	7.719500182416486	0.0	897976	2988.4479053911914	0.004705182	0.5431155291762408
18380.836447354413	1850	7.810794578938914	0.0	905935	3408.705603477573	0.004705182	0.5098769504376162
18385.19599980988	1850	7.451242123474377	0.0	1076599	4359.552455464537	0.004705182	0.380184926276082
18388.606179454466	1850	7.726329960838335	0.0	758197	2724.912162636043	0.004705182	0.570126477510238
18392.211340234637	1850	7.736383302227266	0.0	972798	3489.9466586110684	0.004705182	0.49459067362859177
18395.315119139843	1850	7.71210090090365	0.0	975811	3024.2824013236163	0.004705182	0.5388198901944838
18399.066759178535	1850	7.511029204999595	0.0	873429	3201.0716959040556	0.004705182	0.501787577856621
18403.164962096405	1850	7.412826287131201	0.0	954453	4098.202917868393	0.004705182	0.4026223114343319
18407.163879597247	1850	7.41390878629013	0.0	885062	3998.917500841072	0.004705182	0.4126550449309196
18411.175608943824	1850	7.402179439711979	0.0	1035329	4011.7293465781504	0.004705182	0.410244897206847
18414.638816739527	1850	7.725284586399112	0.0	1026056	3176.894853312868	0.004705182	0.5248275899458343
18418.484760437164	1850	7.879340888758674	0.0	943942	3345.9436976404368	0.004705182	0.5227508024822124
18422.333890802918	1850	7.740903978395434	0.0	728962	3138.4369103632393	0.004705182	0.5301767687539464
18429.796528864124	1850	4.278265917192371	0.0	938587	7462.6380612030625	0.004705182	-0.23552625753934808
18430.617239188963	300	7.45755559235355	0.0	144254	820.7103248388216	0.65375817	-0.8982268293118714
18432.43379419381	750	7.691298996144807	0.0	390680	1766.2565962087426	0.25784746	0.15378541687116862
18434.264824053498	750	7.615933289623014	0.0	345516	1575.3657065217944	0.38046998	0.615620469573017
18436.246189548438	750	7.6380826907382176	0.0	384505	1477.8505988847946	0.94846845	0.6275038857668366
18439.81116286992	1850	7.742353430022771	0.0	886255	3395.7292607154473	0.37575173	-0.5954129548886666
18443.74813850088	1850	7.805377799060285	0.0	973972	3436.9756309624863	0.004705182	0.506528576371817
18448.144603649245	1850	7.4089126506972764	0.0	958994	4396.465148363009	0.004705182	0.37241939635958254
18452.454366427883	1850	7.099149872056858	0.0	982064	4309.762778640417	0.0054799384	0.3512746082484246
18456.410524758667	1850	7.142991541272991	0.0	830730	3956.1583307838673	0.0057130577	0.3908548643139081
18460.379806511894	1850	7.173709788047617	0.0	846370	3969.281753225375	0.0074243746	0.3924991887878308

