7480.894243538995	750	4.0	2.993897582587049	450283	2993.897582587049	0.008389172	0.1966301068575742
7482.44249138816	300	6.451752150834994	0.0	155580	1548.247849165005	0.004705182	0.19263827816959644
7483.228950083426	300	7.809595542918126	0.0	139857	642.1566079168676	0.004705182	0.9009029227904018
7483.899556915611	300	7.686443237260162	0.0	155432	623.1523056579637	0.004705182	0.8875975023079189
7485.074637049405	300	7.612630405026813	0.0	163442	573.8128322333491	0.004705182	0.8834176380874871
7485.915446194949	300	7.607859454434469	0.0	126289	504.77095059234506	0.004705182	0.8897327478575078
7487.00540150909	300	7.935900899590366	0.0	153295	671.9585548441029	0.004705182	0.9135178920449943
7488.09535439915	300	7.844922800808654	0.0	173849	590.9780987817126	0.004705182	0.9103826977990415
7489.3106250961255	300	7.716774948110218	0.0	150710	628.147852698436	0.004705182	0.890843061951925
7490.133400993194	300	7.633948350214159	0.0	139105	582.8265978960585	0.004705182	0.8851484289840679
7490.911739632121	300	7.944753685087519	0.0	141840	689.194665126641	0.004705182	0.9128873513730262
7491.5585173919535	300	7.835936830220777	0.0	156148	608.8168548667409	0.004705182	0.9074893072163848
7492.6188070344515	300	7.594772404204836	0.0	160746	741.164426015941	0.004705182	0.8644775171943117
7493.491277338471	300	7.843099917685912	0.0	179801	751.6724865189256	0.004705182	0.8940881841598913
7494.389597130673	300	7.679338916035329	0.0	140051	663.761001650583	0.004705182	0.8826594485800123
7495.071397793666	300	7.540717979815127	0.0	138313	638.6209362202014	0.004705182	0.8680576630154017
7496.027686847562	300	7.929163306702981	0.0	143509	611.5546731121451	0.004705182	0.9187263767387384
7497.16051510624	300	7.6601163296057475	0.0	150616	769.0469770972343	0.004705182	0.8697574015256903
7498.223788146942	300	7.875370469145928	0.0	165384	784.7458604598207	0.004705182	0.8947653534719995
7499.3048477898155	300	7.7391043045794286	0.0	140881	636.2661645664992	0.004705182	0.8927882791132663
7500.6293936178035	300	7.544228096339706	0.0	157671	694.8762082397219	0.004705182	0.8628655366138372
7501.818166967057	300	7.774676183886635	0.0	157812	769.5519124530713	0.004705182	0.8838518322938891
7503.221718452451	300	7.917511231139709	0.0	163927	857.164952746925	0.004705182	0.8927266447208687
7504.904778221187	300	7.94917459879527	0.0	137654	968.33663234444	0.004705182	0.88551901332174
7507.215490908294	300	7.586179847287529	0.0	146754	862.9947515077424	0.004705182	0.8512335452092865
7509.685597256745	300	7.679985621762487	0.0	153938	906.1942255250403	0.004705182	0.8584959761855236
7510.930298002461	300	7.629591234316482	0.0	181901	1050.3943874460067	0.004705182	0.8378536685962027
7512.12287180331	300	7.795457555527403	0.0	111155	834.133678789079	0.004705182	0.8799595713611472
7514.2830761783935	300	7.974575434015511	0.0	153605	1820.8821215118903	0.004705182	0.8034007541087353
7516.5816484216075	300	7.969950424693714	0.0	149029	1504.6250093217968	0.004705182	0.834455406581452
7517.813307723056	300	7.7010944004165305	0.0	157421	768.8560242771841	0.004705182	0.874836137581263
7519.106239187065	300	7.501030302497442	0.0	157488	700.0640979190875	0.004705182	0.8570130334244157
7520.37389445088	300	7.858636367634772	0.0	143881	642.3939348626706	0.0047422517	0.906934354514163
7521.157429195002	300	7.579499693549753	0.0	163444	779.1366740850189	0.004785219	0.8587945415937617
7522.093331465874	300	7.788747507632604	0.0	179328	790.752185917148	0.0048146583	0.8834692182018028
7522.906888858141	300	7.5695439444763455	0.0	159914	719.2035631562595	0.0051021273	0.8635585973081739
7524.258083331631	300	7.886123636287259	0.0	131610	683.4203081890869	0.0053929766	0.9062256228114453
7525.561779398036	300	7.788162676234644	0.0	124011	597.9609600526145	0.0060556247	0.90267613053706
7526.608092205666	300	7.552873730596082	0.0	144254	735.2889456385628	0.00791426	0.8598917558703635
7527.37386911422	300	7.8254972883145655	0.0	149991	727.3764422815165	0.009150038	0.8943443582701234
7528.770954214447	300	7.671154909338132	0.0	147968	654.3423789764335	0.010814576	0.8825908158886117
7530.044455620639	300	7.940775614366062	0.0	161857	730.3792949720703	0.01323926	0.9082777083884449
7530.95713815758	300	7.925995439506034	0.0	145210	514.7801748600277	0.014864838	0.928012683942597
7532.50718439661	300	7.549923391531869	0.0	172312	876.072047974165	0.017199157	0.8454491616300214
7533.410444834458	300	7.785280373135478	0.0	167025	764.6430183963914	0.018075326	0.8856520412266237
7534.428612363546	300	7.6205052563172595	0.0	160064	664.7751168182181	0.020345991	0.8752937325784846
7535.62825209647	300	7.997381629490193	0.0	137507	623.1236268270654	0.022469023	0.9259925281493256
7536.925160174387	300	7.897185595579587	0.0	118421	600.1960339106065	0.025694177	0.9159138915091143

