13950.912891523569	750	4.0	6.3928079957343495	450283	6392.80799573435	0.025467452	-0.3020714972478536
13951.981979133307	300	6.93091239026107	0.0	155580	1069.0876097389298	0.0715296	-0.08884301565234357
13954.395424200357	300	7.9451376737770625	0.0	139857	1485.7747164840077	0.0081876675	0.3828773538928982
13957.49007948507	300	7.771645254399002	0.0	155432	2173.4924193780603	0.007442521	0.30326230739236415
13959.501054019822	300	7.991739367240846	0.0	163442	1279.9058871581562	0.008365668	0.4063768426669698
13961.642360428672	300	7.521620462762221	0.0	126289	970.1189044786244	0.007180357	0.40797310940500897
13964.255009951448	300	7.815889520310277	0.0	153295	1705.7309424519449	0.008376872	0.3528037217044303
13966.59021354323	300	7.991746962131343	0.0	173849	1324.1425581789335	0.007709375	0.4019536502455481
13968.302611590805	300	7.866078440845593	0.0	150710	1125.6685212857506	0.009843466	0.413946771354507
13970.885169525522	300	7.943164246181573	0.0	139105	1422.914194664019	0.010240596	0.389040066850179
13972.416837079416	300	7.6371524155602275	0.0	141840	1306.0118306213458	0.009282688	0.3816045638406122
13973.554746060408	300	7.686025743751066	0.0	156148	951.1266718091622	0.008617838	0.420147662733758
13975.544776398512	300	7.994401729291186	0.0	160746	1191.62401445988	0.011316908	0.4153714275649437
13979.683514094391	300	7.855664033411745	0.0	179801	2638.7376958794407	0.010910983	0.26198895343052253
13981.913710215496	300	7.679137934970713	0.0	140051	1676.5260984410313	0.007880379	0.34717723202179895
13983.874942649612	300	7.710356824594621	0.0	138313	968.7811103760926	0.0072026504	0.4199029114297871
13984.87986267838	300	7.744122395781049	0.0	143509	966.2344288135718	0.009346018	0.42226792778519096
13987.377610707534	300	7.759591147779221	0.0	150616	984.5312480018285	0.0108723575	0.421405042866251
13989.916045572218	300	7.736982196615027	0.0	165384	1522.608951164195	0.009490115	0.36618421310225224
13991.441879633692	300	7.656978036837278	0.0	140881	1080.004159777749	0.008053759	0.40544443225478755
13992.924734338265	300	7.8134656687497355	0.0	157671	1343.5123680875424	0.008797392	0.3888740884183367
13994.374729955092	300	7.888139009528171	0.0	157812	925.3266592215629	0.00876594	0.43535974310358694
13997.627340876978	300	7.594168041688361	0.0	163927	1293.9709678398094	0.010953616	0.38012212675177415
13998.414466163613	300	7.969925418293347	0.0	137654	624.2426233950134	0.009988762	0.47057979723406546
14002.766661212427	300	7.600269211206274	0.0	146754	1369.656207087073	0.013977629	0.37293492592191735
14004.562104139211	300	7.8438171066791185	0.0	153938	1256.4521045271565	0.009815365	0.39947707964496176
14007.419407319043	300	7.689661004290498	0.0	181901	2154.156102388621	0.008793081	0.3000719234595265
14009.146511229452	300	7.532682568807642	0.0	111155	1156.9784354828541	0.008392606	0.38997853793242476
14011.498601059153	300	7.621700372420184	0.0	153605	910.982196387458	0.007765619	0.42014177456774826
14013.548045678861	300	7.9725319312229335	0.0	149029	1149.168441197252	0.010871149	0.41825012251194066
14015.574856546262	300	7.634264572778078	0.0	157421	1338.2673584448548	0.009201562	0.378198520884377
14018.136476108084	300	7.677726527345822	0.0	157488	1456.5380454322567	0.008407818	0.3690878243461207
14022.251438521358	300	7.562764114072125	0.0	143881	3114.962413273698	0.00730927	0.19606023673237055
14026.541062535329	300	7.273140100101419	0.0	163444	4289.624013970705	0.006350016	0.060492575789500735
14031.248471741039	300	6.565730894390601	0.0	179328	4707.409205710818	0.005453678	-0.02549901874143673
14034.671640246801	300	7.142562388628769	0.0	159914	3423.1685057618315	0.0051948316	0.13897701964334747
14037.839452944056	300	7.974749691375555	0.0	131610	2167.8126972532145	0.005177172	0.3165243069158833
14039.819067873495	300	7.7789713978351465	0.0	124011	1195.7782935404075	0.004782467	0.4014916039408884
14042.554406560406	300	7.8582204008290555	0.0	144254	1420.750997006091	0.004991431	0.3839473962814394
14043.886421942972	300	7.614506501999833	0.0	149991	1243.7138988292227	0.005131199	0.38641898742229985
14046.345196936578	300	7.854269780563378	0.0	147968	1260.2367214364554	0.0058291466	0.3997519100717981
14047.493598389046	300	7.789338238415405	0.0	161857	1064.931542147973	0.0069980156	0.41522420661639803
14048.88139153931	300	7.542176551443805	0.0	145210	747.161686971601	0.010810796	0.4315535866983103
14050.575205624084	300	7.615585226201947	0.0	172312	926.5913252418569	0.016382858	0.41819866504366854
14052.456689237011	300	7.878454814003648	0.0	167025	1237.130412198299	0.019332167	0.4035741055856306
14054.206533945819	300	7.630709088465701	0.0	160064	1247.7457255379468	0.017824914	0.3870284664055442
14056.583833906912	300	7.808108571053762	0.0	137507	1322.6005174119384	0.019038044	0.3906304548798989
14058.08508280644	300	7.89483386713055	0.0	118421	913.2747039232137	0.019849505	0.43698336723357056

