12255.168509275207	750	4.0	1.1823497891980714	450283	1182.3497891980714	0.005960541	0.377784886196472
12255.593409566305	300	7.575099708901448	0.0	155580	424.9002910985534	0.26919663	0.4436749053729114
12256.440443413572	300	7.685207849256076	0.0	139857	389.8918596453704	0.035818033	0.9107710111896341
12256.847884893323	300	7.805058093656538	0.0	155432	380.1497555995373	0.036141448	0.9265433604839349
12257.950207334366	300	7.76754269705508	0.0	163442	537.5153966014586	0.054743767	0.9061746986171647
12258.824209233711	300	7.842945369753834	0.0	126289	424.5973273012447	0.046893388	0.9267766177529128
12259.486062749782	300	7.911720811889847	0.0	153295	431.2245578639871	0.047312316	0.9346057300702051
12260.287426145886	300	7.9563535977432185	0.0	173849	455.36721414662964	0.061842296	0.9377023598714597
12261.30967771382	300	7.873225981052885	0.0	150710	583.1276166903324	0.093517385	0.9146623938027669
12262.06619760718	300	7.9295280051957375	0.0	139105	443.6979758571477	0.06599568	0.9355570764846246
12262.609355211633	300	7.924360137870734	0.0	141840	505.16786732500475	0.06487463	0.9287720008756744
12263.3790235659	300	7.988520857951571	0.0	156148	435.8392799191637	0.061069332	0.9436269064320167
12264.019577203215	300	7.905158471517811	0.0	160746	583.362386433761	0.06690581	0.9185816824970164
12264.933680297943	300	7.85170263069294	0.0	179801	553.4558408248715	0.051983103	0.914972042156963
12265.883272639845	300	7.9372300437443775	0.0	140051	414.4725869485625	0.05800826	0.9394306008052324
12266.454488266289	300	7.919182069848731	0.0	138313	518.0479738956465	0.06253299	0.9268446442568785
12267.10927691447	300	7.933371591133287	0.0	143509	485.81047871544473	0.043193303	0.9318204011053622
12268.105697363133	300	7.93465049443436	0.0	150616	498.72109669892734	0.050317775	0.9306872479435
12269.429035485015	300	7.651831066575154	0.0	165384	782.8194278592056	0.046471335	0.8673571591775402
12270.00233981504	300	7.740438229473388	0.0	140881	411.3928371017655	0.037672702	0.9154403141175282
12270.703409285494	300	7.81585935040971	0.0	157671	424.57887906367836	0.047862384	0.9234340999662384
12271.16880061493	300	7.871408919385281	0.0	157812	444.45043102442827	0.055839673	0.9283057562901279
12271.90413216853	300	7.894213548891199	0.0	163927	477.19537049408154	0.056121785	0.9278469935621122
12272.411159714025	300	7.574767896298239	0.0	137654	319.4456525929612	0.053585045	0.9041793996867608
12273.194701573742	300	7.696787951039576	0.0	146754	377.97994525866307	0.069690466	0.9133920199424581
12273.580232644115	300	7.82680333968326	0.0	153938	369.98461135631584	0.0729474	0.9302448020229594
12275.759431742214	300	7.694977029691526	0.0	181901	631.8263099917333	0.07232918	0.8877837855469204
12276.564035465784	300	7.691361523659532	0.0	111155	503.6155060319942	0.06288317	0.9001584524984687
12277.127777921998	300	7.644984404320956	0.0	153605	546.3771193385757	0.04593791	0.8901560195468359
12277.948720820748	300	7.863195709383719	0.0	149029	781.7886949372378	0.051120464	0.89355782915219
12278.703803696084	300	7.610231354622514	0.0	157421	752.9643547612053	0.039157495	0.8652062704930987
12279.628777583188	300	7.558803599858944	0.0	157488	551.4277547635702	0.038305763	0.8790100472566232
12280.587899302667	300	7.961015820288608	0.0	143881	597.7877795703363	0.039216377	0.9240359568632688
12282.134288640871	300	7.888488183140817	0.0	163444	572.5276371477928	0.03480524	0.9176068450377793
12283.162843759279	300	7.9311414889653316	0.0	179328	957.3466941754859	0.035138167	0.8843914245796103
12284.168151290076	300	7.884091854682977	0.0	159914	547.0496342823556	0.025591666	0.9196118222416554
12285.189606923594	300	7.737493057682061	0.0	131610	646.5987970009153	0.0374208	0.891556072133897
12286.398473577941	300	7.805488124766456	0.0	124011	932.0049329156047	0.02838566	0.8714109395159042
12287.387595062519	300	7.754358271693794	0.0	144254	551.129853072662	0.022690978	0.9031853467554729
12288.081183083856	300	7.706559962666943	0.0	149991	547.7983090268518	0.033686437	0.8976167525302425
12288.989377799197	300	7.775357470687701	0.0	147968	431.20249197924227	0.034300648	0.9177708941255606
12289.792982183617	300	7.847051485527756	0.0	161857	428.3059851599447	0.04660689	0.9269127419345954
12290.632637121134	300	7.959873206854903	0.0	145210	387.17827867285285	0.052463397	0.9449558262871094
12291.603744192129	300	7.880557910178401	0.0	172312	579.3152966765033	0.062215574	0.9159489131155917
12292.25084627935	300	7.927902787127383	0.0	167025	452.6551230510174	0.054737296	0.9344606929821083
12292.92144312279	300	7.53982783319398	0.0	160064	388.07495393340184	0.0662074	0.8930023531383633
12293.788793282167	300	7.502413774557244	0.0	137507	537.4140586367347	0.09921996	0.873448857293765
12294.343983373852	300	7.604786774284073	0.0	118421	397.62700027317084	0.067514144	0.900067753194755

