14617.563415225059	750	4.0	1.26305294249572	450283	1263.05294249572	0.040047772	-4.681127652731596
14619.10369937132	1200	6.45971585373713	0.0	611087	1540.2841462628705	0.091599785	0.75
14621.206380122696	1200	8.357035102363625	0.0	571051	2102.680751373504	0.004705182	1.2
14623.918957366013	1200	9.644457859045723	0.0	617681	2712.5772433179027	0.004705182	1.2
14626.309400726192	1200	11.254014498868669	0.0	652874	2390.4433601770543	0.006968246	1.2
14628.189030790101	1200	13.374384434958174	0.0	520315	1879.6300639104945	0.004705182	1.2
14630.050531360568	1200	15.512883864491306	0.0	561791	1861.5005704668702	0.004705182	1.2
14632.73294497841	1200	16.83047024664955	0.0	709534	2682.4136178417557	0.004705182	1.2
14634.818109574993	1200	18.745305650065266	0.0	584846	2085.1645965842836	0.004705182	1.2
14636.66308591039	1200	20.900329314669666	0.0	560821	1844.9763353956005	0.004705182	1.2
14638.856045838713	1200	22.707369386345082	0.0	607410	2192.959928324583	0.004705182	1.2
14641.294431079314	1200	24.268984145745115	0.0	594078	2438.3852405999683	0.004705182	1.2
14643.743156652281	1200	25.820258572777693	0.0	624282	2448.725572967422	0.004705182	1.2
14646.327262424304	1200	27.236152800754784	0.0	687371	2584.1057720229123	0.004705182	1.2
14648.824698560213	1200	28.738716664845434	0.0	526950	2497.4361359093496	0.005498018	1.2
14651.313990617182	1200	30.24942460787505	0.0	587876	2489.2920569703856	0.004705182	1.2
14653.766014300183	1200	31.797400924875507	0.0	617242	2452.0236829995415	0.004705182	1.2
14656.124851322775	1200	33.43856390228403	0.0	581493	2358.837022591472	0.0075670034	1.2
14658.316730510294	1200	35.24668471476351	0.0	639204	2191.8791875205166	0.008467193	1.2
14660.521327771792	1200	37.04208745326485	0.0	586839	2204.5972614986686	0.0768118	1.2
14663.043747056137	1200	38.51966816891889	0.0	601738	2522.419284345954	0.14561203	1.2
14665.040090025059	1200	40.52332519999886	0.0	616206	1996.3429689200316	0.12328417	1.2
14670.272769846086	2850	39.29064537897217	0.0	1505760	5232.679821026686	0.6465991	1.2000000000000002
14675.360617945695	2850	38.202797279362834	0.0	1323990	5087.848099609337	0.004705182	2.85
14681.414763283348	2850	36.14865194171029	0.0	1383735	6054.145337652546	0.004705182	2.85
14686.24544759577	2850	35.31796762928845	0.0	1480464	4830.684312421841	0.004705182	2.85
14691.104494287993	2850	34.45892093706646	0.0	1547572	4859.046692221981	0.004705182	2.85
14696.584280772286	2850	32.97913445277233	0.0	1141971	5479.78648429413	0.004705182	2.85
14702.73294262263	2850	30.830472602427715	0.0	1498470	6148.661850344611	0.004705182	2.85
14709.93994929252	2850	27.623465932537144	0.0	1561263	7207.006669890572	0.004705182	2.85
14716.591628502016	2850	24.971786723042147	0.0	1341201	6651.679209494994	0.004705182	2.85
14723.174881646171	2850	22.388533578885877	0.0	1497683	6583.2531441562705	0.0048942505	2.85
14729.322322843085	2850	20.24109238197095	0.0	1358081	6147.441196914924	0.0053337887	2.85
14736.258339743628	2850	17.305075481427185	0.0	1587293	6936.016900543762	0.017901976	2.85
14741.376532526474	2850	16.186882698582597	0.0	1492672	5118.192782844587	0.2474711	2.85
14746.409434830583	2850	15.153980394474885	0.0	1439896	5032.9023041077135	0.022446727	2.85
14750.824012448813	2850	14.739402776243482	0.0	1139291	4414.577618231405	0.0056188502	2.85
14758.35947942849	2850	11.203935796565773	0.0	1499009	7535.466979677709	0.0065229544	2.85
14761.081916780435	1200	12.48149844462186	0.0	605884	2722.4373519439137	0.06973339	-0.44999999999999996
14763.362749578506	1200	14.200665646550267	0.0	587506	2280.8327980715912	0.004705182	1.2
14765.550713373466	1200	16.01270185159023	0.0	566904	2187.9637949600387	0.004705182	1.2
14767.94503715696	1200	17.618378068096607	0.0	641452	2394.3237834936203	0.07488271	1.2
14770.238174208482	1200	19.325241016576378	0.0	599477	2293.137051520231	0.5698286	1.2
14774.640160873914	2850	18.92325435114391	0.0	1587250	4401.986665432468	0.51039904	1.2000000000000002
14778.706400329405	2850	18.85701489565196	0.0	1464921	4066.239455491949	0.0056680636	2.85
14783.084072609856	2850	18.479342615201304	0.0	1483527	4377.672280450656	0.008630916	2.85
14787.047988333294	2850	18.515426891763806	0.0	1231456	3963.915723437497	0.029790735	2.85
14793.191240679267	2850	16.372174545790262	0.0	1364537	6143.252345973544	0.046590768	2.85

