1590.019547612647	750	4.0	6.240793125191714	450283	6240.793125191714	0.19988915	-26.775321921932715
1592.6277611450407	300	5.39178646760646	0.0	155580	2608.2135323935404	0.01866717	-0.3924893713121924
1596.1559404360448	300	5.863607176602174	0.0	139857	2528.179291004286	0.0126077365	0.05933123514369682
1599.6623138226596	300	5.704013514789525	0.0	155432	3159.5936618126498	0.021385904	0.04747445907773642
1603.5739340808752	300	5.671593209932794	0.0	163442	3032.420304856729	0.012063869	0.049465438468328335
1607.512241369958	300	5.582039561170961	0.0	126289	2089.5536487618338	0.070136644	0.07178566584728877
1611.5894280284747	300	5.504852902654303	0.0	153295	3077.186658516658	0.004705182	0.04874582423683935
1615.1452685997622	300	5.9490123313669905	0.0	173849	3555.840571287313	0.0060257753	0.042184118492606046
1618.2742524155603	300	5.640410848980211	0.0	150710	2808.601482386779	0.0051694913	0.053407363394442284
1621.3599994209976	300	5.982728498667285	0.0	139105	2657.6823503129262	0.0047939103	0.056440153573032684
1625.6397061966015	300	5.7030217230634035	0.0	141840	3279.7067756038814	0.004705182	0.04573579599120748
1629.522503105722	300	5.820224813942851	0.0	156148	3382.7969091205523	0.004705182	0.04434200575138768
1633.727369231966	300	5.615358687699214	0.0	160746	2704.866126243637	0.004705182	0.05545560963059987
1637.7728869074997	300	5.569841012165334	0.0	179801	2545.51767553388	0.004705182	0.05892710997127137
1640.9267234862673	300	5.643398860344705	0.0	140051	2426.4421518206295	0.004705182	0.06181890628937956
1644.6099879391654	300	5.960134407446441	0.0	138313	2183.2644528982632	0.004705182	0.06870445758454795
1647.649991803156	300	5.770461839073863	0.0	143509	2189.6725683725776	0.004705182	0.0685033927750595
1649.9074209592325	300	5.871912937494617	0.0	150616	1898.5489015792468	0.004705182	0.07900770945390309
1654.2227876520647	300	5.556546244662337	0.0	165384	2815.3666928322796	0.004705182	0.05327902769535818
1656.7125121157997	300	5.578807476909531	0.0	140881	2477.7387677528063	0.004705182	0.06053906971639428
1658.975247848958	300	5.603432515521457	0.0	157671	1475.3749613880736	0.004705182	0.10166906984708202
1662.0063807395768	300	5.801546470397139	0.0	157812	1301.8860451243181	0.004918565	0.11521745744319456
1664.0182106023638	300	5.6252549570010135	0.0	163927	1676.2915133961262	0.0073043173	0.0894832425036285
1667.976520570457	300	5.5488691237997125	0.0	137654	1576.3858332013008	0.0072862147	0.09515436947018373
1670.6994406068554	300	5.888371125346502	0.0	146754	2160.49799845321	0.005020261	0.06942843738221058
1674.6116691014404	300	5.976142630761378	0.0	153938	2412.228494585125	0.004705182	0.06218316396506966
1679.060810668881	300	5.527001063320744	0.0	181901	3949.141567440634	0.004705182	0.0379829381748936
1681.28024983496	300	5.599177563716876	0.0	111155	1927.8234996038682	0.004705182	0.07780795287059329
1685.2079017568192	300	5.616159436024729	0.0	153605	3483.018127692147	0.004705182	0.04306609799340615
1689.2152036179245	300	5.6088575749192735	0.0	149029	4007.3018611054563	0.004705182	0.03743166978656829
1694.654058307237	300	4.1700028856067775	0.0	157421	5438.854689312496	0.004705182	0.02757933582869097
1699.795380173409	300	4.0	0.9713189805652491	157488	5141.321866172027	0.004705182	-4.147496240154881
1703.6472741216728	300	4.148106051736253	0.0	143881	3851.8939482637475	0.004705182	0.03894188210130057
1708.584285920317	300	4.0	0.7889057469076888	163444	4937.011798643942	0.004705182	-3.361911960735928
1714.8874858943352	300	4.0	2.3031999740184865	179328	6303.1999740184865	0.004705182	-9.879962451958528
1719.8095680941178	300	4.0	0.9220821997826206	159914	4922.082199782621	0.004705182	-3.934478551513618
1723.119108434971	300	4.690459659146898	0.0	131610	3309.540340853102	0.004705182	0.04532351461270734
1726.1637302696565	300	5.645837824461444	0.0	124011	3044.621834685454	0.004705182	0.04926720234715022
1729.7764966854488	300	5.644685765067501	0.0	144254	3501.1520593939435	0.004705182	0.04284304064930139
1733.422070925429	300	5.922705861776544	0.0	149991	2721.979903290957	0.004705182	0.05510694616762064
1737.5697938207163	300	5.774982966489265	0.0	147968	2647.7228952872792	0.004705182	0.05665245417750747
1740.5644412407903	300	5.603317876940531	0.0	161857	2171.6650895487337	0.004705182	0.06907142391425079
1744.4316858344632	300	5.736073283267675	0.0	145210	3367.244593672856	0.004705182	0.044546808474161356
1748.8775973224083	300	5.290161795322443	0.0	172312	4445.911487945232	0.004705182	0.03373886331446638
1752.3660085011657	300	5.801750616565323	0.0	167025	2988.41117875712	0.004705182	0.05019389602952328
1755.7961200573498	300	5.833969543423392	0.0	160064	1967.7810731419304	0.004705182	0.07622799205020148
1760.1135364265413	300	5.516553174232082	0.0	137507	1817.4163691913107	0.004705182	0.08253474687627303
1763.6897990448515	300	5.9402905559217105	0.0	118421	1576.2626183103712	0.004705182	0.0951618075931967

