5917.280001189885	750	4.0	11.415819972284071	450283	11415.81997228407	0.0063957125	-48.338025880821505
5920.103090262261	300	5.176910927625635	0.0	155580	2823.0890723743646	0.004705182	-0.15000000000000002
5922.399492774186	300	6.880508415700065	0.0	139857	2296.4025119255693	0.004705182	0.3
5924.481827127793	300	8.798174062092835	0.0	155432	2082.334353607229	0.004705182	0.3
5927.445003461659	300	9.834997728226448	0.0	163442	2963.1763338663886	0.004705182	0.3
5930.68545153533	300	10.594549654555204	0.0	126289	3240.4480736712444	0.004705182	0.3
5933.351259800713	300	11.928741389173108	0.0	153295	2665.8082653820957	0.004705182	0.3
5937.843369931198	300	11.436631258687633	0.0	173849	4492.110130485475	0.004705182	0.3
5942.490924226018	300	10.78907696386657	0.0	150710	4647.554294821064	0.004705182	0.3
5947.242825195988	300	10.037175993896167	0.0	139105	4751.900969970405	0.004705182	0.3
5952.1990693649705	300	9.080931824913973	0.0	141840	4956.244168982194	0.004705182	0.3
5957.290148451771	300	7.9898527381139415	0.0	156148	5091.079086800031	0.004705182	0.3
5961.59403609785	300	7.685965092034298	0.0	160746	4303.887646079643	0.004705182	0.3
5967.717007346788	300	5.562993843097569	0.0	179801	6122.971248936729	0.004705182	0.3
5972.485833866113	300	4.794167323771426	0.0	140051	4768.826519326142	0.004705182	0.3
5977.084524875064	300	4.195476314822005	0.0	138313	4598.691008949421	0.004705182	0.3
5980.468948331923	300	4.811052857963363	0.0	143509	3384.423456858642	0.004705182	0.3
5982.732494895516	300	6.547506294370085	0.0	150616	2263.5465635932774	0.004705182	0.3
5984.319674623429	300	8.960326566457432	0.0	165384	1587.179727912654	0.004705182	0.3
5985.6798741754665	300	11.600127014419334	0.0	140881	1360.1995520380992	0.004705182	0.3
5986.979688198388	300	14.30031299149726	0.0	157671	1299.814022922074	0.004705182	0.3
5988.159668730433	300	17.120332459452786	0.0	157812	1179.9805320444698	0.008745261	0.3
5989.38354706711	300	19.89645412277562	0.0	163927	1223.8783366771659	0.35643908	0.3
5991.763270841374	750	21.516730348512116	0.0	343800	2379.7237742635048	0.31276858	0.3
5994.086511801807	750	23.193489388078877	0.0	359903	2323.2409604332393	0.030264515	0.75
5996.497907522715	750	24.782093667171097	0.0	379700	2411.3957209077803	0.13139336	0.75
5999.381570137284	750	25.898431052602177	0.0	425781	2883.66261456892	0.27463925	0.75
6001.505569097674	750	27.774432092211203	0.0	277716	2123.998960390976	0.39142418	0.75
6004.466886055977	750	28.813115133908216	0.0	400396	2961.316958302985	0.31551906	0.75
6007.041830221986	750	30.2381709678986	0.0	400508	2574.9441660096177	0.32388735	0.75
6008.957958744516	750	32.322042445369576	0.0	358218	1916.1285225290235	0.6838799	0.75
6011.778954287631	1200	33.50104690225464	0.0	620283	2820.995543114931	0.11837756	0.75
6014.793396623581	1200	34.486604566303264	0.0	584349	3014.4423359513803	0.004705182	1.2
6018.305772251212	1200	34.974228938673086	0.0	670129	3512.3756276301747	0.004705182	1.2
6021.8740683316955	1200	35.4059328581899	0.0	690253	3568.2960804831787	0.004705182	1.2
6024.725401271635	1200	36.554599918249934	0.0	598727	2851.3329399399613	0.0061455304	1.2
6026.888315984793	1200	38.39168520509168	0.0	487812	2162.9147131582536	0.21829091	1.2
6033.139421025498	2850	36.140580164386314	0.0	1499009	6251.105040705371	0.61791474	1.2000000000000002
6039.464010452543	2850	33.815990737341394	0.0	1427478	6324.58942704492	0.004705182	2.85
6045.854129347133	2850	31.42587184275246	0.0	1402287	6390.118894588933	0.004705182	2.85
6053.847280064711	2850	27.432721125173913	0.0	1339500	7993.150717578546	0.004705182	2.85
6062.134990811089	2850	23.145010378796083	0.0	1527299	8287.710746377832	0.004705182	2.85
6067.797091935484	2850	21.482909254401566	0.0	1343002	5662.101124394519	0.004705182	2.85
6074.805477743953	2850	18.47452344593317	0.0	1587250	7008.385808468398	0.004705182	2.85
6080.90649230487	2850	16.373508885015422	0.0	1464921	6101.014560917748	0.004705182	2.85
6087.4341601925435	2850	13.845840997342082	0.0	1483527	6527.667887673338	0.004705182	2.85
6093.548366162413	2850	11.731635027472922	0.0	1231456	6114.205969869159	0.004705182	2.85
6100.413425117612	2850	8.866576072273485	0.0	1364537	6865.058955199438	0.004705182	2.85

