17950.297128245296	750	4.0	5.775321338143219	450283	5775.321338143219	0.11291675	-24.986294601538024
17951.614287990164	300	6.682840255133825	0.0	155580	1317.159744866175	0.07436469	0.07756098302374734
17954.348228563984	750	7.94889968131505	0.0	350812	2733.940573818775	0.6525549	0.08181138247288494
17958.382665019817	750	7.80489228656186	0.0	382355	3144.0073947531887	0.17735252	0.4769438223694745
17963.152451244874	750	7.035106061502932	0.0	411561	4769.786225058928	0.21926308	0.2402731264136802
17966.482477662343	750	7.70507964403686	0.0	318564	2830.0264174660733	0.2987974	0.49873483801561097
17970.462943622886	750	7.724613683494053	0.0	352642	3480.4659605428055	0.15327567	0.4355710575588856
17974.9244588823	750	7.263098424083631	0.0	437162	4461.515259410423	0.117589384	0.29304475110746353
17976.1308826499	300	7.655998021160602	0.0	150710	1107.1004029230285	0.15134408	0.19223447576579733
17979.218192289118	750	7.897004860044715	0.0	362795	2758.9931611158854	0.14661959	0.07431118728029262
17984.081969432853	1200	7.0332277163079775	0.0	607410	4863.777143736738	0.43501985	-0.1952379575131058
17990.79237888807	750	4.32281826109032	0.0	405134	6710.4094552176575	0.48752943	-0.6648500288870849
17993.56639382238	300	5.5488033267817825	0.0	160746	2774.014934308537	0.20862842	-0.17727689958644977
17996.58525133182	300	6.529945817339358	0.0	179801	3018.8575094424245	0.15415004	0.34267494040281843
17999.16470658544	300	7.712905998630259	0.0	140051	2317.039818709099	0.050425515	0.5267179927222391
18001.24303473642	300	7.7449496596476495	0.0	138313	1467.956338982609	0.16672508	0.6147105800640961
18004.961977800227	300	7.775664033741399	0.0	143509	1969.285625906249	0.68233746	0.5675339453397998
18008.087384143215	300	7.8627895192005	0.0	150616	2412.8745145408993	0.6781109	0.5315609850432509
18011.180596948736	300	7.6624491212597965	0.0	165384	1700.340397940702	0.46100724	0.5835314020967506
18015.230587318176	300	7.6124587518202205	0.0	140881	2549.9903694395753	0.67251915	0.4937547741714936
18016.855828004176	300	7.636269730579564	0.0	157671	1476.1890212406563	0.2994197	0.6034267431881424
18019.168514095603	300	7.559452474347487	0.0	157812	1576.817256232078	0.7005578	0.5859701700866398
18022.89782773894	300	7.830138831011893	0.0	163927	3229.313643335593	0.6601086	0.4467744057284956
18027.187752286314	300	7.540214283637503	0.0	137654	2289.924547374391	0.3691255	0.5128077429049542
18030.308769671065	300	7.872259213865669	0.0	146754	2167.955069771833	0.13700604	0.5569643985649974
18034.3630840549	300	7.817944830027278	0.0	153938	2554.3143838383903	0.2787174	0.5131006450047582
18037.68669057039	300	7.909829845339438	0.0	181901	2908.1149846878393	0.14813349	0.4865646237302423
18041.438862740193	300	7.7164895118409165	0.0	111155	1693.340333498521	0.07278531	0.5894328585271986
18044.574950151018	300	7.89286171957752	0.0	153605	2823.6277922633963	0.19393714	0.49338014127740665
18048.101044401617	300	7.846044427561443	0.0	149029	2546.817292016078	0.08234715	0.5165549728922845
18050.47896882115	300	7.566720735085222	0.0	157421	2279.3236924762195	0.04022494	0.5164191049498655
18053.239293285867	300	7.975858837754882	0.0	157488	2090.8618973303405	0.06515484	0.574645299220319
18057.430059769173	300	7.785092354452408	0.0	143881	2190.7664833024746	0.18398486	0.5462933463541606
18060.530037594744	300	7.6252179285124	0.0	163444	2659.874425940008	0.07310959	0.4839944540092897
18062.865167616877	300	7.687704689260881	0.0	179328	1437.513239251519	0.048116714	0.6122449955448063
18067.020175726164	750	7.532696579975207	0.0	365161	3655.0081092856744	0.70328474	-0.050355400108630655
18072.13297845088	750	6.41989385525584	0.0	321064	5112.802724719367	0.105508715	0.14675659129781649
18074.706188280437	300	7.846684025701208	0.0	124011	2573.209829554632	0.4630503	0.06397728119783497
18078.81797119392	300	7.734901112218131	0.0	144254	3611.782913483077	0.029767804	0.3993607383223212
18082.746560526484	300	7.80631177965568	0.0	149991	2428.589332562451	0.010045488	0.5245534556030474
18084.717316319333	300	7.825438748475842	0.0	147968	1480.8730311798374	0.011865983	0.6211660785734556
18087.391961501642	300	7.718057514153286	0.0	161857	1607.3812343225572	0.14925891	0.598179690477711
18091.20174435887	300	7.908274656925583	0.0	145210	2309.782857227702	0.6789588	0.5462481477958663
18093.730357321216	300	7.557491525863966	0.0	172312	1850.7831310616164	0.11489731	0.5583848390481172
18096.324394348914	300	7.814387923154107	0.0	167025	1743.103602709859	0.24329843	0.5938793667244111
18098.61669189376	300	7.613705925226625	0.0	160064	1700.6819979274824	0.5243131	0.578805653203004
18101.214148616775	300	7.565785341677612	0.0	137507	1547.9205835490127	0.4157468	0.5894693831471373
18105.57658209145	750	7.203351867004466	0.0	314107	4362.4334746731465	0.35047475	-0.152797745518579

