13428.359573991884	750	4.0	1.3915974527875299	450283	1391.5974527875298	0.004963602	0.1980495570468284
13428.872499879319	300	7.487074112564271	0.0	155580	512.9258874357297	0.5942615	0.001533264221926442
13429.915360989693	300	7.9629053085484305	0.0	139857	524.1688040158401	0.04223371	0.4801484223129254
13430.724689541137	300	7.86758710017629	0.0	155432	595.3182083721401	0.031824794	0.46707609385403664
13431.697733324192	300	7.773070427854396	0.0	163442	594.5166723218939	0.035183974	0.4612489554389429
13432.234360402294	300	7.814020410820398	0.0	126289	459.05001703399756	0.040671278	0.47735499490310773
13433.247051906685	300	7.7464632463584495	0.0	153295	567.5571644619481	0.04483742	0.46228195738144084
13434.246058235378	300	7.524527161376194	0.0	173849	721.9360849822542	0.041928507	0.4329730600180193
13435.220660946903	300	7.840760970368184	0.0	150710	683.7661910080086	0.051469184	0.45655466247744325
13436.324651665223	300	7.769183871468107	0.0	139105	571.5770989000782	0.042545013	0.46330000300698143
13437.10819724308	300	7.528617963799548	0.0	141840	740.5659076685596	0.043441657	0.4313657529008484
13437.986483422326	300	7.520964637721176	0.0	156148	507.6533260783732	0.034364	0.4541786781799687
13439.040049211762	300	7.794498140985877	0.0	160746	726.4664967352971	0.050001748	0.44939320506832015
13440.727043800049	300	7.994550569493402	0.0	179801	799.947571492476	0.034296174	0.45454837437432255
13441.732455329106	300	7.945368265661997	0.0	140051	549.182303831406	0.03267339	0.47655100715096677
13442.558940631945	300	7.89024018395529	0.0	138313	555.1280817067071	0.034347378	0.47251092425676744
13443.423161423174	300	7.6888085086069005	0.0	143509	701.4316753483887	0.03299773	0.44529108518332494
13444.678693383345	300	7.887437053062166	0.0	150616	801.3714555447353	0.029426906	0.44771139119214437
13445.619277858057	300	7.674225001268462	0.0	165384	713.2120517937037	0.022436578	0.44320157833014107
13446.582806959808	300	7.54114675720307	0.0	140881	633.0782440653909	0.03030291	0.44289756884888537
13447.441876040959	300	7.896837612119885	0.0	157671	644.3091450831861	0.027033765	0.4640051571794067
13448.417927901148	300	7.71119166435982	0.0	157812	685.6459477600667	0.02756887	0.4482686051767146
13449.563380064606	300	7.628668529293906	0.0	163927	582.5231350659138	0.02583867	0.45342319050451024
13450.466023157398	300	7.968811449395783	0.0	137654	659.857079898122	0.031782046	0.4669487285276568
13451.311693482354	300	7.887369283862874	0.0	146754	581.4421655329095	0.024273574	0.4697000846183712
13452.051092229987	300	7.779784066058764	0.0	153938	607.5852178041084	0.026772508	0.46036170327849446
13453.639698206815	300	7.93138779960906	0.0	181901	848.3962664497049	0.02891116	0.44575583176082834
13454.64415285527	300	7.919265296970207	0.0	111155	512.122502638854	0.026418835	0.47862555172698507
13455.441315659073	300	7.736849958477775	0.0	153605	682.4153384924316	0.024754882	0.4501953094858503
13456.312765105058	300	7.578498958639189	0.0	149029	658.3509998385853	0.024926227	0.4427048058613233
13457.066793218322	300	7.9430341965802835	0.0	157421	635.4647620589053	0.027774177	0.4677768820106097
13458.189611332575	300	7.610906853557901	0.0	157488	832.1273430223831	0.025984013	0.42735266497536306
13459.55134062344	300	7.880387502739632	0.0	143881	730.51935081827	0.022189163	0.4543560047696325
13460.508514883273	300	7.632405385847526	0.0	163444	747.982116892106	0.02072613	0.4371108458564923
13461.15958929974	300	7.996464249084351	0.0	179328	635.9411367631737	0.022456722	0.47106862282168704
13462.68234559057	300	7.912652782019399	0.0	159914	583.8114670649513	0.029485775	0.47104337309994987
13464.05410164185	300	7.746247082264047	0.0	131610	666.4056997553536	0.03092204	0.45238359359620006
13465.717194663552	300	7.782375813675173	0.0	124011	963.8712685888728	0.021103099	0.42489508242604357
13467.203566792143	300	7.828800645435432	0.0	144254	1453.5751682397397	0.017619958	0.37882624444597307
13468.145315744927	300	7.564324548719913	0.0	149991	764.4760967155208	0.015500648	0.431206395553675
13469.45702742613	300	7.8921051981530566	0.0	147968	672.219350566857	0.024736214	0.4609183607581129
13470.73301435221	300	7.62885792943044	0.0	161857	763.2472687226175	0.029808465	0.43536261464737325
13471.87506328898	300	7.964203227723277	0.0	145210	664.6547017071629	0.03257822	0.4661809524922211
13472.988860590718	300	7.941001732386981	0.0	172312	523.2014953362959	0.030580439	0.47887617967078927
13474.616931930943	300	7.587264008475034	0.0	167025	853.7377239119457	0.05301459	0.4237139490687276
13475.589240727233	300	7.78827633248549	0.0	160064	798.9876759895461	0.040598024	0.44175222411162096
13477.258451768914	300	7.690331428795751	0.0	137507	597.9449036897387	0.04193666	0.4557349448609931
13478.55896929845	300	7.580705690523027	0.0	118421	609.6257382727227	0.06026321	0.44771525276064944

