13584.99442690797	750	4.0	9.971750996673139	450283	9971.75099667314	0.06289097	-0.6471750996673139
13588.478050817203	300	4.516376090767351	0.0	155580	3483.623909232648	0.177627	-0.5160888852503054
13590.763049032752	300	6.23137787521933	0.0	139857	2284.998215548021	0.011289207	0.16096129564640602
13592.755593554513	300	7.930292189365249	0.0	155432	1801.085685854082	0.007572562	0.3155346932499199
13595.408798576846	300	7.97441915340288	0.0	163442	1455.8730359623705	0.008146375	0.35281389349144293
13596.83276692017	300	7.5561008699752055	0.0	126289	918.3182834276734	0.008213971	0.380424476030683
13599.071689041604	300	7.559464925057331	0.0	153295	996.6359449178739	0.009694231	0.37280296332429586
13600.750848140235	300	7.991028401999536	0.0	173849	1068.4365230577946	0.016422624	0.3925956228191915
13602.44243445452	300	7.6255965660429865	0.0	150710	865.4318359565499	0.019083409	0.39005660178203166
13604.595182116407	300	7.792299979014681	0.0	139105	1833.296587028306	0.021218844	0.30368908998558697
13606.313233614379	300	7.8429997293084	0.0	141840	949.3002497062806	0.012286717	0.395257458111147
13607.97709730702	300	7.9604435262198585	0.0	156148	1382.5562030885417	0.016975947	0.35927210007988697
13612.146658568192	300	7.790882265048287	0.0	160746	2169.561261171571	0.015066612	0.26997401544836086
13614.78896006911	300	7.66516584225141	0.0	179801	2125.716422796877	0.010820689	0.26650122286102546
13617.754070751706	300	7.665903144915079	0.0	140051	999.2626973363309	0.009307449	0.3791926768235594
13620.064389900619	300	7.958667558337356	0.0	138313	1207.235586577723	0.012070225	0.3766931637383124
13623.676968430316	300	7.583920031707127	0.0	143509	1374.7475266302301	0.01194106	0.3365202493186724
13626.702840197111	300	7.9648997070931165	0.0	150616	2119.02032461401	0.009316141	0.2859041992319188
13630.781481820424	300	7.886258083779416	0.0	165384	2578.641623313701	0.008654838	0.2350269679048434
13633.768379629979	300	7.730555664050047	0.0	140881	2655.7024197293676	0.0080442	0.21758948703019115
13637.673150324608	300	7.825784969419583	0.0	157671	3404.7706946304647	0.0074194074	0.1486344911256775
13641.743851494164	300	7.7550837998649005	0.0	157812	2070.701169554682	0.0068275807	0.2776226205360881
13645.292682172982	300	7.559002044559508	0.0	163927	3196.081755305392	0.0068537425	0.15282945225443
13649.01327472199	300	7.5300802842621195	0.0	137654	3028.9217602973877	0.006533153	0.1677378417366437
13651.62882837175	300	7.953138806037921	0.0	146754	1576.9414782241981	0.0062037003	0.33937702755495025
13653.772197046057	300	7.850760564202895	0.0	153938	1102.3782418350256	0.0062595853	0.38043471107917837
13655.575527242803	300	7.689590672563556	0.0	181901	1161.1698916393398	0.0075475783	0.36448242787128826
13659.271275971247	300	7.9938419441209	0.0	111155	1195.7487284426554	0.010586772	0.3800402486632907
13662.39288949133	300	7.871989724855604	0.0	153605	1621.8522192652968	0.008028427	0.3298141358769456
13664.430592599894	300	7.548018834981969	0.0	149029	1323.9708898736349	0.00878491	0.3393540881990096
13666.026324007182	300	7.842019217184395	0.0	157421	1205.9996177975745	0.010394517	0.36952623929426726
13669.253746859626	300	7.5781737377066545	0.0	157488	1763.8454794777413	0.011761915	0.29725131065889177
13672.365126123856	300	7.96427279207486	0.0	143881	1613.900945631794	0.01054474	0.33637695494149933
13675.501916492985	300	7.92461670030863	0.0	163444	2039.6560917662293	0.010306791	0.29132293459266645
13677.149587239215	300	7.869348456375936	0.0	179328	1555.2682439326943	0.010096918	0.33630745413022656
13677.997249249813	300	7.646718754725256	0.0	159914	722.6297016506796	0.011402842	0.40565695200526053
13679.420128489277	300	7.947795298967707	0.0	131610	698.9234557575498	0.023920655	0.4268448606097267
13680.696694367121	300	7.516490242396925	0.0	124011	931.3050565707827	0.027014261	0.37665013449272955
13683.488188462657	300	7.7383736192668655	0.0	144254	1278.1166231300606	0.022013132	0.35583668889117304
13685.32377906105	300	7.677267042274407	0.0	149991	1561.1065769924585	0.021254078	0.32371853244290455
13687.744424801986	300	7.624186125005675	0.0	147968	1553.0809172687311	0.024446951	0.3212035410859816
13689.297775451816	300	7.501293202423687	0.0	161857	1122.8929225819895	0.023391	0.3565415328932815
13691.336530218317	300	7.717144744797733	0.0	145210	1784.1484576259527	0.035698887	0.303906700787263
13693.480099596798	300	7.752663190995885	0.0	172312	1464.4815538018477	0.033836544	0.338093294057058
13697.906675238406	300	7.326087549388693	0.0	167025	4426.575641607192	0.042461194	0.015222907676074093
13703.114905722821	300	6.117857064973045	0.0	160064	5208.230484415649	0.025504924	-0.1384569818807495
13707.129911915907	300	6.102850871888931	0.0	137507	4015.006193084114	0.01804417	-0.02007243981535317
13710.639386274224	300	6.593376513570221	0.0	118421	3509.474358318709	0.013381151	0.061138596266267886

