5704.088484427104	750	4.0	4.799754461958953	450283	4799.754461958953	0.005514719	0.01604441892038383
5705.510474654883	300	6.578009772220171	0.0	155580	1421.9902277798294	0.004705182	0.22085331028824265
5707.816236798733	300	7.87600108330937	0.0	139857	1202.0086889108015	0.004705182	0.8531169337637112
5709.742202853544	300	7.734894845379334	0.0	155432	1641.1062379300347	0.004705182	0.7917845217988865
5713.513329251964	300	7.9317614544594015	0.0	163442	1803.1333909199325	0.004705182	0.7998893032304024
5717.48132991979	300	7.963760786632671	0.0	126289	2968.000667826731	0.004705182	0.6873535942818789
5721.720556626986	300	7.724534079437273	0.0	153295	3739.226707195398	0.004705182	0.580693211286519
5725.695362914198	300	7.749727792224994	0.0	173849	3474.8062872122787	0.004705182	0.6102459691857065
5728.233308221213	300	7.775768468834801	0.0	150710	2473.9593233901933	0.004705182	0.713545957711722
5730.035803220385	300	7.916514032560804	0.0	139105	1359.2544362739975	0.004705182	0.8423945703524817
5733.971375333214	300	7.845348290995276	0.0	141840	2071.1657415655277	0.004705182	0.7624164696077522
5737.383391663405	300	7.956543263831525	0.0	156148	2388.8050271637508	0.004705182	0.7443819970044072
5741.697577668548	300	7.642357258688697	0.0	160746	3314.1860051428284	0.004705182	0.6130507522707794
5745.712263705932	300	7.6276712213048246	0.0	179801	3514.686037383872	0.004705182	0.5911874359238418
5749.382831803189	300	7.957103124047181	0.0	140051	2670.5680972576447	0.004705182	0.7162748170065774
5753.760372783394	300	7.579562143843254	0.0	138313	2877.5409802039258	0.004705182	0.6489618218390458
5756.198201534684	300	7.845743994006009	0.0	143509	2233.818149837245	0.004705182	0.7462000869880976
5760.122421255096	300	7.71563941547626	0.0	150616	2630.104578529749	0.004705182	0.6905071829827727
5763.14103553382	300	7.648389885205343	0.0	165384	2567.249530270917	0.004705182	0.6884892596913791
5765.273306442445	300	7.517936805120383	0.0	140881	1630.4530800849589	0.004705182	0.7660616134203693
5767.786091887956	300	7.837453006133901	0.0	157671	1680.4837989864827	0.004705182	0.8005098179440905
5769.976723985343	300	7.663287737802849	0.0	157812	2174.165268331052	0.004705182	0.7296371522377227
5771.884576513358	300	7.807594883572836	0.0	163927	1855.6928542300143	0.004705182	0.7793022729234632
5773.945690265206	300	7.663117820692041	0.0	137654	1644.4770628807958	0.004705182	0.7825849927921105
5775.90978027535	300	7.919391212553324	0.0	146754	1743.7266081387174	0.004705182	0.8043026040822929
5777.952146904715	300	7.828389613173693	0.0	153938	1591.001599379631	0.004705182	0.8083389634422397
5779.794859337319	300	7.627715878264114	0.0	181901	1700.6737349095781	0.004705182	0.7725941800514412
5782.5714803142255	300	7.825424686658477	0.0	111155	1802.2911916056391	0.004705182	0.7868439190723832
5786.431278544089	300	7.965626456795568	0.0	153605	3359.798229862908	0.004705182	0.6484041959413683
5788.900144338656	300	7.833257552593377	0.0	149029	2132.36890420219	0.004705182	0.7548032867500664
5793.009587307313	300	7.571784594447267	0.0	157421	3261.4729581461106	0.004705182	0.6096083151463415
5796.735333920985	300	7.846037980775915	0.0	157488	2225.746613671352	0.004705182	0.7470435397134169
5798.652210790804	300	7.9594578674578385	0.0	143881	1886.5801133180755	0.004712572	0.7949643600728951
5800.199561789054	300	7.5459307370829425	0.0	163444	1413.5271303748957	0.0047187703	0.7912106727091877
5802.656047681119	300	7.614599705988771	0.0	179328	2431.3310310941715	0.0047294977	0.6979089715574658
5806.14133305754	300	7.964534452763717	0.0	159914	3150.0652532250524	0.0047148364	0.6692426617788835
5808.509904433845	300	7.942858793209092	0.0	131610	1521.675659554624	0.0047303317	0.8294052860060179
5812.751279392202	300	7.7014838348513805	0.0	124011	2241.3749583577114	0.0047550052	0.7276323283876747
5816.91973788952	300	7.533025337534073	0.0	144254	2668.4584973173087	0.0047846236	0.6641240816510708
5819.65796433195	300	7.80727669303135	0.0	149991	2725.748644502723	0.0048322976	0.6922574063014957
5822.883394968777	300	7.925800259081745	0.0	147968	1881.4764339496055	0.0048628077	0.7913189587333698
5827.027966505132	300	7.781228722727314	0.0	161857	2644.571536354431	0.004915543	0.6971589244061422
5829.728798525108	300	7.73007557285493	0.0	145210	1551.1531498723837	0.004905413	0.8001847858092046
5831.1023147291235	300	7.608156996399215	0.0	172312	1121.9185764557149	0.005337999	0.8280547233466069
5833.24012612595	300	7.790050073765524	0.0	167025	1318.1069226336924	0.0063252468	0.8308945748617378
5836.380047942139	300	7.719941397768216	0.0	160064	1570.108675997308	0.008397804	0.7970379472171457
5837.668808784979	300	7.7454674989442065	0.0	137507	974.4738988240099	0.009779785	0.8597531814653436
5838.962270711291	300	7.800880045794998	0.0	118421	944.5874531492069	0.0125456145	0.869583719168987

