10717.824066996853	750	4.0	6.579692689023528	450283	6579.692689023527	0.009837187	-28.52552854541138
10718.810854913001	300	7.013212083850239	0.0	155580	986.7879161497615	0.0062100627	0.14239683584297633
10721.98370743166	300	7.565026031742614	0.0	139857	1948.1860521076244	0.5597029	0.5493697518333647
10726.272654458238	300	7.2760790051655375	0.0	155432	4288.947026577077	0.025832873	0.28748216947210425
10729.99988513379	300	7.548848329613888	0.0	163442	3727.2306755516497	0.0051729614	0.36990816698096723
10733.575642462738	300	7.7013918066944225	0.0	126289	1347.4565229194645	0.004705182	0.622568068033569
10737.556401073763	300	7.720633195668743	0.0	153295	2980.75861102568	0.00693815	0.4610898651270368
10741.74909819027	300	7.527936079161056	0.0	173849	3192.697116507686	0.004705182	0.4213486946348602
10743.906351688858	300	7.765187610948404	0.0	150710	1262.7484682126515	0.004705182	0.6371792933196898
10745.017748882785	300	7.911741486272203	0.0	139105	853.4461246762006	0.030110922	0.6922155073782863
10746.984565762792	300	7.847308623794095	0.0	141840	1064.4328624781092	0.42128953	0.6649150961930627
10748.976294382186	300	7.847636361011033	0.0	156148	999.6722627830627	0.29245138	0.6714227012480894
10750.571330715735	300	7.826146305793267	0.0	160746	1021.4900552177664	0.6747253	0.6671724793783812
10754.34198037737	750	7.6225946761407615	0.0	434409	3203.5516296525057	0.319009	0.0034430434032400314
10757.277890384448	750	7.843188621842844	0.0	337059	2779.406054297917	0.11827029	0.5170900229011592
10760.220207514145	750	7.900282042884883	0.0	366214	2442.9065789579618	0.13531488	0.5562352781281507
10762.256139886269	750	7.77702119419153	0.0	360831	1623.260848693354	0.08925868	0.6263358521560046
10765.300399332982	1200	7.556227223000804	0.0	581493	2720.793971190726	0.8511746	0.06939966609425291
10768.237913514877	1200	7.744202836464356	0.0	639204	2312.024386536448	0.33837354	0.5783694943844067
10772.528285818884	1850	7.453830532456495	0.0	923755	4290.372304007861	0.023258552	-0.2626479212252517
10779.188154977079	1850	4.793961374261568	0.0	891604	6659.869158194927	0.007569225	-0.10561308409500458
10781.005939999572	750	6.976176351769481	0.0	399894	1817.785022492087	0.75534993	-0.570198805929283
10784.815156582874	1200	7.16695976846769	0.0	656471	3809.2165833017907	0.3345585	-0.07691003704774924
10787.350778252388	750	7.995515298637845	0.0	343800	2171.4444698298444	1.0041354	0.14254779985955846
10791.362447330248	750	7.9838462207787	0.0	359903	4011.6690778591455	0.14184299	0.4074021768400517
10796.631331989103	750	6.714961561921729	0.0	379700	5268.88465885697	0.59246355	0.15954900532360317
10801.363629298514	300	5.982664252511204	0.0	181901	4732.2973094105255	0.06655315	-0.3313455220773333
10804.380292519165	300	6.966001031860035	0.0	111155	3016.6632206511686	0.004705182	0.3848651871308528
10808.34325122872	300	7.0030423223060385	0.0	153605	3962.958709553996	0.004705182	0.293800905212338
10812.980490721464	300	6.3658028295626155	0.0	149029	4637.239492743423	0.004705182	0.1650377899865107
10815.777087299253	300	7.569206251773333	0.0	157421	2796.5965777892825	0.004705182	0.4649310502694646
10820.457829644221	300	6.888463906805188	0.0	157488	4680.742344968145	0.004705182	0.21099423689147245
10823.425149244851	300	7.9211443061760605	0.0	143881	2967.3196006291287	0.004705182	0.48173319205484627
10827.604127155959	300	7.742166395066326	0.0	163444	4178.977911109734	0.004705182	0.34334053042198914
10831.539979241481	300	7.8063143095458	0.0	179328	3435.852085520526	0.004705182	0.423827423812085
10833.360391611153	300	7.52279726194865	0.0	159914	1283.51704759715	0.004705182	0.6117720844361542
10834.531750294991	300	7.7455656240674875	0.0	131610	777.2316378811618	0.004705182	0.6838423374608171
10836.5958435084	300	7.9305824828402836	0.0	124011	1314.9831412272038	0.028680127	0.6478752733958981
10840.360631235486	300	7.9477437128892126	0.0	144254	2982.838769951072	0.011155597	0.4827414987293663
10843.143514798932	300	7.897276419232974	0.0	149991	2550.4672936562383	0.004705182	0.5211211110769893
10844.594230937437	300	7.788126446875683	0.0	147968	1109.1499723572908	0.004705182	0.6547470323474567
10846.195225133	300	7.603412446167588	0.0	161857	1184.7140007080961	0.010700147	0.6294116936810857
10847.64580574242	300	7.856262181885639	0.0	145210	1247.150264281949	0.08425358	0.6475051463163972
10849.03179259535	300	7.85498392299083	0.0	172312	1001.2782588948081	0.39580098	0.6719693129606612
10851.182412669377	750	7.707028278493846	0.0	398987	2147.9556444969844	0.3972603	0.11712947362881743
10853.660150736892	750	7.584491431000584	0.0	393804	2122.5368474932616	0.041932344	0.5578770402819935
10855.778228141879	750	7.663053338519079	0.0	331053	1421.4380924815052	0.04647605	0.6355485900861494
10857.970598426715	750	7.585187771353456	0.0	314107	1577.8655671656225	0.5845595	0.6124111918776869

