901.1956656105601	750	4.0	3.5388403668140223	450283	3538.840366814022	0.009706498	-0.01667473435582084
902.6480646807103	300	6.5476009298498035	0.0	155580	1452.399070150196	0.14250058	-0.15113112796917433
905.0863122719185	300	7.709096847957815	0.0	139857	1338.5040818919888	0.007961807	0.382851865738397
908.2515048468905	300	7.646372305594934	0.0	155432	1562.724542362882	0.0076762536	0.35650953579362765
911.9017880505756	300	7.687464739111867	0.0	163442	1458.907566483068	0.009147784	0.3694595104764174
913.4901077868391	300	7.878992637131191	0.0	126289	1308.472101980677	0.008161098	0.3964735505528642
915.5738661282867	300	7.84203737414884	0.0	153295	1536.9552629823495	0.0076083187	0.3713155305163001
918.9914174019251	300	7.666663228912241	0.0	173849	2675.3741452365994	0.0074961283	0.2465127582135877
920.1627452480968	300	7.502087903377218	0.0	150710	1164.5753255350235	0.007592231	0.3873066823378063
922.268535909659	300	7.802568818614567	0.0	139105	1199.5190847626504	0.008591487	0.40259236361737794
923.6529823875533	300	7.568481325167149	0.0	141840	1234.0874934474182	0.008888771	0.3845050544084376
925.5373811646834	300	7.906461433575474	0.0	156148	1662.0198915916747	0.008844655	0.3628355713695322
928.3291236861851	300	7.746779696643938	0.0	160746	1659.6817369315347	0.0074333777	0.3530892782773252
929.6681171647163	300	7.918313287713401	0.0	179801	1328.4664089305363	0.007119452	0.3969316605192664
931.4135434852208	300	7.585863709911435	0.0	140051	832.4495778019658	0.00923726	0.4257552450195007
932.6772142440547	300	7.690516635095799	0.0	138313	895.3470748156365	0.010679105	0.42600630314215626
934.2199703669968	300	7.863300487183839	0.0	143509	827.2161479119603	0.010880155	0.44361838658802644
935.7015758252671	300	7.510267678813751	0.0	150616	1353.032808370088	0.011443231	0.3689721700190831
937.7249781964765	300	7.612852851509173	0.0	165384	897.414827304578	0.009263837	0.420945541419098
939.4321424538687	300	7.657264494765545	0.0	140881	955.5883567436284	0.012635241	0.41790391617871625
942.0324299306047	300	7.9179087305717495	0.0	157671	1739.3557641937948	0.012192799	0.35581744017158734
943.6439283663843	300	7.972625397553067	0.0	157812	1445.2833330186813	0.009352334	0.38864447497543103
947.8391340043439	300	7.777419759593504	0.0	163927	2695.2056379595633	0.008906448	0.2514518921088702
951.1650850278231	300	7.92015454191414	0.0	137654	1857.2652176793638	0.0074828235	0.3441668580319299
954.4381783928533	300	7.892950724149043	0.0	146754	2527.203817765097	0.0070642685	0.27547275941303806
958.5715416346844	300	7.759587482317904	0.0	153938	2133.363241831138	0.0057576154	0.3065216143919878
962.621598504384	300	7.709530612618255	0.0	181901	2550.0568696996493	0.005868147	0.26172369724890854
966.7109864206212	300	7.620142696381047	0.0	111155	1589.3879162372086	0.00539885	0.35220384783032704
968.9166886230817	300	7.5266404683673205	0.0	153605	2093.5022280137246	0.0050249635	0.29594852740181754
971.1986512204506	300	7.726759085406163	0.0	149029	1799.881382961157	0.0051010307	0.337818025472002
975.3980764027639	300	7.527333903092939	0.0	157421	2199.4251823132245	0.0051245587	0.2853995716422188
978.6451823361318	300	7.51453415876946	0.0	157488	2512.799744323477	0.005051947	0.2532621314209761
982.5085611429287	300	7.651155351972592	0.0	143881	2363.3788067968694	0.0050171344	0.2767430497488326
985.7919827469387	300	7.538287109888277	0.0	163444	2112.8682420843143	0.004921005	0.2947398410898184
988.1420870093665	300	7.60351159263728	0.0	179328	1434.775517250997	0.0050459756	0.36662564374496287
990.3585909233705	300	7.932923989223686	0.0	159914	1170.5876034135947	0.005913591	0.41363270991535345
991.5360818469197	300	7.9921367637441945	0.0	131610	940.78722547949	0.0066211447	0.4403135461162957
992.5910584662606	300	7.648000322608644	0.0	124011	844.1364411355509	0.0068305726	0.4284700969797177
993.7904503571749	300	7.583724375254269	0.0	144254	1064.2759473543756	0.007892942	0.40243889964818674
996.5739779941993	300	7.6595185860219335	0.0	149991	2424.2057892323355	0.00908247	0.2711830536333698
998.317114886042	300	7.5676110494966125	0.0	147968	1091.907536525322	0.007851745	0.39866865787123856
999.9545075876753	300	7.6095294243386435	0.0	161857	1458.0816251579695	0.010036965	0.3646711474356008
1001.0841087949358	300	7.509384320446064	0.0	145210	1100.1451038925784	0.011707257	0.3942057305688537
1002.8640238377744	300	7.719154850710711	0.0	172312	1290.2294697353527	0.013686838	0.38830795212611674
1004.0621918064791	300	7.784913691410012	0.0	167025	934.2411593006977	0.013167944	0.42801671071328856
1006.1172025916687	300	7.619371684017159	0.0	160064	1165.5420073928549	0.018401098	0.39454025044201946
1008.1578543302965	300	7.643780189601675	0.0	137507	975.5914944154841	0.01943092	0.41506083333878885
1010.2698916957147	300	7.59529161449875	0.0	118421	1048.4885751029249	0.019042514	0.4047405893261119

