7707.138538161618	750	4.0	1.4326655545084757	450283	1432.6655545084757	0.0203887	-5.410461884386445
7708.497242632204	750	6.641295529414785	0.0	398865	1358.7044705852145	0.5559577	0.75
7710.67208192303	1200	8.466456238588483	0.0	571051	2174.839290826301	0.033313483	0.75
7714.66896313867	1200	8.469575022949249	0.0	617681	3996.8812156392355	0.004705182	1.2
7716.069438991906	750	11.069099169713109	0.0	411561	1400.4758532361395	0.6337651	0.3
7717.828733071456	1200	13.309805090163058	0.0	520315	1759.2940795500504	0.089939445	0.75
7719.6124290426815	1200	15.526109118937338	0.0	561791	1783.6959712257196	0.004705182	1.2
7721.8758386662485	1200	17.26269949537076	0.0	709534	2263.4096235665756	0.004705182	1.2
7723.735269261553	1200	19.403268900065537	0.0	584846	1859.430595305224	0.004705182	1.2
7725.5915710062045	1200	21.546967155413146	0.0	560821	1856.3017446523922	0.004705182	1.2
7727.753307652265	1200	23.38523050935368	0.0	607410	2161.736646059467	0.004705182	1.2
7729.723084320447	1200	25.41545384117108	0.0	594078	1969.7766681825988	0.004705182	1.2
7732.382193386753	1200	26.75634477486585	0.0	624282	2659.1090663052314	0.0079088425	1.2
7736.038560615779	1200	27.099977545840463	0.0	687371	3656.3672290253853	0.004705182	1.2
7738.312730897422	1200	28.82580726419783	0.0	526950	2274.170281642631	0.004705182	1.2
7740.411841486194	1200	30.72669667542602	0.0	587876	2099.110588771813	0.004705182	1.2
7742.839172403288	1200	32.29936575833228	0.0	617242	2427.330917093743	0.0070604347	1.2
7744.9291893056425	1200	34.20934885597771	0.0	581493	2090.0169023545677	0.017529318	1.2
7747.007542281732	1200	36.13099587988872	0.0	639204	2078.352976088984	0.03245839	1.2
7748.931343152485	1200	38.207195009135795	0.0	586839	1923.800870752931	0.20940961	1.2
7753.649885945866	2850	37.48865221575434	0.0	1415116	4718.542793381453	0.61189806	1.2000000000000002
7760.663388956288	2850	34.47514920533232	0.0	1468126	7013.50301042202	0.004705182	2.85
7765.407018045792	2850	33.73152011582796	0.0	1505760	4743.629089504363	0.004705182	2.85
7769.588224452057	2850	33.55031370956355	0.0	1323990	4181.206406264418	0.004705182	2.85
7774.241352030344	2850	32.89718613127642	0.0	1383735	4653.127578287121	0.004705182	2.85
7781.079359915072	2850	30.059178246548793	0.0	1480464	6838.007884727631	0.004705182	2.85
7786.965458632732	2850	28.173079528888383	0.0	1547572	5886.098717660412	0.004705182	2.85
7790.916317578441	2850	28.222220583180576	0.0	1141971	3950.8589457078065	0.004705182	2.85
7795.912751859145	2850	27.225786302475573	0.0	1498470	4996.434280705004	0.004705182	2.85
7801.5102000052175	2850	25.628338156403498	0.0	1561263	5597.448146072074	0.004705182	2.85
7807.523777888393	2850	23.61476027322812	0.0	1341201	6013.577883175373	0.004705182	2.85
7812.196589683981	2850	22.94194847764001	0.0	1497683	4672.811795588114	0.004705182	2.85
7816.613424288851	2850	22.52511387276953	0.0	1358081	4416.834604870479	0.004705182	2.85
7822.980763107151	2850	20.157775054469965	0.0	1587293	6367.338818299563	0.004705182	2.85
7829.255577772214	2850	17.882960389406612	0.0	1492672	6274.814665063354	0.004705182	2.85
7834.475788847153	2850	16.662749314467632	0.0	1439896	5220.211074938979	0.016405907	2.85
7838.134100245194	2850	17.004437916427428	0.0	1139291	3658.3113980402045	0.004705182	2.85
7843.197931039155	2850	15.940607122465787	0.0	1499009	5063.8307939616425	0.004705182	2.85
7849.989791915944	2850	13.148746245677055	0.0	1427478	6791.860876788732	0.004705182	2.85
7854.406644833655	2850	12.731893327966242	0.0	1402287	4416.852917710815	0.1894186	2.85
7858.6410186298845	2850	12.497519531736595	0.0	1339500	4234.373796229647	0.004705182	2.85
7863.722891118539	2850	11.415647043081064	0.0	1527299	5081.87248865553	0.004705182	2.85
7870.2037013102745	2850	8.934836851345969	0.0	1343002	6480.810191735096	0.004705182	2.85
7872.757584381577	1200	10.38095378004364	0.0	634861	2553.883071302327	0.3735723	-0.44999999999999996
7875.043745196861	1200	12.094792964759	0.0	630203	2286.1608152846425	0.004705182	1.2
7877.553813568483	1200	13.584724593136693	0.0	638661	2510.0683716223066	0.10812485	1.2
7881.509266262732	2850	13.629271898887067	0.0	1231456	3955.4526942496245	0.6210171	1.2000000000000002
7886.075594204234	2850	13.062943957385986	0.0	1364537	4566.327941501083	0.004705182	2.85

