3089.304042998739	750	4.0	3.974865311257283	450283	3974.865311257283	0.018858599	0.09853333399055081
3091.8922061659523	750	5.411836832786868	0.0	398865	2588.163167213131	0.038700733	0.41152574227710326
3093.093646088379	300	7.9776311060386575	0.0	139857	934.2057267482097	0.06712589	0.442445683253774
3094.2930836863447	300	7.661529462115219	0.0	155432	816.1016439234389	0.011785121	0.8652264170166302
3095.287447108672	300	7.856015689822474	0.0	163442	805.5137722927452	0.014539528	0.8902987906696248
3096.774470140901	300	7.6769289891753685	0.0	126289	1179.086700647106	0.017175185	0.8308293204019757
3098.103707793836	300	7.5162783141987655	0.0	153295	660.6506749766032	0.0117832925	0.8628370768852489
3099.0671492189335	300	7.573851095429249	0.0	173849	942.4272187695168	0.016065087	0.8417680439124293
3100.1253987750943	300	7.840233468163053	0.0	150710	733.6176272661965	0.016612697	0.8955397440804921
3101.2809086187995	300	7.524794496457564	0.0	139105	815.4389717054892	0.018624382	0.8484097565230527
3102.5604822164482	300	7.745043152733167	0.0	141840	779.7513437243969	0.018989868	0.8791730421370658
3105.0455005976337	750	7.977445074802304	0.0	405134	2267.598077930862	0.018762585	0.3103628075727388
3106.3141861000363	300	7.716812422778475	0.0	160746	760.632652023829	0.14795062	0.4275992090883456
3107.4246717793762	300	7.810596070247839	0.0	179801	906.216352530637	0.01837413	0.874620485351933
3108.887913120836	300	7.9861100915726855	0.0	140051	824.4859786751522	0.020573555	0.904464574621026
3110.272613742228	300	7.623137414569115	0.0	138313	862.9726770035712	0.017777778	0.8557989741733085
3111.63088811736	300	7.854864256397157	0.0	143509	768.2731581719584	0.017638205	0.8938806823945632
3112.514749660448	300	7.622934017033071	0.0	150616	731.9302393640864	0.016877243	0.868878104054484
3113.271860549634	300	7.515344238602436	0.0	165384	607.5897784306331	0.018982891	0.8680278344395476
3114.2521090365626	300	7.909980574365551	0.0	140881	605.3636642368855	0.021145936	0.9169769489775862
3115.5115456474778	300	7.787704694553817	0.0	157671	622.275879811733	0.022204004	0.9001880906871265
3116.847167964626	300	7.703473849081283	0.0	157812	584.2308454725335	0.022879282	0.8935924505390608
3119.087625837238	300	7.713940724913215	0.0	163927	989.5331241680688	0.024805661	0.8543545878463759
3120.309280337158	300	7.538575753825331	0.0	137654	675.3649710878844	0.02093952	0.8641187547886661
3120.9867513995546	300	7.872985044242723	0.0	146754	665.5907095826072	0.022509102	0.9063863355847971
3122.265855755178	300	7.514372980888163	0.0	153938	858.6120633545596	0.023360988	0.8428056828996433
3124.1801773129882	300	7.612458338667749	0.0	181901	901.9146422204136	0.021461394	0.85058621172635
3128.1048599400624	300	7.687775711593986	0.0	111155	1924.6826270737647	0.022482932	0.7576089933206931
3131.3639262420165	300	7.9617874369486055	0.0	153605	1725.9882746453811	0.015363591	0.811311180340491
3133.223374516816	300	7.513602308203325	0.0	149029	948.1851287452819	0.014407508	0.8337532199302625
3135.152164466064	300	7.899838849606178	0.0	157421	1113.763458597147	0.014871874	0.8648847513894717
3136.346261452233	300	7.9453035778469125	0.0	157488	954.5352717592638	0.014304588	0.8864211870204363
3138.1690768840185	300	7.5186768096594	0.0	143881	926.6267681875124	0.015180605	0.836535614385805
3140.529094539147	300	7.771762289894301	0.0	163444	1246.9145197651007	0.013309257	0.8357557874986304
3142.5843955836103	300	7.550663297344181	0.0	179328	1721.09899255012	0.013189606	0.761037824758142
3145.980634502989	300	7.99464484961177	0.0	159914	2556.01844773241	0.011500105	0.7323651306131109
3148.537574329747	300	7.581285186055438	0.0	131610	2413.359663556332	0.0104461955	0.6955927008210617
3149.6949800561	300	7.6693723949796295	0.0	124011	911.912791075808	0.00982469	0.8566136842217711
3151.2306526384673	300	7.8242826049347425	0.0	144254	1345.0897900448874	0.011721149	0.8324230442137975
3154.033621707241	300	7.913089409209213	0.0	149991	1411.1931957255294	0.01154845	0.8367778496125154
3158.0044012743	300	7.942309842150287	0.0	147968	2470.779567058926	0.0111133605	0.7344271152184881
3161.7396190639633	300	7.7759786913724005	0.0	161857	1666.3311507778874	0.0083464775	0.7943347315517206
3164.1289077951196	300	7.985777611736567	0.0	145210	1790.201079635834	0.009092502	0.8078520126037247
3165.4154763689503	300	7.747037251081681	0.0	172312	1238.740360654884	0.008779786	0.8335203555808212
3166.9432778534615	300	7.617050591413903	0.0	167025	1129.9866596677773	0.010732778	0.8283460242108646
3168.8522649500865	300	7.536464489023097	0.0	160064	1080.5861023908058	0.013051594	0.8233359597554482
3171.6933030003056	300	7.840145865530494	0.0	137507	1196.318623492603	0.012920583	0.8492588279932693
3173.58080706815	300	7.573753525971644	0.0	118421	1266.3923395588497	0.012743413	0.8093594847459641

