3.998697299309292	750	4.0	3.998697299309292	450283	3998.697299309292	0.5	-16.444398387029956
5.380675892396672	300	6.61802140691262	0.0	155580	1381.9785930873804	0.004705182	-0.15000000000000002
6.820020592340613	300	9.178676706968677	0.0	139857	1439.3446999439418	0.004705182	0.3
8.109751028423466	300	11.888946270885826	0.0	155432	1289.730436082851	0.004705182	0.3
9.345167328497421	300	14.65352997081187	0.0	163442	1235.416300073955	0.027933225	0.3
10.337754794600999	300	17.66094250470829	0.0	126289	992.5874661035782	0.6703085	0.3
17.206797556161966	750	14.79189974314732	0.0	352642	6869.0427615609715	0.58066744	0.3
21.45406453467618	300	14.544632764633105	0.0	173849	4247.266978514214	0.010495071	-0.15000000000000002
24.7505876104199	300	15.24810968888939	0.0	150710	3296.523075743715	0.004705182	0.3
26.87213700898649	300	17.1265602903228	0.0	139105	2121.5493985665894	0.004705182	0.3
28.752820843084493	300	19.24587645622479	0.0	141840	1880.6838340980078	0.009114249	0.3
30.928787010963926	300	21.069910288345355	0.0	156148	2175.966167879432	0.1488736	0.3
33.240754678638844	300	22.75794262067044	0.0	160746	2311.9676676749164	0.40817112	0.3
35.601686379710365	300	24.397010919598916	0.0	179801	2360.931701071523	0.6927658	0.3
39.63852985905059	750	24.36016744025869	0.0	337059	4036.8434793402257	0.6468438	0.3
43.92980374016895	750	24.068893559140335	0.0	366214	4291.273881118356	0.004705182	0.75
47.39652725032553	750	24.602170048983748	0.0	360831	3466.7235101565843	0.004705182	0.75
50.8852888545008	750	25.113408444808478	0.0	372963	3488.7616041752703	0.004705182	0.75
54.438610486905766	750	25.56008681240351	0.0	405596	3553.3216324049663	0.004705182	0.75
58.35228765519328	750	25.646409644116	0.0	350713	3913.6771682875124	0.004705182	0.75
62.577645879524226	750	25.42105141978505	0.0	386472	4225.358224330948	0.004705182	0.75
66.94581138815381	750	25.05288591115546	0.0	399894	4368.16550862959	0.004705182	0.75
71.06332278487916	750	24.93537451443011	0.0	401853	4117.511396725349	0.004705182	0.75
75.46729461451869	750	24.53140268479058	0.0	343800	4403.9718296395295	0.004705182	0.75
82.40520710480017	750	21.5934901945091	0.0	359903	6937.912490281481	0.004705182	0.75
88.6477143000833	750	19.350982999225984	0.0	379700	6242.507195283118	0.021042101	0.75
93.35730799091955	750	18.641389308389712	0.0	425781	4709.59369083627	0.14161317	0.75
98.67268768980453	750	17.326009609504734	0.0	277716	5315.379698884978	0.023164444	0.75
103.39241090338787	750	16.606286395921405	0.0	400396	4719.723213583328	0.59305584	0.75
105.17362713577661	300	18.82507016353266	0.0	149029	1781.2162323887446	0.47670943	-0.15000000000000002
107.2494550685159	300	20.749242230793367	0.0	157421	2075.8279327392966	0.13878112	0.3
109.07467871907778	300	22.92401858023149	0.0	157488	1825.2236505618794	0.42188573	0.3
112.36653506682023	750	23.63216223248904	0.0	369834	3291.856347742448	0.24180782	0.3
116.16250229030234	750	23.836195009006925	0.0	412837	3795.967223482116	0.004705182	0.75
120.14359454348437	750	23.855102755824905	0.0	401088	3981.0922531820215	0.004705182	0.75
125.54758198256287	750	22.451115316746407	0.0	365161	5403.987439078496	0.004705182	0.75
129.55415048232564	750	22.44454681698365	0.0	321064	4006.5684997627586	0.004705182	0.75
132.3269775254978	750	23.671719773811493	0.0	361565	2772.8270431721576	0.004705182	0.75
135.1613535376476	750	24.83734376166167	0.0	378327	2834.376012149821	0.05529182	0.75
137.76292583227908	750	26.235771467030208	0.0	390680	2601.5722946314636	0.4085046	0.75
141.33963812751864	1200	26.659059171790638	0.0	566904	3576.7122952395684	0.29001006	0.75
146.69446816149394	1200	25.304229137815344	0.0	641452	5354.830033975293	0.004705182	1.2
151.19237571208163	1200	24.806321587227686	0.0	599477	4497.90755058766	0.0062340517	1.2
156.2455181070407	1200	23.753179192268604	0.0	634861	5053.142394959081	0.004705182	1.2
162.0167050073541	1200	21.98199229195522	0.0	630203	5771.186900313385	0.004705182	1.2
166.91795783126443	1200	21.080739468044875	0.0	638661	4901.252823910346	0.004705182	1.2
170.60070351843623	1200	21.397993780873076	0.0	538612	3682.7456871717986	0.004705182	1.2
174.63631872529112	1200	21.36237857401818	0.0	550906	4035.615206854895	0.014531787	1.2

