5489.429396583038	750	4.0	3.1328471558220468	450283	3132.8471558220467	0.016208733	0.18273514953407444
5490.4918357428605	300	6.937560840178129	0.0	155580	1062.4391598218708	0.004705182	0.30120287508622506
5491.681909681756	300	7.5651670333222265	0.0	139857	872.393806855903	0.004705182	0.8476991473471679
5493.792334570757	300	7.548794611921421	0.0	155432	1016.3724214008065	0.004705182	0.8312797517100642
5496.187332583598	300	7.728321844051694	0.0	163442	1320.4727678697268	0.004705182	0.8230362877601284
5498.401238327848	300	7.513631694562368	0.0	126289	1214.6901494893268	0.004705182	0.8071063462458105
5500.5581972088385	300	7.734759965647036	0.0	153295	1278.8717289153317	0.004705182	0.8279913188418523
5503.68541526388	300	7.720194609513833	0.0	173849	1514.5653561332012	0.004705182	0.8026235437420552
5506.265203664597	300	7.766626691859445	0.0	150710	1453.567917654389	0.004705182	0.8144563455985067
5508.532101588709	300	7.741288009484689	0.0	139105	1025.3386823747553	0.004705182	0.8541506535534289
5510.183685304027	300	7.691275705944477	0.0	141840	1550.012303540212	0.004705182	0.7955081766702428
5512.47198124529	300	7.997913498401615	0.0	156148	1193.3622075428634	0.004705182	0.8690343409494384
5514.471845181747	300	7.895448382733694	0.0	160746	1602.4651156679215	0.004705182	0.8154724863408807
5516.471714064261	300	7.549213356620982	0.0	179801	1346.2350261127115	0.004705182	0.7983451944477777
5517.928644773232	300	7.887564901736432	0.0	140051	1161.6484548845492	0.004705182	0.8585807639433286
5519.188070016468	300	7.8504934214609765	0.0	138313	1037.0714802754555	0.004705182	0.8664611748354215
5521.860064157205	300	7.730673213522925	0.0	143509	1119.8202079380505	0.004705182	0.8433918718389031
5524.220378725986	300	7.656602900282031	0.0	150616	1574.0703132408942	0.004705182	0.7888212580732914
5525.715247302567	300	7.857290768361085	0.0	165384	1299.312131920946	0.004705182	0.8410763910925547
5527.718574391317	300	7.97340538911704	0.0	140881	1383.885379244044	0.004705182	0.846955960654195
5530.580476993334	300	7.6171750096112225	0.0	157671	1356.2303795058187	0.004705182	0.8057370143798332
5533.308072662219	300	7.9162132148734745	0.0	157812	1700.9617947377471	0.004705182	0.8081866919709384
5534.876085064216	300	7.725523955719829	0.0	163927	1190.6892591536453	0.004705182	0.8356691780084398
5536.813910477628	300	7.845272877654686	0.0	137654	880.2510780651423	0.004705182	0.8814986245284
5538.9082621443695	300	7.961884164267984	0.0	146754	883.3887133867037	0.004705182	0.8955830795734735
5541.3553623648595	300	7.95381550684988	0.0	153938	1008.0686574181038	0.004705182	0.8821188326076128
5543.188176032752	300	7.751924540289027	0.0	181901	1701.8909665608546	0.004705182	0.7878087379355956
5545.463820719571	300	7.719563471246522	0.0	111155	1032.3610690425053	0.004705182	0.850766044602208
5547.251453849386	300	7.577388791526646	0.0	153605	1642.1746797198746	0.004705182	0.772230103920383
5548.516329422563	300	7.88768019658568	0.0	149029	1189.7085949409657	0.004705182	0.8557889856132249
5551.254801176703	300	7.856027842033989	0.0	157421	1031.6523545516895	0.004705182	0.8676864329005273
5553.608921714393	300	7.582377187133214	0.0	157488	1773.6506549007754	0.004705182	0.7596984331481424
5555.037482741824	300	7.54833168156248	0.0	143881	1034.0455055707332	0.004712214	0.8294552843962988
5557.415343422091	300	7.971659026108958	0.0	163444	1576.672655453521	0.004722465	0.82746160625272
5559.553609250643	300	7.988120148039256	0.0	179328	1483.5388780697026	0.004731643	0.8388074701977315
5561.771380144626	300	7.806598161988795	0.0	159914	1181.5219860504599	0.0047603687	0.8465962926212071
5563.967619771904	300	7.681602807117018	0.0	131610	1124.995354871777	0.0047789025	0.8368155402194408
5565.435289775461	300	7.563389946290725	0.0	124011	1118.2128608262926	0.004828126	0.8228978216156705
5566.779083141481	300	7.756221853695963	0.0	144254	1307.1680925947626	0.004921128	0.8278116228371711
5568.600684711788	300	7.86873366235588	0.0	149991	1387.4881913400811	0.005100947	0.8336716611567134
5571.042305705536	300	7.504979921714841	0.0	147968	1363.7537406410393	0.00557206	0.7911317361906395
5572.792080301222	300	7.79402621227519	0.0	161857	1710.9537094396508	0.0058574164	0.7921008376072953
5574.526558979436	300	7.921197301981847	0.0	145210	1372.8289102933434	0.0065246895	0.841615375182716
5575.712680313973	300	7.738961499603746	0.0	172312	1182.2358023781017	0.007354472	0.8381736829286439
5577.451138317802	300	7.751675220847999	0.0	167025	987.2862787557459	0.008751727	0.8592384227678994
5579.375796309736	300	7.9949320921682885	0.0	160064	1256.7431286797112	0.011367678	0.8623281289061855
5581.218664492575	300	7.762455532525132	0.0	137507	1232.4765596431569	0.013672081	0.83605046037928
5582.944970085254	300	7.754498461984622	0.0	118421	1007.9570705405087	0.01605944	0.8575199345720107

