10014.70746054428	750	4.0	7.571061952176263	450283	7571.061952176264	0.028675973	-0.32370619521762634
10016.68725496744	300	6.020205576839139	0.0	155580	1979.794423160861	0.4932822	-0.06251444996847982
10018.094135152802	300	7.927193595526365	0.0	139857	1093.0119813127735	0.045409765	0.6616183790336616
10020.217365292612	300	7.992512618095603	0.0	155432	1434.6809774307612	0.0495022	0.6338037543667213
10022.338514132569	300	7.836212803157912	0.0	163442	1156.29981493769	0.0732709	0.646441713613338
10023.46587302797	300	7.809957896567258	0.0	126289	1026.2549065906553	0.07029422	0.6568929147821002
10024.839564181797	300	7.6436643045569985	0.0	153295	1166.2935920102582	0.061836056	0.6267169944171423
10027.198156772578	300	7.9130667805260675	0.0	173849	1730.5975240309297	0.05662326	0.5964859920030672
10031.222179268028	300	7.889044285076465	0.0	150710	3024.0224954496025	0.06118417	0.4648073071787259
10035.28111367973	300	7.830109873375052	0.0	139105	3058.934411701413	0.043864917	0.45558474401558247
10039.229819385635	300	7.88140416746884	0.0	141840	3948.705705906211	0.036334988	0.3715959846957237
10043.165384718173	300	7.94583883492882	0.0	156148	3935.5653325400203	0.028901953	0.3791762934428257
10046.165298022508	300	7.83849376523472	0.0	160746	2607.3450696940995	0.0240435	0.5015590116996665
10048.6401141363	300	7.962369749359252	0.0	179801	1376.1240158754692	0.020480312	0.6367280565376403
10051.307190167683	300	7.8331778350772945	0.0	140051	1129.1919142819572	0.02824689	0.6488573530330711
10053.356911446926	300	7.722259196804396	0.0	138313	1110.9186382728974	0.032136053	0.6398978430619378
10055.126220269325	300	7.597006148991743	0.0	143509	1125.2530478126541	0.033763073	0.6262835432081816
10057.82972179434	300	7.762283288075992	0.0	150616	1834.7228609157494	0.037407286	0.5714097636738154
10060.021053834365	300	7.656006628713076	0.0	165384	2106.276659362916	0.034922566	0.5339189787060551
10063.215967841157	300	7.8960772345986205	0.0	140881	2759.9293941144556	0.03457115	0.4919005716532703
10067.52010366191	300	7.591941413846504	0.0	157671	3804.1358207521175	0.029635329	0.3579027204213608
10069.598045989094	300	7.967530466968987	0.0	157812	1624.4109468775164	0.027071923	0.6124012432249824
10072.387243488409	300	7.724697440865464	0.0	163927	1742.8330261035228	0.025197277	0.5769435235138141
10074.357223999086	300	7.5228893744320375	0.0	137654	1201.8080664334273	0.026205435	0.6114201850201729
10076.157904412355	300	7.941635413770037	0.0	146754	1081.2539606620003	0.030114489	0.6641986479229361
10078.027002948009	300	7.836799362646929	0.0	153938	1104.8360511231067	0.032394446	0.6516451329051032
10081.921060402281	300	7.94274190837405	0.0	181901	2394.057454272878	0.035593983	0.5330259051620885
10083.856273507712	300	7.989295310559097	0.0	111155	953.4465978149536	0.03255605	0.6816143091703768
10088.038516426432	300	7.807052391840929	0.0	153605	2682.2429187181674	0.031756844	0.4910115532347137
10090.861975646498	300	7.8223274472896795	0.0	149029	2484.7249445512493	0.03075349	0.5122488497937965
10093.910387570046	300	7.95748859465816	0.0	157421	1364.8388526315202	0.028049055	0.637381880567354
10096.59963945611	300	7.904649196634614	0.0	157488	1552.8393980235458	0.029606614	0.6134431945703617
10098.873135804739	300	7.726107333090527	0.0	143881	1178.5418635440883	0.03103762	0.633509751788645
10100.128225560862	300	7.736039692821734	0.0	163444	990.0676402687943	0.035185184	0.6533230961000343
10104.197814649431	300	7.6664506042540905	0.0	179328	3069.589088567643	0.04127437	0.43860341240694606
10108.1074636971	300	7.756801556584673	0.0	159914	1909.649047669419	0.035839595	0.5633840466109177
10110.599112420252	300	7.783107301954538	0.0	131610	2473.694254630134	0.030507289	0.5095377596520654
10114.631367164768	300	7.750852557437247	0.0	124011	3532.2547445172904	0.027085885	0.40054493675904324
10118.527290298993	300	7.85492942321273	0.0	144254	3895.923134224516	0.028102174	0.3742995729849864
10122.815345725743	300	7.566873996461938	0.0	149991	3288.055426750793	0.021965515	0.4070729534808442
10125.056163202295	300	7.758559164293208	0.0	147968	1808.3148321687297	0.019189877	0.5736883955106415
10126.580189213222	300	7.827797452371702	0.0	161857	1430.7617119215056	0.021975843	0.6181771310509975
10128.643135682047	300	7.932956362711717	0.0	145210	894.8410896599842	0.027133103	0.681995897307716
10131.328043843794	300	7.51455496667013	0.0	172312	1418.4013960415878	0.03988706	0.5889503309045114
10134.849055761417	300	7.817302419311909	0.0	167025	1697.25254735822	0.039465476	0.5905074055422612
10138.618009882555	300	7.789705058175196	0.0	160064	1527.5973611367133	0.0382789	0.6047890807938665
10141.826806725987	300	7.860985045059884	0.0	137507	1928.7200131153118	0.042752236	0.5716087943205426
10145.714651821798	300	7.9731399492481065	0.0	118421	2387.8450958117764	0.041105226	0.5366033504832008

