551.1973413438466	750	4.0	2.322935537655054	450283	2322.935537655054	0.019659279	0.11770644623449458
552.2752315132241	300	6.922109830622425	0.0	155580	1077.8901693775754	0.90645164	-0.12515715252385598
554.7779543146347	300	7.901161378798435	0.0	139857	1520.9484518239897	0.046993602	0.34172774099250325
557.2690874972742	300	7.6164819527370184	0.0	155432	1284.679426061417	0.020178117	0.34756217943992196
559.2992092675987	300	7.994647869583771	0.0	163442	1121.8340831532473	0.022082416	0.3874820835336609
560.7474116262948	300	7.55969053382136	0.0	126289	934.95733576241	0.027714344	0.37898492478759405
562.2401899310612	300	7.81992397395501	0.0	153295	1239.7665598663502	0.02281876	0.3647685923855531
565.2456993681293	300	7.90367512787102	0.0	173849	1416.24884608399	0.016550183	0.35235481088353976
567.1076444285026	300	7.572332802576406	0.0	150710	1331.342325294614	0.016492568	0.34013656763156397
568.07281885604	300	7.680046965897017	0.0	139105	892.2858366793868	0.016724866	0.3907743517006249
569.3562539883063	300	7.614773738092903	0.0	141840	1065.2732278041158	0.018697903	0.3693960358503948
570.4430849632881	300	7.545439174233064	0.0	156148	1069.334563859839	0.01748262	0.36465649200358263
572.9166763202271	300	7.527391701324599	0.0	160746	1018.0474729084655	0.018384475	0.3686572340419409
576.714781149971	300	7.566111228467838	0.0	179801	3461.2804728567617	0.020334825	0.12675390449356372
580.2500111357544	300	7.951908390169759	0.0	140051	1614.2028382980784	0.010113998	0.3355739905558021
581.7162194246553	300	7.999317833761921	0.0	138313	952.5905564078381	0.008973619	0.4046983089693363
583.2146187597859	300	7.866927127793166	0.0	143509	632.3907059687543	0.011616924	0.4284438748901974
586.8175031835558	300	7.9384891303891525	0.0	150616	928.437997404013	0.025551353	0.40331177090892073
589.5476976411311	300	7.765615214884438	0.0	165384	2172.873915504715	0.017903036	0.26806355937980586
591.4811316293413	300	7.962558444164588	0.0	140881	1303.0567707198497	0.009902353	0.3673542256883018
592.5787094548292	300	7.648958178315901	0.0	157671	813.6002658486861	0.012173439	0.3966998595598752
593.3741047508408	300	7.998249291029679	0.0	157812	650.7088872862219	0.018300725	0.4348196919607328
594.6465517384206	300	7.619369025452419	0.0	163927	878.8802655772607	0.032660916	0.3883225375330501
595.9490958017597	300	7.989880245134227	0.0	137654	629.4887803181907	0.024655417	0.43641863728907015
596.6929950564272	300	7.894458278360855	0.0	146754	595.4219667733719	0.03333392	0.43386144572021623
597.4915500369829	300	7.62941945588009	0.0	153938	765.0388224807643	0.049597327	0.40033483374442913
598.6075711740702	300	7.7781669852238995	0.0	181901	851.2524706561908	0.036238894	0.40101018951087464
599.3944380122307	300	7.757117870859278	0.0	111155	521.0491143646218	0.037824824	0.4327149554922427
600.6831091334424	300	7.545691205651289	0.0	153605	711.4266652079906	0.042524394	0.40046303383240645
601.5649691059408	300	7.843383456904012	0.0	149029	702.3077487472763	0.048938327	0.4199806911817731
602.811784005549	300	7.55975208097541	0.0	157421	783.6313759286018	0.043846816	0.39412136746810295
604.359371911367	300	7.797549942406251	0.0	157488	762.2021385691598	0.043050155	0.41112665754347466
605.8919357380677	300	7.99896092218032	0.0	143881	798.5890202259309	0.0469018	0.4200761556136769
607.7209988432434	300	7.81641674432987	0.0	163444	1182.54417785045	0.038662106	0.37027162873557184
610.561071939651	300	7.864639602288593	0.0	179328	2451.7771420412764	0.028467558	0.2463622609389094
614.5610701060759	300	7.833788553759377	0.0	159914	1030.8510485292154	0.01720755	0.3865266797570395
615.528889433414	300	7.589452406038223	0.0	131610	744.3361477211542	0.023062352	0.39990716060527354
616.2784282014013	300	7.846424673852991	0.0	124011	743.0277321852309	0.028237244	0.41609876889728886
617.9329485177593	300	7.837420052575021	0.0	144254	1009.004621277972	0.029335968	0.3889382911581416
618.7302719011562	300	7.606516198916559	0.0	149991	730.9038536584613	0.02872176	0.4023168770664388
620.6626253077899	300	7.7285491699690025	0.0	147968	877.967028947556	0.05716016	0.39523762022830705
621.7796425414361	300	7.7722337514889	0.0	161857	956.3154184801018	0.063476376	0.39013306762004607
623.8331686015388	300	7.585821700520674	0.0	145210	1186.4120509682266	0.058370017	0.35547265118571947
625.0127730587438	300	7.929576437985347	0.0	172312	1156.245262535326	0.059237976	0.3799740011205516
626.3673450194177	300	7.973970054983267	0.0	167025	955.6063830020801	0.08203548	0.4028124901362462
627.8438965122107	300	7.705177159422678	0.0	160064	768.7928955605887	0.11403124	0.40469428290785847
628.9503641067463	300	7.5908226607711295	0.0	137507	614.3544986515483	0.15634663	0.4129909664330408
629.8545723060353	300	7.869775085568537	0.0	118421	721.0475752025914	0.23669514	0.4197561853277744

