6294.668307885592	750	4.0	7.528019682657206	450283	7528.0196826572055	0.010038175	-32.196066030774816
6296.964662138662	300	5.7036457469296495	0.0	155580	2296.3542530703508	0.03548492	-0.3802325581395349
6298.969867810115	300	7.698440075476701	0.0	139857	2005.2056714529485	0.047745936	0.06976744186046512
6302.86771256386	300	7.80059532173235	0.0	155432	2397.844753744352	0.3193583	0.06976744186046512
6306.942485467559	300	7.725822418032702	0.0	163442	3074.772903699649	0.19690186	0.06976744186046512
6309.348118284488	300	7.999104579880152	0.0	126289	2226.7178381525496	0.07050638	0.06976744186046512
6313.465230224351	300	7.550006161337351	0.0	153295	2449.098418542801	0.025314856	0.06976744186046512
6316.448015460778	300	7.987620294233952	0.0	173849	2062.3858671033986	0.017339816	0.06976744186046512
6319.328460259469	300	7.9425974842006015	0.0	150710	1545.02281003335	0.1389002	0.06976744186046512
6321.20682771153	300	7.791124838348087	0.0	139105	1651.4726458525147	0.19644293	0.06976744186046512
6323.547679895263	300	7.789146178186092	0.0	141840	1501.9786601619955	0.16273668	0.06976744186046512
6326.8882196482555	300	7.568312996725508	0.0	156148	1720.8331814605847	0.22279364	0.06976744186046512
6330.430837406279	300	7.676857417779174	0.0	160746	1891.4555789463348	0.21759032	0.06976744186046512
6333.534342739079	300	7.810685817068552	0.0	179801	2366.1716007106234	0.21774386	0.06976744186046512
6336.148170696599	300	7.997438666203227	0.0	140051	1813.2471508653248	0.19038863	0.06976744186046512
6340.198611861971	300	7.822508496394474	0.0	138313	2174.9301698087534	0.200249	0.06976744186046512
6343.235322661808	300	7.731908684857215	0.0	143509	2090.5998115372586	0.114726104	0.06976744186046512
6347.042343871967	300	7.924887474697622	0.0	150616	2307.021210159594	0.08727024	0.06976744186046512
6350.7923137275275	300	7.8864686079969974	0.0	165384	2038.4188667006233	0.067764394	0.06976744186046512
6354.195593687366	300	7.7506041225075295	0.0	140881	1635.8644854894683	0.074700065	0.06976744186046512
6357.72461844207	300	7.709799477530689	0.0	157671	2040.8046449768408	0.08673085	0.06976744186046512
6360.766835268349	300	7.972801162204589	0.0	157812	1736.9983153261012	0.07464735	0.06976744186046512
6363.768366034796	300	7.899644972457401	0.0	163927	2073.1561897471865	0.10964959	0.06976744186046512
6366.318730504894	300	7.6986500019083834	0.0	137654	1700.9949705490178	0.07901381	0.06976744186046512
6369.14801593514	300	7.5386920413096865	0.0	146754	1659.957960598697	0.07473427	0.06976744186046512
6371.452621180404	300	7.916053167851947	0.0	153938	2122.6388734577404	0.081581414	0.06976744186046512
6373.843667109801	300	7.911513374556036	0.0	181901	2004.539793295911	0.071444534	0.06976744186046512
6375.955923081574	300	7.658638552219818	0.0	111155	1252.874822336218	0.0878454	0.06976744186046512
6378.441893918674	300	7.770343622388402	0.0	153605	1888.294929831415	0.07883832	0.06976744186046512
6382.241862851632	300	7.970374689430588	0.0	149029	2299.9689329578146	0.07355203	0.06976744186046512
6384.262560113737	300	7.688848492991274	0.0	157421	1781.5261964393148	0.049766116	0.06976744186046512
6387.311364258293	300	7.6390319345464555	0.0	157488	1549.8165584448177	0.048270717	0.06976744186046512
6389.56619932473	300	7.546108241883021	0.0	143881	1592.9236926634348	0.0686367	0.06976744186046512
6393.2705330359195	300	7.841774530694471	0.0	163444	1704.3337111885494	0.06447578	0.06976744186046512
6396.614492461256	300	7.577917308007116	0.0	179328	1763.857222687355	0.08640827	0.06976744186046512
6399.743727869509	300	7.618350724206271	0.0	159914	1959.566583800844	0.06335221	0.06976744186046512
6401.070546710251	300	7.899775692560839	0.0	131610	1218.5750316454328	0.0445487	0.06976744186046512
6403.260225005172	300	7.804058463648462	0.0	124011	1095.7172289123773	0.09178848	0.06976744186046512
6404.627581594901	300	7.942360759288411	0.0	144254	1361.6977043600507	0.11246401	0.06976744186046512
6408.264791152755	300	7.6965854370462115	0.0	149991	2245.7753222422	0.119932204	0.06976744186046512
6411.682428356542	300	7.5434839294577705	0.0	147968	2153.101507588441	0.036877915	0.06976744186046512
6413.773757340737	300	7.805087318960308	0.0	161857	1238.396610497462	0.020651884	0.06976744186046512
6415.325000202642	300	7.760931983856326	0.0	145210	1044.1553351039815	0.07680635	0.06976744186046512
6417.00507960441	300	7.9294361228730015	0.0	172312	1331.4958609833236	0.15629402	0.06976744186046512
6418.795349569038	300	7.963592867950773	0.0	167025	1465.843254922229	0.20396428	0.06976744186046512
6420.669424895632	300	7.533768550007139	0.0	160064	1429.8243179436333	0.12401013	0.06976744186046512
6424.497499884056	300	7.705693561583152	0.0	137507	2328.0749884239863	0.065974094	0.06976744186046512
6426.6882703981155	300	7.756471336590337	0.0	118421	1949.2222249928145	0.021858424	0.06976744186046512

