842.3594006132087	750	4.0	0.8872836624630916	450283	887.2836624630917	0.0047948333	-3.478928828545462
844.3170758625831	1850	6.042324750625549	0.0	957685	1957.6752493744507	0.042305656	-0.6152372769292644
846.4695980588358	1850	7.583543165637958	0.0	877771	1958.7815849875915	0.004705182	0.6329961413813259
848.7057780969367	1850	7.617323480830155	0.0	933276	1966.2196848078027	0.004705182	0.6355037257379068
850.6542334759612	1850	7.693075891684399	0.0	996749	1924.2475891457557	0.004705182	0.6469921923094292
852.68336281232	1850	7.840615175644281	0.0	801058	1852.4607160401172	0.004705182	0.6683717060438793
855.0661539814404	1850	7.842553882193505	0.0	905515	1998.0612934507783	0.004705182	0.6539982510465263
857.7745843519356	1850	7.700703577530705	0.0	1060487	2641.8503046627984	0.004705182	0.5759660943270422
860.5169661348585	1850	7.567802723785377	0.0	852833	2132.9008537453283	0.004705182	0.6140691788039789
862.9898141728265	1850	7.691119197990236	0.0	913888	2376.68352579514	0.004705182	0.60156026461731
865.8886729935886	1850	7.604772062745573	0.0	939819	2086.347135244663	0.004705182	0.6222828922122323
875.7893551665865	1850	4.0	2.295910110252291	917428	9900.682172997864	0.004705182	-10.37852755860775
879.1988481943115	300	4.590506972275028	0.0	160746	3409.4930277249723	0.3548958	-1.4330618394586563
881.6661659484319	300	6.123189218154679	0.0	179801	2467.3177541203486	0.07038348	0.3586781236391752
884.0518920937634	300	7.737463072823006	0.0	140051	1885.7261453316728	0.1222416	0.5722130068036146
886.5638423753525	300	7.969353372574613	0.0	138313	1768.1097002483918	0.16955875	0.6062943603939723
887.2670258242736	300	7.899681867234491	0.0	143509	569.6715053401225	0.082760304	0.7194322170559775
888.4838581679708	750	7.808021676726318	0.0	372963	1091.6601905081734	0.17304575	0.23247975021036935
891.8455206245217	1850	7.52477652504537	0.0	987708	3283.245151680946	0.13787381	-0.6051065722945759
894.41030000163	1850	7.596595508026156	0.0	923755	2428.1810170192152	0.0069247	0.5873125012027216
897.4859817094277	1850	7.917053877071881	0.0	891604	2679.541630954274	0.004705182	0.5930209278178296
902.7467081106022	1850	6.65632747589748	0.0	955231	5260.726401174402	0.004705182	0.2135560791002845
907.0814526490864	1850	6.321582937413373	0.0	968026	4334.744538484107	0.33627746	0.2739347170580365
909.7087544279693	1850	7.694281158530348	0.0	874175	2627.301778883025	0.28986478	0.576802781661176
912.8176880098614	1850	7.954270727126804	0.0	897976	2740.010431403543	0.004744754	0.590556212559723
916.6705829234157	1850	7.927284840843909	0.0	905935	3526.985886282895	0.004705182	0.5092612443602722
921.0930007899443	1850	7.5048669743153456	0.0	1076599	3922.4178665285635	0.017698273	0.42905983897615474
923.8686646734451	1850	7.931198460264986	0.0	758197	2073.6685140503587	0.016110929	0.6549696719713075
927.8084876611745	1850	7.991375472535538	0.0	972798	3939.822987729448	0.004705182	0.47414633151232566
930.0720938340305	1850	7.840481574197427	0.0	975811	2150.8938983381104	0.021143457	0.6385155285205697
932.4147176361054	1850	7.885525858419005	0.0	873429	1954.9557157784225	0.004705182	0.6624449111391305
935.754961131489	1850	7.724238172875364	0.0	954453	2161.2876855436407	0.004705182	0.6262875882129506
937.8943246807029	1850	7.644034241188405	0.0	885062	2080.2039316869595	0.004705182	0.6266762425736105
940.5841006993153	1850	7.588725992645666	0.0	1035329	2555.308248542738	0.004705182	0.5738423281091807
943.3236726504159	1850	7.72617392163023	0.0	1026056	2362.5520710154356	0.004705182	0.6063474677183622
945.8851685358309	1850	7.628936004465325	0.0	943942	2097.2379171649045	0.004705182	0.6235196213094207
947.8516540105312	1850	7.932822160740203	0.0	728962	1696.1138437251225	0.004705182	0.6928814220492281
950.1731629268367	1850	7.847253537075077	0.0	938587	2085.5686236651245	0.004705182	0.64569986523347
952.5650222643044	1850	7.799294067161365	0.0	908665	2047.959469913712	0.004705182	0.6448446262573984
955.541910212812	1850	7.67780004118448	0.0	930577	2621.4940259768846	0.004705182	0.5757972303788348
958.8055151156195	1850	7.838694522535161	0.0	858450	2839.1055186493195	0.004705182	0.5695223607036998
961.3915143115847	1850	7.722944611862662	0.0	1025005	2115.749910672498	0.004705182	0.6307168589591001
963.3870124356604	1850	7.870320240156203	0.0	886255	1852.6243717064594	0.004705182	0.671214487232755
965.4153506758829	1850	7.987587900874518	0.0	973972	1882.7323392816843	0.004705182	0.6794908382117554
967.6403946576932	1850	7.852868912889837	0.0	958994	2134.7189879846806	0.004705182	0.6413253152069653
970.1879186549338	1850	7.7142694063822095	0.0	982064	2138.599506507627	0.004705182	0.6275969008320608
972.3976177591753	1850	7.6138821330280075	0.0	830730	2100.387273354201	0.004705182	0.6217557331840726
975.2815020350084	1850	7.911595815205099	0.0	846370	2202.28631782291	0.004705182	0.6402211143746359

