3523.639239453898	750	4.0	5.84241140162946	450283	5842.41140162946	0.111845724	-0.24703183783736454
3525.372520199629	300	6.266719254268797	0.0	155580	1733.2807457312028	0.078047186	-0.19677440025108792
3527.7607883421	300	7.565431185188647	0.0	139857	1201.2880690801505	0.006184538	0.38759436309650785
3529.8830385079495	300	7.802796143734529	0.0	155432	1262.6350414541164	0.0073983134	0.3962949757682289
3532.087370231162	300	7.655437901525991	0.0	163442	1147.358242208539	0.011198376	0.39861276555475306
3533.103238514498	300	7.8409905433095535	0.0	126289	814.4473582164375	0.008668124	0.44350089406543586
3535.3244667552185	300	7.791086885509507	0.0	153295	1049.9036578000478	0.009471454	0.41683628549457197
3536.7062204295585	300	7.570872292099588	0.0	173849	1220.2145934099185	0.010330299	0.38604177984546495
3538.4917512503594	300	7.613876403064081	0.0	150710	956.9958890355068	0.01353635	0.4150514072181869
3541.2449098846937	300	7.656564508879634	0.0	139105	957.3118941844485	0.013365185	0.41768781331676486
3542.7173442914623	300	7.698270751870361	0.0	141840	1458.2937570092731	0.013849402	0.37019626722120275
3546.4284523402744	300	7.6147869998936075	0.0	156148	2583.483751976754	0.01095072	0.25245953322590764
3550.1784258741295	300	7.8648134660387985	0.0	160746	2249.973533854809	0.008556149	0.30143720917217653
3554.1330213410006	300	7.861314657498451	0.0	179801	2503.4988085403475	0.0076945	0.275866006169851
3558.085851179215	300	7.908484819284593	0.0	140051	2952.829838213858	0.007466273	0.23388103831413382
3560.780717488472	300	7.748014970128516	0.0	138313	2660.4698491560775	0.006021174	0.253087671647657
3563.047152158281	300	7.676995784224662	0.0	143509	1571.0191859038541	0.005258943	0.35759403885388846
3565.358687220853	300	7.793936028241125	0.0	150616	1383.0597559835362	0.005505901	0.38369874709694923
3568.217684027665	300	7.893675297229253	0.0	165384	1900.260731011872	0.005793757	0.3382123539058736
3570.955870189752	300	7.973950244535861	0.0	140881	1419.725052693391	0.005417276	0.39128310594438476
3572.4429386785832	300	7.7796465023671955	0.0	157671	1194.3037421686663	0.0054876683	0.40168125311131564
3573.4871684223945	300	7.818914046692862	0.0	157812	960.732455674334	0.006657255	0.427492603281103
3575.210811955681	300	7.723840909817925	0.0	163927	1095.073136874937	0.0087359585	0.4081164641063591
3576.2372256636386	300	7.794919316044808	0.0	137654	928.9215937731177	0.008810173	0.42917401880572126
3578.2922813947002	300	7.546137488556489	0.0	146754	748.7818274883192	0.008926166	0.43163913121618114
3580.1699956019324	300	7.555417374876841	0.0	153938	990.720113679648	0.0120032085	0.4080252954920703
3582.291259817239	300	7.593282247100084	0.0	181901	1462.1351277767576	0.011264674	0.36325034859631206
3583.890309614326	300	7.758321844821267	0.0	111155	834.960402278817	0.010454335	0.43628279600368003
3586.894082857335	300	7.968479925220803	0.0	153605	1289.8419196004625	0.009940733	0.4039295242964865
3587.847601476558	300	7.598686358813636	0.0	149029	869.7935664071672	0.010086022	0.42282226171536813
3590.169428248636	300	7.924635513182664	0.0	157421	1674.0508456309717	0.012693898	0.3627683559410519
3591.7234154172884	300	7.716529858579906	0.0	157488	1208.1056546027578	0.008584671	0.3963562716312009
3593.17541492863	300	7.858470874433806	0.0	143881	858.058984146101	0.009445165	0.44023225216773526
3595.68617174246	300	7.6000627406168135	0.0	163444	1258.408133816993	0.010549838	0.3840468288370841
3597.271304806364	300	7.8536704676711455	0.0	179328	1246.3922729456688	0.009640768	0.4010988978651122
3598.477642568078	300	7.709872025293247	0.0	159914	1143.7984423778985	0.009721899	0.4023708782732706
3600.2553777217117	300	7.992274055644563	0.0	131610	1217.5979696486843	0.00941241	0.41264105244314925
3602.6081728221466	300	7.650945125919381	0.0	124011	1341.328929725181	0.008970165	0.37893489832767574
3605.091478033922	300	7.615025614886749	0.0	144254	2035.9195110326318	0.008174168	0.3072308707573911
3606.91705578215	300	7.710929639144156	0.0	149991	904.0959757425918	0.0077797184	0.42640722580248314
3608.4636746850947	300	7.75836104991458	0.0	147968	952.5685892295769	0.012083573	0.4245244276269361
3610.030694866571	300	7.706876140033891	0.0	161857	1051.4849098806885	0.012817977	0.4114149886942819
3610.98154755844	300	7.814217439397253	0.0	145210	892.6587006366386	0.014271798	0.434006440828897
3612.1257834833614	300	7.691196391052555	0.0	172312	1123.0210483446976	0.014540915	0.40328139053654743
3613.6009054694323	300	7.949242931805337	0.0	167025	1241.95345924722	0.016687404	0.407516058243344
3618.0342015288825	300	7.515946872355009	0.0	160064	1933.2960594503286	0.018497692	0.31130079450738773
3621.909303742691	300	7.6408446585465315	0.0	137507	2375.102213808477	0.014908976	0.27492629070854313
3625.965845295204	300	7.5843031060334685	0.0	118421	2056.541552513062	0.013991135	0.3032485098060181

