3422.2143873006894	750	4.0	5.693969597015465	450283	5693.969597015464	0.02238512	-23.734069267166497
3424.017723895864	300	6.1966634048252285	0.0	155580	1803.336595174772	0.004705182	-0.15000000000000002
3425.506696030996	300	8.707691269693635	0.0	139857	1488.9721351315945	0.004705182	0.3
3427.090205190582	300	11.12418211010765	0.0	155432	1583.509159585983	0.004705182	0.3
3428.8001257944907	300	13.414261506198569	0.0	163442	1709.920603909083	0.004705182	0.3
3430.147084225811	300	16.067303074878538	0.0	126289	1346.9584313200323	0.045211222	0.3
3431.6766890891727	300	18.537698211516872	0.0	153295	1529.604863361666	0.113895684	0.3
3433.4736170324677	300	20.740770268221752	0.0	173849	1796.927943295118	0.49600732	0.3
3435.100148245534	300	23.11423905515551	0.0	150710	1626.5312130662408	0.6450716	0.3
3438.9956635848307	750	23.218723715858584	0.0	362795	3895.515339296925	0.14103486	0.3
3442.2855688576947	750	23.928818442995	0.0	353220	3289.905272863587	0.004705182	0.75
3446.5282803085856	750	23.686106992103984	0.0	405134	4242.711450891012	0.004705182	0.75
3450.576262547832	750	23.63812475285773	0.0	386351	4047.982239246256	0.004705182	0.75
3455.2696465026775	750	22.944740798012244	0.0	434409	4693.383954845484	0.004705182	0.75
3459.1144350062186	750	23.09995229447124	0.0	337059	3844.7885035410045	0.004705182	0.75
3464.3355347006736	750	21.878852600016163	0.0	366214	5221.099694455078	0.004705182	0.75
3468.828962795254	750	21.3854245054358	0.0	360831	4493.428094580363	0.005071129	0.75
3473.018433649769	750	21.195953650920796	0.0	372963	4189.4708545150015	0.004705182	0.75
3478.511654739263	750	19.70273256142693	0.0	405596	5493.221089493864	0.004705182	0.75
3484.207579440608	750	18.00680786008242	0.0	350713	5695.924701344507	0.030816143	0.75
3488.9469585981265	750	17.267428702563645	0.0	386472	4739.379157518779	0.5530879	0.75
3490.676325628808	300	19.538061671882023	0.0	157812	1729.3670306816225	0.44695967	-0.15000000000000002
3492.529457316171	300	21.684929984519155	0.0	163927	1853.1316873628678	0.16442977	0.3
3494.344502074955	300	23.869885225735153	0.0	137654	1815.0447587840042	0.58784103	0.3
3496.6306350495715	300	25.583752251118636	0.0	146754	2286.1329746165175	0.28086615	0.3
3503.965347842893	750	22.24903945779707	0.0	379700	7334.712793321562	0.1068655	0.3
3512.963925931985	750	17.250461368705114	0.0	425781	8998.57808909196	0.1980778	0.75
3514.32947581671	300	19.884911483980307	0.0	111155	1365.5498847248039	0.0053760074	-0.15000000000000002
3515.9349924316225	300	22.279394869067843	0.0	153605	1605.5166149124616	0.1993819	0.3
3520.3230502019414	750	21.891337098749144	0.0	400508	4388.057770318699	0.51919293	0.3
3523.4754252995376	750	22.738962001152387	0.0	358218	3152.3750975967573	0.004705182	0.75
3528.4486556084153	750	21.76573169227511	0.0	400322	4973.230308877273	0.004705182	0.75
3533.130098352424	750	21.084288948266614	0.0	369834	4681.442744008498	0.004705182	0.75
3541.274822153078	750	16.939565147612615	0.0	412837	8144.723800653999	0.004705182	0.75
3547.1350400717074	300	15.079347228983403	0.0	179328	5860.217918629213	0.12597835	-0.15000000000000002
3551.972281437332	300	14.24210586335853	0.0	159914	4837.241365624872	0.004705182	0.3
3556.204356777253	300	14.010030523437765	0.0	131610	4232.075339920766	0.004705182	0.3
3558.810447497116	300	15.403939803575117	0.0	124011	2606.090719862648	0.004705182	0.3
3561.1854479457074	300	17.028939354983734	0.0	144254	2375.0004485913832	0.0076177726	0.3
3563.3582314050504	300	18.85615589564075	0.0	149991	2172.7834593429834	0.109798856	0.3
3568.610590595122	750	17.603796705569298	0.0	345516	5252.359190071452	0.38694596	0.3
3572.576656209698	750	17.637731090993086	0.0	384505	3966.0656145762105	0.007227338	0.75
3575.140559459906	750	19.073827840784784	0.0	372093	2563.903250208305	0.004705182	0.75
3577.6823104358527	750	20.5320768648377	0.0	438281	2541.7509759470845	0.102367595	0.75
3583.609667290885	1200	18.604720009805636	0.0	630203	5927.356855032064	0.28221506	0.75
3588.596626621004	1200	17.617760679686757	0.0	638661	4986.959330118876	0.064255975	1.2
3592.8707542290126	1200	17.343633071677875	0.0	538612	4274.127608008885	0.033885792	1.2
3600.9240539936177	1200	13.29033330707247	0.0	550906	8053.2997646054055	0.010246305	1.2

