12127.65513065856	750	4.0	4.236019030700693	450283	4236.019030700693	0.004989432	-0.08639260074448796
12128.797839676145	300	6.857290982416554	0.0	155580	1142.7090175834455	0.11197322	-0.10080649442707737
12130.682427822696	300	7.879360914208802	0.0	139857	1477.9300682077526	0.008845113	0.37955077124750747
12132.53474138925	300	7.906533131977576	0.0	155432	1472.8277822312257	0.0075984085	0.3817592634557085
12134.675300753459	300	7.540996289584509	0.0	163442	1365.5368423930656	0.009563643	0.36964230478995774
12136.869613551728	300	7.556351256258258	0.0	126289	1984.6450333262512	0.008296559	0.30869117111374855
12140.144050307477	300	7.823966675006037	0.0	153295	2732.3845812522213	0.0067200353	0.2506431799928877
12144.217098611845	300	7.750918370638323	0.0	173849	3573.048304367713	0.006015015	0.16201128865835646
12148.336723685316	300	7.631293297167944	0.0	150710	3119.625073470378	0.0061079366	0.19987704465619127
12150.899123230316	300	7.517456377134202	0.0	139105	2113.836920033742	0.00567172	0.29334105249774595
12154.666518047812	300	7.750061559637936	0.0	141840	2767.3948174962657	0.0054262416	0.24252308665797695
12158.682322523844	300	7.734257083606079	0.0	156148	3015.8044760318567	0.0051235426	0.2166943410524268
12160.40569258849	300	7.558452948529688	0.0	160746	1675.8041350763913	0.0048907553	0.33970661670569885
12162.774285894873	300	7.7729392219740365	0.0	179801	1285.513726555651	0.0049685324	0.3921410496480447
12163.961735628178	300	7.875754197684391	0.0	140051	897.1850242896451	0.00649754	0.4373998558565425
12166.303873897765	300	7.804817422199705	0.0	138313	570.9367754846864	0.007826714	0.4655911322692455
12168.926938414663	300	7.718885906001088	0.0	143509	2085.931516198617	0.011418493	0.3087209384354388
12171.705320324107	300	7.863261399179716	0.0	150616	1355.624506821373	0.007415415	0.3907751076968275
12174.206814653395	300	7.7138930025965635	0.0	165384	1149.3683965831508	0.0075002788	0.40206519393420265
12176.056301110733	300	7.900212764128999	0.0	140881	1313.6802384675655	0.009807581	0.39727899484153845
12178.902829650116	300	7.769851541872238	0.0	157671	1630.361222256762	0.009847136	0.3574633200715712
12181.442097917397	300	7.833301052496352	0.0	157812	2436.5504893758857	0.008229662	0.280809987773666
12182.878287693398	300	7.556565120197589	0.0	163927	1276.7359322987625	0.00657329	0.3794954477127056
12184.396164249145	300	7.947353778525788	0.0	137654	609.2113416717998	0.008629638	0.47067219792091436
12185.830703003818	300	7.6744169795762485	0.0	146754	772.9367989495402	0.012139005	0.43724110225879403
12187.785027121452	300	7.5630559463218665	0.0	153938	1111.361033254381	0.012110071	0.3964386142499111
12190.961353489243	300	7.541374247616648	0.0	181901	1521.6816987052184	0.008935403	0.3540514415357512
12192.2844273646	300	7.907159653979365	0.0	111155	1134.2145936372842	0.008491559	0.4156597399402144
12194.268739309238	300	7.834433332021639	0.0	153605	1572.7263219577255	0.008486539	0.36726317198581243
12195.704378158507	300	7.767406732726627	0.0	149029	1067.0265992950117	0.008500049	0.41364398179614553
12197.752271618969	300	7.857766036983168	0.0	157421	1909.6406957434594	0.009888483	0.33503002866733456
12199.942151854972	300	7.571952391840514	0.0	157488	1285.8136451426535	0.00795807	0.3795493809059993
12203.752528483381	300	7.761575763430434	0.0	143881	3810.3766284100807	0.008220792	0.1389445433036266
12208.937426159127	300	6.576678087686042	0.0	163444	5184.897675744392	0.0058583547	-0.07256366616382892
12214.311421209764	300	5.202683037049839	0.0	179328	5373.995050636203	0.005298634	-0.1773480943177727
12219.074320964275	300	4.439783282539276	0.0	159914	4762.899754510563	0.005189561	-0.16391979936211903
12223.600055109728	300	4.0	0.08595086291366988	131610	4525.734145452946	0.0053223707	-0.16768969361506197
12227.608587238674	300	4.0	0.0085321289444978	124011	4008.532128944498	0.0050324257	-0.11596949196421719
12232.15931295265	300	4.0	0.5507257139771182	144254	4550.725713977118	0.0047607264	-0.17018885046747928
12236.827426201828	300	4.0	0.6681132491778835	149991	4668.1132491778835	0.0047579845	-0.1819276039875558
12241.139754188034	300	4.0	0.31232798620727226	147968	4312.327986207272	0.0047517866	-0.14634907769049466
12245.86473111063	300	4.0	0.7249769225964956	161857	4724.976922596496	0.0047539324	-0.18761397132941704
12250.019376945278	300	4.0	0.15464583464619044	145210	4154.64583464619	0.0047777705	-0.1305808625343865
12255.015035805849	300	4.0	0.9956588605724283	172312	4995.658860572428	0.0047739563	-0.21468216512701027
12259.896102541497	300	4.0	0.8810667356480417	167025	4881.066735648042	0.0048073214	-0.20322295263457163
12264.132972704068	300	4.0	0.2368701625712929	160064	4236.870162571293	0.004894711	-0.13880329532689673
12265.835476593802	300	6.2974961102668665	0.0	137507	1702.5038897331335	0.0050245724	0.2582268388485984
12268.273683399866	300	7.662088300579289	0.0	118421	1135.4078096875774	0.0051133884	0.4002234587476804

