6569.187311518733	750	4.0	3.192274383373264	450283	3192.2743833732643	0.004705182	-12.976779848505036
6570.457305702278	300	5.586140080838887	0.0	155580	913.8599191611128	0.005779113	-0.15000000000000002
6571.626613443072	300	5.569553318793893	0.0	139857	516.5867620449935	0.03511294	0.3
6573.0725081699575	750	5.962966516240791	0.0	382355	1106.5868025531022	0.6292449	0.3
6577.518660909176	1850	5.51681377702228	0.0	996749	4446.152739218511	0.0048678345	0.75
6581.326788006618	1850	5.708686679580676	0.0	801058	3808.127097441604	0.004944604	1.85
6584.918961806651	1850	5.664393674360435	0.0	905515	3044.293005220242	0.034783654	1.85
6589.966182938256	1850	4.617172542756696	0.0	1060487	5047.221131603739	0.0053830063	1.85
6594.503721239314	1850	4.0796342416987335	0.0	852833	4537.538301057962	0.3917242	1.85
6596.593673322761	750	5.515978246962428	0.0	362795	1563.6559947363062	0.08022171	-0.3500000000000001
6600.45638008919	1850	5.653271480533221	0.0	939819	3862.706766429206	0.59196675	0.75
6604.038927110498	1850	5.721499459448965	0.0	917428	3431.772021084257	0.006643753	1.85
6607.94889543131	1850	5.811531138636456	0.0	946851	3909.9683208125084	0.0047416324	1.85
6612.996209653821	1850	4.7642169161251955	0.0	1036454	5047.31422251126	0.0074773137	1.85
6618.902600117147	1850	4.0	1.1421735472005976	821631	5906.3904633257935	0.9000206	-3.061346252962569
6621.437771850051	750	5.4648282670957755	0.0	366214	2535.171732904225	0.012664405	-0.3500000000000001
6624.675485740065	750	5.965781172878256	0.0	360831	2999.0470942175184	0.18768479	0.75
6626.916837240608	300	5.524438753754214	0.0	150616	941.3424191240435	0.5663594	-0.15000000000000002
6628.122033047399	300	5.816845386318723	0.0	165384	707.5933674354915	0.6903088	0.3
6630.441103483455	750	5.636111397518511	0.0	350713	1680.7339888002114	0.49151164	0.3
6634.940555913349	1200	5.13665896762332	0.0	601738	4499.452429895191	0.4455772	0.75
6638.135006263318	750	5.942208617654719	0.0	399894	3194.4503499686007	0.031639833	0.3
6642.080530640595	750	5.9966842403781	0.0	401853	3445.524377276619	0.4338364	0.75
6642.639262341648	300	5.941200192049519	0.0	137654	555.4840483285811	0.39670596	-0.15000000000000002
6645.532961408887	750	5.825974518141862	0.0	359903	2115.2256739076565	0.22221604	0.3
6646.773585115464	750	5.644899304069793	0.0	379700	1181.075214072069	0.08416637	0.75
6651.227319436196	1850	5.191164983337439	0.0	1076599	4453.734320732355	0.013591645	0.75
6657.44131243319	1850	4.0	1.0228280136570456	758197	6213.992996994484	0.01958879	-2.5481604587252957
6659.635733345764	750	5.805579087427002	0.0	400396	2194.4209125729976	0.021909801	-0.3500000000000001
6663.04929956149	750	5.759644350965937	0.0	400508	3045.9347364610653	0.11020185	0.75
6665.765629637034	750	5.590295038326291	0.0	358218	2169.3493126396456	0.5075889	0.75
6668.307519011728	750	5.5128407989321655	0.0	400322	2077.454239394125	0.063905336	0.75
6670.602817902429	750	5.807408950230876	0.0	369834	1205.4318487012893	0.05839462	0.75
6674.934309386213	1850	5.475917466447347	0.0	1035329	4331.491483783529	0.031844445	0.75
6678.607298717713	1850	5.800101972588835	0.0	1026056	3175.8154938585135	0.03876719	1.85
6681.262072116585	1850	5.726302296973816	0.0	943942	2573.799675615019	0.005410818	1.85
6686.081661417187	1850	4.906712996371122	0.0	728962	4819.589300602694	0.004705182	1.85
6690.315234461061	750	4.673139952497446	0.0	361565	4233.573043873676	0.47292808	-0.3500000000000001
6692.952988840829	300	5.621330696480507	0.0	144254	1551.8092560169378	0.25307342	-0.15000000000000002
6695.638665155339	300	5.976465182100505	0.0	149991	1644.8655143800038	0.0066768425	0.3
6697.332411668363	300	5.674997292153664	0.0	147968	801.4678899468412	0.005890089	0.3
6698.795185164869	300	5.939749798439308	0.0	161857	1235.2474937143554	0.2472871	0.3
6700.295681099598	300	5.7582648659702755	0.0	145210	1181.484932469032	0.18503371	0.3
6701.869944219739	300	5.770638783030405	0.0	172312	987.6260829398701	0.043353647	0.3
6703.236264128802	300	5.9357974040998815	0.0	167025	834.8413789305224	0.057059694	0.3
6704.73687706522	750	5.5812301869561	0.0	393804	1354.5672171437818	0.44420218	0.3
6707.801810235615	1850	5.666786408895589	0.0	830730	2914.4437780605117	0.1790407	0.75
6710.6063316423515	1850	5.864770487695479	0.0	846370	2802.01592120011	0.0070816725	1.85

