896.573543911708	750	4.0	0.8872836624630916	450283	887.2836624630917	0.028680898	-3.6409011439401313
897.4287853801095	750	7.144758531598576	0.0	398865	855.2414684014233	0.5545383	0.1744186046511628
898.5346096186822	750	7.873109068344449	0.0	350812	771.6494632541267	0.05970742	0.1744186046511628
899.7904670225118	750	7.972267658718911	0.0	382355	900.8414096255387	0.06000453	0.1744186046511628
900.7066456478548	750	7.6366863574695305	0.0	411561	835.5813012493803	0.06264336	0.1744186046511628
901.8608178158324	750	7.749898992727469	0.0	318564	886.7873647420619	0.09468501	0.1744186046511628
903.0467847916512	750	7.895607887385842	0.0	352642	854.2911053416271	0.07906248	0.1744186046511628
904.5889480957376	750	7.800364122881316	0.0	437162	1095.243764504527	0.08904338	0.1744186046511628
905.7939052736781	750	7.886345298951961	0.0	374758	914.018823929354	0.12820315	0.1744186046511628
907.0490967685148	750	7.879218833439185	0.0	362795	1007.1264655127765	0.12113659	0.1744186046511628
908.6153457041179	750	7.615126823049606	0.0	353220	764.0920103895778	0.10006784	0.1744186046511628
912.4577246570382	750	7.772747870129262	0.0	405134	3342.3789529203445	0.118833594	0.1744186046511628
917.1584692095163	750	7.072003317651186	0.0	386351	4700.744552478076	0.046607736	0.1744186046511628
924.746717856842	750	4.0	0.5162453296745134	434409	7588.2486473256995	0.1079615	-2.0454363129492448
926.6854826899253	300	6.061235166916759	0.0	140051	1938.7648330832417	0.23425467	-0.3802325581395349
928.9685179275154	300	7.778199929326582	0.0	138313	1783.035237590177	0.15939	0.06976744186046512
931.0840749099427	750	7.693086002918488	0.0	360831	2085.113926408094	0.6931156	-0.2755813953488372
932.3614266531367	750	7.674631640231011	0.0	372963	1018.4543626874765	0.32733116	0.1744186046511628
933.9057246102295	750	7.896931442537931	0.0	405596	1277.7001976930803	0.039015524	0.1744186046511628
935.1450785521654	750	7.685553289269774	0.0	350713	1211.3781532681562	0.039627995	0.1744186046511628
936.5668195006479	750	7.948670709362441	0.0	386472	1236.8825799073331	0.031082604	0.1744186046511628
938.1182154743489	750	7.550401954499495	0.0	399894	1398.2687548629463	0.034908164	0.1744186046511628
941.7967150618224	750	7.871902367025897	0.0	401853	2678.4995874735982	0.0409081	0.1744186046511628
943.592048089481	750	7.72004922295253	0.0	343800	1651.853144073367	0.037359666	0.1744186046511628
945.083149148819	750	7.541238601726087	0.0	359903	1178.8106212264427	0.041823458	0.1744186046511628
946.5332289447254	750	7.697343908528661	0.0	379700	1343.894693197426	0.04354583	0.1744186046511628
948.4408648871708	750	7.951618541110419	0.0	425781	1745.7253674182414	0.04218049	0.1744186046511628
949.4720313515373	750	7.9719906014407735	0.0	277716	979.6279396696465	0.036641646	0.1744186046511628
951.4712596790131	750	7.7081457000512925	0.0	400396	1263.8449013894797	0.036103982	0.1744186046511628
952.9397505715547	750	7.756591890323689	0.0	400508	1451.5538097276033	0.03760149	0.1744186046511628
954.0447729873287	750	7.767549252343653	0.0	358218	989.0426379800358	0.03626051	0.1744186046511628
955.3723525663232	750	7.836749385243371	0.0	400322	930.799867100282	0.039600868	0.1744186046511628
956.4921103584279	750	7.970260311638173	0.0	369834	866.4890736051985	0.047768712	0.1744186046511628
957.8783904194208	750	7.963754664391454	0.0	412837	1006.5056472467181	0.047307786	0.1744186046511628
959.0058194235412	750	7.954927340704289	0.0	401088	1008.8273236871654	0.04649465	0.1744186046511628
959.9251471849589	750	7.5645643717120254	0.0	365161	890.3629689922625	0.046482403	0.1744186046511628
960.7222995224399	750	7.825470541684241	0.0	321064	739.0938300277855	0.051043905	0.1744186046511628
961.8135362279797	750	7.913881423641027	0.0	361565	911.5891180432136	0.05058711	0.1744186046511628
963.1200505625991	750	7.535448074079615	0.0	378327	878.4333495614123	0.048286248	0.1744186046511628
964.9489055173912	750	7.605061151212591	0.0	390680	930.3869228670255	0.05025976	0.1744186046511628
966.5708853321831	750	7.968305245279097	0.0	345516	1136.755905933494	0.049363583	0.1744186046511628
968.14962846016	750	7.841545554949888	0.0	384505	1126.7596903292083	0.037106536	0.1744186046511628
969.2175492662362	750	7.938576923190638	0.0	372093	902.9686317592486	0.037261724	0.1744186046511628
970.4864437663657	750	7.51660571734931	0.0	438281	921.9712058413276	0.040523194	0.1744186046511628
971.6173715174256	750	7.939603508063556	0.0	398987	1077.002209285754	0.04524931	0.1744186046511628
972.8197725004175	750	7.545365816054651	0.0	393804	894.2376920089054	0.038485143	0.1744186046511628
973.8986374685438	750	7.650014948882912	0.0	331053	895.3508671717386	0.043228965	0.1744186046511628
974.973596392457	750	7.829292618453688	0.0	314107	820.7223304292237	0.038815208	0.1744186046511628

