8493.133337159277	750	4.0	4.277909780182569	450283	4277.909780182569	0.023441184	0.06822888709802216
8494.382323459395	300	6.75101369988408	0.0	155580	1248.98630011592	0.004705182	0.259514828873308
8496.938162952163	300	7.706542027029296	0.0	139857	1544.4716728547828	0.004705182	0.7979472015999673
8499.730858634553	300	7.970878029010495	0.0	155432	1735.6639980188017	0.004705182	0.8114660407907879
8502.091759142473	300	7.693943698336941	0.0	163442	1276.934330673554	0.004705182	0.8231453960801414
8502.965612535001	300	7.884000090695317	0.0	126289	809.9436076416241	0.004705182	0.8933110946306736
8504.513854365552	300	7.611834058314125	0.0	153295	772.1660323811924	0.004705182	0.8634839916210739
8505.696004271631	300	7.708796918508508	0.0	173849	903.0371398056182	0.004705182	0.862369070668302
8507.438484817361	300	7.782113057430528	0.0	150710	926.6838610779799	0.004705182	0.8690568824308833
8508.196194902695	300	7.616156385689763	0.0	139105	665.9566717407652	0.004705182	0.8746386137126378
8509.117021335098	300	7.986619804735365	0.0	141840	629.5365809543974	0.004705182	0.924022449652124
8510.38610155317	300	7.767724683422639	0.0	156148	718.8951213127261	0.004705182	0.8880591963508894
8511.691592996574	300	7.595071514850411	0.0	160746	672.6531685722279	0.004705182	0.8713655747021413
8513.075860849058	300	7.889356764175067	0.0	179801	705.7147506753456	0.004705182	0.904395379046484
8514.49316474539	300	7.5649812858621175	0.0	140051	824.3754783129497	0.004705182	0.8524780456073215
8515.58157040326	300	7.887242680237639	0.0	138313	677.7386056244779	0.004705182	0.9069319635646311
8516.345712805063	300	7.810504991158072	0.0	143509	576.7376890795676	0.004705182	0.9075571059876377
8517.385898007384	300	7.844114746360257	0.0	150616	466.3902447978138	0.004705182	0.9227417111692837
8518.14037295159	300	7.743774843618823	0.0	165384	600.339902741435	0.004705182	0.8969575856833727
8518.918648442945	300	7.686704575773234	0.0	140881	557.0702678455884	0.004705182	0.8942379740551752
8520.270612906033	300	7.551324984583744	0.0	157671	635.3795911894908	0.004705182	0.8696914646831504
8520.918631235294	300	7.95060822730271	0.0	157812	600.7167572810337	0.004705182	0.9224580136817087
8521.644053906119	300	7.896547606330187	0.0	163927	554.0606209725223	0.004705182	0.9204486590501448
8522.36993724204	300	7.849287063444815	0.0	137654	547.2605428853709	0.004705182	0.9152933172430148
8523.457056893156	300	7.710038534256462	0.0	146754	639.2485291883531	0.004705182	0.8889012364010185
8524.253426373538	300	7.580789393178393	0.0	153938	629.2491410780696	0.004705182	0.8739425365741553
8525.392335303966	300	7.534895116467107	0.0	181901	545.894276711286	0.004708996	0.876611368892487
8525.966562711175	300	7.594288773219319	0.0	111155	440.60634324778846	0.0047643017	0.894473610628401
8526.907894486816	300	7.930433388880574	0.0	153605	663.8553843387449	0.00477193	0.9136531250915779
8527.485051052412	300	7.87059329673417	0.0	149029	559.8400921464033	0.004895739	0.9166660836893193
8528.280966518754	300	7.886293852787149	0.0	157421	484.29944394702113	0.0050821835	0.9261587261924322
8528.97592318302	300	7.804623508351979	0.0	157488	581.6703444351695	0.0058385916	0.9063376425216734
8529.754130422385	300	7.712163019584719	0.0	143881	592.4604887672593	0.0060337363	0.893842354709686
8530.532500230827	300	7.9408515481628035	0.0	163444	771.3114714219155	0.0064863516	0.9041938664345675
8531.334185273945	300	7.758538190112595	0.0	179328	682.3133580502096	0.006384167	0.8905830987789815
8531.981090111847	300	7.7147716041962635	0.0	159914	543.7665859163305	0.007350351	0.8990338319256843
8532.681327787594	300	7.586221811316993	0.0	131610	628.5497928792697	0.00908337	0.8746832224511081
8534.09426395147	300	7.980597689810772	0.0	124011	605.62412150622	0.009445054	0.9256701335499076
8534.836683455003	300	7.8680439402304145	0.0	144254	612.5537495803593	0.010214728	0.9110799440227608
8535.9271915768	300	7.817722784807454	0.0	149991	550.3211554229608	0.011360233	0.911089954139218
8537.064518816527	300	7.734152643632146	0.0	147968	583.5701411753089	0.013469519	0.8974464904051728
8538.124521721382	300	7.531029773980095	0.0	161857	703.122869652051	0.014810093	0.8604112483690717
8538.964110459505	300	7.604675441519283	0.0	145210	426.3543324608126	0.016430449	0.8971812735065983
8540.070022051228	300	7.973336843489275	0.0	172312	631.3385980300081	0.019348547	0.9222021753158448
8540.810875454066	300	7.850196591417747	0.0	167025	623.1402520715278	0.02059399	0.9078176474826892
8541.733705297973	300	7.712638311346684	0.0	160064	637.558280071063	0.023688532	0.8893912607621508
8542.25729946601	300	7.813476999746064	0.0	137507	399.16131160061923	0.026050314	0.9256817033198584
8542.619274226668	300	7.9597059951348745	0.0	118421	353.7710046111899	0.03457844	0.9482759077424114

