19835.833990727744	750	4.0	4.043612194844198	450283	4043.6121948441983	0.0050712866	-17.36677437102233
19837.490449134857	300	6.343541592888147	0.0	155580	1656.458407111853	0.2929986	0.01097322881784804
19839.867901868314	300	7.57485046514876	0.0	139857	1268.6911277393874	0.69465595	0.6182648573284139
19842.258028610122	750	7.729167935242224	0.0	382355	2345.682529906537	0.2806133	0.09948775261142437
19846.843293155813	750	7.143903389551615	0.0	411561	4585.264545690608	0.6574904	0.26919716278808753
19848.199220152525	300	7.510794331991459	0.0	126289	1133.1090575601563	0.15409996	0.17565758757338798
19852.955535964444	750	6.75447852007037	0.0	352642	4756.315811921089	0.1836584	-0.23539055713635854
19857.245906785043	750	6.464107699471063	0.0	437162	4290.370820599307	0.36790726	0.23325541526301113
19859.869390763793	750	7.702117962532946	0.0	374758	2261.9897369381174	0.21594478	0.55525344080422
19863.227773917504	750	7.89867352088217	0.0	362795	2803.4444416507754	0.6164211	0.5200266697589753
19867.367001148432	750	7.759446289953059	0.0	353220	3139.2272309291106	0.5611989	0.4730476091082195
19871.57629135825	750	7.550156080132934	0.0	405134	3709.290209820125	0.24177739	0.3958968868861215
19875.110209875904	750	7.554924835761158	0.0	386351	2495.231244371777	0.14257835	0.5177617816659805
19881.292330734548	750	5.372803977116129	0.0	434409	6182.120858645029	0.6555415	-0.06095883179231032
19883.36880903171	300	7.296325679952845	0.0	140051	2076.478297163284	0.6523677	0.060677808237734165
19886.020301233002	300	7.924222865351489	0.0	138313	2372.1028146013564	0.6755891	0.5415511855326354
19888.766121626126	300	7.541007347834035	0.0	143509	1383.2155175174548	0.64203024	0.6035549792352031
19892.429638336704	750	7.665551368350896	0.0	372963	3375.4559794831384	0.58875006	-0.009612760358579775
19896.5618350932	750	7.533354611854108	0.0	405596	4132.196756496788	0.10350803	0.35198907149833863
19902.385733780924	750	5.709455924128878	0.0	350713	5823.89868772523	0.077918164	0.007266523884043807
19904.428985656792	300	7.666204048264353	0.0	157671	1543.2518758645251	0.498465	0.14960167036384006
19907.04739908889	300	7.670701400754915	0.0	157812	1995.5026475094376	0.70128334	0.5548094685690224
19910.919732399412	300	7.798368090231016	0.0	163927	3872.333310523899	0.4354745	0.37941446852832394
19914.9670373135	300	7.547337699791505	0.0	137654	3751.030390439511	0.059527464	0.36738279562766624
19917.24906874147	300	7.769459242884936	0.0	146754	1777.8784569065706	0.02287003	0.5860774439560384
19918.80446019012	300	7.563840018387913	0.0	153938	1205.6192244970214	0.49917492	0.6235122794397132
19923.187532145726	750	7.180768062779731	0.0	425781	4383.071955608182	0.6009247	-0.1570353108430385
19926.743656802126	750	7.62464340638125	0.0	277716	3556.124656398481	0.28492767	0.41838293337966864
19932.81876358966	750	5.549536618846514	0.0	400396	6075.106787534736	0.14237402	-0.03324670386654183
19934.211923203457	300	7.5999946474474145	0.0	149029	949.5419713990991	0.21185724	0.20259992953911984
19935.589855834434	750	7.727837143656878	0.0	358218	1372.1575037905377	0.22499156	0.19671216499645786
19938.81899117976	1200	7.971157015587691	0.0	620283	2756.6801280691875	0.7290839	0.10574852200365076
19942.571632553037	1850	7.521063956577123	0.0	885062	3450.093059010567	0.42002016	-0.17214870202898447
19946.477506017298	1850	7.614401324579629	0.0	1035329	3406.662631997495	0.035628006	0.49117817010602394
19950.878918110073	1850	7.212989231806077	0.0	1026056	4401.412092773552	0.012862909	0.35306684664518395
19963.07575093348	1850	4.0	4.983843591599188	943942	12196.832823405264	0.03665798	-22.166256593440146
19963.831974327903	300	7.243776605577535	0.0	131610	756.2233944224646	0.07093361	-0.9123546105677928
19966.84965391528	1200	7.871776387821443	0.0	575591	2372.0002177560937	0.67342174	-0.31534898712829856
19970.691818531945	1850	7.758533740798195	0.0	908665	3613.242647023248	0.54226285	-0.16560691992619525
19974.616569085145	1850	7.8337831875993125	0.0	930577	3424.7505531988822	0.028953545	0.5104851355907442
19978.142627365956	1850	7.902590346614544	0.0	858450	3431.1928409847674	0.014131854	0.5164636753092682
19984.467165983155	1850	5.578051729417659	0.0	1025005	6324.538617196886	0.020956405	0.0033895719668279867
19988.93493511469	1200	5.11028259788531	0.0	599477	4467.769131532349	0.9946012	-0.5407228440936531
19991.4179971755	750	6.62722053707524	0.0	438281	2483.0620608100703	0.5172499	-0.020313909815335318
19994.66214056853	1200	7.383077144046703	0.0	630203	3244.1433930285375	0.7347435	0.0003988288992284872
19998.538950196285	1200	7.506267516291962	0.0	638661	3876.8096277547397	0.5513451	0.39898942098571694
20001.451161300734	1200	7.570756084643326	0.0	538612	2435.5114316486356	0.41156805	0.5493263397559767
20005.90741612411	1850	7.114501261264683	0.0	846370	4456.254823378643	0.6954676	-0.3118970072900666

