11826.690313664642	750	4.0	3.995068697861578	450283	3995.068697861578	0.03454939	0.033893130213842215
11828.18258575197	300	6.507727912669612	0.0	155580	1492.2720873303876	0.592625	0.03364933077408097
11829.734118635748	300	7.735631858607427	0.0	139857	1272.0960540621852	0.06976644	0.6250805928433537
11832.210762846826	300	7.762028129796127	0.0	155432	1473.6037288113012	0.056360416	0.6074968627415432
11834.181951050132	300	7.8479542835756675	0.0	163442	1414.0738462204586	0.068056405	0.6218061694556879
11836.71541516969	300	7.7347793641896425	0.0	126289	1113.1749193860246	0.06555441	0.6408898012288403
11839.70138919207	300	7.726937010284288	0.0	153295	2007.842353905355	0.055240422	0.5506603888596115
11843.50198923706	300	7.92633696529344	0.0	173849	3800.6000449908474	0.04686261	0.3907762653757023
11847.67417535037	300	7.754150851984041	0.0	150710	2672.186113309399	0.04189238	0.4868725590245081
11851.608991784271	300	7.637201553222039	0.0	139105	1616.9492987620026	0.031983253	0.581022921174643
11854.79046785981	300	7.810397063921977	0.0	141840	1826.804489300062	0.031777143	0.576880665536406
11857.52282292496	300	7.881555276766754	0.0	156148	1928.8417871552233	0.033938624	0.5735970719500445
11861.294336555817	300	7.512555190935902	0.0	160746	1869.0000858308524	0.03235028	0.5436959837354312
11863.444792527867	300	7.763583939323555	0.0	179801	1748.9712516123461	0.03075498	0.5801114129379812
11865.587014246663	300	7.723215444895568	0.0	140051	1540.3684944279864	0.0324065	0.5970458525732953
11867.6041423503	300	7.710578019560718	0.0	138313	1512.6374253348497	0.032682393	0.5985899698687949
11871.477413846631	300	7.83730652322967	0.0	143509	2373.2714963310486	0.032909084	0.5248509097509806
11875.347134719406	300	7.967585650452685	0.0	150616	3369.720872776984	0.03134747	0.43787561722882523
11879.547198200678	300	7.767522169181648	0.0	165384	3700.063481271037	0.026470853	0.3853851828258115
11882.741411165236	300	7.804188884493182	0.0	140881	1963.3332846884655	0.02214057	0.5626240405481154
11886.562711822542	300	7.982888227187046	0.0	157671	2321.3006573061366	0.020665254	0.5442058143633266
11890.400915733047	300	7.824876497721572	0.0	157812	2658.0117294654733	0.021881402	0.4951680664568755
11895.26795899238	300	6.957833238390028	0.0	163927	4867.0432593315445	0.020639582	0.18994495650027582
11899.658304111277	300	6.5674881194911	0.0	137654	4390.345118898928	0.017822327	0.1996537077306167
11903.209185721713	300	7.016606509056188	0.0	146754	3550.881610434912	0.0138581	0.3272768219622231
11907.40204480587	300	6.823747424896735	0.0	153938	4192.859084159453	0.012558644	0.24432352865526213
11911.631397250414	300	6.594394980353643	0.0	181901	4229.352444543091	0.012942105	0.21836966738508268
11914.338197270701	300	7.887594960065911	0.0	111155	2206.800020287732	0.012672824	0.5463886078376368
11918.277366822902	300	7.948425407864775	0.0	153605	3439.169552201136	0.01112855	0.4290674156947358
11922.29355755959	300	7.93223467117773	0.0	149029	3516.1907366870455	0.012182836	0.41979074810332967
11926.6980964208	300	7.527695809965933	0.0	157421	3904.538861211797	0.012442028	0.34161453139800735
11930.81674291159	300	7.409049319177082	0.0	157488	4118.646490788851	0.011662463	0.30866539721108605
11934.388063160095	300	7.837729070669338	0.0	143881	3071.320248507744	0.011744542	0.45508712727181877
11938.49426254276	300	7.731529688003867	0.0	163444	3106.1993826654702	0.012133414	0.4412713238918291
11941.765581029877	300	7.822639954374521	0.0	179328	2908.8897336293476	0.0132082105	0.4698627621999874
11946.079090210576	300	7.5091307736759445	0.0	159914	2313.5091806985756	0.014760738	0.49891204967012814
11950.009337143834	300	7.5788838404172605	0.0	131610	2930.2469332586843	0.015852198	0.4440217601547102
11953.704831192685	300	7.883389791566423	0.0	124011	3695.4940488508373	0.015671344	0.39711025234475095
11957.032989894578	300	7.800149931767098	0.0	144254	2583.2398597993238	0.0155419735	0.500240594884418
11959.994054357223	300	7.637077016491536	0.0	149991	2163.072915275563	0.015874634	0.5263984483262456
11963.540534494176	300	7.697832745666163	0.0	147968	1439.2442708253734	0.018557139	0.604689807433497
11966.441166715585	300	7.591134610938869	0.0	161857	1606.6981347272947	0.02527403	0.5775680274410755
11968.04276077576	300	7.7273045479125955	0.0	145210	1363.8300630262727	0.029445145	0.6150973609818726
11970.733377532739	300	7.780878220447044	0.0	172312	1446.4263274655505	0.032556776	0.6120477741919201
11972.681539687008	300	7.843892281769766	0.0	167025	1436.9859386772782	0.037882928	0.619119930534382
11974.831407007068	300	7.799546786734903	0.0	160064	2044.3454950348635	0.04184398	0.554071375506483
11978.257687063484	300	7.634167637690584	0.0	137507	3165.3791490443195	0.04094252	0.42588488786097733
11981.987105589611	300	7.904749111562765	0.0	118421	2229.418526127818	0.035705775	0.5457949984866972

