3674.155231878825	750	4.0	11.415819972284071	450283	11415.81997228407	0.041022923	-0.7081819972284071
3676.9783209511993	300	5.176910927625635	0.0	155580	2823.0890723743646	0.45368242	-0.22885431952584345
3679.2747234631247	300	6.880508415700065	0.0	139857	2296.4025119255693	0.03543303	0.4394891922342744
3682.357057816732	300	7.798174062092836	0.0	155432	2082.334353607229	0.030301511	0.5501389921778055
3686.162934240847	300	7.992297637977527	0.0	163442	3805.8764241153094	0.0578779	0.39666330288178353
3690.3199000989116	300	7.835331779912842	0.0	126289	2656.965858064684	0.03409496	0.49628942979005547
3694.3549592240615	300	7.800272654762541	0.0	153295	4035.0591251503006	0.025042972	0.35507060316062705
3699.6950460650237	300	6.460185813800578	0.0	173849	5340.0868409619625	0.022499759	0.09424438629590992
3704.8980590724614	300	5.257172806362817	0.0	150710	5203.013007437761	0.025612626	-0.009041245324992175
3709.7116017187263	300	4.4436301600977	0.0	139105	4813.542646265117	0.017543294	-0.04921123155701035
3714.284039521248	300	4.0	0.12880764242361784	141840	4572.437802521318	0.016399862	-0.06824378025213185
3718.4671065223556	300	4.0	0.18306700110761084	156148	4183.067001107611	0.01660525	-0.029306700110761086
3723.9734637723905	300	4.0	1.5063572500347573	160746	5506.357250034757	0.015327338	-0.16163572500347567
3730.0729899368566	300	4.0	2.0995261644660888	179801	6099.526164466089	0.013965439	-0.2209526164466089
3734.7052037116523	300	4.0	0.6322137747958132	140051	4632.213774795813	0.012343857	-0.07422137747958135
3737.6412202195243	300	5.06398349212802	0.0	138313	2936.01650787198	0.011342258	0.1988707438222519
3739.643833663173	300	7.061370048479296	0.0	143509	2002.613443648724	0.012368732	0.4864568928497392
3742.109235999574	300	7.605879715695003	0.0	150616	1455.4903327842937	0.014406581	0.5941227690729096
3744.5848300822095	300	7.883038628485756	0.0	165384	1222.8410872092472	0.019968195	0.644341397899315
3746.2667021255247	300	7.868479114091337	0.0	140881	1014.5595143944203	0.027983852	0.6637536424059406
3747.304564639682	300	7.838204173922757	0.0	157671	1030.2749401685787	0.03466546	0.6592378618971303
3749.95554326602	300	7.671508580998734	0.0	157812	1166.695592924023	0.04347582	0.6293846502097246
3751.2119760812316	300	7.915433766399446	0.0	163927	1256.0748145992877	0.043584175	0.6441684523224174
3752.4876350759987	300	7.527783231372218	0.0	137654	887.6505350272295	0.04294107	0.6433118657482253
3753.7355432668055	300	7.877833417838838	0.0	146754	649.9498135333798	0.046496797	0.701124318531489
3755.180057144805	300	7.994555591475839	0.0	153938	883.2778263629989	0.06012239	0.6891427486347255
3756.218020378923	300	7.961192004734903	0.0	181901	1033.3635867409353	0.056634665	0.6708895637863758
3756.833442031015	300	7.920781069377688	0.0	111155	540.4109353572156	0.058102712	0.7162548654612586
3759.3813739965726	300	7.644320444965782	0.0	153605	776.4606244119069	0.06314116	0.6657641008317317
3760.317139195245	300	7.922173492202416	0.0	149029	722.1469527633678	0.06348078	0.6982166768403482
3761.057698507358	300	7.718702983100851	0.0	157421	703.4705091015638	0.065522	0.6802968141964014
3762.194157613831	300	7.954017759869668	0.0	157488	764.6852232311833	0.073807925	0.697059704824207
3763.6639312945017	300	7.845017880155436	0.0	143881	608.9998797142331	0.07748106	0.7020280008736929
3765.501323057444	300	7.8367088801625355	0.0	163444	1008.3089999928985	0.082493775	0.6612890385965168
3767.4286041572727	300	7.692609764223013	0.0	179328	1144.0991159395235	0.07096568	0.6336963879767358
3770.3757145313107	300	7.955645559648492	0.0	159914	1236.9642045745213	0.06867322	0.6499901102183637
3771.5207408042343	300	7.80820552191858	0.0	131610	647.4400377299116	0.061322663	0.6946039832335908
3772.508528095015	300	7.698104946624788	0.0	124011	610.1005752937923	0.069519594	0.6876306485298814
3773.412815134861	300	7.549804755945381	0.0	144254	648.3001906794065	0.07649044	0.6693884934477478
3774.8340949826943	300	7.89715828511204	0.0	149991	652.6464708333401	0.085198075	0.7027339961438119
3775.658530106903	300	7.619257492507837	0.0	147968	777.900792604202	0.099822484	0.663182711885967
3776.8511884696077	300	7.926195433957493	0.0	161857	693.0620585503435	0.08916819	0.7015163000973319
3777.5831160984885	300	7.725029814594211	0.0	145210	701.1656193632828	0.10333055	0.6811425875329588
3778.8379129700884	300	7.973012359553435	0.0	172312	752.0174550407747	0.097321555	0.7001737064624941
3779.899918814403	300	7.533399141175441	0.0	167025	939.6132183779941	0.110375576	0.6386617446415123
3781.310040690426	300	7.609534506632288	0.0	160064	923.8646345431546	0.10016278	0.6476407673156745
3782.4014782362137	300	7.786944335478037	0.0	137507	822.5901711542507	0.09610662	0.6750213195098141
3783.2768518576495	300	7.618681164077026	0.0	118421	668.263171401011	0.09394172	0.6740904260663897

