14051.855546077872	750	4.0	10.535228578788095	450283	10535.228578788096	0.015294962	-0.5575029927625303
14053.246393026404	300	6.609153051467327	0.0	155580	1390.8469485326723	0.014542716	0.2278129584631263
14054.97765249672	300	7.926561113369437	0.0	139857	1682.5919380978908	0.0074562435	0.8113013524525763
14057.798938325534	300	7.830252007971493	0.0	155432	2596.3091053979438	0.0069889603	0.7080381662879228
14061.903723997126	300	7.58034743373442	0.0	163442	2249.904574237073	0.0068321107	0.7118224236804602
14064.777280029635	300	7.501009994756285	0.0	126289	1579.3374389781347	0.0075768363	0.7690831918828718
14068.536379443129	300	7.741910581263295	0.0	153295	2759.09941349299	0.006148412	0.6808514505697784
14072.415494608867	300	7.86279541552541	0.0	173849	3879.1151657378855	0.0070630945	0.5837757570238777
14076.739692581883	300	7.538597442510701	0.0	150710	3824.197973014708	0.005685985	0.549238132539446
14080.554335988994	300	7.7239540353995295	0.0	139105	3814.6434071111717	0.0057327347	0.5730799221482672
14084.607368164245	300	7.670921860149386	0.0	141840	3553.032175250143	0.005148233	0.5926930612321997
14088.353716451573	300	7.924573572821734	0.0	156148	2746.3482873276544	0.0049637365	0.7046803120970038
14092.300345014233	300	7.977945010161482	0.0	160746	2946.628562660252	0.005076858	0.6912421580049566
14096.621573335833	300	7.656716688560009	0.0	179801	3321.228321601473	0.0049890047	0.6141195068935357
14099.487755349777	300	7.677881636252903	0.0	140051	2478.8350523071063	0.004848496	0.7009721103925763
14103.20327135696	300	7.9623656290703435	0.0	138313	2715.5160071825585	0.004763956	0.7124297975738367
14107.629360177467	300	7.5362768085640415	0.0	143509	3426.0888205063025	0.0047508357	0.58876251467868
14110.133215894855	300	7.623824896981496	0.0	150616	1912.451911582545	0.004765287	0.750935935483678
14113.203678109214	300	7.9592957022553525	0.0	165384	1664.5291947261435	0.0052579967	0.8171494290843964
14115.846270201248	300	7.645966075455163	0.0	140881	1813.3296268001893	0.0061431383	0.763581977613061
14119.49961223109	300	7.992624045612826	0.0	157671	3153.342029842338	0.006290786	0.6723832598675807
14123.815441313265	300	7.676794963436598	0.0	157812	3315.8290821762284	0.0055738324	0.6171385338347732
14126.727958017827	300	7.894753499881437	0.0	163927	2782.04146355516	0.0052045244	0.6974290530374252
14130.019369942736	300	7.639285048280072	0.0	137654	2255.468451601366	0.0055990834	0.7185431759301704
14132.536916986839	300	7.708483286481773	0.0	146754	1930.8017617982982	0.005543529	0.7595538837228717
14135.21640841565	300	7.5921102422299915	0.0	153938	1616.3730442517797	0.006205999	0.7766279531403091
14138.167525665902	300	7.828110837884287	0.0	181901	2263.9994043457054	0.0065486324	0.7410047620274915
14141.300802207767	300	7.7100314709039	0.0	111155	2118.0793669803884	0.006536806	0.7410172804961654
14145.557557335527	300	7.453276343141612	0.0	153605	4256.755127762288	0.005697103	0.49544765774898397
14149.210845805497	300	7.799987873170654	0.0	149029	3653.288469970957	0.0050854534	0.5986034592266041
14153.39163256385	300	7.619201114817699	0.0	157421	4180.786758352955	0.005223208	0.5235315435798895
14157.148432215345	300	7.862401463322674	0.0	157488	3756.7996514950255	0.005020157	0.5959586664162583
14161.251198793167	300	7.759634885499054	0.0	143881	3102.766577823619	0.0049662204	0.6486731878784365
14165.68514780925	300	7.325685869416308	0.0	163444	4433.949016082746	0.005041141	0.4619744291092939
14171.828149965742	300	5.1826837129235885	0.0	179328	6143.002156492719	0.004705182	0.026468540314516176
14176.090891016142	300	4.919942662523743	0.0	159914	4262.741050399845	0.004705182	0.18205351093867583
14178.936607519885	300	6.074226158781189	0.0	131610	2845.716503742554	0.004705182	0.4662775564544984
14181.527140277783	300	7.483693400883238	0.0	124011	2590.5327578979504	0.004705182	0.6658255470273993
14185.431779866132	300	7.579053812534218	0.0	144254	2904.6395883490204	0.004707923	0.646189196385626
14189.473259103388	300	7.537574575278884	0.0	149991	2541.4792372553334	0.0047880355	0.6773837107420375
14193.43442235903	300	7.576411319635191	0.0	147968	3961.163255643692	0.0048187296	0.5402105560041484
14197.363371319436	300	7.647462359231233	0.0	161857	3928.9489604039595	0.004705182	0.5522047932721581
14201.06139681025	300	7.9494368684161705	0.0	145210	3198.025490815062	0.004720075	0.662582510406361
14204.842019791377	300	7.842021233039804	0.0	172312	3107.415635376367	0.0048280247	0.6583806820179078
14207.684753488751	300	7.952258071726317	0.0	167025	2389.763161313487	0.0051225643	0.7437570827247735
14211.892459431438	300	7.744552129040565	0.0	160064	2707.705942685752	0.0057019256	0.6863169546065218
14215.024278299734	300	7.828980910265989	0.0	137507	1415.5712187745764	0.005571848	0.8259550100855867
14218.104918577186	300	7.711784615300017	0.0	118421	1617.1962949659708	0.006498337	0.7913220517890844

