13816.685235960043	750	4.0	3.9247822452337946	450283	3924.7822452337946	0.010359997	0.10354164059289966
13818.036632253259	300	6.648603706784821	0.0	155580	1351.3962932151785	0.03927917	0.236629071856305
13820.817085024628	300	7.596466642774696	0.0	139857	1052.1370640101254	0.008926167	0.8335894442713452
13823.421198047727	300	7.858567994454978	0.0	155432	1237.8986483197182	0.010150346	0.8473754410011853
13824.989870324485	300	7.912338976715407	0.0	163442	946.2290177395687	0.010915644	0.8831816100758992
13826.25663542791	300	7.670178059262833	0.0	126289	742.1609174525748	0.015005973	0.8736883484939746
13828.600054222465	300	7.855770745420139	0.0	153295	1314.4073138426936	0.012843619	0.8393791927608175
13830.984724312999	300	7.722941478659854	0.0	173849	2132.8292667602855	0.012594263	0.7411363138661932
13832.79494985749	300	7.923749099251199	0.0	150710	799.1923794086555	0.011136706	0.899294103560344
13835.691568230428	300	7.5309565286736415	0.0	139105	1392.792570577558	0.015013665	0.7914352345384515
13838.649641642442	300	7.613832747696484	0.0	141840	1417.1237809771571	0.01328768	0.7992349987620109
13841.520863613225	300	7.953696534923762	0.0	156148	2660.1362127727216	0.0121304495	0.7168973873808995
13843.479546631746	300	7.769897923719029	0.0	160746	1683.798611204734	0.010113617	0.7918371814974059
13845.59351030289	300	7.865358239354051	0.0	179801	1904.5396843649773	0.009952223	0.7815497419206914
13847.655162192037	300	7.959244350169645	0.0	140051	1406.113889184406	0.01001911	0.8429846190983369
13849.538413921557	300	7.635387528291613	0.0	138313	1323.8568218780324	0.009047312	0.8112231046555217
13851.813756588675	300	7.732413534153445	0.0	143509	1402.973994138166	0.010134144	0.8152913739355051
13855.838698167021	300	7.70747195580867	0.0	150616	3024.941578344775	0.008880654	0.6500150311358464
13860.205038787006	300	7.341131335824024	0.0	165384	4366.340619984647	0.0075486233	0.47064234999591914
13863.685961553692	300	7.860208569136588	0.0	140881	3480.9227666874367	0.0060548144	0.623275594057951
13865.845034179027	300	7.712959104068421	0.0	157671	2147.2494650681674	0.006042088	0.7384617511533095
13869.91310050848	300	7.589837571923894	0.0	157812	2123.121532144527	0.006318207	0.7256724934018586
13872.754746098413	300	7.886487142211299	0.0	163927	2203.3504297125955	0.00655838	0.7542774934307408
13874.816794487138	300	7.579610580409935	0.0	137654	1806.8765618013651	0.006292016	0.7560342442348249
13877.201219771001	300	7.619983832891194	0.0	146754	1459.6267475187424	0.0059678825	0.7957441883607936
13880.202124948504	300	7.781930521861206	0.0	153938	1338.0533110299878	0.0063682417	0.8278973994198391
13884.18695971703	300	7.797095753334935	0.0	181901	2484.83476852627	0.0072688675	0.7150917338037773
13887.048718049416	300	7.650059866591204	0.0	111155	1647.0358867437328	0.007065912	0.7807168198396492
13889.605642832494	300	7.95895867887438	0.0	153605	1191.1011877168232	0.0069000027	0.8644506168639224
13893.725590010143	300	7.839011501225326	0.0	149029	3119.9471776490536	0.008551107	0.6567559104473935
13897.649953932716	300	7.91464757865112	0.0	157421	2924.363922574206	0.007353766	0.6856531670886391
13899.29534912538	300	7.82201731061066	0.0	157488	1592.63026804046	0.006825474	0.8073892961916704
13900.690185633397	300	7.995981509413756	0.0	143881	1326.0358011969047	0.0074299322	0.8555284352087744
13902.025035054045	300	7.5579571669999535	0.0	163444	938.0243424138033	0.00862327	0.8402458778076974
13903.978637002623	300	7.519568822327459	0.0	179328	1038.388344672493	0.0106177805	0.8254695952474065
13906.763403035638	300	7.5997925552722885	0.0	159914	1919.7762670551713	0.011011703	0.747236180743726
13908.324681722024	300	7.9466481095603925	0.0	131610	1153.1444457118967	0.010301585	0.8667262815272533
13910.099438630776	300	7.833336790021592	0.0	124011	613.3113195388003	0.009928591	0.9067188288132085
13913.644711016816	300	7.71642340110851	0.0	144254	1616.9133889130828	0.013452424	0.7919231021498258
13915.859181934546	300	7.94836740230686	0.0	149991	1268.05599880165	0.01269602	0.8554474105818317
13917.137564585259	300	7.632383522412543	0.0	147968	815.9838798943177	0.013012948	0.8616394885028433
13918.69256877281	300	7.591080771046918	0.0	161857	1041.3027513656257	0.015148795	0.8340078716530867
13920.12147946703	300	7.8034761800307315	0.0	145210	787.6045910161863	0.015684754	0.8856025550414818
13921.975889275074	300	7.556924303610463	0.0	172312	1246.5518764202677	0.016147317	0.8092655947889995
13922.720071703461	300	7.858762141228068	0.0	167025	698.1621623823945	0.015234509	0.901373061268297
13923.57524075615	300	7.664187747886939	0.0	160064	694.5743933411284	0.022767393	0.8777073657030671
13925.485333711365	300	7.634438590452318	0.0	137507	1029.7491574346197	0.023175355	0.8405167039300018
13927.755318220477	300	7.604618158286375	0.0	118421	1029.8204321659437	0.018759353	0.8368275906657638

