14241.082049579663	750	4.0	6.212365695121308	450283	6212.365695121308	0.00660488	-0.2840272671865494
14242.589138833677	300	6.492910745984942	0.0	155580	1507.089254015058	0.07349981	-0.1600182828472144
14245.158686334275	300	7.923363245387267	0.0	139857	1569.547500597674	0.0064830687	0.37313917370716937
14249.23602278957	300	7.846026790092508	0.0	155432	3077.3364552947583	0.006575611	0.21752674978153852
14251.117460265108	300	7.513477504837918	0.0	163442	1832.5492852545906	0.0070201773	0.3212211364571434
14253.795721148255	300	7.94379112500476	0.0	126289	2069.686379833158	0.0056097973	0.3244020282597143
14256.628649367596	300	7.521614286092734	0.0	153295	1922.1768389120264	0.0053286455	0.3127669299198258
14259.146175388301	300	7.9432269516549825	0.0	173849	2078.3873344377507	0.0058252593	0.3234966719648939
14261.157321370001	300	7.967223327787924	0.0	150710	976.0036238670581	0.006369985	0.43523481653027196
14262.44991947733	300	7.843495410089765	0.0	139105	1123.7279176981592	0.008272686	0.41272939229102695
14266.484804207543	300	7.808610679877748	0.0	141840	3034.8847302120175	0.008353464	0.21943341540139005
14270.539100066419	300	7.7543148210024375	0.0	156148	2554.295858875309	0.0059898132	0.264098811355354
14273.60742820331	300	7.659176208665966	0.0	160746	2595.138612336472	0.005721638	0.25406837273820826
14277.798736456287	300	7.4678679556890915	0.0	179801	4191.308252976874	0.005609528	0.08249464286311337
14281.4634742816	300	7.803130130375607	0.0	140051	3664.7378253134852	0.005713998	0.15610557154735938
14285.412171190354	300	7.854433221621497	0.0	138313	3448.6969087541083	0.0048919413	0.1809161064061653
14289.417586466756	300	7.849017945219777	0.0	143509	4005.4152764017194	0.004760011	0.1249058148662967
14292.665961542716	300	7.7665043250901	0.0	150616	3082.5136201296764	0.004753217	0.2120388792353961
14295.321299649835	300	7.8117659231463	0.0	165384	1454.7384019437984	0.0047255643	0.37764525093249646
14296.961672734595	300	7.966879314453774	0.0	140881	1344.8866086925268	0.00479601	0.39832501721434066
14299.436884815788	300	7.97201650234015	0.0	157671	1494.8628121136253	0.0050627636	0.38364847111512934
14301.95341669309	300	7.608925131479824	0.0	157812	1363.0913708603246	0.005128556	0.37413240456168906
14303.59603194103	300	7.639337817930007	0.0	163927	1469.5873135498168	0.0054982603	0.3653836031958763
14305.376871357803	300	7.810432062439769	0.0	137654	1328.905755490238	0.006300712	0.39014514928369426
14309.213234677747	300	7.768217171107828	0.0	146754	2542.214891331942	0.006844902	0.2661758049912776
14313.155270430534	300	7.826181418322403	0.0	153938	3442.035752785425	0.0057922676	0.17981648429684027
14318.453810891548	300	6.527640957307338	0.0	181901	5298.540461015065	0.0053543895	-0.08699276533956535
14321.886253295677	300	7.095198553178272	0.0	111155	3432.4424041290654	0.005290765	0.13508939009096804
14326.997144516132	300	5.984307332723549	0.0	153605	5110.891220454722	0.0048207534	-0.1021861928200179
14331.343567439593	300	5.6378844092614	0.0	149029	4346.422923462149	0.0047910456	-0.047390795837144783
14335.465739084419	300	5.515712764436429	0.0	157421	4122.171644824972	0.004762037	-0.032601395774987774
14338.341609166071	300	6.6398426827839225	0.0	157488	2875.870081652507	0.004734027	0.16228688043897704
14341.047932958816	300	7.9335188900390134	0.0	143881	2206.323792744908	0.004719843	0.3100962722831801
14344.307247292	300	7.888285073488687	0.0	163444	2545.233816550326	0.0047080424	0.2733781563682428
14348.273495229625	300	7.922037135863898	0.0	179328	2966.2479376247875	0.004712095	0.23338624815924747
14352.442385765979	300	7.75314659950901	0.0	159914	3168.890536354889	0.0047194855	0.2025663297640568
14354.675341533	300	7.666278235304486	0.0	131610	2086.8683642045235	0.004735696	0.30533927421631063
14356.91213541667	300	7.965924985378157	0.0	124011	1700.3532499263295	0.0047449926	0.36271870752373436
14361.141840003515	300	7.736220398532787	0.0	144254	3729.70458684537	0.0048612794	0.1454270371539947
14365.067383637586	300	7.810676764461255	0.0	149991	2425.5436340715314	0.0047718147	0.28049665530190787
14368.938685982595	300	7.939374419451064	0.0	147968	2371.3023450101923	0.004794022	0.29396438764490485
14371.617481157173	300	7.566472460498166	0.0	161857	1372.901958952898	0.004912003	0.37049805381607814
14373.858088447929	300	7.88911546593175	0.0	145210	1677.3569945664149	0.006850177	0.36021773809432545
14375.775299560799	300	7.932135048091262	0.0	172312	1456.9804178404872	0.006257195	0.38494411965188774
14380.189993095319	300	7.517441513572463	0.0	167025	2414.6935345188003	0.0074646855	0.2632544620766314
14382.991724461297	300	7.829037964356867	0.0	160064	2688.4035492155967	0.0072735315	0.2553582387809771
14385.072613600996	300	7.970257264889902	0.0	137507	1358.780699466964	0.0072536934	0.397146730039155
14386.732956986605	300	7.506139749201737	0.0	118421	964.1175156881651	0.009512734	0.4076057036865246

