7147.879104335166	750	4.0	3.8635903273045304	450283	3863.5903273045305	0.021348383	0.047040967269546985
7149.119441741412	300	6.759662593753583	0.0	155580	1240.3374062464177	0.5995216	0.08334344661789414
7151.495335670347	300	7.838679415001377	0.0	139857	1420.983178752206	0.07857932	0.6202132552336634
7153.88654509642	300	7.655530124716435	0.0	155432	1183.149290284943	0.056249525	0.6261853756001791
7155.8160832118965	300	7.604791158722273	0.0	163442	1550.7389659941616	0.07720145	0.5844920435863249
7157.156900524166	300	7.638782024878718	0.0	126289	966.0091338435548	0.06826939	0.6462706385350998
7159.803892413862	300	7.77269023124341	0.0	153295	1366.091793635307	0.05959515	0.619284945624891
7161.869608621184	300	7.725282166063118	0.0	173849	1547.4080651802929	0.05376344	0.5965428841316089
7163.658117465083	300	7.68518180568474	0.0	150710	1540.1003603783763	0.055271097	0.5933738945650033
7165.787696251828	300	7.924596682672347	0.0	139105	1260.585123012394	0.050862648	0.6446085150886465
7168.199160253592	300	7.908361470706153	0.0	141840	1516.2352119661934	0.04786097	0.617464631829554
7172.0112541932185	300	7.649928905341932	0.0	156148	1758.432565364221	0.047670793	0.5681123295080809
7175.821202266209	300	7.839980832351727	0.0	160746	3809.948072990205	0.04341631	0.38144332864718494
7179.815186214954	300	7.845996883605887	0.0	179801	3993.9839487458403	0.03730227	0.36362480205608855
7183.9667083789145	300	7.694474719645425	0.0	140051	3651.522163960462	0.028006222	0.38313545008947136
7187.786979269838	300	7.8742038287225675	0.0	138313	3320.2708909228563	0.021126982	0.43373923325098407
7192.131569925283	300	7.529613173277296	0.0	143509	3844.590655445272	0.018830307	0.34779581555668987
7196.03252440144	300	7.628658697119825	0.0	150616	3400.9544761574707	0.016960181	0.4017916106791559
7200.087439179196	300	7.573743919364493	0.0	165384	4054.914777755332	0.01417344	0.3310551183826637
7203.54819816187	300	7.618287579547869	0.0	140881	2455.4563398166238	0.013200886	0.4953328331293679
7207.97392057721	300	7.192565164207003	0.0	157671	4425.722415340866	0.01283191	0.25690472068504444
7212.941050296445	300	6.225435444973298	0.0	157812	4967.129719233704	0.0132229645	0.10871062510028279
7216.771372811245	300	6.395112930172672	0.0	163927	3830.3225148006263	0.0126838535	0.23889248097922972
7218.915949926553	300	7.727063066334368	0.0	137654	1668.049863838305	0.01136438	0.5846518968171868
7221.362885704038	300	7.7968588319270635	0.0	146754	1430.204234407304	0.013845781	0.6152240979641765
7223.766087370007	300	7.633623703731224	0.0	153938	2163.23512819584	0.020209245	0.5260463923682774
7228.494475967779	300	6.905235105959575	0.0	181901	4728.388597771649	0.019954413	0.19869525427740375
7232.067089633524	300	7.3326214402136705	0.0	111155	3572.613665745905	0.017517295	0.355836068486189
7236.047574086385	300	7.3521369873532505	0.0	153605	3980.48445286042	0.013635009	0.31694687673406163
7239.972446753506	300	7.42726432023137	0.0	149029	3924.87266712188	0.014125781	0.32981418843031274
7244.112442533697	300	7.2872685400409285	0.0	157421	4139.995780190442	0.0142157525	0.2946872874999361
7247.960656298654	300	7.439054775083513	0.0	157488	3848.213764957415	0.012980559	0.33862670038113024
7251.807200883664	300	7.59251019007343	0.0	143881	3846.5445850100837	0.012036689	0.3537171574836327
7256.742277100207	300	6.6574339735315124	0.0	163444	4935.076216541917	0.011162605	0.1539278322717479
7259.90258226448	300	7.497128809257339	0.0	179328	3160.3051642741725	0.011153733	0.413065260272859
7263.507314383945	300	7.892396689792353	0.0	159914	2604.7321194649867	0.011043679	0.5070623661358077
7267.598836868766	300	7.800874204972482	0.0	131610	3091.522484819871	0.012981716	0.4494827679515868
7271.467337860192	300	7.932373213546056	0.0	124011	2368.500991426427	0.013886135	0.5345731958747113
7275.494330616325	300	7.905380457413046	0.0	144254	3526.992756133009	0.014685298	0.4160989738701179
7279.609646934723	300	7.7900641390146355	0.0	149991	4115.316318398411	0.014756584	0.3460521056793322
7283.491611270932	300	7.908099802806573	0.0	147968	3381.9643362080615	0.01519044	0.4308662722021331
7287.218411950675	300	7.512444682183866	0.0	161857	3395.6551206227073	0.014445564	0.39101973328011025
7291.14784809251	300	7.583008540348912	0.0	145210	1929.436141834954	0.015362861	0.5445039663654363
7293.86392519183	300	7.815260803166208	0.0	172312	2267.747737182704	0.018224683	0.5332593393896432
7298.127785542069	300	7.551400452926734	0.0	167025	3263.8603502394735	0.020665783	0.40798765902317746
7301.747310578725	300	7.931875416270889	0.0	160064	3119.5250366558453	0.020320565	0.4594223805667594
7304.445825176742	300	7.773475591779385	0.0	137507	2658.3998244915038	0.018909365	0.49013051885139486
7306.430948691034	300	7.61597112139568	0.0	118421	1157.5044703837048	0.018990465	0.6249027445173595

