15582.962583693614	750	4.0	4.722418988271614	450283	4722.418988271614	0.23165432	-20.2269931936619
15584.886214404267	300	5.524394181725228	0.0	155580	1475.6058182747722	0.05917259	-0.34834683616565376
15586.193252705889	300	5.959887448487321	0.0	139857	1064.5067332379067	0.12855837	0.1409103346333428
15587.80096157743	300	5.627298782608533	0.0	155432	1332.5886658787865	0.50594544	0.11256286642741424
15590.543136422182	300	5.753771439214445	0.0	163442	1373.5273433940895	0.44977885	0.109207873233407
15594.02863129464	750	5.6603477489131295	0.0	318564	2593.423690301315	0.7587278	-0.3054034956176286
15595.53845931863	300	5.656469356596556	0.0	153295	1503.878392316573	0.7200712	-0.35025789268177454
15597.877860735603	300	5.929743482997527	0.0	173849	2226.7258735990304	0.2600863	0.06736347827025371
15600.484104570594	300	5.747959356288899	0.0	150710	1681.7841267086274	0.10818073	0.08919099521622957
15604.666538053785	300	5.565525873097293	0.0	139105	2182.4334831916053	0.081805915	0.0687306170635904
15608.275283716544	300	5.956780210337029	0.0	141840	2608.7456627602637	0.040971868	0.05749889770445766
15612.040627733977	300	5.836927604887891	0.0	156148	2619.852605449138	0.008779407	0.05725512942522373
15615.473650983375	300	5.538161676631528	0.0	160746	2798.7659282563627	0.008729312	0.05359505004888005
15617.792393530595	300	5.760919082690798	0.0	179801	1777.2425939407306	0.0047502397	0.08440040797548112
15619.677841283947	300	5.628945106355517	0.0	140051	1131.9739763352813	0.010493113	0.13251188025153968
15621.945972744565	300	5.846616250254214	0.0	138313	1282.3288561013042	0.019062141	0.11697467407545416
15626.160849541304	300	5.631739453514703	0.0	143509	2214.8767967395115	0.022654753	0.06772385724606121
15629.892719657937	300	5.5361440958271935	0.0	150616	2095.595357687509	0.0074848137	0.0715787040898607
15632.685055560969	300	5.683113628683882	0.0	165384	2353.030467143311	0.005038485	0.06374758087263827
15636.370125097437	300	5.998044092215433	0.0	140881	1685.0695364684495	0.0049179345	0.08901709796164754
15639.985534793934	300	5.93752671584499	0.0	157671	2060.5173763704433	0.0059752828	0.07279725069061138
15641.771425484814	300	5.682027506618346	0.0	157812	1755.4992092266439	0.0057863165	0.08544578044331903
15645.42279540741	300	5.791538324296704	0.0	163927	1890.4891823216412	0.0051986324	0.07934454288481589
15647.1205371628	300	5.6131077404403005	0.0	137654	1678.4305838564042	0.0054228297	0.08936920087297041
15650.222731889684	300	5.896665972313227	0.0	146754	2716.4417681270734	0.004705182	0.05521929524129711
15654.53344746469	300	5.585950397307652	0.0	153938	2310.715575005576	0.004705182	0.06491495605193125
15658.07223204693	300	5.8147923921694735	0.0	181901	3271.158005138178	0.004705182	0.04585532088770619
15661.631213614468	300	5.909114868452132	0.0	111155	1405.677523717341	0.004705182	0.10671010773745755
15665.099456520167	300	5.671645475511737	0.0	153605	2237.469392940395	0.004705182	0.06704002319463054
15669.115774227866	300	5.6553277678123495	0.0	149029	2016.3177076993877	0.004705182	0.07439303807491209
15672.43241757012	300	5.6005516499159995	0.0	157421	2054.77611789635	0.004705182	0.07300065379072432
15675.534373283168	300	5.825507467569439	0.0	157488	2275.0441823465603	0.004705182	0.06593278546585621
15679.663824921476	300	5.696055829262459	0.0	143881	2629.4516383069804	0.004705182	0.05704611479242881
15683.705770592022	300	5.65411015871678	0.0	163444	3041.9456705456787	0.004705182	0.04931054536982979
15687.510615364024	300	5.8492653867134905	0.0	179328	3804.8447720032896	0.004705182	0.03942342171321314
15691.653839484126	300	5.706041266611075	0.0	159914	4143.224120102415	0.004705182	0.03620368960303605
15695.65942571321	300	5.700455037529542	0.0	131610	4005.5862290815326	0.004705182	0.037447702139318195
15698.786267301988	300	5.718016252011302	0.0	124011	1982.4387855182404	0.004705182	0.0756643791958437
15702.51573276358	300	5.9885507904181905	0.0	144254	3229.4654615931117	0.004705182	0.0464473151312181
15706.70326375458	300	5.8010197994198265	0.0	149991	3687.530990998364	0.004705182	0.04067762423316988
15710.9920493157	300	5.512234238299108	0.0	147968	3788.7855611207183	0.004705182	0.03959052249862095
15715.451322241659	300	5.05296131234028	0.0	161857	4459.272925958829	0.004705182	0.03363777066140152
15719.49805047814	300	5.0062330758579625	0.0	145210	4046.728236482317	0.004705182	0.03706698133265057
15722.922929449966	300	5.581354104031647	0.0	172312	3424.8789718263165	0.004705182	0.043797168085041124
15726.415884331427	300	5.780409057920775	0.0	167025	2800.9450461108713	0.004705182	0.05355335343271939
15730.3703840198	300	5.8259093695494375	0.0	160064	2454.499688371338	0.004705182	0.06111225057825581
15732.871436414518	300	5.78363796705143	0.0	137507	2042.271402498008	0.004705182	0.07344763277619577
15736.750487710018	300	5.9045866715513435	0.0	118421	1379.0512955000856	0.004705182	0.10877042825706165

