9890.311939557052	750	4.0	5.057839080863765	450283	5057.839080863765	0.004705182	-21.67456571261721
9892.742677072107	300	5.569262484946178	0.0	155580	1430.7375150538228	0.043509945	-0.345158966322095
9895.834006878667	300	5.7328857985649595	0.0	139857	1336.3766863812173	0.12463325	0.11224380186262148
9898.064182926602	300	5.825274339446444	0.0	155432	1407.6114591185162	0.25167954	0.10656349735454271
9900.956958080898	300	5.805169123456624	0.0	163442	1520.1052159898193	0.33682358	0.09867737997486394
9902.916051868953	300	5.591957203382704	0.0	126289	1213.2119200739203	0.75339544	0.1236387456454109
9904.340297670733	300	5.812775260282569	0.0	153295	1279.1819431001347	0.08151622	0.11726244324280456
9906.787798261556	300	5.591556803612845	0.0	173849	1721.2184566697242	0.45607394	0.0871475665501667
9909.222839819779	300	5.5721770915761555	0.0	150710	2019.3797120366899	0.20162785	0.07428023521575058
9910.614974089218	300	5.728940941949793	0.0	139105	1343.2361496263618	0.07764233	0.11167060984900117
9912.4793957451	300	5.8911791882157285	0.0	141840	1337.7617537340645	0.094386905	0.11212758892329545
9915.165108071023	300	5.716652909578795	0.0	156148	1674.526278636933	0.12303807	0.08957757302089056
9916.743363448899	300	5.833118301533446	0.0	160746	1383.5346080453503	0.06539435	0.10841796014912784
9920.64104742547	300	5.935434324963893	0.0	179801	2397.6839765695536	0.08046144	0.06256037136912847
9924.832580113749	750	5.743901636684576	0.0	337059	4191.532688279317	0.01905576	-0.36053391971662213
9927.388474447765	300	5.69292311071521	0.0	138313	2050.9785259693663	0.044918105	-0.37686417819557394
9929.583342384443	300	5.527947075001916	0.0	143509	2164.9760357132936	0.006233448	0.06928483157578212
9933.237406953796	300	5.56586072650638	0.0	150616	1962.0863484955366	0.0050469986	0.07644923482343938
9935.539163183266	300	5.675971765100682	0.0	165384	1389.8889614056982	0.005734954	0.10792229031612269
9938.176786696491	300	5.958093585319864	0.0	140881	1217.878179780818	0.011754278	0.12316502790697469
9940.27885417677	300	5.521932564353451	0.0	157671	1936.1610209664143	0.0079782605	0.07747289526835381
9942.352487609562	300	5.933069049012632	0.0	157812	1588.8635153408186	0.0064052627	0.09440710202715197
9945.616000737517	300	5.528697419911099	0.0	163927	1404.3716291015337	0.006940398	0.10680933514440517
9948.499953483484	300	5.776291867853334	0.0	137654	1752.4055520577656	0.008490048	0.08559662449360664
9950.616329546743	300	5.708877466578669	0.0	146754	1067.4144012746644	0.006135859	0.14052649076204693
9952.251744494883	300	5.925650775652015	0.0	153938	1283.2266909266539	0.013516149	0.11689283044111311
9955.102506216988	300	5.716364086205627	0.0	181901	1209.2866894463875	0.011607209	0.12404006536173
9957.618456689332	300	5.974126380862566	0.0	111155	1242.237705343062	0.020447355	0.12074983664948032
9961.938427161243	300	5.6541559089506235	0.0	153605	2819.9704719119427	0.009155201	0.05319204633313052
9965.638041978978	300	5.954541091215646	0.0	149029	2699.614817734978	0.004705182	0.05556348224738688
9969.203684243883	300	5.878368934587608	0.0	157421	2576.172156628038	0.004705182	0.05822592236861049
9972.301164902849	300	5.64436367324221	0.0	157488	1734.005261345398	0.004705182	0.08650492783604154
9974.799323995387	300	5.722021768783855	0.0	143881	1922.341904458355	0.004705182	0.07802982375409669
9978.750517296452	300	5.770828467719406	0.0	163444	2451.1933010644493	0.004705182	0.061194684211506846
9982.265606003708	300	5.911789392163724	0.0	179328	1859.0390755556823	0.004705182	0.08068684621659378
9985.208087850486	300	5.708573303625415	0.0	159914	2703.2160885383087	0.004705182	0.055489459624039325
9987.246910163978	300	5.503795040498765	0.0	131610	1204.77826312665	0.004705182	0.12450423832408697
9989.642100325498	300	5.783222008420856	0.0	124011	1220.573032077908	0.004705182	0.12289309697809679
9993.62953221756	300	5.795790116361703	0.0	144254	2487.4318920591545	0.004705182	0.06030315864279865
9996.548400304779	300	5.817380483502542	0.0	149991	2478.40963285916	0.004705182	0.06052268277659814
10000.814841051842	300	5.55093973643926	0.0	147968	2266.440747063281	0.004705182	0.06618306708188205
10004.790135635278	300	5.575645153005478	0.0	161857	2475.294583433782	0.004705182	0.06059884791244392
10007.561005722213	300	5.726307058966046	0.0	145210	2349.338094039433	0.004705182	0.06384777073192185
10011.627964081908	300	5.659348699271506	0.0	172312	2566.958359694539	0.004705182	0.058434917509861586
10015.578792665903	300	5.708520115277396	0.0	167025	2950.8285839941104	0.004705182	0.05083317981045401
10019.294817955782	300	5.99249482539698	0.0	160064	2716.0252898804156	0.004705182	0.05522776262757273
10021.53473910081	300	5.5202063856163575	0.0	137507	1972.288439780622	0.004705182	0.076053784514746
10024.824289806287	300	5.959247395001635	0.0	118421	1560.9589906147223	0.004705182	0.09609477308620927

