349.2992515566974	750	4.0	2.566216384271528	450283	2566.216384271528	0.0049973354	-10.866232804502582
350.2090928603375	300	7.0901586963599605	0.0	155580	909.8413036400393	0.67188764	0.15749769738738162
352.2787555991337	750	7.658356185222619	0.0	350812	1431.802511137342	0.35213372	0.18406004179264265
354.3880204489504	1200	7.652653855088735	0.0	617681	2005.7023301338845	0.7470131	0.15019000486859668
358.1338291434285	1850	7.611530700891108	0.0	996749	3541.1231541976263	0.20934215	-0.17254418295831264
360.86707153609865	1850	7.582252370096207	0.0	801058	2529.2783307949007	0.36460125	0.5758222262394024
367.2864536264482	2850	5.162870279746692	0.0	1388403	6419.382090349514	0.57751894	-0.9925702451535325
371.420003949639	1850	5.029319956555836	0.0	1060487	4133.550323190856	0.0209135	-0.8303276653135014
374.8908339051731	1850	5.558490001021743	0.0	852833	3470.829955534094	0.06772639	0.28687759918983874
378.4717779075533	1850	5.977545998641576	0.0	913888	3580.944002380167	0.061527427	0.316200818100842
382.6018507983165	1850	5.847473107878404	0.0	939819	4130.072890763171	0.0442253	0.24876826334981306
387.49558208753945	1850	4.953741818655458	0.0	917428	4893.7312892229465	0.07508272	0.08637975505098983
390.7418311807563	1200	5.707492725438582	0.0	624282	3246.249093216876	0.6883966	-0.3610886759710207
394.5691093470109	1200	5.880214559184	0.0	687371	3827.278166254582	0.83165836	0.24743309264068208
396.7914109973416	750	7.657912908853354	0.0	337059	2222.3016503306458	0.77797925	0.10496746201098203
404.14031529948284	1200	4.309008606712048	0.0	587876	7348.904302141305	0.524706	-0.7059599079227445
407.15684019956467	750	5.292483706630272	0.0	360831	3016.5249000817757	0.6775774	-0.20213015470470685
410.3990901122102	750	6.0502337939847175	0.0	372963	3242.249912645555	0.32154053	0.29823166481365293
414.7841079695087	750	5.66521593668623	0.0	405596	4385.017857298488	0.19836317	0.14689645705770582
419.04035510494674	750	5.408968801248135	0.0	350713	4256.247135438094	0.45002878	0.13510944660549717
420.65683475425465	300	7.792489151940244	0.0	157671	1616.4796493078907	0.6787488	0.1544339800518593
424.3884075690521	750	7.853566317807181	0.0	399894	2938.922834133064	0.25155035	0.05213721013586997
427.85862833033514	750	7.774780998997854	0.0	401853	2578.7853188093263	0.20564616	0.5305677837705796
430.6970258814335	750	7.981299854085513	0.0	343800	1793.4811449123404	0.5422625	0.6289758794005833
434.2403604248898	1200	7.637090837900382	0.0	587236	2844.209016185132	0.42225096	0.06484137789067784
436.8806758759424	1200	7.7214959046096485	0.0	590335	2415.594933290732	0.71573716	0.5658268713014796
443.20544396671704	1850	5.396727813834971	0.0	1076599	6324.768090774677	0.34425387	-0.6640860116148691
446.2669694202778	1200	6.335202360274193	0.0	487160	3061.525453560778	1.1132487	-0.28219853492493235
450.196326150828	1200	6.405845629724032	0.0	622896	3929.3567305501615	0.6471629	0.2878178336224699
457.2169846677684	1200	4.0	0.6148128872163497	641447	7020.658516940382	0.74866664	-2.8965731795975316
459.40970763032345	300	5.807277037444853	0.0	157421	2192.722962555147	0.6333022	-0.5442693093367474
461.60357279038413	300	7.6134118773842205	0.0	157488	1693.8651600606324	0.27148846	0.5794590345453622
465.0399626591321	750	7.709025664062068	0.0	369834	2904.3862133221523	0.35955587	0.04167866741334059
467.69204055253937	750	7.638988516071324	0.0	412837	2570.037147990744	0.18548712	0.5183724175903816
471.3069674307542	750	7.622545411672159	0.0	401088	3516.443104399164	0.56575656	0.4221491541665925
473.8655393508425	750	7.6675013960358305	0.0	365161	2455.0440156363293	0.20581731	0.5326161284421973
477.0999025826964	750	7.887083660834895	0.0	321064	2780.4177352009365	0.64229256	0.5212138029932365
481.61799153734074	1200	7.368994706190572	0.0	575591	4518.088954644323	0.26245242	-0.1283511781650023
485.36033294497173	750	7.626653298559585	0.0	378327	3742.3414076309864	0.5253577	-0.05004528730087887
489.2619458437471	750	7.7250403997841826	0.0	390680	3901.6128987754028	0.0856705	0.39349743567121986
493.9208092186949	750	7.0661770248364	0.0	345516	4658.863374947782	0.080643445	0.25435602751888864
497.4354691317978	750	7.551517111733548	0.0	384505	2514.659913102851	0.3688766	0.5154909174207987
500.6157672574345	750	7.876124061792354	0.0	372093	2675.3930499411954	0.18650392	0.5306613974578669
506.36264170299523	750	6.129249616231653	0.0	438281	5746.874445560701	0.32563454	0.05537457564180215
511.595581327483	750	4.896309991743904	0.0	398987	5232.939624487749	0.6631125	-0.01190380460888274
513.2388749143087	300	7.253016404918267	0.0	160064	1643.293586825637	0.13103612	0.09982771154632514
515.1717751656314	300	7.815572645541688	0.0	137507	1437.44375937658	0.49589965	0.6245593819553752
517.0145731001674	300	7.5519019722468474	0.0	118421	1263.6706732948394	0.5188034	0.6165580838356801

