12442.039490023051	750	4.0	4.043612194844198	450283	4043.6121948441983	0.20118758	0.029038780515580176
12443.695948430162	300	6.343541592888147	0.0	155580	1656.458407111853	0.5901866	0.0012635791971870314
12446.073401163618	300	7.57485046514876	0.0	139857	1268.6911277393874	0.06629367	0.6097850949617782
12447.268434829637	300	7.576714473136424	0.0	155432	998.1359920123349	0.05480693	0.6370218833112838
12451.04797699278	300	7.6753922953184865	0.0	163442	1901.322177817938	0.08531191	0.5562996829379291
12454.300430477571	300	7.993275502685481	0.0	126289	1182.1167926330052	0.065574996	0.6591343633728626
12457.83066633264	300	7.8733258973807825	0.0	153295	2119.9496053046987	0.051206455	0.5536859829898113
12461.358366593586	300	7.584618953789544	0.0	173849	2288.706943591238	0.044107318	0.5087334988969094
12462.663828046858	300	7.921384852430329	0.0	150710	1163.2341013592156	0.044160433	0.654031266762928
12464.379886504887	300	7.829469313673213	0.0	139105	1091.9155387571157	0.045924507	0.6522243368790085
12467.20826835088	300	7.707349831262176	0.0	141840	1122.1194824110373	0.047541402	0.6373278228491429
12469.420441458802	300	7.8993944733915376	0.0	156148	1807.9553578706373	0.052228965	0.5874205767502633
12471.234727174186	300	7.839360433526541	0.0	160746	1060.0340398649967	0.043239087	0.6563743981739565
12474.221535925204	300	7.868081957725371	0.0	179801	2471.27847580117	0.049895238	0.5180431228086754
12478.108899591845	300	7.980718291084066	0.0	140051	1887.3636666413054	0.04245325	0.5873884871437949
12480.834898619545	300	7.729165757713563	0.0	138313	2251.552533370502	0.035059012	0.5265061166005938
12483.277537324788	300	7.845069637957989	0.0	143509	1384.0961197555737	0.032904766	0.6245234103158571
12485.11415969221	300	7.731029684990088	0.0	150616	1614.0399529679028	0.03461379	0.5904386415684958
12487.22283657583	300	7.5929824790575475	0.0	165384	1138.0472059325393	0.03454132	0.6246128254950926
12491.201690758242	300	7.614128296644056	0.0	140881	2478.8541824134913	0.03793317	0.49258855860728534
12494.13316529671	300	7.963132914510792	0.0	157671	2150.9953821332647	0.033095524	0.559315137722848
12496.45551769929	300	7.967196348637306	0.0	157812	1995.9365658734853	0.027563952	0.5752161883176296
12500.76956395132	300	7.653150096605789	0.0	163927	3814.046252031517	0.027360823	0.36286422169176136
12504.52059434176	300	7.902119706166279	0.0	137654	3751.030390439511	0.025389988	0.39337810238071963
12507.014094368806	300	7.591115946532842	0.0	146754	1811.003759633436	0.019842194	0.5571356498369753
12508.265986964594	300	7.876417796644138	0.0	153938	1214.698149888704	0.018639997	0.644511815734772
12511.962541145433	300	7.986737948325714	0.0	181901	2389.679848318424	0.027177278	0.5377422806428334
12515.102172142271	300	7.860359539666041	0.0	111155	1126.3784086596731	0.024863396	0.6517821243665551
12518.971569633353	300	7.990962048583244	0.0	153605	2869.397491082797	0.023622334	0.49018131011644084
12521.294206959721	300	7.855968506030253	0.0	149029	2134.9935425529916	0.02221476	0.550493582956143
12521.967543104058	300	7.708122316268123	0.0	157421	647.8461897621288	0.022986855	0.6848302762808621
12523.526266101968	300	7.546505775600919	0.0	157488	661.6165406672052	0.04789404	0.667736032610469
12524.820839296568	300	7.862772354421671	0.0	143881	683.7334211792489	0.05838643	0.6962812693495827
12525.813062220144	300	7.74208079384458	0.0	163444	620.6915605770906	0.059526198	0.6908482011436764
12526.733046357149	300	7.5828543783421996	0.0	179328	659.2264155023807	0.083800815	0.6715099467435408
12528.855427972769	300	7.547042493283727	0.0	159914	2035.8118850584722	0.1007687	0.5303686939659953
12531.856093774615	300	7.534994471640493	0.0	131610	2012.0480216432345	0.06114259	0.5315734102027145
12533.616062756175	300	7.91431881846223	0.0	124011	1620.6756531782619	0.04505385	0.6075999397776257
12535.342833637395	300	7.685580061042983	0.0	144254	1228.7387574192483	0.04723826	0.6245487851945053
12536.131443592696	300	7.520291126292421	0.0	149991	665.2889347505613	0.049369067	0.6648194185568819
12536.783470834807	300	7.9609380205121525	0.0	147968	559.3531057802679	0.070089005	0.71826591191678
12537.950156098512	300	7.818932518825619	0.0	161857	642.0055016865339	0.087979004	0.696190637287138
12539.0345490054	300	7.679075893890296	0.0	145210	639.8566249353223	0.103568755	0.6828044681872991
12541.884780482631	300	7.5362283202517375	0.0	172312	1142.8475736385592	0.10239278	0.6186134467806256
12543.133083874354	300	7.8857685426860735	0.0	167025	1150.4597775656644	0.08599935	0.6518450130196543
12544.993031124106	300	7.589716724889046	0.0	160064	796.0518177970276	0.07699735	0.6584947697157569
12546.466269784773	300	7.915045163032821	0.0	137507	674.6715618562251	0.08783381	0.7022709859193194
12547.59174361077	300	7.5565917089402825	0.0	118421	858.4534540925379	0.09865467	0.6490331982851887

