1619.1464762549945	750	4.0	3.5388403668140223	450283	3538.840366814022	0.049492817	-14.467013577300294
1620.5988753251447	300	6.5476009298498035	0.0	155580	1452.399070150196	0.008144401	-0.15000000000000002
1621.9373794070368	300	9.209096847957815	0.0	139857	1338.5040818919888	0.004705182	0.3
1623.3072139547658	300	11.83926230022871	0.0	155432	1369.8345477291064	0.004705182	0.3
1627.652237713939	750	11.494238541055406	0.0	411561	4345.023759173304	0.026036136	0.3
1628.7891519448724	300	14.35732431012202	0.0	126289	1136.9142309333843	0.15948947	-0.15000000000000002
1630.5614226818934	300	16.585053573101042	0.0	153295	1772.2707370209791	0.048505493	0.3
1632.630332135061	300	18.516144119933426	0.0	173849	2068.9094531676164	0.07920196	0.3
1634.06429816182	300	21.082178093174374	0.0	150710	1433.9660267590518	0.52344114	0.3
1637.5771537659402	750	21.569322489054006	0.0	362795	3512.8556041203697	0.25536233	0.3
1642.265277531777	750	20.88119872321727	0.0	353220	4688.123765836737	0.004705182	0.75
1644.9315318812523	750	22.214944373742107	0.0	405134	2666.2543494751617	0.0060764514	0.75
1647.753967879666	750	23.392508375328493	0.0	386351	2822.4359984136154	0.006377752	0.75
1651.4775917083007	750	23.6688845466938	0.0	434409	3723.623828634691	0.008078458	0.75
1654.5159284793533	750	24.63054777564134	0.0	337059	3038.336771052463	0.0066281455	0.75
1658.3346579365848	750	24.811818318409596	0.0	366214	3818.729457231741	0.0051945634	0.75
1661.9576674963903	750	25.18880875860441	0.0	360831	3623.009559805188	0.004705182	0.75
1664.9136637535435	750	26.232812501451072	0.0	372963	2955.996257153334	0.004705182	0.75
1667.6415706994621	750	27.504905555532453	0.0	405596	2727.90694591862	0.0070996145	0.75
1669.7735560585168	750	29.372920196477963	0.0	350713	2131.9853590544867	0.058421165	0.75
1673.3728937830128	1200	29.773582471981875	0.0	601738	3599.337724496091	0.29558706	0.75
1676.9189659933286	1200	30.22751026166634	0.0	616206	3546.072210315535	0.027567267	1.2
1681.9818193012065	1200	29.1646569537881	0.0	656471	5062.853307878237	0.013376656	1.2
1684.7513239880543	1200	30.39515226694023	0.0	536667	2769.5046868478717	0.16085215	1.2
1688.0669022222776	1200	31.079574032717034	0.0	587236	3315.5782342231955	0.0054218257	1.2
1693.8578209557213	1200	29.288655299273326	0.0	590335	5790.918733443709	0.0048418725	1.2
1701.0863475587812	1200	26.0601286962133	0.0	696376	7228.526603060024	0.16497019	1.2
1708.0072941524209	1200	23.139182102573695	0.0	487160	6920.946593639607	0.6609342	1.2
1713.4540812376808	750	21.692395017313842	0.0	400396	5446.787085259851	0.071136296	0.3
1718.9726304307565	750	20.17384582423812	0.0	400508	5518.5491930757225	0.004705182	0.75
1723.9169183222473	750	19.229557932747316	0.0	358218	4944.287891490805	0.004705182	0.75
1729.058894936021	750	18.08758131897366	0.0	400322	5141.976613773657	0.0066606374	0.75
1732.9210754811363	750	18.22540077385837	0.0	369834	3862.180545115286	0.035050303	0.75
1739.3732749481862	750	15.773201306808412	0.0	412837	6452.199467049958	0.010883422	0.75
1742.2861790701154	300	16.86029718487937	0.0	179328	2912.904121929041	0.44291073	-0.15000000000000002
1745.105376712916	300	18.04109954207882	0.0	159914	2819.1976428005564	0.021170938	0.3
1746.305925843834	300	20.840550411160564	0.0	131610	1200.5491309182535	0.14110683	0.3
1749.1544480796742	750	21.99202817532049	0.0	361565	2848.522235840076	0.034922943	0.3
1751.9082096008974	750	23.23826665409714	0.0	378327	2753.7615212233504	0.030727563	0.75
1754.4609918561284	750	24.685484398866315	0.0	390680	2552.7822552308216	0.1964281	0.75
1756.8377944047006	750	26.308681850294036	0.0	345516	2376.8025485722806	0.59423715	0.75
1761.2605327281228	1200	25.885943526871774	0.0	641452	4422.7383234222625	0.28291342	0.75
1765.2547237538593	1200	25.891752501135375	0.0	599477	3994.1910257363993	0.004705182	1.2
1771.302501506502	1200	23.843974748492514	0.0	634861	6047.777752642862	0.004705182	1.2
1776.038273317995	1200	23.10820293699944	0.0	630203	4735.771811493072	0.0059208036	1.2
1780.7170208436132	1200	22.429455411381145	0.0	638661	4678.747525618293	0.004705182	1.2
1783.7036911477064	1200	23.442785107287868	0.0	538612	2986.6703040932766	0.00825724	1.2
1786.9435272988667	1200	24.202948956127535	0.0	550906	3239.8361511603316	0.5953648	1.2

