14987.845849029636	750	4.0	5.259051639025879	450283	5259.051639025879	0.004705182	-22.714707925421727
14989.391075092286	300	6.454773937350686	0.0	155580	1545.2260626493135	0.005229406	0.03280270484288017
14991.501174251338	300	7.991863270652231	0.0	139857	1462.9106666984549	0.028028633	0.6389808674279329
14993.039359019242	300	7.706365061337427	0.0	155432	1285.4982093148042	0.04583505	0.6292425808953381
14995.083591235161	300	7.8055921993221276	0.0	163442	1400.7728620152986	0.3180465	0.6272658422198607
14998.251803896548	750	7.573215598030915	0.0	318564	2732.3766012912124	0.51002437	0.0458077529602578
15002.141406813911	750	7.683612680668895	0.0	352642	3389.60291736202	0.6669388	0.44071096801698273
15005.144137746385	750	7.939966655459979	0.0	437162	2243.6460252089146	0.4404951	0.5799810232816187
15008.34274799963	750	7.9852040492204575	0.0	374758	2454.7626062395216	0.22864151	0.5632235165572257
15010.611899733494	750	7.562552001039905	0.0	362795	1922.652048180554	0.20410758	0.5757538247491915
15014.60252858209	750	7.530487343285311	0.0	353220	2032.0646577545936	0.20065695	0.5617263034623818
15017.675074816505	750	7.773496354898318	0.0	405134	2256.990988386993	0.13609391	0.5626235683350355
15020.444699143489	750	7.776461795320374	0.0	386351	1997.0345595779445	0.13503537	0.588904638280338
15023.578242525356	750	7.720985069139311	0.0	434409	2555.476726181062	0.18541633	0.5277207226739682
15025.80925741003	750	7.819510868844998	0.0	337059	1901.474200294313	0.07385023	0.6026041972381239
15028.385618567187	750	7.561100723056726	0.0	366214	1758.4101457882707	0.10576019	0.5920383278069534
15030.29650181465	750	7.7796345525592185	0.0	360831	1781.4661704975072	0.3063761	0.6107668587357546
15035.194849256339	1850	6.881287110871964	0.0	885714	4898.347441687254	0.35906893	-0.8285534003556276
15038.316660708042	750	7.759475659169349	0.0	405596	3121.811451702616	0.21448365	-0.6252079861481548
15041.152986304305	750	7.866100898665791	0.0	350713	2393.3747605035587	0.30432212	0.5578984853783697
15044.62183696483	750	7.683150991032508	0.0	386472	2682.9499076332822	0.16735092	0.5113318308293066
15046.240017422027	300	7.762011105480517	0.0	157812	1421.1398855519906	0.18880123	0.17103440926701016
15047.765255818313	300	7.712912164560264	0.0	163927	1049.0989409202516	0.360701	0.6535126739790058
15050.758921264716	750	7.854149226291203	0.0	343800	2858.7629382690616	0.6935503	0.060209305336859364
15054.138884070826	750	7.6266190200531305	0.0	359903	2727.530206238072	0.678683	0.5014325334925898
15057.203705241878	750	7.550424691563548	0.0	379700	2576.194328489582	0.6954248	0.5092323291795
15059.15574564064	300	7.648717918412858	0.0	181901	901.7067731506897	0.693509	0.21207312044825574
15061.41734807606	750	7.753083513509602	0.0	277716	1895.6344049032568	0.32837158	0.14679446713192387
15064.62592410152	750	7.811779616038233	0.0	400396	2941.3038974713686	0.09588477	0.49787708551158283
15068.124192077228	750	7.571281654177661	0.0	400508	3240.497961860572	0.55883366	0.4448094725745947
15070.409990957178	300	7.722267263626986	0.0	157421	1349.0143905506764	0.52088	0.17442156810214515
15073.98998712366	300	7.525661387086784	0.0	157488	1696.6058765402024	0.04769028	0.5707388768931946
15076.162172615897	300	7.516263738437232	0.0	143881	1509.397648649551	0.016322732	0.5885551651496044
15078.765885548491	300	7.620801203434814	0.0	163444	1395.462535002418	0.011855107	0.610010528214963
15082.015573451361	300	7.995082512795685	0.0	179328	1625.7186906391282	0.024890292	0.6230099208069767
15084.381759032682	300	7.813974347250652	0.0	159914	1681.1081655450332	0.009836175	0.6000391032826886
15087.32648665878	300	7.509149132588394	0.0	131610	1304.8252146622576	0.006544329	0.6083276195211539
15089.193230400308	300	7.7507285675436774	0.0	124011	1258.4205650447166	0.0067234095	0.6362203840149657
15091.679505500557	300	7.661752591159664	0.0	144254	1588.9759763840134	0.007479457	0.5946008024260969
15094.287550492047	300	7.636379662347826	0.0	149991	1525.3729288118375	0.0050097094	0.5985189334906422
15098.041805513847	300	7.882124640546002	0.0	147968	2254.2550218018246	0.0049236557	0.5492839620701935
15101.12423836919	300	7.879371683614976	0.0	161857	2002.7529569310254	0.004705182	0.574169193274212
15104.298299776032	300	7.53718093389822	0.0	145210	1342.1907497167558	0.004705182	0.6072891592561318
15108.05959148992	300	7.775889220010347	0.0	172312	1761.2917138878734	0.004705182	0.5883550109800144
15109.993018705645	300	7.565756878655135	0.0	167025	1710.1323413552138	0.004705182	0.5732454677677414
15112.262592168834	300	7.997617589246118	0.0	160064	1568.139289409018	0.004705182	0.6290118649652361
15113.998589674407	300	7.850335889849284	0.0	137507	1647.2816993968324	0.004705182	0.6069215903541583
15117.875162254582	300	7.826407469350128	0.0	118421	1523.9284204991568	0.004705182	0.6169537801441187

