11199.417607361655	750	4.0	4.594934407378574	450283	4594.934407378574	0.015282065	0.03652642437842174
11200.401070073138	300	7.016537288516239	0.0	155580	983.462711483761	0.004705182	0.3188518930387999
11203.079135519087	300	7.896703077287517	0.0	139857	1119.8342112287223	0.004705182	0.8638904963209646
11207.27498077417	300	7.7008578222046395	0.0	155432	2695.845255082877	0.004705182	0.6821080037364158
11209.058177499885	300	7.926297756683765	0.0	163442	1274.560065520874	0.004705182	0.8520720225566284
11210.989387256179	300	7.805011203883736	0.0	126289	1621.2865528000302	0.004705182	0.802423891193961
11214.578376987736	300	7.95047798755169	0.0	153295	2354.533216332045	0.004705182	0.7470602868254655
11218.898356256896	300	7.630498718394229	0.0	173849	2819.979269157463	0.004705182	0.6610072292196998
11222.831179233774	300	7.697675741516216	0.0	150710	3932.822976878013	0.004705182	0.5580173339685732
11226.793996393997	300	7.734858581291781	0.0	139105	2962.8171602244356	0.004705182	0.659608951973201
11228.771907772698	300	7.890940776384836	0.0	141840	1843.9178049069449	0.004705182	0.7907706546402877
11230.775574238936	300	7.541104330163169	0.0	156148	1349.8364462216673	0.004705182	0.7969838154316229
11233.887332657225	300	7.572140202525865	0.0	160746	1468.9641276373038	0.004705182	0.7889031058067872
11237.138735210985	300	7.877836047122217	0.0	179801	2194.3041554036486	0.004705182	0.754113953605767
11240.811769421254	300	7.519868150716436	0.0	140051	1857.967896405781	0.004705182	0.7435485987227303
11243.672677160574	300	7.966947428437577	0.0	138313	1552.920722278859	0.004705182	0.8292550495947704
11247.990499817393	300	7.649124771617695	0.0	143509	2817.8226568198816	0.004705182	0.663522684867286
11252.610363019026	300	7.029261569984967	0.0	150616	4619.863201632728	0.004705182	0.40678293539203536
11257.633115946166	300	6.006508642845183	0.0	165384	5022.752927139784	0.004705182	0.24021270291240737
11261.668106343142	300	5.971518245868237	0.0	140881	4034.9903969769443	0.004705182	0.33466862469481384
11266.290812154415	300	5.348812434594821	0.0	157671	4622.705811273417	0.004705182	0.19901040582237373
11271.026057242949	300	4.613567346062201	0.0	157812	4735.24508853262	0.004705182	0.09697436085909905
11273.902009306616	300	5.7376152823954545	0.0	163927	2875.9520636667467	0.004705182	0.42169201178643134
11275.983096581023	300	7.535731212433457	0.0	137654	1201.8840699619986	0.004705182	0.8111156239354146
11277.553585849892	300	7.8300881277708525	0.0	146754	1205.6430846626042	0.004705182	0.8470845337596628
11280.307448152662	300	7.555580106640147	0.0	153938	1274.5080211307056	0.004705182	0.806304009747254
11283.053391530717	300	7.867285572981247	0.0	181901	2688.2945336589	0.004705182	0.7034122285602746
11284.676811670044	300	7.549399920515914	0.0	111155	817.885652465333	0.004705182	0.8512031672134263
11286.476861968207	300	7.922141981365228	0.0	153605	1127.2579391506858	0.004705182	0.8662891136671472
11287.672724550852	300	7.9256069365493715	0.0	149029	996.5350448158557	0.004705182	0.8797892277439432
11288.938776297276	300	7.887244798751832	0.0	157421	1038.3621377975405	0.004705182	0.870869871924324
11290.34661991649	300	7.802167750458084	0.0	157488	1085.0770482937469	0.004705182	0.8556937550120194
11291.9352356871	300	7.829243198613327	0.0	143881	972.9245518447578	0.0047099497	0.8702520620224407
11292.981948762572	300	7.923732293761565	0.0	163444	905.5109048517637	0.0047306893	0.8886601760100875
11295.024333684585	300	7.508140846562968	0.0	179328	1415.591447198596	0.0047498797	0.786338250971151
11296.441569582781	300	7.862919715873152	0.0	159914	1145.2211306898182	0.0047983304	0.8571805081303445
11297.956481369578	300	7.961471196727209	0.0	131610	901.4485191459436	0.004828007	0.8937261091054897
11299.28029360644	300	7.626296655122311	0.0	124011	835.1745416048968	0.0049689813	0.8589688651863266
11300.539504663497	300	7.581009969220866	0.0	144254	1045.2866859014453	0.0053881453	0.8323660170376337
11302.151450171297	300	7.641999472399238	0.0	149991	939.0104968216286	0.0058465307	0.8505241265454737
11303.499125770772	300	7.609629087651767	0.0	147968	1032.3703847474708	0.006678896	0.8371913044397584
11305.498408184338	300	7.677640535732404	0.0	161857	931.9885519193618	0.007595368	0.85562699128898
11306.759922548916	300	7.710530241767054	0.0	145210	967.1102939653512	0.008776253	0.8561757719900421
11308.283870075365	300	7.940758504347661	0.0	172312	1269.7717374193937	0.010427289	0.8543363515370176
11309.586113845678	300	7.7417245232063925	0.0	167025	1199.0339811412687	0.012333952	0.8368350208608287
11311.390708560462	300	7.69603208889982	0.0	160064	1045.6924343065725	0.014248263	0.8465274432936852
11312.76923908205	300	7.831217982345115	0.0	137507	864.814106554704	0.017080681	0.8813069368755838
11314.53565109689	300	7.844870130441683	0.0	118421	1486.3478519034327	0.020053308	0.8208392191759275

