9352.106867448556	750	4.0	2.1451274043719923	450283	2145.1274043719923	0.004705182	-9.013441292944625
9352.673446638892	300	7.433420809663336	0.0	155580	566.5791903366634	0.6785367	0.2248632834393906
9362.959096059574	1850	4.0	2.852228611019923	877771	10285.64942068326	0.5654294	-14.359193836677107
9364.29178704993	300	6.667309009646044	0.0	155432	1332.6909903539552	0.007572242	-1.0254870418349624
9367.043217253646	300	7.801617486960378	0.0	163442	1365.6915226856672	0.20766231	0.6303914054989671
9369.124381058866	300	7.773904939165506	0.0	126289	1027.7125477948712	0.3206038	0.6615219382670302
9370.850223525837	300	7.677709305793134	0.0	153295	1596.1956333723729	0.6950737	0.5954146889336944
9373.453460314016	300	7.7359142474526275	0.0	173849	1441.795058340507	0.33170485	0.6164570392726225
9375.57418788491	300	7.921271369825834	0.0	150710	1314.6428776267921	0.18610176	0.647013094378073
9377.35984257666	300	7.716486418284126	0.0	139105	1704.7849515417065	0.63287926	0.5882880989644674
9379.487905511245	300	7.6128897399952695	0.0	141840	1103.5966782888581	0.023481358	0.6384356263960149
9382.903948318506	300	7.557101531263508	0.0	156148	2055.788208731761	0.60713845	0.5378467938505369
9385.582915672792	300	7.547745091433777	0.0	160746	2009.3564398297317	0.057971537	0.5415894026045703
9388.664642801854	300	7.946686965031424	0.0	179801	1601.0581264023529	0.043039784	0.6208178498828488
9390.97643110527	300	7.796127381404122	0.0	140051	1150.5595836273028	0.107551545	0.6513761704063653
9394.858476437877	750	7.8307190177935775	0.0	366214	2965.4083636105443	0.31238675	0.04728957818326612
9397.147043499699	300	7.609753966632343	0.0	143509	1220.965051161234	0.697103	0.17639696730216148
9398.555983685166	300	7.824084950728666	0.0	150616	1285.6690159036768	0.18753229	0.6405561755048671
9399.928651496482	300	7.5493866155515175	0.0	165384	1274.6983351771478	0.26598877	0.615213211661397
9402.370438292632	300	7.76747790309809	0.0	140881	1281.9087124534278	0.35964224	0.635483712159296
9404.399472351746	300	7.887899943987664	0.0	157671	1379.5779591104251	0.23200469	0.6373075479635195
9407.271432424728	300	7.936648005198686	0.0	157812	1451.2519387889786	0.15084782	0.6348322071697178
9410.827616438351	300	7.66390998443326	0.0	163927	1772.7380207654253	0.14067009	0.5764322495813762
9414.061031574938	300	7.748925436369345	0.0	137654	1414.9845480639144	0.033362284	0.6203904322556958
9415.456142184672	300	7.5855855068636595	0.0	146754	1163.3399295056872	0.03956513	0.6298332373110777
9417.778200189357	300	7.850441749235453	0.0	153938	1235.143757628206	0.12324901	0.6481455736191606
9419.943584185663	300	7.971206922160331	0.0	181901	1379.2348270751233	0.17293829	0.6453602539989561
9421.810458319495	300	7.590844487860493	0.0	111155	880.3624342998378	0.21078911	0.6586371698244096
9423.667372361842	300	7.795643263952084	0.0	153605	1295.2012239084088	0.23225002	0.6368654095145542
9425.091326774933	300	7.569522471126522	0.0	149029	1226.1207928255637	0.13704264	0.6220090652436746
9427.48430071785	300	7.596952271800036	0.0	157421	1472.5701993264865	0.12947893	0.6000042745777201
9429.30546276995	300	7.6815731650464585	0.0	157488	1415.3791067535774	0.0415425	0.6138682425097584
9431.49574922168	300	7.779321383353597	0.0	143881	1902.2517816928614	0.041452996	0.5745893538839371
9434.170246841135	300	7.601089975645643	0.0	163444	2178.231407707953	0.0072899396	0.5298364125119346
9436.55330104657	300	7.9076959403015445	0.0	179328	2193.3940353441	0.004802871	0.5578313278410006
9438.806146918116	300	7.64110303707276	0.0	159914	1766.5929032287852	0.004705182	0.5748515663196352
9441.397881591542	300	7.913362194520014	0.0	131610	1227.740842552746	0.004705182	0.6549420306306861
9444.109304456899	300	7.5496477007772045	0.0	124011	1363.7144937428095	0.006771234	0.6063367255592413
9447.135715104814	300	7.8902965911270275	0.0	144254	1659.3511096501772	0.004860185	0.6095609129637776
9449.920346318773	300	7.656510739279675	0.0	149991	2233.7858518473536	0.004705182	0.5296152805842889
9453.70453533853	300	7.624838910458082	0.0	147968	2031.6718288215923	0.004705182	0.5467782327958046
9456.830556108516	300	7.588087058931688	0.0	161857	3036.751851526395	0.004705182	0.442732822383743
9461.289550174717	300	7.1290929927297375	0.0	145210	4458.99406620195	0.004705182	0.25632989210870794
9467.694628972122	300	4.724014195323902	0.0	172312	6405.078797405835	0.004705182	-0.16977019206637722
9473.987883426022	300	4.0	1.5692402585761083	167025	6293.254453900011	0.004705182	-6.976008071809794
9479.650534213866	300	4.0	1.6626507878448047	160064	5662.650787844805	0.004705182	-7.3146129810596685
9483.549708573479	300	4.100825640387655	0.0	137507	3899.1743596123447	0.004705182	0.02083763379265885
9486.841374306981	300	4.8091599068861335	0.0	118421	3291.6657335015216	0.004705182	0.1497664873676316

