13016.523231614634	750	4.0	5.127185897414645	450283	5127.185897414644	0.004705182	-22.134498662332295
13018.416513115888	300	6.106718498746048	0.0	155580	1893.2815012539522	0.013591128	-0.03550357683367655
13020.559475018192	300	7.963756596441497	0.0	139857	1642.961902304551	0.017863518	0.6182704440237381
13023.619759413838	300	7.565328968055332	0.0	155432	1898.4276283861648	0.051048435	0.5543747521753675
13027.684861911292	300	7.500226470601892	0.0	163442	2065.10249745344	0.03577955	0.5314410747240987
13030.207192673024	300	7.882540736391875	0.0	126289	1617.6857342100168	0.011788318	0.6129809405349465
13031.643844568367	300	7.9965373787828575	0.0	153295	1386.003357609018	0.011309654	0.6471214866409811
13033.860585728564	300	7.863490957850121	0.0	173849	2133.0464209327356	0.061900668	0.5596113086839454
13036.403737569368	300	7.508762488179433	0.0	150710	1854.728469670689	0.016579902	0.5533000790495445
13040.175412943234	300	7.737087114312555	0.0	139105	1771.6753738668788	0.016412541	0.5835818975093969
13044.165909838439	300	7.6818880010619655	0.0	141840	1555.1991132505896	0.013929773	0.5999165451900462
13046.709971453609	300	7.942506103502507	0.0	156148	2239.3818975594577	0.02331555	0.5565830600179305
13048.264484139261	300	7.587589562281781	0.0	160746	1354.9165412207246	0.009331207	0.6108684687873673
13049.843828497314	300	7.972715464970937	0.0	179801	1114.874097310844	0.07766631	0.671941525962606
13052.99465997729	750	7.929534888754637	0.0	337059	2543.1805762163003	0.688244	0.09902349859140508
13056.332350820197	750	7.649514919181557	0.0	366214	2780.0199695730807	0.110189304	0.4983873138848569
13060.111090081713	750	7.870775657665629	0.0	360831	3278.739261515928	0.19161132	0.4698119862281504
13064.210035565282	750	7.554507964206347	0.0	372963	2816.2676934592814	0.550092	0.485618012388777
13069.362116526127	750	6.402427003360846	0.0	405596	5152.0809608455	0.4686596	0.14114756302380604
13071.836540899623	300	7.92800262986431	0.0	140881	2474.4243734965357	0.0106049385	0.08168283634143603
13075.556413807531	300	7.587657800135359	0.0	157671	2340.3448297289506	0.005197759	0.5123322079087365
13079.15699556906	300	7.987076038607209	0.0	157812	3600.58176152815	0.004705182	0.42475298133349015
13083.238263182297	300	7.90580842536925	0.0	163927	2581.2676132379584	0.004705182	0.5188622945601349
13087.338559166144	300	7.805512441521647	0.0	137654	3100.2959838476036	0.004705182	0.4573058532562489
13091.200278284256	300	7.943793323410235	0.0	146754	2861.719118111413	0.004705182	0.49447323436502444
13094.712654826897	300	7.534301296191861	0.0	153938	2909.4920272183736	0.004705182	0.45028186305202245
13098.690565667686	300	7.5563904554009875	0.0	181901	3477.910840790873	0.004705182	0.3955660887718794
13102.30531819697	300	7.94163792611831	0.0	111155	2114.7525292826786	0.004705182	0.5689624337700178
13105.736484050138	300	7.588828932682378	0.0	153605	2352.808993435932	0.004705182	0.5111985143978299
13109.355853237317	300	7.96945974550278	0.0	149029	3119.3691871795977	0.004705182	0.47117865021800154
13114.088527494187	300	7.2367854886339895	0.0	157421	4732.6742568687905	0.004705182	0.23932740011010434
13119.611798109667	300	5.713514873153209	0.0	157488	5523.27061548078	0.004705182	0.013651208803706405
13123.821008302933	300	5.504304679888194	0.0	143881	4209.210193265015	0.004705182	0.12492052837809953
13127.99277809289	300	5.332534889930504	0.0	163444	4171.76978995769	0.004705182	0.1121315281071179
13131.516529605518	300	5.808783377302885	0.0	179328	3523.751512627619	0.004705182	0.22277282260649867
13134.030441539317	300	7.294871443504882	0.0	159914	2513.911933798003	0.004705182	0.46679447263714474
13137.134054042004	300	7.8042224191162965	0.0	131610	1490.6490243885867	0.004705182	0.618146383056229
13139.465075565007	300	7.815193363264514	0.0	124011	1989.0290558517825	0.004705182	0.5693643459507733
13142.938700429939	300	7.649377102374392	0.0	144254	2165.8162608901225	0.004705182	0.5357256188916767
13146.834305605986	300	7.753771926327878	0.0	149991	3395.605176046514	0.004705182	0.42279484971150133
13151.049092238894	300	7.538985293419077	0.0	147968	3214.7866329088015	0.004705182	0.4202032426240484
13154.753494819563	300	7.834582712749477	0.0	161857	2704.4025806695995	0.004705182	0.4996932407430593
13158.143648586893	300	7.910807330916654	0.0	145210	1923.775381832824	0.004705182	0.5850926681311153
13160.338041378933	300	7.72180016114569	0.0	172312	1689.007169770965	0.004705182	0.5903773310269944
13163.132049415344	300	7.507488982573899	0.0	167025	1714.3111785717902	0.004705182	0.5672192317745649
13165.683382145431	300	7.571671079951222	0.0	160064	1935.8179026226774	0.004705182	0.5512461603440354
13169.003521974591	300	7.9443585646022985	0.0	137507	2627.3125153489236	0.004705182	0.5179682997586137
13173.381090478606	300	7.566790060587223	0.0	118421	2377.5685040150756	0.004705182	0.5066012964555879

