11845.207016708486	750	4.0	2.287148895543779	450283	2287.148895543779	0.007972335	0.26730497556190125
11846.23369198545	300	6.973324723036945	0.0	155580	1026.6752769630546	0.08753048	0.3091950983871107
11847.210564802093	300	7.591800334213279	0.0	139857	881.5243888236656	0.01336633	0.8500745537475979
11848.256677546138	300	7.736418142706298	0.0	155432	855.3821915069828	0.013883718	0.870545010875458
11849.290505128849	300	7.894869632419926	0.0	163442	841.5485102863722	0.015764605	0.8914926874709348
11851.29524020298	300	7.8836416935160685	0.0	126289	1011.2279389038578	0.017780282	0.8731384095192937
11852.985678578143	300	7.795176025897978	0.0	153295	1588.46566761809	0.013804262	0.8044916114764755
11856.552096306483	300	7.997953539351043	0.0	173849	2797.2224865469348	0.0128494585	0.7086532569816355
11859.639018798593	300	7.604089861741785	0.0	150710	2893.863677609259	0.012252157	0.6503580363367045
11862.860212298108	300	7.965022600285429	0.0	139105	2139.067261456355	0.01040483	0.7704027334638412
11867.196767671036	300	7.628467227357458	0.0	141840	4336.555372927971	0.0096333185	0.5090987867591124
11870.879730138562	300	7.945504759830292	0.0	156148	3182.9624675271652	0.007714507	0.6636033077678944
11874.70126105326	300	7.640561294038389	0.0	160746	2804.9434657919032	0.0068531344	0.6637532550157161
11878.597653166553	300	7.744169180745073	0.0	179801	2896.392113293316	0.005750344	0.6674010541873325
11881.766762002737	300	7.841104610502547	0.0	140051	1903.064570242526	0.005638429	0.7787026113935761
11885.146037140248	300	7.594489079366855	0.0	138313	1746.615531135692	0.0056927805	0.7638974240227323
11888.073710812005	300	7.8069821420276	0.0	143509	1787.5069373392541	0.0055927597	0.7860452082420807
11891.884676250831	300	7.996016703201011	0.0	150616	3810.965438826589	0.006233666	0.6070398168900265
11895.593261475884	300	7.957290134395844	0.0	165384	3038.7265688051684	0.005138684	0.6794820603772318
11899.943004549765	300	7.592347911279616	0.0	140881	3864.942223116227	0.005327734	0.5518003807059636
11903.780467818702	300	7.754884642341385	0.0	157671	3337.4632689382315	0.0050309775	0.6246169971594578
11907.899376738089	300	7.635975722954999	0.0	157812	3118.908919386385	0.0050716638	0.6317905204246971
11912.151340146238	300	7.384012314804553	0.0	163927	4251.963408150446	0.0051557994	0.48737466766393733
11915.966773948476	300	7.568578512566907	0.0	137654	3315.4338022376464	0.004710188	0.6038163696757883
11919.679199835235	300	7.856152625808049	0.0	146754	2712.425886758858	0.0047312304	0.6996244869710425
11921.391577771738	300	7.955461763824889	0.0	153938	1400.6908619831595	0.004705182	0.8430598786482781
11923.637164958975	300	7.668511736066086	0.0	181901	1286.9500277588036	0.0056374893	0.8190036933514062
11924.64253433195	300	7.880145605317494	0.0	111155	788.366130748593	0.007315687	0.8949929216386735
11926.799358329848	300	7.780235194480954	0.0	153605	1099.9104108365393	0.007947176	0.8515023641252306
11929.214129257667	300	7.891306566603174	0.0	149029	888.9286278777796	0.00880915	0.8863147371610363
11933.21890554647	300	7.501839558172342	0.0	157421	1889.4670084308325	0.010239152	0.7381726627191225
11936.377652811529	300	7.930120575328907	0.0	157488	1071.7189828434343	0.009435006	0.8728281415536286
11937.789649567632	300	7.727636338385211	0.0	143881	1202.4842369436944	0.0113742575	0.8347505001570613
11941.807819862666	300	7.508307354947983	0.0	163444	1719.3289834372283	0.012183446	0.7559850564560328
11944.951123713441	300	7.781076099858469	0.0	179328	2227.231255089515	0.011533432	0.7388741078951262
11947.447995577479	300	7.89067652268253	0.0	159914	890.3995771759388	0.010878866	0.8860898495033794
11949.554584529458	300	7.950618214123669	0.0	131610	1440.0583085588603	0.013370844	0.8385250916458097
11952.896878558693	300	7.532736440216509	0.0	124011	917.88177390716	0.011863302	0.8391460832877701
11956.672720684079	300	7.55702151468731	0.0	144254	2475.714925529199	0.011651035	0.6863612927156809
11959.124966422176	300	7.980962326566462	0.0	149991	2076.0591881208493	0.009978227	0.7786716492860373
11963.005149919092	300	7.908963762596315	0.0	147968	3071.9985639701454	0.009308139	0.6701879113104602
11966.976380655224	300	7.9377330264648265	0.0	161857	2971.2307361314884	0.008074876	0.6838168901253882
11970.76859240538	300	7.756335076425821	0.0	145210	2181.397950039004	0.0074550943	0.7404026169197411
11974.574457438572	300	7.950470043235357	0.0	172312	3305.865033190464	0.008240507	0.6519261242396925
11978.574858798036	300	7.950068683769685	0.0	167025	3500.401359465671	0.0064989734	0.6324229349913453
11980.802696984287	300	7.789689696530977	0.0	160064	2160.3789872387083	0.0064160596	0.7466228719348652
11982.204073120947	300	7.827731113206835	0.0	137507	961.9585833241417	0.00609726	0.8711619587974995
11983.43075392771	300	7.9540995484936285	0.0	118421	873.6315647132064	0.008688242	0.8955976130430858

