4477.401293323362	750	4.0	4.264022486880352	450283	4264.022486880352	0.018196981	-0.08919294636245378
4478.654874318957	300	6.746419004404097	0.0	155580	1253.5809955959026	0.11105491	-0.11882319085410165
4480.172662740259	300	7.586326453931424	0.0	139857	1160.0925504726724	0.008190763	0.39301986925367927
4484.3354962183785	300	7.423492975811083	0.0	155432	4162.833478120341	0.008520577	0.08256868410639112
4488.784447593104	300	6.974541601085669	0.0	163442	4448.951374725414	0.0072061988	0.02589743352554541
4492.0841227983165	300	7.674866395873967	0.0	126289	3299.6752052117013	0.0053088185	0.1845953501511854
4496.647365725727	300	7.111623468463155	0.0	153295	4563.242927410812	0.0049610212	0.023035894968098547
4500.727139756031	300	7.031849438159363	0.0	173849	4079.7740303037917	0.0051836977	0.06639690778481355
4503.77667809365	300	7.982311100539589	0.0	150710	2049.5383376197747	0.0050645843	0.3288243309519794
4506.401027875743	300	7.670991893113851	0.0	139105	1311.3192074257386	0.0047603687	0.3831887935072744
4509.778732989959	300	7.988654609039076	0.0	141840	1682.337284074775	0.0052650124	0.3659409055876973
4513.789785069546	300	7.977602529452252	0.0	156148	3011.052079586824	0.005037171	0.23237867106231586
4516.4210515339355	300	7.530179280721695	0.0	160746	1947.4232487305571	0.0047650784	0.31077760110228275
4518.371763195778	300	7.591745071929825	0.0	179801	1438.4342087918708	0.0050624683	0.36552436704665947
4520.430085294033	300	7.7787227493273825	0.0	140051	1813.0223226024418	0.006916816	0.33975166050294975
4522.693614703035	300	7.72460793745306	0.0	138313	2054.1148118743226	0.0062881834	0.3122602358336165
4525.425152162435	300	7.658546401416988	0.0	143509	1066.0615360360707	0.005429054	0.40693671741518717
4529.472181794462	300	7.611516769389353	0.0	150616	3047.0296320276357	0.006828611	0.20590055581430355
4532.692320820884	300	7.632700052923768	0.0	165384	2978.816716465584	0.005708839	0.21404580259140965
4534.416882160866	300	7.966080547460622	0.0	140881	1166.6195054631457	0.0052979877	0.41610180460020685
4538.467304794428	300	7.915657913899107	0.0	157671	2050.422633561516	0.005978966	0.3245700771927751
4542.105749725498	300	7.860617763454578	0.0	157812	2055.040150444529	0.006149497	0.32066831610169083
4545.681423943433	300	7.544482954200196	0.0	163927	1816.1348092543835	0.005471646	0.32480042464230646
4548.747963710944	300	7.980982770035091	0.0	137654	1563.5001841651047	0.0052670147	0.3773451256409152
4551.672208080059	300	7.940380415300015	0.0	146754	2040.6023547350758	0.00581762	0.3270972614129759
4554.919341464548	300	7.698634749295976	0.0	153938	1741.745666004039	0.005449633	0.3418738261608271
4557.393278316266	300	7.584360149228891	0.0	181901	1614.274600067086	0.005389492	0.3474787702503296
4559.770761456292	300	7.965449772041573	0.0	111155	1118.9103771873179	0.006488274	0.4208332939640991
4563.649319174201	300	7.510457275506686	0.0	153605	1454.9924965348876	0.0060699116	0.35878805099591166
4566.956924000624	300	7.638437486982323	0.0	149029	2372.0197885243624	0.0062556136	0.2750840850141914
4569.513083436382	300	7.548150278552112	0.0	157421	1590.2872084302107	0.0056490377	0.3476143924967185
4571.690580634332	300	7.907337788741141	0.0	157488	1640.8124898109702	0.0059601776	0.3650110837454569
4573.0511415041	300	7.575399712696637	0.0	143881	1331.9380760445033	0.0062665106	0.375152395369322
4574.73796880994	300	7.796297370808977	0.0	163444	1279.1023418876591	0.0066357413	0.3942420724170277
4579.5340847167045	300	7.0001814640445295	0.0	179328	4796.1159067644485	0.006982763	-0.007216528243429221
4583.868768161749	300	6.665498019000185	0.0	159914	4334.683445044344	0.00547552	0.018009002613309733
4587.302562290149	300	7.231703890600731	0.0	131610	3433.794128399454	0.0051677185	0.1434858012528329
4591.108450954369	300	7.425815226380164	0.0	124011	3805.8886642205675	0.004789346	0.11840830615693604
4594.786357289428	300	7.747908891320345	0.0	144254	3677.9063350598194	0.0050149793	0.1513373931317722
4597.622599660405	300	7.542844451412342	0.0	149991	2205.0644399080034	0.004741775	0.2858050551527036
4600.484089960795	300	7.712688314401658	0.0	147968	1330.1561370106851	0.0047428473	0.38391112687926765
4604.644651259241	300	7.5521270159557465	0.0	161857	2160.561298445911	0.005309417	0.2908355295828757
4607.607895631735	300	7.871452527270725	0.0	145210	2680.67448868502	0.0052765165	0.25878205501615087
4610.223275475405	300	7.865047594990723	0.0	172312	2006.4049322800022	0.0049586752	0.3258087023891525
4612.451815384333	300	7.500265110521452	0.0	167025	1364.7824844692716	0.005814721	0.36717204189089614
4615.282338550754	300	7.7268822395404495	0.0	160064	2273.3828709810027	0.008843917	0.2904755738034103
4617.834700713991	300	7.684271310441938	0.0	137507	2042.6109290985119	0.008421547	0.31088958492300245
4620.565636554634	300	7.768678902289679	0.0	118421	915.5924081522594	0.0075243143	0.4288669115081115

