625.7783545706887	750	4.0	4.127748728925795	450283	4127.748728925795	0.088527456	0.020625127107420538
630.1084381030649	750	4.0	0.33008353237607296	398865	4330.083532376073	0.586085	0.00039164676239267227
631.0458311646203	300	7.06260693844462	0.0	139857	937.3930615553796	0.50057054	0.14309921860820143
632.4665293153481	300	7.649870514959257	0.0	155432	912.7364234853625	0.056978974	0.6526762652312517
634.457022643412	300	7.653604681198587	0.0	163442	996.2658337606688	0.08294199	0.6446864718704957
636.6111962692588	750	7.553631596326821	0.0	318564	2099.9730848717672	0.085458085	0.11899336425560658
639.0271105458472	300	7.637774795270125	0.0	153295	1415.8568010566948	0.5176457	0.15118791873435022
642.4002487051432	300	7.786234453388013	0.0	173849	1851.5403418821127	0.048885096	0.5720572664037731
645.3228297071962	300	7.705742827718452	0.0	150710	2580.491625669562	0.048294704	0.49133432742866323
649.505053281958	300	7.523519252956705	0.0	139105	2182.2235747617474	0.044580895	0.5134398898738648
651.4212350854249	300	7.857584841095842	0.0	141840	1165.9344118608633	0.03919081	0.6475566846104844
653.0336528801514	300	7.541499610935534	0.0	156148	1316.0852301603088	0.04051859	0.6018023141474499
655.0014123044249	300	7.715786252581969	0.0	160746	1325.7133583535644	0.044281587	0.61778887722824
657.5013144348316	750	7.746858220338552	0.0	434409	1968.9280322434174	0.0437243	0.15088915870358252
658.2962541675207	300	7.644875336325724	0.0	140051	601.9828840128278	0.5156096	0.2332658380563939
659.3435964351196	300	7.582682598264349	0.0	138313	562.1927380613754	0.06455378	0.6811966088750704
660.0208821072007	300	7.5116145841925865	0.0	143509	571.0680140717636	0.07090331	0.6733977169055527
660.5420382963393	300	7.994145337727925	0.0	150616	517.469246464661	0.089402735	0.7256837094475747
661.3653222869119	300	7.9743467613286265	0.0	165384	519.7985763992979	0.10995608	0.7235253648992792
662.1700078087874	300	7.97874678377746	0.0	140881	495.59997755116706	0.11448131	0.7263731269672413
663.2858062888195	300	7.755390225323677	0.0	157671	723.356558453782	0.109042466	0.6818760435673494
664.5262980750608	300	7.7113653692420465	0.0	157812	1044.0248560816303	0.097356424	0.6455277965506261
665.1763139275388	300	7.649590831833001	0.0	163927	561.7745374090468	0.080992535	0.6877452546548547
665.921446797497	300	7.58614512113835	0.0	137654	563.4457106946512	0.10702015	0.6814080419612395
666.5746709571234	300	7.995376563706927	0.0	146754	590.7685574314245	0.09239984	0.7184735150773561
668.8113509745834	300	7.528264441924381	0.0	153938	1467.1121217825466	0.09169063	0.5854125047988914
670.1691712839662	300	7.56413823992174	0.0	181901	964.1262020026419	0.06845962	0.639199823632125
672.0953179659589	300	7.517911943115496	0.0	111155	546.226296806244	0.07119691	0.6764943067873576
674.5021533005676	300	7.699454482404375	0.0	153605	1318.4574607111213	0.06583909	0.6169262023427134
675.6713017436186	300	7.874069193327565	0.0	149029	825.38528907681	0.054017663	0.6832147001434248
677.4803012974954	300	7.546450926376405	0.0	157421	827.6182669511595	0.061256226	0.6511305258949895
678.656910119408	300	7.983837206882836	0.0	157488	1062.6137194935702	0.064058684	0.6701667964199988
679.4625793942714	300	7.753000091660673	0.0	143881	730.8371152221625	0.058348976	0.6808955473917842
680.6633225056472	300	7.735044654293415	0.0	163444	517.9554373672588	0.059917986	0.7004375488933088
681.9139088319223	300	7.976145266160071	0.0	179328	758.8993881333444	0.10371645	0.6997901883207325
682.9847495129354	300	7.751568413724424	0.0	159914	724.5768524356472	0.09319951	0.6813823429911356
684.0405367846935	300	7.6818067396341085	0.0	131610	569.7616740903162	0.08435465	0.6900795380203855
686.1906146108655	300	7.974780587381976	0.0	124011	707.0261522521322	0.10171044	0.7048447968976839
687.5409905738118	300	7.67611837586878	0.0	144254	1298.662211513197	0.08640736	0.6166362909019192
688.487176393032	300	7.558882346975235	0.0	149991	617.2360288935441	0.06882372	0.6733777053539872
689.4863150411088	300	7.938787913100183	0.0	147968	620.094433875053	0.094889805	0.7100376811614875
691.0168705482323	300	7.843032367139259	0.0	161857	1095.7555459609225	0.10521749	0.6531593431082008
692.4904647312011	300	7.548635241736247	0.0	145210	794.397125403013	0.08170767	0.6546650647185488
693.3609698499251	300	7.762981235157062	0.0	172312	785.6540065791843	0.08751953	0.6763845244611059
694.3952318588518	300	7.923275738766104	0.0	167025	839.705496390959	0.10594642	0.6865680159559077
695.1968209105926	300	7.894759407163681	0.0	160064	528.5163316024232	0.094230354	0.7149137191864257
696.0550339091232	300	7.522189306467521	0.0	137507	372.57010069616064	0.12933385	0.6942758999843504
696.8316113125344	300	7.611722029679125	0.0	118421	410.46727678839534	0.1894166	0.6991932397074554

