9031.491545485733	750	4.0	4.955564253110452	450283	4955.564253110451	0.021671752	0.000463439805233945
9034.593415682588	300	4.898129803144833	0.0	155580	3101.870196855167	0.004705182	-0.15455267917146392
9039.125484933058	300	4.366060552675044	0.0	139857	4532.06925046979	0.004705182	0.0867318075291274
9043.586043004725	300	4.0	0.09449751899309194	155432	4460.558071668135	0.004705182	0.0486847288796981
9047.788617412849	300	4.0	0.20257440812354435	163442	4202.574408123544	0.004705182	0.07448309523415725
9050.350253893419	300	5.4383635194307365	0.0	126289	2561.6364805692638	0.004705182	0.41617438260392925
9053.895002289028	300	5.893615123821788	0.0	153295	3544.7483956089477	0.004705182	0.37407397736281744
9058.069345491393	300	5.719271921455934	0.0	173849	4174.343202365854	0.004705182	0.28958800805964013
9061.783033494186	300	6.005583918662889	0.0	150710	3713.6880027930442	0.004705182	0.3710050178837587
9066.453161782456	300	5.335455630391578	0.0	139105	4670.128288271311	0.004705182	0.19261896796272188
9071.988856143598	300	4.0	0.20023873074991025	141840	5535.694361141488	0.004705182	-0.058828900067637135
9075.407199695472	300	4.5816564481259725	0.0	156148	3418.343551874027	0.004705182	0.22472441492717987
9078.057271963404	300	5.931584180193429	0.0	160746	2650.0722679325436	0.004705182	0.4682297021364847
9080.23381169985	300	7.755044443746576	0.0	179801	2176.5397364468536	0.004705182	0.7407290813937148
9082.712426104623	300	7.639652474976108	0.0	140051	2115.3919687704674	0.004705182	0.7325961910901233
9086.48221724704	300	7.7713681217676145	0.0	138313	2868.284353208494	0.004705182	0.6735701354618426
9088.735271012194	300	7.535594652845081	0.0	143509	1235.7734689225347	0.004705182	0.8077098227658139
9091.060224847044	300	7.521757831085044	0.0	150616	1513.8368217600364	0.004705182	0.7781950286364304
9093.405928281769	300	7.864464596468611	0.0	165384	1657.293234616432	0.004705182	0.8061640470993887
9095.85357723786	300	7.569845218477387	0.0	140881	1294.619377991225	0.004705182	0.8060542147017725
9098.59030317137	300	7.827997074121727	0.0	157671	2241.8481443556598	0.004705182	0.7432058413971596
9103.428649075075	300	6.989651170418343	0.0	157812	4838.3459037033845	0.004705182	0.38004389339558947
9107.108258516842	300	7.310041728650156	0.0	163927	3679.6094417681866	0.004705182	0.5354767745609339
9110.434154591368	300	7.984145654123551	0.0	137654	3325.8960745266045	0.004705182	0.6540810121870495
9114.449707487676	300	7.968592757815424	0.0	146754	3515.552896308127	0.004705182	0.6331949841568187
9118.573822051774	300	7.844478193717418	0.0	153938	3124.1145640980067	0.004705182	0.6570141547795461
9122.615700924132	300	7.747737044668087	0.0	181901	2096.7411490493314	0.004705182	0.7478066815938451
9125.511608052957	300	7.6723523989101485	0.0	111155	1575.3846457579373	0.004705182	0.7906344455381169
9129.172914244082	300	7.536960473381165	0.0	153605	1635.3919255289827	0.004705182	0.7679166175788912
9130.963302916101	300	7.804723327668787	0.0	149029	1732.2371457123782	0.004705182	0.7912932872759033
9132.893960182897	300	7.5284705049256155	0.0	157421	1276.2528227431733	0.004705182	0.8027822552152007
9134.807016736959	300	7.794144392921284	0.0	157488	1234.3261120043321	0.004705182	0.8397781893412208
9136.220283163104	300	7.676876362376417	0.0	143881	1117.2680305448657	0.004705182	0.8370046894806844
9140.417687963027	300	7.479471562452897	0.0	163444	4197.40479992352	0.004705182	0.5046170643595821
9142.985796254734	300	7.7971190763613745	0.0	179328	1682.3524860915243	0.004714241	0.7953428417859317
9144.128869368486	300	7.743460431792935	0.0	159914	1053.6586445684388	0.0047391523	0.8515868904712173
9146.497655106246	300	7.958774778504481	0.0	131610	784.6856532884551	0.0047460655	0.9050694637763784
9147.730027380685	300	7.54963872652172	0.0	124011	909.1360519827613	0.0048256237	0.8421076130959368
9148.824904157893	300	7.643818430144936	0.0	144254	905.8202963767828	0.004954916	0.8540677367815763
9150.581341832472	300	7.920127857272227	0.0	149991	1223.6905728727083	0.0055668564	0.8563971625411698
9152.791094442913	300	7.746625026403608	0.0	147968	1173.5028308686194	0.0059139794	0.8399932103900662
9154.261119472676	300	7.674737463308793	0.0	161857	1071.887563094815	0.005830774	0.8412786422671653
9158.100345370995	300	7.835511564990247	0.0	145210	1339.2258983185463	0.007806464	0.8343958945598708
9162.237472808778	300	7.698384127207101	0.0	172312	3637.1274377831473	0.009411267	0.5876743536141009
9166.079738963637	300	7.856117972347587	0.0	167025	2342.266154859513	0.009893588	0.7366361814319391
9168.268438758028	300	7.680146463467076	0.0	160064	2175.9715088805115	0.009008569	0.7315381072828517
9171.355738319031	300	7.782860892221759	0.0	137507	2897.2855712453165	0.00970093	0.6720890480060571
9174.573050697407	300	7.804211626411812	0.0	118421	1478.649265809947	0.011368538	0.816588894533319

