1134.7983166650451	750	4.0	3.478694088168143	450283	3478.694088168143	0.021093166	0.14815045629946483
1136.0034438327632	300	6.794872832282032	0.0	155580	1205.1271677179675	0.004705182	0.26931611307086917
1137.271651402257	300	7.987679694553293	0.0	139857	807.1931377287391	0.004705182	0.9063876605975487
1138.566144882877	300	7.930940146300687	0.0	155432	1056.7395482526053	0.004705182	0.8744272790080267
1141.480858198697	300	7.812460445024473	0.0	163442	1118.4797012762133	0.004705182	0.8536243483966631
1143.229404234739	300	7.71630419137525	0.0	126289	1096.1562536492233	0.004705182	0.8439840966224575
1147.4044674378297	300	7.541240988284659	0.0	153295	2175.06320309059	0.004705182	0.7144780131843496
1151.0077492660062	300	7.937959160108283	0.0	173849	3103.2818281763766	0.004705182	0.6706397020743375
1153.7751188589255	300	7.584641832428527	0.0	150710	2353.3173276797556	0.004705182	0.7020113859559909
1157.3109258573757	300	7.738764461073352	0.0	139105	1845.8773713551757	0.004705182	0.7717851973067527
1161.1045439976763	300	7.945146320772614	0.0	141840	3293.618140300737	0.004705182	0.6524934833345711
1165.0137635175327	300	7.632310463592126	0.0	156148	2312.8358571804865	0.004705182	0.7119452700619445
1167.964989796114	300	7.879889069839584	0.0	160746	2252.421393752541	0.004705182	0.7485557204121972
1169.4569789478483	300	7.743297007886758	0.0	179801	1136.5920619528254	0.004705182	0.8432733704705347
1173.3867826190306	300	7.813493336704574	0.0	140051	1429.8036711821833	0.004705182	0.8226194845172135
1176.911891736442	300	7.578539072680552	0.0	138313	2234.9542640240215	0.004705182	0.7130941729039538
1179.3132034518317	300	7.892960727479483	0.0	143509	1685.5783452010694	0.004705182	0.8068540078356878
1180.9621913117578	300	7.611333506460782	0.0	150616	1281.627221018701	0.004705182	0.8124760686626855
1184.761733348395	300	7.81179146982366	0.0	165384	2799.542036637122	0.004705182	0.6854355152131129
1186.3437816850233	300	7.839218577281667	0.0	140881	1472.572892541993	0.004705182	0.8215189070348088
1188.9611288009614	300	7.900282760455861	0.0	157671	1438.9358168258057	0.004705182	0.8324223260881956
1190.7481919898137	300	7.98595676313583	0.0	157812	1414.3259973200313	0.004705182	0.845461641001199
1192.1960840040615	300	7.708379423278024	0.0	163927	1277.5773398578067	0.004705182	0.8248635017285157
1194.3750848364446	300	7.714036296631624	0.0	137654	1494.3431266463992	0.004705182	0.8038853880213958
1197.063011424767	300	7.7974018553388085	0.0	146754	1416.6344412928154	0.004705182	0.8219495615269612
1199.1947609402655	300	7.747173247404136	0.0	153938	1550.2286079346723	0.004705182	0.8023883225788688
1201.5805661470124	300	7.575031078912767	0.0	181901	1672.1421684913698	0.004705182	0.7689422437576725
1202.6841734299437	300	7.995058927574793	0.0	111155	1079.9721513379736	0.004705182	0.880020887250573
1206.9926390404285	300	7.68659331708986	0.0	153605	1308.4656104849325	0.004705182	0.8190847024688225
1209.7783113019411	300	7.644807543372735	0.0	149029	1541.7857737171255	0.004705182	0.7905933167494574
1212.8480501684267	300	7.7218813255276695	0.0	157421	1922.9262178450651	0.004705182	0.7619957196229417
1215.7577925876265	300	7.53041645924793	0.0	157488	1691.464866279739	0.004705182	0.7615013215633581
1217.6372764175426	300	7.509813344250058	0.0	143881	1520.603114997871	0.004705182	0.7760435906793002
1221.6093722368141	300	7.537717524978374	0.0	163444	1972.095819271684	0.004710784	0.7343397028131897
1225.5723838178978	300	7.574705943894631	0.0	179328	1963.0115810837426	0.00472914	0.7398151574559252
1227.2235429072455	300	7.751120480857604	0.0	159914	1323.585463037026	0.0047436818	0.8255400095322171
1229.1289579126396	300	7.547199791315819	0.0	131610	1203.9206895417854	0.0047603687	0.8123280093456983
1231.6144245336748	300	7.700213557724534	0.0	124011	1346.986233591286	0.0047872458	0.8169143573180604
1233.7935222383046	300	7.894904894131374	0.0	144254	1305.3086635931586	0.0048278878	0.8451210259712065
1237.1516871966246	300	7.7227169499896995	0.0	149991	1672.1879441416756	0.004879135	0.7871727231437392
1239.9076591979097	300	7.857719494436411	0.0	147968	1864.9974555532879	0.0051578106	0.7845607943577797
1242.3278350614708	300	7.878118883521674	0.0	161857	1479.600610914736	0.0053975256	0.825619230405824
1244.684529149665	300	7.7350593652477215	0.0	145210	1143.0595182739526	0.005823357	0.8416095073472887
1248.4480396192887	300	7.640121444396203	0.0	172312	2094.937920851519	0.0070122816	0.7346995004332215
1251.9184299664805	300	7.5942125256861495	0.0	167025	2045.9089187100542	0.008103721	0.7339339386534305
1254.8928757040994	300	7.679230466617719	0.0	160064	2414.982059068431	0.008633395	0.7075239523812258
1256.6501399866938	300	7.725330107595732	0.0	137507	953.9003590219874	0.009183778	0.8593241332229887
1257.9908409343195	300	7.911661600069194	0.0	118421	1313.668507526538	0.011444369	0.8463540241072114

