3560.4128060652347	750	4.0	5.84241140162946	450283	5842.41140162946	0.73080003	-0.15084114016294592
3562.146086810966	300	6.266719254268797	0.0	155580	1733.2807457312028	0.5267086	-0.013889627095479778
3564.5343549534373	300	7.565431185188647	0.0	139857	1201.2880690801505	0.054250143	0.6156093758515808
3566.6566051192867	300	7.802796143734529	0.0	155432	1262.6350414541164	0.050852347	0.6325584208327714
3568.8609368424986	300	7.655437901525991	0.0	163442	1147.358242208539	0.0734759	0.6297555117025487
3569.8768051258353	300	7.8409905433095535	0.0	126289	814.4473582164375	0.073520035	0.6810915945152103
3572.0980333665552	300	7.791086885509507	0.0	153295	1049.9036578000478	0.06933825	0.6526928338357948
3573.479787040895	300	7.570872292099588	0.0	173849	1220.2145934099185	0.06302547	0.6142458710656931
3575.265317861696	300	7.613876403064081	0.0	150710	956.9958890355068	0.06981228	0.6447498912944313
3578.0184764960304	300	7.656564508879634	0.0	139105	957.3118941844485	0.06678386	0.6488697090700996
3579.490910902799	300	7.698270751870361	0.0	141840	1458.2937570092731	0.06633831	0.6028274549184653
3583.2020189516115	300	7.6147869998936075	0.0	156148	2583.483751976754	0.05796785	0.482189660541978
3586.9519924854662	300	7.8648134660387985	0.0	160746	2249.973533854809	0.048803687	0.5398557561867923
3590.9065879523378	300	7.861314657498451	0.0	179801	2503.4988085403475	0.041020513	0.5141629695876897
3594.8594177905516	300	7.908484819284593	0.0	140051	2952.829838213858	0.036526375	0.47381716485404085
3597.5542840998087	300	7.748014970128516	0.0	138313	2660.4698491560775	0.030193742	0.48744747092939045
3599.820718769618	300	7.676995784224662	0.0	143509	1571.0191859038541	0.025358714	0.5894859214254631
3602.1322538321897	300	7.793936028241125	0.0	150616	1383.0597559835362	0.02565249	0.6196543031480959
3604.9912506390024	300	7.893675297229253	0.0	165384	1900.260731011872	0.028959334	0.5776338495543576
3607.7294368010894	300	7.973950244535861	0.0	140881	1419.725052693391	0.028147992	0.6334941560117734
3609.21650528992	300	7.7796465023671955	0.0	157671	1194.3037421686663	0.028374016	0.6371402481383431
3610.2607350337316	300	7.818914046692862	0.0	157812	960.732455674334	0.033828016	0.6643161454734475
3611.984378567018	300	7.723840909817925	0.0	163927	1095.073136874937	0.04312795	0.6416362147922996
3613.0107922749758	300	7.794919316044808	0.0	137654	928.9215937731177	0.044716384	0.6651637441080459
3615.065848006037	300	7.546137488556489	0.0	146754	748.7818274883192	0.044939056	0.6589836880132867
3616.9435622132696	300	7.555417374876841	0.0	153938	990.720113679648	0.05638507	0.635692328338808
3619.064826428576	300	7.593282247100084	0.0	181901	1462.1351277767576	0.052144263	0.5922331857528074
3620.663876225663	300	7.758321844821267	0.0	111155	834.960402278817	0.048522137	0.6710007591809866
3623.667649468672	300	7.968479925220803	0.0	153605	1289.8419196004625	0.04614848	0.645950480767677
3624.621168087895	300	7.598686358813636	0.0	149029	869.7935664071672	0.04637529	0.6519928917539094
3626.942994859973	300	7.924635513182664	0.0	157421	1674.0508456309717	0.052074812	0.603265719093917
3628.4969820286256	300	7.716529858579906	0.0	157488	1208.1056546027578	0.04371768	0.6296219632866201
3629.948981539967	300	7.858470874433806	0.0	143881	858.058984146101	0.045543224	0.6784303941240776
3632.4597383537966	300	7.6000627406168135	0.0	163444	1258.408133816993	0.05003483	0.6132652881432858
3634.044871417701	300	7.8536704676711455	0.0	179328	1246.3922729456688	0.04816182	0.6391302256864521
3635.251209179415	300	7.709872025293247	0.0	159914	1143.7984423778985	0.050264437	0.6354052102219785
3637.0289443330485	300	7.992274055644563	0.0	131610	1217.5979696486843	0.049387764	0.6554888549465654
3639.3817394334837	300	7.650945125919381	0.0	124011	1341.328929725181	0.04787998	0.6099215205231416
3641.8650446452593	300	7.615025614886749	0.0	144254	2035.9195110326318	0.043070477	0.5369692899444731
3643.690622393487	300	7.710929639144156	0.0	149991	904.0959757425918	0.04162534	0.6594783098325101
3645.2372412964314	300	7.75836104991458	0.0	147968	952.5685892295769	0.05222683	0.6592437531812353
3646.8042614779083	300	7.706876140033891	0.0	161857	1051.4849098806885	0.05283238	0.6443452136302271
3647.755114169777	300	7.814217439397253	0.0	145210	892.6587006366386	0.05786276	0.6706667759177191
3648.8993500946985	300	7.691196391052555	0.0	172312	1123.0210483446976	0.06258704	0.6356667441953913
3650.3744720807695	300	7.949242931805337	0.0	167025	1241.95345924722	0.06412906	0.648868529193347
3654.8077681402197	300	7.515946872355009	0.0	160064	1933.2960594503286	0.06126474	0.5375962273914918
3658.6828703540277	300	7.6408446585465315	0.0	137507	2375.102213808477	0.05238726	0.5055619216628026
3662.7394119065407	300	7.5843031060334685	0.0	118421	2056.541552513062	0.047692254	0.5319193218104485

