4615.869900495712	750	4.0	2.288238812003366	450283	2288.238812003366	0.009923045	0.26719598391594246
4616.988602532479	300	6.8812979632329325	0.0	155580	1118.7020367670673	0.08745459	0.28862970237252983
4618.25781697739	300	7.855161141322627	0.0	139857	1026.136821910304	0.01250121	0.8681309729702689
4619.394357230267	300	7.83842985497454	0.0	155432	1016.731286348087	0.012316839	0.8670056826025071
4620.476799283222	300	7.547113330861088	0.0	163442	791.3165241134509	0.01387131	0.8535777504508304
4621.48774742222	300	7.537202011483014	0.0	126289	509.91131937807404	0.017601766	0.8804945013653591
4622.684325227404	300	7.629431537751645	0.0	153295	907.7704737313692	0.018210405	0.8520963419273864
4623.858681264592	300	7.51665718968359	0.0	173849	612.7743480680551	0.016803714	0.8676714900568143
4625.123411909141	300	7.910082678568353	0.0	150710	1106.5745111152366	0.024411567	0.8668684712909452
4626.229165729094	300	7.766283840059525	0.0	139105	643.7988385088281	0.018477986	0.8953909209456226
4627.273502708588	300	7.535092864884715	0.0	141840	731.1909751748093	0.021298604	0.8581061154214505
4628.64401483837	300	7.696409821253319	0.0	156148	838.6830436313958	0.021809053	0.8672750216973026
4629.601624820713	300	7.553519387456945	0.0	160746	642.8904337963728	0.020865798	0.869211327542012
4631.476607791268	300	7.888387647852398	0.0	179801	1165.131739604547	0.025179647	0.8583340215077692
4632.603309763872	300	7.804962238876027	0.0	140051	583.4254089763706	0.019007474	0.9062039597731796
4633.27199336124	300	7.912258760155837	0.0	138313	392.70347872018937	0.023889765	0.9385242594858129
4634.420411046592	300	7.701039962453542	0.0	143509	711.218797702294	0.030240253	0.8805931386793493
4635.498052029375	300	7.560818943536691	0.0	150616	640.2210189168513	0.023956947	0.8703795591795314
4637.0778244097255	300	7.67964275434472	0.0	165384	881.176189191971	0.024576508	0.8609554453230249
4638.721559163057	300	7.747073396958403	0.0	140881	932.5693573863175	0.022090381	0.8641419189082058
4640.549143057137	300	7.503864166990275	0.0	157671	743.2092299681287	0.021448303	0.8530484228882074
4641.954507670363	300	7.758369235334787	0.0	157812	1245.494931655488	0.022040542	0.8342440802489117
4643.219695399778	300	7.715710163711414	0.0	163927	1042.6590716233736	0.018848006	0.8492604690933107
4643.994675509393	300	7.524484437800002	0.0	137654	691.2257259114132	0.020001054	0.8607927975670239
4645.029237324405	300	7.794080688795946	0.0	146754	730.4037490040556	0.018037228	0.8901625599710589
4646.25092474935	300	7.605316071326801	0.0	153938	688.7646174691466	0.018128151	0.8710193447933036
4647.119716510952	300	7.837381532364578	0.0	181901	767.9345389622235	0.018395815	0.8917559189435244
4647.792645264269	300	7.901345872025326	0.0	111155	436.03566033925114	0.019605547	0.9328436061555339
4649.064613383547	300	7.803808277375119	0.0	153605	597.5375946502071	0.02179574	0.9046502593723275
4650.934525750694	300	7.526067370615972	0.0	149029	777.7409067591477	0.022020735	0.8523367272243972
4653.389540128083	300	7.629645959615257	0.0	157421	896.4214110007159	0.021308206	0.8532577232780336
4654.887042253465	300	7.830191299118458	0.0	157488	1299.4546604967984	0.021244464	0.8377161149398474
4656.539386936564	300	7.958042790510997	0.0	143881	872.1485086074598	0.018834	0.8962327982869953
4657.820838284395	300	7.567415179841846	0.0	163444	890.6276106691505	0.019672612	0.8461533499162008
4658.700868694526	300	7.867811762356685	0.0	179328	699.6034174851615	0.019998787	0.9023463097861709
4659.851681329883	300	7.767619012501793	0.0	159914	600.1927498548926	0.023720555	0.8999163861059802
4660.804163209687	300	7.6566880103502175	0.0	131610	610.9310021515754	0.026890554	0.8851456978851153
4662.009398229084	300	7.839845910978304	0.0	124011	816.842099371915	0.021299478	0.8871694444431161
4662.6799755644615	300	7.70875377480208	0.0	144254	631.0921361762222	0.019635769	0.8895582439952966
4664.624951564194	300	7.846008370036587	0.0	149991	862.7454047654949	0.023079261	0.8833400045093872
4666.040855758041	300	7.904171556096171	0.0	147968	941.8368139404143	0.023549419	0.8826123834117655
4666.989222050831	300	7.627022099654696	0.0	161857	777.1494564414761	0.02177481	0.8648609457264951
4667.824368904146	300	7.980056995671354	0.0	145210	646.9651039833421	0.026126401	0.9214692747627237
4668.962977509746	300	7.754843648536938	0.0	172312	725.2133471344147	0.027232995	0.8858369277564038
4669.787653312351	300	7.959203304968149	0.0	167025	795.6403435687886	0.02941367	0.9040269057303709
4670.6693599249675	300	7.607867737677388	0.0	160064	851.3355672907602	0.025878482	0.855077308935511
4671.90376754272	300	7.500849537464037	0.0	137507	1107.0182002133506	0.027380943	0.8162953037906017
4672.943525037072	300	7.779665475057444	0.0	118421	721.1840624065932	0.021734778	0.889304654621416

