7227.780488881376	750	4.0	2.54228302815134	450283	2542.28302815134	0.0068893917	0.24179156230114507
7228.619909707951	300	7.160579173426026	0.0	155580	839.4208265739742	0.072667964	0.3510412085396949
7229.931898035191	300	7.525436984853442	0.0	139857	635.1421885725827	0.015072844	0.8665187641073415
7230.926702055682	300	7.586458034407386	0.0	155432	938.9789504460568	0.016831981	0.8436694736111767
7231.829072307408	300	7.778185414966167	0.0	163442	808.2726194412189	0.015888458	0.8804130530678685
7232.865894696381	300	7.641823036622238	0.0	126289	636.3623783439278	0.01869447	0.8807671535304242
7236.571327191353	300	7.54933681830079	0.0	153295	1092.4862183214486	0.017198488	0.8237353192766304
7240.4548163567815	300	7.665847652872169	0.0	173849	3883.4891654286203	0.0166011	0.5590208401374126
7244.535706193579	300	7.584957816075024	0.0	150710	3580.889836797146	0.0134437615	0.5792931501494035
7248.588183642712	300	7.532480366942673	0.0	139105	3052.477449132351	0.011200093	0.6256548979083902
7251.983147293801	300	7.834899934001969	0.0	141840	2197.5804329407047	0.009869467	0.7484849218497882
7253.598276762247	300	7.986026785003638	0.0	156148	1348.873148998331	0.008909746	0.8520155715673041
7256.4282715983245	300	7.554157512389025	0.0	160746	1931.869272614613	0.010016106	0.7403922341659659
7259.17331698257	300	7.865697578147189	0.0	179801	1688.459934241838	0.0079438	0.8031996157427794
7261.542553840891	300	7.864371926439178	0.0	140051	1001.3256517080094	0.0080672	0.8717493632444654
7264.062253963363	300	7.628477463758926	0.0	138313	1235.8944626802524	0.008365805	0.8191661416919505
7266.427992538487	300	7.602510953643217	0.0	143509	1025.9665101157084	0.008712929	0.8369528022834677
7268.169920865201	300	7.901432784640747	0.0	150616	1701.0781690024694	0.010220288	0.8063500865560584
7271.2050470777085	300	7.64429484784181	0.0	165384	1257.1379367989375	0.009183117	0.8189947969435426
7273.283437748893	300	7.809093549954454	0.0	140881	1335.2012978873554	0.011105258	0.8315364717620669
7274.515212732137	300	7.624800768830821	0.0	157671	1184.2927811236339	0.010420114	0.8238723412931601
7276.539746023104	300	7.8462752244072105	0.0	157812	1278.5255444236107	0.011206428	0.8417949395630757
7279.3529430052295	300	7.957680668616845	0.0	163927	1388.594555790366	0.011646975	0.8445434816858757
7282.737267814804	300	7.632819410197018	0.0	137654	1324.8612584198263	0.011008124	0.810805570548677
7286.604969283994	300	7.765117941006803	0.0	146754	1367.7014691902139	0.010854966	0.8228567020916624
7288.382134756244	300	7.885117715053835	0.0	153938	1380.0002259529692	0.010025514	0.8364434280165418
7290.166136750606	300	7.811699426922027	0.0	181901	1573.4182881318095	0.010480164	0.8080365253505474
7291.453748956216	300	7.643185143731393	0.0	111155	668.5142831906336	0.0107938	0.8777201450155508
7292.925310632359	300	7.641953300370354	0.0	153605	1001.2318433610387	0.012116289	0.8442962909428224
7294.9127421673165	300	7.80340236828195	0.0	149029	1838.5509320884053	0.012088493	0.7804988072564729
7295.839793902878	300	7.684316863935681	0.0	157421	619.0855043462693	0.010554226	0.8877416350580256
7296.382279796032	300	7.6420570424664875	0.0	157488	542.2598214691936	0.01534413	0.8902063023670234
7297.5950247860155	300	7.6357975688171225	0.0	143881	506.2594736493644	0.018374009	0.8930334679662758
7298.732852331364	300	7.985126573310623	0.0	163444	650.6709955064991	0.021294042	0.9217246360570959
7300.514931057453	300	7.502665409185951	0.0	179328	982.4611641246718	0.021634419	0.828975216553829
7302.595703013368	300	7.932088226211493	0.0	159914	1570.5771829744579	0.020272098	0.8231852711581316
7304.822763069283	300	7.58365565622402	0.0	131610	1848.4325699874737	0.019144185	0.7523780966631867
7306.637852287939	300	7.755424737859725	0.0	124011	828.2309183642968	0.01473992	0.8756069188434334
7309.879993892169	300	7.5977830758902405	0.0	144254	1657.6416619694849	0.019808322	0.7732015269898638
7312.779918186248	300	7.860070938481669	0.0	149991	2237.7121374085705	0.016809601	0.7475796634656561
7314.262250420004	300	7.650010909438512	0.0	147968	1210.0600290431582	0.01359192	0.8244083607764332
7317.040763656288	300	7.9618904126533945	0.0	161857	1188.1204967851172	0.012834532	0.8651106727337289
7318.818266963185	300	7.973335109953678	0.0	145210	988.5553026997165	0.012669277	0.8864802908059185
7319.954907656657	300	7.6344887653160916	0.0	172312	838.846344637586	0.012942737	0.8596131803960946
7321.583754440432	300	7.868962485846085	0.0	167025	765.5262794700078	0.014645095	0.8958961056176812
7323.491467705173	300	7.531766129628354	0.0	160064	1337.1963562177316	0.017824182	0.7970948189526743
7324.324432872459	300	7.9605420237468385	0.0	137507	571.2241058815134	0.015175495	0.9266338236670029
7325.254341193135	300	7.6464583371106	0.0	118421	814.0836866362391	0.021363733	0.8635673521175034

