344.62368847346374	750	4.0	2.566216384271528	450283	2566.216384271528	0.027650941	-10.860311847716408
345.5335297771038	300	7.0901586963599605	0.0	155580	909.8413036400393	0.14690793	-0.3802325581395349
347.60319251590005	750	7.658356185222619	0.0	350812	1431.802511137342	0.6967639	-0.2755813953488372
349.5034169572972	750	7.84217409742852	0.0	382355	1316.182087794099	0.102700934	0.1744186046511628
351.4497312444308	750	7.941038063883242	0.0	411561	1401.136033545279	0.06963332	0.1744186046511628
352.77816238759135	750	7.919411585747059	0.0	318564	1021.6264781361826	0.046631034	0.1744186046511628
354.8368128164301	750	7.593488737189917	0.0	352642	1325.922848557143	0.04871709	0.1744186046511628
357.3341363724459	750	7.556190739822812	0.0	437162	2037.297997367105	0.04443116	0.1744186046511628
359.51809317874176	750	7.509225135049252	0.0	374758	1546.9656047735602	0.04646751	0.1744186046511628
361.5166754207501	750	7.558429595756228	0.0	362795	1450.7955392930226	0.04696643	0.1744186046511628
362.9890435318837	750	7.7061388676970966	0.0	353220	1352.290728059131	0.049027514	0.1744186046511628
365.55181047895803	750	7.6847940952471525	0.0	405134	2021.3447724499435	0.04810536	0.1744186046511628
368.6555657561626	750	7.788627615457037	0.0	386351	2396.1664797901162	0.04398858	0.1744186046511628
371.3855879798524	750	7.527410864169396	0.0	434409	2261.2167512876395	0.042105135	0.1744186046511628
374.4657474826882	750	7.566733839402587	0.0	337059	1960.6770247668107	0.04559048	0.1744186046511628
379.18022047802083	750	6.8522608440699235	0.0	366214	4714.472995332663	0.052980416	0.1744186046511628
383.17197440711743	750	6.860506914973385	0.0	360831	3991.753929096538	0.22792481	0.1744186046511628
384.5957690155727	300	7.651464350144806	0.0	150616	1209.0425648285789	0.35600212	-0.3802325581395349
388.5361700575768	750	7.711063308140738	0.0	405596	3940.401042004069	0.50098324	-0.2755813953488372
392.8459849292076	750	7.401248436509953	0.0	350713	4309.814871630784	0.36063844	0.1744186046511628
396.8046247311693	750	7.442608634548227	0.0	386472	3958.6398019617263	0.43227407	0.1744186046511628
400.6466076852317	750	7.600625680485897	0.0	399894	2841.982954062331	0.49580485	0.1744186046511628
403.2680057238833	750	7.537721955852916	0.0	401853	2562.9037246329804	0.527216	0.1744186046511628
405.2752104463066	750	7.743366780250581	0.0	343800	1794.3551756023348	0.31657916	0.1744186046511628
407.8439794854054	750	7.505407053161644	0.0	359903	1737.9597270889374	0.16464779	0.1744186046511628
409.65491503313143	750	7.570343963903568	0.0	379700	1435.063089258075	0.08492934	0.1744186046511628
413.3874293498822	750	7.572022944162139	0.0	425781	2498.321019741428	0.04596502	0.1744186046511628
415.42996285313137	750	7.8628528555922825	0.0	277716	1709.170088569857	0.053766623	0.1744186046511628
418.8203529834697	750	7.8643395497627075	0.0	400396	2498.513305829574	0.04722554	0.1744186046511628
421.6084192833356	750	7.711244850584182	0.0	400508	2653.094699178525	0.04858511	0.1744186046511628
427.33642136547803	750	5.983242768441811	0.0	358218	5728.00208214237	0.07787413	0.1744186046511628
431.322948555668	750	5.996715578251831	0.0	400322	3986.52719018998	0.6862383	0.1744186046511628
432.6880547446176	300	7.853912815286885	0.0	143881	1142.802762964946	0.63794196	-0.3802325581395349
433.9806074414383	300	7.723788232368861	0.0	163444	1130.1245829180255	0.6270041	0.06976744186046512
438.1355926630468	750	7.568803010760362	0.0	401088	3154.985221608498	0.6964438	-0.2755813953488372
441.87043913293945	750	7.500086472069615	0.0	365161	2568.7165386907463	0.15833491	0.1744186046511628
445.6141536272922	750	7.756371977716837	0.0	321064	2743.714494352779	0.14763197	0.1744186046511628
449.4447418359483	750	7.925783769060723	0.0	361565	2830.5882086561137	0.15535632	0.1744186046511628
453.3911225731096	750	7.727809693585476	0.0	378327	3197.974075475248	0.19623882	0.1744186046511628
457.4544810603474	750	7.664451206347708	0.0	390680	4063.358487237767	0.22959128	0.1744186046511628
461.8954381963484	750	7.223494070346736	0.0	345516	4440.957136000972	0.49272698	0.1744186046511628
464.811400469031	750	7.916874057467822	0.0	384505	2806.6200128789146	0.68781734	0.1744186046511628
468.0137359350961	750	7.770377511837145	0.0	372093	2646.4965456306772	0.41276115	0.1744186046511628
473.22022889707614	750	6.563884549857103	0.0	438281	5206.492961980042	0.42319334	0.1744186046511628
475.93219790050074	300	7.851915546432554	0.0	167025	2211.9690034245486	0.4939984	-0.3802325581395349
479.0390132657452	300	7.645658325729821	0.0	160064	2206.2572207027333	0.5751013	0.06976744186046512
480.50144410819007	300	7.68972186677824	0.0	137507	1455.9364589515815	0.4376735	0.06976744186046512
483.79140401784514	300	7.982989127697409	0.0	118421	1206.7327390808323	0.5558492	0.06976744186046512

