4067.5849635626305	750	4.0	1.9680897620528024	450283	1968.0897620528024	0.2074079	0.15319102379471974
4068.392375081445	300	7.192588481185374	0.0	155580	807.4115188146266	0.9938557	-0.0812043718073768
4069.534427439994	300	7.784313042479486	0.0	139857	908.2754387058885	0.07600625	0.39569202128437897
4070.429600130643	300	7.653615047406744	0.0	155432	630.6979950727406	0.039193764	0.4152811409556474
4071.0938835689813	300	7.533710680810611	0.0	163442	619.9043665961319	0.07209903	0.40886648089105
4072.2057934334925	300	7.969945274876048	0.0	126289	563.7654059345615	0.10279362	0.44174503908629686
4076.2379447292315	300	7.937793979137321	0.0	153295	2532.1512957387267	0.07231298	0.24289699412220989
4079.06142697274	300	7.996200844190773	0.0	173849	2441.593134946548	0.01878829	0.25560323926726847
4081.28912660433	300	7.568295549326734	0.0	150710	1927.9052948640378	0.014829736	0.2802279423465171
4082.0372634515993	300	7.9941242320548955	0.0	139105	574.1713172718389	0.01342983	0.4422156327762471
4083.220996786707	300	7.839240315200059	0.0	141840	654.8839168548375	0.028220998	0.42446412801451994
4084.3259299612077	300	7.681198513376087	0.0	156148	658.0418018239735	0.031822234	0.41427072690360806
4085.3120171561145	300	7.941600535511288	0.0	160746	739.597977864798	0.034085765	0.4223902356829757
4086.9094182463177	300	7.506144689530346	0.0	179801	935.4558459809444	0.03861311	0.3755884584975522
4089.8236518618373	300	7.695000403731818	0.0	140051	1811.1442857985285	0.031726576	0.2998230966533858
4091.9442124330485	300	7.886264792536705	0.0	138313	1308.7356111951124	0.014375909	0.3620179884140329
4094.2036510160046	300	7.917458057366657	0.0	143509	968.8067351700472	0.012625858	0.3979604550684114
4095.651414683342	300	7.978892095091238	0.0	150616	938.5659622754193	0.019685157	0.40482415971566044
4097.164087502946	300	7.6321545903199315	0.0	165384	846.7375047713069	0.019775528	0.39233591141786506
4098.2389317289735	300	7.972700053622637	0.0	140881	659.4545366972952	0.024120105	0.43234829968168526
4100.1525344082	300	7.938593553924449	0.0	157671	1034.1064996981872	0.030298814	0.3927514471504594
4101.626319580492	300	7.886449143392692	0.0	157812	1052.1444105317569	0.024462845	0.3876886304088676
4103.32039989656	300	7.92022928513884	0.0	163927	966.2198582538534	0.019276157	0.39839234449579214
4104.2610281866655	300	7.698845440542771	0.0	137654	721.3838445960686	0.02342619	0.4090394555743163
4105.437868881947	300	7.845047277507217	0.0	146754	853.7981630355536	0.028893467	0.40493563854064574
4106.5694533171045	300	7.5457763069510655	0.0	153938	799.2709705561523	0.024809467	0.39168392212882636
4109.420155456173	300	7.776582060317484	0.0	181901	1269.1942466335831	0.028572105	0.3591169541064844
4111.5693404947215	300	7.6127434539110945	0.0	111155	1663.838606406388	0.024184715	0.30941260522880465
4112.7452094191	300	7.727482207792187	0.0	153605	885.2612461189069	0.012779772	0.394441513375121
4114.371848905253	300	7.754466318346231	0.0	149029	973.0158894459561	0.020489033	0.3873525559520438
4115.860485954674	300	7.521959615488875	0.0	157421	732.5067028573545	0.02123294	0.3968718056823192
4117.8653933792775	300	7.747571062469367	0.0	157488	1774.3885530195068	0.031545598	0.30678433610238476
4118.711924981454	300	7.944564654172809	0.0	143881	803.0064082965579	0.015081212	0.4162346500561448
4119.816109008805	300	7.704235280437053	0.0	163444	740.3293737357574	0.024629045	0.40748176765374006
4120.936327709759	300	7.751053170768382	0.0	179328	953.1821096686708	0.03884282	0.38912261220615685
4122.956151570864	300	7.779659540858189	0.0	159914	971.3936299101935	0.031094864	0.3890893583126175
4124.582780221702	300	7.9905604120362	0.0	131610	789.0991288219897	0.028536584	0.42050011287006356
4125.568964100813	300	7.781233204488864	0.0	124011	709.3272075473362	0.029903058	0.4153943545258204
4126.306055075678	300	7.731116081838369	0.0	144254	550.1171226504957	0.044065095	0.4281830428498485
4127.646436619843	300	7.6144122358629724	0.0	149991	1116.7038459753956	0.071291596	0.3642303801438962
4129.087827068944	300	7.8555558459076895	0.0	147968	758.8563899552825	0.048189476	0.41508660137370235
4130.043917176348	300	7.608777769277691	0.0	161857	746.7780766299978	0.074211	0.40087080291685595
4131.1151979252345	300	7.967793453222639	0.0	145210	640.9843160550528	0.11344421	0.4338886592209097
4132.215043402149	300	7.713018936180696	0.0	172312	754.7745170419448	0.14749587	0.40658623180709896
4133.263375955413	300	7.966388119984458	0.0	167025	746.6308161962359	0.17102969	0.42323617587940504
4134.254885190915	300	7.831484370767284	0.0	160064	634.9037492171725	0.19513519	0.42597739825123804
4134.862592028478	300	7.750933733628992	0.0	137507	580.5506371382926	0.3234963	0.42637829463798277
4135.731111545281	300	7.750251994438782	0.0	118421	500.68173919021064	0.31568968	0.4343225757334028

