5178.302409021891	750	4.0	4.264022486880352	450283	4264.022486880352	0.2883973	-18.16087808893435
5179.555990017488	300	6.746419004404097	0.0	155580	1253.5809955959026	0.15790102	-0.3802325581395349
5181.073778438788	300	7.586326453931424	0.0	139857	1160.0925504726724	0.6432227	0.06976744186046512
5191.224713448472	750	4.0	2.564608555751951	382355	10150.935009683375	0.619603	-11.303398185082225
5195.700257331962	300	4.0	0.47554388349039983	163442	4475.5438834904	0.03137744	-2.4250712571482542
5199.828872671432	300	4.0	0.12861533946904638	126289	4128.615339469046	0.0052034855	-0.4832785178564343
5202.321935535563	300	5.506937135868766	0.0	153295	2493.062864131234	0.004705182	0.06976744186046512
5204.313462263818	300	7.515410407614307	0.0	173849	1991.526728254459	0.004981175	0.06976744186046512
5206.392658255827	300	7.58450233104876	0.0	150710	1430.908076565546	0.019792577	0.06976744186046512
5209.055572825413	300	7.6771889896769245	0.0	139105	1407.313341371836	0.014774726	0.06976744186046512
5212.946510281503	300	7.786251533586689	0.0	141840	2890.9374560902365	0.024142813	0.06976744186046512
5216.582139691525	300	7.741706142128283	0.0	156148	2044.5453914584048	0.045063276	0.06976744186046512
5218.729875864592	300	7.813380050576223	0.0	160746	1428.3260915520602	0.073091745	0.06976744186046512
5229.390846840804	1850	4.0	2.8475909256355463	1036454	10660.970976211769	0.23641205	-13.364408422093314
5230.931286802115	300	6.459560038689984	0.0	140051	1540.4399613100163	0.015254263	-1.480232558139535
5233.704757253362	300	7.686089587442835	0.0	138313	2273.4704512471485	0.024016574	0.06976744186046512
5237.839632132227	300	7.551214708578475	0.0	143509	3134.8748788643616	0.03169252	0.06976744186046512
5240.949651712479	300	7.530788145476354	0.0	150616	2020.426563102121	0.011854757	0.06976744186046512
5243.8421960342675	300	7.73931246930749	0.0	165384	1791.475676168865	0.011767801	0.06976744186046512
5247.6910403836855	300	7.890468119889631	0.0	140881	2848.8443494178596	0.0105104325	0.06976744186046512
5251.074931582867	300	7.66347907026771	0.0	157671	1726.9890496219205	0.008779718	0.06976744186046512
5254.371047988233	300	7.948871923314582	0.0	157812	1714.6071469531269	0.07583221	0.06976744186046512
5257.999381034125	300	7.760460029575283	0.0	163927	2688.411893739299	0.069069184	0.06976744186046512
5260.552156028747	300	7.804033094040278	0.0	137654	1456.4269355350034	0.03448355	0.06976744186046512
5262.109448120843	300	7.933561053585847	0.0	146754	1370.4720404544316	0.08080978	0.06976744186046512
5264.499205382354	300	7.957092410650466	0.0	153938	1476.4686429353803	0.12198259	0.06976744186046512
5266.351401642251	300	7.857638675990234	0.0	181901	1599.4537346602312	0.17045134	0.06976744186046512
5269.859166429548	300	7.695127539960482	0.0	111155	1662.5111360297526	0.22824627	0.06976744186046512
5272.016389450513	300	7.999142855111715	0.0	153605	1695.984684848767	0.08192018	0.06976744186046512
5273.859680879227	300	7.923116280312526	0.0	149029	1576.0265747991898	0.120750494	0.06976744186046512
5276.4980976807465	300	7.657540344780146	0.0	157421	1765.575935532381	0.12796181	0.06976744186046512
5278.6057776760545	300	7.650120756275236	0.0	157488	1507.4195885049112	0.098701075	0.06976744186046512
5286.230355783453	750	4.025542648876224	0.0	369834	7624.578107399012	0.1266272	-0.2755813953488372
5290.599359196482	300	4.0	0.3434607641519333	163444	4369.0034130281565	0.0051954426	-1.8571138439928478
5295.619071270805	300	4.0	1.0197120743234764	179328	5019.712074323476	0.004705182	-4.314994477730483
5300.045818203752	300	4.0	0.4267469329469068	159914	4426.746932946907	0.004705182	-1.7652443698112341
5302.044347718404	300	6.001470485347389	0.0	131610	1998.5295146526107	0.004705182	0.06976744186046512
5303.886525017542	300	7.64979702223013	0.0	124011	1351.6734631172594	0.004705182	0.06976744186046512
5306.611072315828	300	7.817775338747	0.0	144254	1332.0216834831301	0.004705182	0.06976744186046512
5310.822751070042	300	7.508198754741254	0.0	149991	1809.5765840057463	0.005327521	0.06976744186046512
5313.876955941577	300	7.787147385028154	0.0	147968	2721.0513697131	0.00758179	0.06976744186046512
5316.31739489121	300	7.893504708772223	0.0	161857	1893.6426762559317	0.0062763626	0.06976744186046512
5318.210991307148	300	7.6651046517919275	0.0	145210	1228.4000569802956	0.012996025	0.06976744186046512
5321.003622655512	300	7.8113871570887765	0.0	172312	2353.717494703151	0.03756742	0.06976744186046512
5323.721149191871	300	7.877080820540035	0.0	167025	2434.3063365487415	0.023541085	0.06976744186046512
5326.805537638103	300	7.671496592428321	0.0	160064	1205.5842281117152	0.014985701	0.06976744186046512
5330.738190272479	300	7.738843958052046	0.0	137507	2932.6526343762744	0.031407505	0.06976744186046512
5333.498750771398	300	7.539292153891695	0.0	118421	2199.551804160352	0.008761124	0.06976744186046512

