2261.101516882212	750	4.0	2.600378850967279	450283	2600.378850967279	0.03538651	0.0899621149032721
2261.889722816372	300	7.21179406583987	0.0	155580	788.2059341601297	0.8301506	-0.07808346430102112
2262.812801821708	300	7.9645470606403865	0.0	139857	747.2470051994825	0.06598789	0.4230594907700759
2264.459446952789	300	7.839140471323379	0.0	155432	1125.4065893170075	0.048398085	0.37740562052601045
2267.0780054603388	300	7.870480493220501	0.0	163442	1468.6599781028783	0.03274657	0.3450390330159935
2269.116877849324	300	7.680993520501394	0.0	126289	1189.4869727191071	0.02497227	0.3611133977594264
2272.272345994932	300	7.807952208280099	0.0	153295	1373.041312221294	0.02043893	0.35069288179537683
2275.144649455037	300	7.703013794821081	0.0	173849	2104.9384134590177	0.01628216	0.27094452083041576
2277.736487254437	300	7.530777509044194	0.0	150710	1172.236285776888	0.011793033	0.3534499657375733
2279.5849430079493	300	7.721350322299595	0.0	139105	1309.4271867445984	0.015386243	0.35164167646926486
2281.403555756631	300	7.7265582933426	0.0	141840	994.7920289569956	0.013793417	0.38343069043821293
2285.43057146994	300	7.699542580033682	0.0	156148	2027.0157133089183	0.015617363	0.2785198399212133
2289.5714430664866	300	7.558670983486746	0.0	160746	4140.871596546936	0.010131768	0.058329776813227985
2293.262376853965	300	7.867737196008111	0.0	179801	3690.9337874786343	0.0082568005	0.12264019600264353
2295.1036454937444	300	7.628423784648172	0.0	140051	1739.3134113599394	0.007273122	0.3028451454045168
2297.3229662395133	300	7.669741011673368	0.0	138313	1458.6827729748036	0.00695876	0.33349053593210515
2301.374592617896	300	7.618114633290614	0.0	143509	2051.6263783827553	0.0074268873	0.27096952674238783
2303.2605015471613	300	7.941292282246292	0.0	150616	1676.8223510443224	0.007129105	0.328648532535961
2304.973495790154	300	7.824338521410351	0.0	165384	1116.9537608359415	0.0070568733	0.3773257815045528
2306.43237856385	300	7.58791738994086	0.0	140881	736.4211314694911	0.009042001	0.4006027237243547
2309.486356126658	300	7.8721594391998355	0.0	157671	1215.7579507410246	0.016028851	0.3704341698758873
2312.108033659812	300	7.860430435706765	0.0	157812	1511.7290034930702	0.011872911	0.3401040018823658
2313.7588730950015	300	7.594984940042246	0.0	163927	1265.4454956645193	0.010603771	0.34814200918618843
2315.205587493443	300	7.7593247248840305	0.0	137654	835.6602151582146	0.013717999	0.4013917737894305
2318.4975837342877	300	7.513853686553373	0.0	146754	745.471038330657	0.017121963	0.3950687515765201
2320.6721905389636	300	7.884812909322424	0.0	153938	1129.0407772309497	0.022546824	0.3798967291095565
2322.5253526386823	300	7.656014906785609	0.0	181901	1228.798002536814	0.017020512	0.3556211314204192
2323.471461519526	300	7.820142524454639	0.0	111155	835.8723823309699	0.019720051	0.40517166954531797
2325.3542810535705	300	7.863850915688861	0.0	153605	1456.291608765777	0.017851967	0.3458615213539761
2326.46617619148	300	7.626167409873422	0.0	149029	737.6835058154401	0.014228493	0.40286711253554486
2328.931316669519	300	7.690702962900859	0.0	157421	1435.4644469725622	0.024694724	0.3371224904840475
2330.422411596191	300	7.669993515098064	0.0	157488	1020.7094478027947	0.016919063	0.3773036499133495
2331.9574497279045	300	7.8426671936759975	0.0	143881	1327.3263214220665	0.020810243	0.3574340674625432
2333.372061696736	300	7.719217094905931	0.0	163444	1123.4500987700662	0.015447214	0.37010605855461404
2335.229854233959	300	7.815901718825091	0.0	179328	903.315376080841	0.019579135	0.3981623198184841
2336.984897322194	300	7.915618836279063	0.0	159914	900.2828825460283	0.029780243	0.40469788901283865
2337.691376404395	300	7.774759326522364	0.0	131610	640.8595097566991	0.026134267	0.42183650693197783
2338.8372889827397	300	7.739612899572485	0.0	124011	535.1464269498795	0.039548416	0.43021116352829236
2340.0826166255615	300	7.507332153859037	0.0	144254	732.2807457134478	0.051555797	0.39598018504484506
2341.093903726906	300	7.968212051740695	0.0	149991	539.1201021183435	0.06332893	0.4441012430219591
2342.239096407631	300	7.9616992159912625	0.0	147968	506.5128357494318	0.110936284	0.4469549174245107
2343.1721761368544	300	7.784499264367701	0.0	161857	677.1999516235611	0.17344746	0.41881120886062523
2344.0509596961897	300	7.828047354500084	0.0	145210	456.45190986761713	0.17165843	0.44360776866949353
2345.192907066284	300	7.8832394176863705	0.0	172312	944.8079368137131	0.29221213	0.39822166992402686
2346.0188105066495	300	7.828857485644483	0.0	167025	554.3819320418888	0.19661164	0.43386539964859133
2346.8803725551707	300	7.868837215545278	0.0	160064	460.02027009920624	0.38122687	0.44580029896165924
2347.5070937756286	300	7.976247485027193	0.0	137507	392.58973051808414	0.5636995	0.45925649476239117
2348.802230821543	1200	7.9407446735397516	0.0	550906	1035.5028114874417	0.70122343	-0.3072537390525097

