3357.5441654373126	750	4.0	6.602941104200595	450283	6602.941104200595	0.03144408	-0.22689411042005947
3359.16541360589	300	6.378751831422763	0.0	155580	1621.2481685772375	0.50994414	0.008208798748139984
3361.2295844093483	300	7.743761037482851	0.0	139857	1634.990793939913	0.05222396	0.589581681501216
3363.2983602779764	300	7.728963136527558	0.0	155432	2014.797900955293	0.041241422	0.5501618749317758
3367.167683685895	300	7.859639728608847	0.0	163442	3369.323407918711	0.053514592	0.42741762281533935
3369.5563152913264	300	7.536974623239145	0.0	126289	1322.6651053697015	0.040281747	0.6007042715730367
3372.4096199600353	300	7.723305543665534	0.0	153295	1813.6690795736113	0.035963837	0.5697245561641121
3374.62038221202	300	7.962742221790757	0.0	173849	1260.5633218747766	0.035752553	0.6483203488816734
3376.9272040357837	300	7.619430774963672	0.0	150710	1343.3114468270862	0.049864836	0.6066584981825085
3378.5612634357153	300	7.894156239616212	0.0	139105	1225.274535347461	0.045190282	0.6451792407679305
3380.7189522096405	300	7.649704242045925	0.0	141840	1244.4519975702854	0.04379491	0.6194885377819378
3383.611810811596	300	7.69989337214543	0.0	156148	1449.810869900495	0.04662255	0.6038335434510936
3385.843905430787	300	7.755369938127729	0.0	160746	1444.5234340177014	0.046094622	0.6097573830811516
3388.667574289271	300	7.972321077622077	0.0	179801	1783.0488605056519	0.046588797	0.5970033387481818
3390.9696140796596	300	7.661611195717182	0.0	140051	1310.7098819048947	0.04304847	0.6140207005930065
3392.46960403512	300	7.612281176978602	0.0	138313	1049.3300187385803	0.04296176	0.635361342587311
3395.0145108306892	300	7.75515776665516	0.0	143509	1357.123410323441	0.044209316	0.6184767517748703
3397.312052822843	300	7.580278420301125	0.0	150616	1174.8793463540358	0.043283872	0.6196941417388809
3399.500321807832	300	7.637475245906237	0.0	165384	1442.8031743948889	0.04393894	0.5984641502248926
3400.9877979928	300	7.57647008256944	0.0	140881	1061.0051633367962	0.042322513	0.6307111991961984
3403.5345467174493	300	7.671331164310471	0.0	157671	1405.1389182589678	0.044266474	0.6055230639032966
3406.4407731075107	300	7.689022929674699	0.0	157812	1982.3082346357728	0.04173737	0.5495266564472872
3410.585002785235	300	7.54479325195031	0.0	163927	3144.2296777243882	0.037491255	0.4193081759797288
3413.755124953549	300	7.738806012868484	0.0	137654	1805.9872390818243	0.03296774	0.5720001608432776
3416.8009338285297	300	7.562969082894406	0.0	146754	1675.8369299740789	0.027315568	0.5679150503140731
3420.4885884494574	300	7.875314461966249	0.0	153938	3187.654620928156	0.028450474	0.44710886933340216
3424.565784652898	300	7.798118258525625	0.0	181901	2577.1962034406242	0.025846798	0.5006473802975546
3426.471737619239	300	7.8375531171927815	0.0	111155	960.5651413328429	0.023219794	0.6661455265137137
3430.3942008603144	300	7.915089876117288	0.0	153605	1422.4632410754932	0.023976935	0.6274961663448569
3431.9069927774735	300	7.532619550579449	0.0	149029	1382.4703255378386	0.028315494	0.5943002187400677
3435.6451092392044	300	7.794503088849031	0.0	157421	2238.116461730418	0.031133719	0.5342037792175265
3439.455218116464	300	7.9843942115891755	0.0	157488	3810.108877259855	0.027589133	0.3954714493510619
3443.6829204461683	300	7.7566918818852395	0.0	143881	3227.702329703936	0.025027081	0.431568052542946
3447.485445555094	300	7.954166772959332	0.0	163444	3302.5251089259064	0.020613318	0.4432902077777044
3450.7655643734834	300	7.80349446738527	0.0	179328	3150.672305574063	0.019131765	0.4438226063958112
3454.3093683548377	300	7.851315809615595	0.0	159914	2952.178657769675	0.020273633	0.4683225967081492
3455.7473107345936	300	7.558157238530192	0.0	131610	1293.1585710854024	0.017781723	0.605714934338521
3457.6847152649284	300	7.591846906197927	0.0	124011	966.3103323322645	0.02125668	0.641676078394522
3459.6407580900254	300	7.904372621150947	0.0	144254	1187.4742850469797	0.029586483	0.6499528089022316
3461.5377472051255	300	7.720162290625717	0.0	149991	1184.2103305252313	0.035080783	0.6323647497108278
3462.8429690645694	300	7.59894078669117	0.0	147968	1121.2215039345467	0.03865328	0.6268748411122617
3464.090086633206	300	7.932382151627714	0.0	161857	1166.5586350634544	0.043167125	0.6547683007394498
3466.111423131217	300	7.52199339340834	0.0	145210	910.3887582193752	0.050388757	0.6404749816870235
3469.66738282542	300	7.739487315702925	0.0	172312	1782.5060777054157	0.057704985	0.5744145336815679
3471.5748300767473	300	7.637490612788335	0.0	167025	1601.9967029145903	0.0525739	0.5825462918022066
3474.282408516563	300	7.631426562086373	0.0	160064	1506.0640507019625	0.050535	0.5915498280927036
3476.6780766058114	300	7.989349717019247	0.0	137507	1642.0768450671255	0.049599987	0.6127565754734093
3479.112907413412	300	7.833729959309694	0.0	118421	1655.619757709553	0.046442125	0.5962682627719125

