6628.649583786219	750	4.0	1.256359210868177	450283	1256.359210868177	0.055848066	-4.652344606733161
6630.641433647308	1200	6.008150138911241	0.0	611087	1991.8498610887593	0.08337196	0.75
6632.485481895629	1200	8.164101890590421	0.0	571051	1844.0482483208189	0.004705182	1.2
6634.211563221457	1200	10.438020564762667	0.0	617681	1726.0813258277558	0.004705182	1.2
6637.114085281074	1200	11.535498505145831	0.0	652874	2902.5220596168347	0.004705182	1.2
6639.338961284273	1200	13.310622501946428	0.0	520315	2224.8760031994043	0.004705182	1.2
6641.440083324585	1200	15.20950046163477	0.0	561791	2101.122040311657	0.004705182	1.2
6644.177489252152	1200	16.472094534067786	0.0	709534	2737.4059275669847	0.004705182	1.2
6646.973599364053	1200	17.67598442216606	0.0	584846	2796.110111901724	0.004705182	1.2
6649.604355807715	1200	19.04522797850422	0.0	560821	2630.7564436618427	0.004705182	1.2
6651.424557108926	1200	21.225026677294068	0.0	607410	1820.2013012101506	0.004705182	1.2
6653.57182517312	1200	23.077758613099263	0.0	594078	2147.268064194804	0.004705182	1.2
6655.9966668148445	1200	24.65291697137508	0.0	624282	2424.8416417241842	0.004705182	1.2
6658.9210633876755	1200	25.728520398543782	0.0	687371	2924.396572831299	0.004705182	1.2
6660.4479406600285	1200	28.20164312619031	0.0	526950	1526.8772723534746	0.004705182	1.2
6661.982604151058	1200	30.666979635160583	0.0	587876	1534.6634910297264	0.009016602	1.2
6663.344103212074	1200	33.3054805741453	0.0	617242	1361.4990610152788	0.12576662	1.2
6666.47436431364	2850	34.17521947257876	0.0	1358801	3130.261101566539	0.37398028	1.2000000000000002
6670.775974224417	2850	33.87360956180076	0.0	1537156	4301.609910778002	0.004705182	2.85
6674.434695187944	2850	34.214888598274136	0.0	1336050	3658.72096352663	0.004705182	2.85
6679.2588102952905	2850	33.39077349092808	0.0	1415116	4824.1151073460505	0.004705182	2.85
6683.41210991699	2850	33.237473869229106	0.0	1468126	4153.299621698976	0.004705182	2.85
6687.483994476049	2850	33.16558931016964	0.0	1505760	4071.884559059466	0.004705182	2.85
6691.11109210617	2850	33.53849168004914	0.0	1323990	3627.0976301205	0.004705182	2.85
6695.977211033095	2850	32.67237275312464	0.0	1383735	4866.1189269245	0.004705182	2.85
6702.978576816505	2850	29.67100696971418	0.0	1480464	7001.365783410458	0.004705182	2.85
6723.652767796854	2850	12.996815989364514	0.0	1547572	20674.190980349667	0.004705182	2.85
6726.723808227032	300	13.925775559186576	0.0	111155	3071.040430177938	0.004705182	-2.25
6730.273234741732	300	14.376349044486906	0.0	153605	3549.4265146996686	0.004705182	0.3
6733.091637571721	300	15.557946214499282	0.0	149029	2818.402829987625	0.004705182	0.3
6735.924491917016	300	16.725091869203595	0.0	157421	2832.8543452956847	0.0052482104	0.3
6738.623027002025	300	18.026556784193744	0.0	157488	2698.5350850098516	0.041254833	0.3
6739.705940048257	300	20.94364373796248	0.0	143881	1082.9130462312694	0.0067628208	0.3
6742.538015878457	750	22.111567907761884	0.0	412837	2832.0758302005943	0.32917494	0.3
6744.694181332027	750	23.955402454191567	0.0	401088	2156.165453570315	0.00517625	0.75
6746.337732744679	750	26.311851041540503	0.0	365161	1643.5514126510654	0.49014163	0.75
6748.406224762873	1200	28.243359023346365	0.0	487812	2068.4920181941366	0.057635542	0.75
6751.751400302344	1200	28.89818348387512	0.0	575591	3345.1755394712454	0.0050101727	1.2
6755.0458390872345	1200	29.60374469898414	0.0	605884	3294.4387848909787	0.004706731	1.2
6758.1659670907475	1200	30.48361669547152	0.0	587506	3120.1280035126174	0.008762735	1.2
6763.6929697331	1200	28.956614053119367	0.0	566904	5527.002642352156	0.16613649	1.2
6768.251181084775	1200	28.39840270144326	0.0	641452	4558.211351676106	0.004705182	1.2
6773.17706955584	1200	27.472514230379367	0.0	599477	4925.888471063891	0.017188782	1.2
6777.5253065246025	1200	27.124277261616466	0.0	634861	4348.2369687629025	0.006978065	1.2
6781.526829514063	1200	27.12275427215618	0.0	630203	4001.5229894602844	0.06039542	1.2
6789.198771945449	1200	23.45081184076966	0.0	638661	7671.942431386521	0.2933942	1.2
6796.285029721148	1200	20.36455406507123	0.0	538612	7086.257775698434	0.005068592	1.2
6804.579730467678	1200	16.06985331854136	0.0	550906	8294.70074652987	0.014524978	1.2

