15018.537773082002	750	4.0	4.594934407378574	450283	4594.934407378574	0.6506649	-19.583799347076706
15019.521235793485	300	7.016537288516239	0.0	155580	983.462711483761	0.03939248	-0.3802325581395349
15022.199301239434	300	7.896703077287517	0.0	139857	1119.8342112287223	0.55051464	0.06976744186046512
15027.219402061419	750	6.8766022553020925	0.0	382355	5020.100821985425	0.6899239	-0.2755813953488372
15029.303883139348	300	7.613527797126139	0.0	163442	1263.0744581759532	0.53336036	-0.3802325581395349
15031.053466853817	300	7.989439245018096	0.0	126289	1624.088552108041	0.6847005	0.06976744186046512
15034.958028544239	300	7.634906028686052	0.0	153295	2354.533216332045	0.66375613	0.06976744186046512
15044.003655612561	750	4.0	1.410721039636648	437162	9045.6270683227	0.6414908	-6.341681865786423
15047.02725342843	300	4.97640218413099	0.0	150710	3023.59781586901	0.04276673	-0.3802325581395349
15048.81380204909	300	7.189853563472343	0.0	139105	1786.5486206586463	0.007797664	0.06976744186046512
15050.579507398896	300	7.869901858939531	0.0	141840	1319.9517045328112	0.16152962	0.06976744186046512
15052.659090214034	300	7.532987254957874	0.0	156148	1336.9146039816574	0.15089172	0.06976744186046512
15056.69556568247	750	7.4965117865221185	0.0	386351	4036.4754684357563	0.6111721	-0.2755813953488372
15061.882420000142	750	6.3096574688508245	0.0	434409	5186.854317671294	0.6187114	0.1744186046511628
15065.364846877887	750	6.827230591105789	0.0	337059	3482.426877745035	0.6903955	0.1744186046511628
15072.923429473392	750	4.0	0.7313520043999943	366214	7558.5825955057835	0.6968182	-2.9703950142688127
15077.402549548962	300	4.0	0.47912007557047853	143509	4479.120075570479	0.0057682367	-2.4404488830925923
15081.940555175057	300	4.0	0.5380056260934761	150616	4538.005626093476	0.004705182	-2.243656750341482
15086.54945207512	300	4.0	0.6088969000624693	165384	4608.896900062469	0.004705182	-2.548489228408153
15090.962019384839	300	4.0	0.4125673097185099	140881	4412.56730971851	0.004705182	-1.7042719899291274
15095.03524432615	300	4.0	0.07322494131225085	157671	4073.224941312251	0.004705182	-0.24509980578221352
15097.318624871587	300	5.716619454563064	0.0	157812	2283.3805454369353	0.004705182	0.06976744186046512
15099.194214495921	300	7.841029830228527	0.0	163927	1375.5896243345383	0.008710577	0.06976744186046512
15101.153768844397	300	7.705148845262105	0.0	137654	1135.8809849664224	0.29975787	0.06976744186046512
15103.795929792577	300	7.965905091077315	0.0	146754	1239.2437541847905	0.6132295	0.06976744186046512
15108.22827305206	750	7.5335618315939215	0.0	379700	4432.343259483393	0.60764325	-0.2755813953488372
15111.82167391986	750	7.814491633983698	0.0	425781	2719.070197610223	0.37342057	0.1744186046511628
15113.812920732566	750	7.841033562725752	0.0	277716	1973.458071257947	0.15781859	0.1744186046511628
15117.057685736041	750	7.777545465210158	0.0	400396	2563.4880975155934	0.17212938	0.1744186046511628
15120.374394380215	750	7.95482956260456	0.0	400508	2822.7159026055974	0.24905191	0.1744186046511628
15122.764654247358	750	7.606695985316592	0.0	358218	2348.133577287969	0.10806514	0.1744186046511628
15125.735441368815	750	7.957365589016978	0.0	400322	2149.3303962996147	0.17775765	0.1744186046511628
15128.615370200232	750	7.738129559386034	0.0	369834	2219.2360296309444	0.06727907	0.1744186046511628
15132.446407259531	750	7.687957359129028	0.0	412837	3050.172200257006	0.085138604	0.1744186046511628
15135.917134845144	750	7.843026076844428	0.0	401088	2844.9312822846	0.11107652	0.1744186046511628
15139.33548476539	750	7.916749258884791	0.0	365161	2426.2768179596364	0.1090846	0.1744186046511628
15141.871087434638	750	7.914984418404568	0.0	321064	2001.7648404802226	0.091624625	0.1744186046511628
15144.440338461016	750	7.987277814600584	0.0	361565	2427.7066038039843	0.094132125	0.1744186046511628
15147.704096946425	750	7.6861708546814205	0.0	378327	2301.1069599191633	0.08185093	0.1744186046511628
15150.984673084708	750	7.58220845778655	0.0	390680	2603.9623968948717	0.09024319	0.1744186046511628
15154.242330699517	750	7.951686568575209	0.0	345516	2130.5218892113407	0.10242685	0.1744186046511628
15157.067311791241	750	7.982763843011432	0.0	384505	2468.922725563779	0.07926817	0.1744186046511628
15160.429663158237	750	7.824617333094053	0.0	372093	2658.146509917378	0.07613934	0.1744186046511628
15164.548659045924	750	7.692221827290301	0.0	438281	3632.3955058037527	0.11784251	0.1744186046511628
15167.352303848118	750	7.64869970763407	0.0	398987	2543.52211965623	0.16511908	0.1744186046511628
15170.6013339784	750	7.789245935762146	0.0	393804	2359.4537718719234	0.17080179	0.1744186046511628
15174.759038674862	750	7.631541239299694	0.0	331053	3657.7046964624524	0.11997053	0.1744186046511628
15177.964390653642	750	7.652505725345685	0.0	314107	2479.0355139540093	0.3547636	0.1744186046511628

