15875.120246641185	750	4.0	5.057839080863765	450283	5057.839080863765	0.02716393	-20.99870804771419
15876.55098415624	300	6.569262484946178	0.0	155580	1430.7375150538228	0.004705182	-0.15000000000000002
15877.949572392077	300	9.170674249107659	0.0	139857	1398.5882358385181	0.004705182	0.3
15879.394550404739	300	11.72569623644636	0.0	155432	1444.9780126612982	0.004705182	0.3
15881.04279053283	300	14.077456108354035	0.0	163442	1648.2401280923232	0.00761302	0.3
15882.321592258748	300	16.798654382437846	0.0	126289	1278.8017259161916	0.14427145	0.3
15883.648925128986	300	19.471321512200717	0.0	153295	1327.332870237129	0.30426812	0.3
15885.293652871494	300	21.826593769691208	0.0	173849	1644.7277425095092	0.6399766	0.3
15888.59285248514	750	22.52739415604582	0.0	374758	3299.199613645387	0.2413282	0.3
15891.828317445274	750	23.29192919591141	0.0	362795	3235.4649601344063	0.0101219835	0.75
15894.820101055211	750	24.3001455859749	0.0	353220	2991.7836099365113	0.0063215285	0.75
15898.355549203554	750	24.764697437631515	0.0	405134	3535.448148343384	0.0062938975	0.75
15902.619360457138	750	24.500886184049318	0.0	386351	4263.811253582197	0.0058984375	0.75
15907.776397543821	750	23.343849097365442	0.0	434409	5157.0370866838775	0.004705182	0.75
15910.710211915044	750	24.410034726143387	0.0	337059	2933.8143712220544	0.004705182	0.75
15914.012564672257	750	25.10768196892941	0.0	366214	3302.3527572139756	0.004705182	0.75
15917.77685881195	750	25.343387829237717	0.0	360831	3764.294139691693	0.004705182	0.75
15921.022623469036	750	26.0976231721512	0.0	372963	3245.7646570865177	0.004705182	0.75
15926.321167083875	750	24.799079557310854	0.0	405596	5298.543614840343	0.004705182	0.75
15930.728106871813	750	24.392139769374214	0.0	350713	4406.939787936642	0.004705182	0.75
15936.407763380535	750	22.71248326065292	0.0	386472	5679.656508721294	0.004705182	0.75
15941.379600155027	750	21.740646486161026	0.0	399894	4971.836774491894	0.004705182	0.75
15944.698871393177	750	22.421375248010403	0.0	401853	3319.271238150625	0.004705182	0.75
15947.54406291263	750	23.576183728558522	0.0	343800	2845.19151945188	0.004705182	0.75
15951.015317383682	750	24.104929257506097	0.0	359903	3471.2544710524253	0.004705182	0.75
15955.268004066533	750	23.852242574656714	0.0	379700	4252.686682849385	0.004705182	0.75
15958.717317593258	750	24.402929047931412	0.0	425781	3449.313526725302	0.004705182	0.75
15962.210171586265	750	24.910075054925613	0.0	277716	3492.8539930057977	0.004705182	0.75
15965.962934548892	750	25.157312092296902	0.0	400396	3752.762962628708	0.004705182	0.75
15969.321076856855	750	25.799169784334357	0.0	400508	3358.142307962544	0.004705182	0.75
15972.143509947093	750	26.976736694096477	0.0	358218	2822.433090237878	0.006969137	0.75
15974.758837324882	750	28.361409316306837	0.0	400322	2615.3273777896425	0.014974899	0.75
15977.946787138335	750	29.173459502854172	0.0	369834	3187.949813452663	0.1538016	0.75
15984.11831553453	750	27.001931106658972	0.0	412837	6171.528396195199	0.04846293	0.75
15991.155202360062	750	23.96504428112734	0.0	401088	7036.886825531631	0.004705182	0.75
15995.505729223833	750	23.614517417356534	0.0	365161	4350.526863770807	0.004705182	0.75
15999.338734674222	750	23.78151196696553	0.0	321064	3833.005450391004	0.0054555084	0.75
16004.344148362763	750	22.77609827842478	0.0	361565	5005.413688540754	0.008635936	0.75
16008.787750519765	750	22.33249612142301	0.0	378327	4443.602157001769	0.0051990766	0.75
16014.427288240902	750	20.69295840028679	0.0	390680	5639.537721136217	0.006300099	0.75
16017.807847848277	750	21.312398792911814	0.0	345516	3380.5596073749766	0.004705182	0.75
16022.382745516663	750	20.73750112452659	0.0	384505	4574.897668385224	0.017428946	0.75
16028.548349405453	750	18.57189723573767	0.0	372093	6165.603888788924	0.01165772	0.75
16035.206511525334	750	15.913735115857966	0.0	438281	6658.162119879703	0.004705182	0.75
16041.590640380557	750	13.529606260635347	0.0	398987	6384.128855222618	0.0047069695	0.75
16047.804197139334	750	11.316049501858107	0.0	393804	6213.556758777241	0.032573137	0.75
16053.303405247416	750	9.816841393776231	0.0	331053	5499.208108081876	0.22534601	0.75
16057.57177839297	750	9.548468248222125	0.0	314107	4268.373145554105	0.6959448	0.75

