2421.4606851822073	750	4.0	3.5949223786930258	450283	3594.9223786930256	0.048282195	0.07390776213069744
2422.8450068661355	300	6.615678316071856	0.0	155580	1384.3216839281442	0.6151149	0.054942547845173606
2425.853846555433	300	7.500880483658929	0.0	139857	1114.7978324129251	0.07615446	0.6179808437945384
2428.0621413368535	300	7.878754069065548	0.0	155432	1622.1264145933824	0.06521622	0.6039961917572864
2430.945019232203	300	7.8953992285047425	0.0	163442	1483.3548405608065	0.069037125	0.6194920909160055
2432.8106861707242	300	7.717327315288192	0.0	126289	1178.0719132165495	0.06460754	0.6327028900901217
2434.9092077636988	300	7.566864060053347	0.0	153295	1150.463255234846	0.053921495	0.6208312043167035
2437.0335291847564	300	7.618732465944233	0.0	173849	1448.1315941091138	0.05521518	0.5961085729021653
2439.1544095967615	300	7.741387163865905	0.0	150710	1377.345302078327	0.057586677	0.6151153714781266
2440.5025457586285	300	7.9290867284961895	0.0	139105	1312.3004353697158	0.05170452	0.6398736408092829
2442.166573831971	300	7.764990493073121	0.0	141840	1164.0962354230694	0.05013904	0.638735701909054
2444.554480339009	300	7.84100322051426	0.0	156148	1423.9872725588618	0.050791264	0.6201388359391256
2446.722393058842	300	7.889006415837015	0.0	160746	1451.9968046772458	0.049711745	0.6220061934724251
2449.7640656368094	300	7.641128127331424	0.0	179801	1747.8782885055919	0.046872154	0.5683118815324217
2451.875534452492	300	7.547290883320991	0.0	140051	1593.8372440104326	0.045951176	0.5745903140019231
2454.026446693065	300	7.765650477320629	0.0	138313	1281.6404060003613	0.0403618	0.6270454683193951
2456.6305135510033	300	7.598252975187348	0.0	143509	1667.397502133282	0.039771676	0.5721903516236414
2459.0787998503765	300	7.842444584453646	0.0	150616	1755.8083907337032	0.03838668	0.5870968967647467
2462.248666605376	300	7.598750127923467	0.0	165384	1743.6944565301776	0.036061294	0.5646090042875394
2464.260459838048	300	7.785939641722238	0.0	140881	1312.8104862012299	0.034644194	0.6259015815373646
2467.013544503688	300	7.758888643987675	0.0	157671	1527.0509977345625	0.03505674	0.6018468208543452
2468.844002358942	300	7.636676578963273	0.0	157812	1622.2120650244012	0.03519345	0.5804455908017383
2471.158422586915	300	7.563589340991562	0.0	163927	1573.0872379717116	0.03400387	0.5782503396142584
2473.526150156814	300	7.7753921082929915	0.0	137654	1288.1972326985708	0.03458327	0.6273371592616364
2475.8810397922052	300	7.762712421047314	0.0	146754	1512.679687245678	0.033452094	0.6036558142222834
2478.810575519191	300	7.729049483927307	0.0	153938	2033.6629371200065	0.03345399	0.54828376859993
2482.7034546276855	300	7.8361703754330225	0.0	181901	2392.8791084942836	0.031170718	0.5227796581614331
2484.4990739812965	300	7.552736719257238	0.0	111155	1283.4336561757852	0.030015655	0.6061602803301879
2486.7908572597275	300	7.892937909759705	0.0	153605	1659.7988094975328	0.027688392	0.601608330774378
2489.059822303402	300	7.974447679389046	0.0	149029	1418.4902303706576	0.029149659	0.633666013783519
2492.7549376454745	300	7.702127353004762	0.0	157421	1772.3203263842831	0.03141551	0.5717998524412848
2494.5823752199926	300	7.859806050089703	0.0	157488	1342.3213029150588	0.030428167	0.6301340080797178
2495.8412899508694	300	7.7479068774530555	0.0	143881	1111.899172636647	0.032598905	0.642294026568645
2498.3165010349526	300	7.573809086031357	0.0	163444	1674.0977914216974	0.036181465	0.5691431544743797
2501.283087385492	300	7.681072576092695	0.0	179328	1892.736509938663	0.036243968	0.5577106570311483
2504.1076270883273	300	7.975727682975132	0.0	159914	2205.344893117563	0.036257405	0.5551050278575752
2507.969749547562	300	7.6392637867167466	0.0	131610	2336.4638962583854	0.032636367	0.509272013632365
2511.0376511180225	300	7.878142354474625	0.0	124011	1761.1214322421208	0.030193474	0.5900372007484452
2515.150204446466	300	7.765589026031011	0.0	144254	2612.5533284436137	0.02849	0.4939481999371545
2519.0574385614204	300	7.858354911076694	0.0	149991	2907.2341149543163	0.028616887	0.4735016036067769
2522.008457804892	300	7.776128985149222	0.0	147968	2582.2259259274724	0.026460066	0.49800595121301466
2526.0743252305374	300	7.710261559503593	0.0	161857	3065.867425645629	0.022732202	0.44323619409716153
2529.192666820335	300	7.5284211456994345	0.0	145210	1681.8404138041587	0.02244411	0.5639549150388542
2531.179040241784	300	7.768485089471824	0.0	172312	1759.9360562276104	0.02416176	0.5794915693283739
2533.3393434305344	300	7.71155210620706	0.0	167025	1556.932983264764	0.027754804	0.5942551440021603
2536.428955539861	300	7.55843114978686	0.0	160064	1653.1209564201997	0.033382	0.5697453336747522
2539.607246363142	300	7.59253136709924	0.0	137507	1465.8997826876202	0.034609713	0.591783697181639
2543.5184484064275	300	7.681329323813739	0.0	118421	2411.202043285501	0.03579176	0.5058890724123359

