11879.306874459882	750	4.0	4.665178135276565	450283	4665.178135276565	0.032003604	-19.88584737703807
11880.80570902777	300	6.501165432110702	0.0	155580	1498.8345678892972	0.038201824	-0.3802325581395349
11883.572779494496	300	7.559636450196394	0.0	139857	1441.5289819143081	0.19867224	0.06976744186046512
11887.239017215785	300	7.8092883700912985	0.0	155432	3250.3480801050955	0.5669746	0.06976744186046512
11891.529122011958	300	7.519183573918858	0.0	163442	4290.104796172441	0.2144654	0.06976744186046512
11895.321768723668	300	7.726536862207518	0.0	126289	2292.6467117113393	0.32171005	0.06976744186046512
11899.328547696698	300	7.719757889177496	0.0	153295	3006.7789730300224	0.21735832	0.06976744186046512
11903.115300618065	300	7.933004967810033	0.0	173849	3286.752921367463	0.30203357	0.06976744186046512
11907.067619702497	300	7.98068588337831	0.0	150710	3452.3190844317232	0.38451633	0.06976744186046512
11911.655295494134	300	7.393010091742859	0.0	139105	4587.675791635451	0.37738624	0.06976744186046512
11915.8166595737	300	7.231646012176474	0.0	141840	4161.364079566385	0.056475267	0.06976744186046512
11919.458632543847	300	7.589673042029538	0.0	156148	3141.972970146936	0.044230018	0.06976744186046512
11923.28273589013	300	7.765569695746112	0.0	160746	3824.1033462834266	0.06528628	0.06976744186046512
11928.911243134342	300	6.137062451534401	0.0	179801	5628.50724421171	0.05142688	0.06976744186046512
11933.651115493418	300	5.397190092458181	0.0	140051	4739.872359076221	0.007260495	0.06976744186046512
11936.671407741635	300	6.376897844242714	0.0	138313	3020.2922482154663	0.004705182	0.06976744186046512
11938.26458234876	300	7.639450595596656	0.0	143509	1237.4472486460586	0.0076998747	0.06976744186046512
11939.847805902466	300	7.8057025504336055	0.0	150616	833.748045163052	0.1269726	0.06976744186046512
11942.654924501256	750	7.651880967160956	0.0	405596	2153.8215832726482	0.69514763	-0.2755813953488372
11944.001154802603	300	7.940414395793971	0.0	140881	711.4665713669854	0.15056324	-0.3802325581395349
11946.661125321394	750	7.982810910790351	0.0	386472	1957.6034850036203	0.17985913	-0.2755813953488372
11949.594447350737	750	7.967333398712472	0.0	399894	2015.4775120778784	0.042678587	0.1744186046511628
11953.651171054218	750	7.657893877104372	0.0	401853	3309.4395216080984	0.04466668	0.1744186046511628
11956.789142251688	750	7.672550369306377	0.0	343800	2985.343507797995	0.081465706	0.1744186046511628
11960.760438045581	750	7.701254575412025	0.0	359903	2971.29579389435	0.15599093	0.1744186046511628
11964.856708188247	750	7.604984432746484	0.0	379700	3596.2701426655412	0.12173913	0.1744186046511628
11966.88675223894	300	7.535059263665855	0.0	181901	1569.9251690806286	0.28810522	-0.3802325581395349
11970.297589870423	750	7.769699888728473	0.0	277716	2265.359374937381	0.59556633	-0.2755813953488372
11974.253728133253	750	7.81356162589827	0.0	400396	3456.138262830203	0.15643486	0.1744186046511628
11978.115500865311	750	7.758483490559185	0.0	400508	3055.078135339085	0.18960342	0.1744186046511628
11981.204031819545	750	7.682565330800521	0.0	358218	2575.9181597586653	0.15405291	0.1744186046511628
11984.660790572485	750	7.910492361568167	0.0	400322	2772.0729692323525	0.2389744	0.1744186046511628
11987.263212532864	750	7.8566242062333025	0.0	369834	2553.8681553348647	0.15910193	0.1744186046511628
11989.786256617333	750	7.62937901901899	0.0	412837	2227.2451872143115	0.15829206	0.1744186046511628
11992.442407082697	750	7.539203349466398	0.0	401088	2090.1756695525924	0.13057171	0.1744186046511628
11993.414883087084	300	7.640952654177654	0.0	159914	898.2506952887438	0.094469294	-0.3802325581395349
11994.859408387403	750	7.795802654066878	0.0	321064	1345.1500001107756	0.23739089	-0.2755813953488372
11996.676383927796	750	7.692002609975872	0.0	361565	1603.8000440910043	0.038041078	0.1744186046511628
11999.982722562925	750	7.745421026561741	0.0	378327	2446.5815834141313	0.036329553	0.1744186046511628
12002.142144799935	750	7.655588457414913	0.0	390680	2089.8325691468262	0.040397383	0.1744186046511628
12004.02399001203	750	7.954460690297612	0.0	345516	1701.1277671173011	0.049262773	0.1744186046511628
12005.685915872242	750	7.838856444682186	0.0	384505	1615.6042456154262	0.0376909	0.1744186046511628
12007.668742681793	750	7.5506038757036364	0.0	372093	1788.2525689785477	0.04281296	0.1744186046511628
12010.272581322999	750	7.670971684887496	0.0	438281	2379.63219081614	0.047407784	0.1744186046511628
12012.458025229567	750	7.600352885297423	0.0	398987	2070.6187995900727	0.047050446	0.1744186046511628
12015.200376482604	750	7.5365897742686085	0.0	393804	2063.7631110288153	0.046888176	0.1744186046511628
12017.205642751143	750	7.803250739502313	0.0	331053	1733.3390347662944	0.05755246	0.1744186046511628
12020.121201158028	750	7.711435133946896	0.0	314107	2091.8156055554164	0.05035658	0.1744186046511628

