2122.451626164874	750	4.0	5.693969597015465	450283	5693.969597015464	0.02726467	-0.2193969597015465
2124.254962760049	300	6.1966634048252285	0.0	155580	1803.336595174772	0.37389958	-0.24304219671590044
2126.500213212962	300	7.707691269693634	0.0	139857	1488.9721351315945	0.016437426	0.33283349084269265
2129.14806810219	300	7.631902950590819	0.0	155432	1575.7883191028166	0.011485017	0.3194151025016445
2132.1527249816586	300	7.970607824518663	0.0	163442	1661.2951260721543	0.013266932	0.33203347642520104
2133.631677716309	300	7.557812267142044	0.0	126289	1412.795557376619	0.011880631	0.33108371095871586
2135.7404954231392	300	7.541482078663683	0.0	153295	1516.3301884783612	0.009968764	0.31970961106864404
2138.345600226339	300	7.6751733837896845	0.0	173849	1866.308694873998	0.010815461	0.29306746699945546
2141.0617859051454	300	7.6514785937993945	0.0	150710	1523.6947899902898	0.009345758	0.3258479331134332
2144.4565586744475	300	7.520337644006393	0.0	139105	1631.1409497930022	0.010168469	0.30690700777109936
2147.013338298046	300	7.51376380871177	0.0	141840	1506.573835294624	0.009417482	0.31895285451502325
2151.011040866919	300	7.516061239838845	0.0	156148	2497.702568872924	0.0095262155	0.2199835706026354
2154.035280384323	300	7.74289561682498	0.0	160746	2273.1656230138647	0.0085592	0.2566144137501748
2157.672829263648	300	7.634658124357709	0.0	179801	2108.2374924672717	0.007958645	0.26634238352562967
2160.0798260027605	300	7.875815476830559	0.0	140051	1758.8426475271497	0.008056294	0.316354202549195
2162.774825338807	300	7.5123927830496	0.0	138313	1863.4226937809588	0.0076780654	0.2831822795625041
2166.379921481531	300	7.907296640326184	0.0	143509	2605.0961427234156	0.0076797656	0.23369642574804494
2168.695068659399	300	7.738059467736777	0.0	150616	2169.237172589406	0.0071454393	0.266704999474608
2171.0392543552302	300	7.673921670160569	0.0	165384	2064.137797576208	0.0071411743	0.2732063246274148
2172.8123221486603	300	7.572411665323238	0.0	140881	1601.5100048373308	0.0071781157	0.31312472859896934
2176.66762416247	300	7.500539614714471	0.0	157671	2571.8720506087675	0.0074533215	0.21159652085877773
2180.375527087134	300	7.792636690050591	0.0	157812	3207.90292466388	0.0072382716	0.1662495006617739
2184.317011656921	300	7.851152120263595	0.0	163927	3941.484569786995	0.0066918125	0.09654855053777522
2188.2043592986424	300	7.963804478542417	0.0	137654	3387.347641721178	0.0063416753	0.15900301573678327
2192.2028275968355	300	7.965336180349205	0.0	146754	2498.468298193213	0.0059401067	0.24798668145250402
2193.9038369693194	300	7.884148135690361	0.0	153938	1581.188044658844	0.005923002	0.33464045401476317
2196.772149007322	300	7.874902751851694	0.0	181901	2009.2453838386668	0.0062348205	0.2912568836068642
2198.7744802757743	300	7.688270516207438	0.0	111155	1186.6322356442556	0.006525458	0.3618536836985393
2201.333851048901	300	7.861434565048068	0.0	153605	1826.835951159369	0.0066330116	0.30865606519956734
2203.5896327157084	300	7.8798111951281316	0.0	149029	1981.6233699199372	0.0069440105	0.29432586270351446
2207.2739516441184	300	7.81973094136676	0.0	157421	2560.08025376137	0.007234648	0.23272515845928554
2212.080095561501	300	7.013587023984179	0.0	157488	4806.143917382581	0.007018185	-0.04226520273924689
2216.720260351742	300	6.37342223374293	0.0	143881	4640.164790241251	0.0067864386	-0.06567758941519197
2221.837260052328	300	5.256422533156981	0.0	163444	5116.999700585948	0.006333338	-0.18317356173628335
2226.627022975331	300	4.466659610154344	0.0	179328	4789.762923002638	0.006067228	-0.19981006666561724
2229.4882187197622	300	5.6054638657227605	0.0	159914	2861.1957444315826	0.0060065575	0.06422191716451425
2231.3754856124688	300	7.7181969730160285	0.0	131610	1887.2668927067327	0.005530771	0.2936606215428285
2234.273414220365	300	7.842118881067806	0.0	124011	1876.0780919482224	0.005320902	0.3025246208719157
2236.4560815558393	300	7.691710499804449	0.0	144254	2150.4083812633576	0.0056564547	0.26569106811144233
2238.595197006839	300	7.968282255910108	0.0	149991	1223.4282438943408	0.0061481656	0.37567481660494767
2239.8711109669193	300	7.9931688844224515	0.0	147968	975.1133714876547	0.009778715	0.40206171812763775
2242.057401009464	300	7.800424119446918	0.0	161857	1692.7447649755336	0.020868814	0.318252030967879
2243.918593048947	300	7.741600819489462	0.0	145210	1058.8232999574561	0.019679088	0.3779677212223458
2245.8657239398854	300	7.579219672283261	0.0	172312	1662.381147206201	0.029881828	0.30746311479708377
2248.3729455667954	300	7.587983816194598	0.0	167025	1491.2358560886646	0.03696078	0.3251254029032959
2250.6563793122336	300	7.819259800386113	0.0	160064	2268.7240158084846	0.045128487	0.26183133594328356
2254.866565070833	300	7.609074041786742	0.0	137507	2710.1857585993703	0.034349054	0.20454855175173436
2258.501138031245	300	7.97450108137506	0.0	118421	2134.5729604116814	0.033858366	0.2849490215447731

