14693.794084706118	750	4.0	0.848125509873515	450283	848.1255098735149	0.020314503	0.41120731412892764
14694.146277780881	300	7.647806925237956	0.0	155580	352.1930747620443	0.004705182	0.45992292606018215
14694.521479210214	300	7.820365498118758	0.0	139857	327.441427119197	0.004705182	0.9337042278363301
14695.146388913941	300	7.9567906807434445	0.0	155432	363.5748173753121	0.004705182	0.9469355670225506
14695.952485309472	300	7.534409911843162	0.0	163442	422.38076890028157	0.004705182	0.8889028105307152
14696.389679024362	300	7.712670872463947	0.0	126289	321.73903937921665	0.004705182	0.9209772052147571
14697.065317969687	300	7.877578751905902	0.0	153295	335.0921205580461	0.004705182	0.9400033883578918
14697.78371119277	300	7.9886554668984955	0.0	173849	388.9232850074062	0.004705182	0.9483351263473088
14698.241609085255	300	7.64444148014432	0.0	150710	344.2139867541763	0.004705182	0.9103052969188441
14699.026869509467	300	7.683653301952243	0.0	139105	460.7881781920782	0.004705182	0.9034894364062873
14699.44728936766	300	7.850679491116783	0.0	141840	332.97381083545963	0.004705182	0.9368939161556817
14700.27736576513	300	7.98436427315943	0.0	156148	366.31521795735244	0.004705182	0.9500660911544437
14701.006227942815	300	7.5918137454740355	0.0	160746	392.5505276853945	0.004705182	0.8989735957754397
14701.551205516262	300	7.692480788499996	0.0	179801	399.33295697403986	0.004705182	0.9107249051747102
14702.166493336705	300	7.8326592675648135	0.0	140051	359.8215209351822	0.004705182	0.9319841536800703
14702.608230998834	300	7.509523529054179	0.0	138313	323.13573851063484	0.004705182	0.895754544291517
14703.276513016728	300	7.639683534367046	0.0	143509	369.83999468713176	0.004705182	0.9071552234608572
14704.037232638497	300	7.778544701686031	0.0	150616	361.1388326810159	0.004705182	0.9251707935623263
14704.648101592453	300	7.882900619252199	0.0	165384	395.644082433832	0.0047359345	0.9346052933096318
14705.319676308356	300	7.554725754311461	0.0	140881	328.17486494073785	0.0048348117	0.9008318368502791
14706.025704713362	300	7.653411410539873	0.0	157671	401.3143437715867	0.005173322	0.9057027956780338
14706.501164693153	300	7.723038503711532	0.0	157812	430.37290682834134	0.005194579	0.9113939297280788
14706.903685024252	300	7.824321807842531	0.0	163927	398.7166958690019	0.005222747	0.9270651940893864
14707.40163148493	300	7.947250480968258	0.0	137654	377.071326874273	0.0057433024	0.94440796936078
14708.126622241083	300	7.580192574445533	0.0	146754	367.05790652272356	0.005800363	0.900087969679328
14708.695735904374	300	7.724602248664869	0.0	153938	355.59032578066467	0.0067376886	0.9190652664128972
14709.311372811551	300	7.833545368480205	0.0	181901	391.0568801846649	0.0071019665	0.9289700263298134
14709.63515481823	300	7.543944450337626	0.0	111155	289.6009181425801	0.0076706773	0.9033580433092017
14710.230307476568	300	7.673458593937348	0.0	153605	370.48585640027693	0.007799126	0.9112609084894894
14710.931062766764	300	7.840414402146282	0.0	149029	333.04419179106617	0.008615964	0.9356194278929505
14711.6789362444	300	7.9053331696168065	0.0	157421	435.08123252947655	0.009463225	0.933431368195838
14712.41397777596	300	7.564208493015525	0.0	157488	341.1246766012813	0.009935779	0.9007077075677534
14712.935692013367	300	7.740309892391007	0.0	143881	323.89860062451737	0.01141869	0.9241738917402469
14713.395573461392	300	7.854276953370085	0.0	163444	386.03293902092133	0.012457149	0.9320321888816973
14714.001192006232	300	7.9483919116511315	0.0	179328	405.8850417189525	0.013779875	0.9416675325057127
14714.533261377363	300	7.562224030096408	0.0	159914	386.1678815547243	0.015501318	0.8959583616405002
14714.954221006805	300	7.684694912463932	0.0	131610	377.5291176324746	0.016957782	0.9119439521042061
14715.42444621162	300	7.876297618411005	0.0	124011	308.39729405292644	0.016865084	0.942514687005621
14715.98864785202	300	7.540110724992861	0.0	144254	336.18689341814405	0.020750426	0.8982260883813273
14716.37520765417	300	7.655838211708539	0.0	149991	384.27251328432317	0.025625722	0.9077066205083126
14716.801900750543	300	7.798635288854533	0.0	147968	357.20292285400575	0.028093323	0.9280450077659703
14717.2458271303	300	7.931417200034652	0.0	161857	367.2180888198815	0.032901965	0.943438327688197
14717.67800247349	300	7.583683678709425	0.0	145210	347.7335213252257	0.039564133	0.9024514615192775
14718.33251461222	300	7.6986484582766295	0.0	172312	385.03522043279565	0.044814527	0.912916212811824
14718.987831913213	300	7.825728281229403	0.0	167025	372.9201770472253	0.058214724	0.9298185059305214
14719.53130087742	300	7.9701924183485975	0.0	160064	355.535862880805	0.07185362	0.9493942006449326
14720.13359297924	300	7.6480128704001835	0.0	137507	322.17954794841376	0.08884253	0.9129497071845957
14720.812238069613	300	7.868746640301629	0.0	118421	279.26623009855496	0.09903228	0.9444954596926479

