12102.400103077223	750	4.0	4.236019030700693	450283	4236.019030700693	0.0074290526	0.07241796204620976
12103.542812094807	300	6.857290982416554	0.0	155580	1142.7090175834455	0.004705182	0.2832648164561429
12105.427400241359	300	7.879360914208802	0.0	139857	1477.9300682077526	0.004705182	0.8259396405808457
12107.279713807913	300	7.906533131977576	0.0	155432	1472.8277822312257	0.004705182	0.8298048748732754
12109.420273172122	300	7.540996289584509	0.0	163442	1365.5368423930656	0.004705182	0.7954004358376083
12111.61458597039	300	7.556351256258258	0.0	126289	1984.6450333262512	0.004705182	0.7353855238458713
12114.88902272614	300	7.823966675006037	0.0	153295	2732.3845812522213	0.004705182	0.693654556620551
12118.962071030506	300	7.750918370638323	0.0	173849	3573.048304367713	0.004705182	0.600568770463838
12123.081696103976	300	7.631293297167944	0.0	150710	3119.625073470378	0.004705182	0.6311407569492308
12125.644095648979	300	7.517456377134202	0.0	139105	2113.836920033742	0.004705182	0.7176639100632187
12129.411490466473	300	7.750061559637936	0.0	141840	2767.3948174962657	0.004705182	0.6810283270581138
12133.427294942505	300	7.734257083606079	0.0	156148	3015.8044760318567	0.004705182	0.6542359523228409
12135.150665007153	300	7.558452948529688	0.0	160746	1675.8041350763913	0.004705182	0.7665291136350971
12137.519258313534	300	7.7729392219740365	0.0	179801	1285.513726555651	0.004705182	0.832041184874343
12138.70670804684	300	7.875754197684391	0.0	140051	897.1850242896451	0.004705182	0.883568816785542
12141.048846316427	300	7.804817422199705	0.0	138313	570.9367754846864	0.004705182	0.9074349423303607
12143.671910833325	300	7.718885906001088	0.0	143509	2085.931516198617	0.004705182	0.7453253396098996
12146.450292742767	300	7.863261399179716	0.0	150616	1355.624506821373	0.004705182	0.8361823588085198
12148.951787072057	300	7.7138930025965635	0.0	165384	1149.3683965831508	0.004705182	0.8383651682391619
12150.801273529396	300	7.900212764128999	0.0	140881	1313.6802384675655	0.004705182	0.844939241343674
12153.64780206878	300	7.769851541872238	0.0	157671	1630.361222256762	0.004705182	0.7971751935368745
12156.187070336058	300	7.833301052496352	0.0	157812	2436.5504893758857	0.004705182	0.7243904992489105
12157.623260112061	300	7.556565120197589	0.0	163927	1276.7359322987625	0.004705182	0.8062028401382241
12159.141136667806	300	7.947353778525788	0.0	137654	609.2113416717998	0.004705182	0.9212067222280123
12160.57567542248	300	7.6744169795762485	0.0	146754	772.9367989495402	0.004705182	0.8711341479423105
12162.529999540115	300	7.5630559463218665	0.0	153938	1111.361033254381	0.004705182	0.8235417647579318
12165.706325907904	300	7.541374247616648	0.0	181901	1521.6816987052184	0.004705182	0.779832617407466
12167.029399783263	300	7.907159653979365	0.0	111155	1134.2145936372842	0.004705182	0.8637435516024538
12169.013711727901	300	7.834433332021639	0.0	153605	1572.7263219577255	0.004705182	0.8109127207091984
12170.44935057717	300	7.767406732726627	0.0	149029	1067.0265992950117	0.004705182	0.8532067905721435
12172.49724403763	300	7.857766036983168	0.0	157421	1909.6406957434594	0.004705182	0.7801022170360232
12174.687124273634	300	7.571952391840514	0.0	157488	1285.8136451426535	0.004705182	0.807194964711744
12178.497500902044	300	7.761575763430434	0.0	143881	3810.3766284100807	0.004713287	0.578151826729907
12183.682398577788	300	6.576678087686042	0.0	163444	5184.897675744392	0.004708281	0.2943981398555109
12189.056393628425	300	5.202683037049839	0.0	179328	5373.995050636203	0.0047129295	0.10583860569874348
12193.819293382938	300	4.439783282539276	0.0	159914	4762.899754510563	0.0047194855	0.07275144357610763
12198.34502752839	300	4.0	0.08595086291366988	131610	4525.734145452946	0.004793553	0.0421671215012171
12202.353559657335	300	4.0	0.0085321289444978	124011	4008.532128944498	0.0048743673	0.09388732315206189
12206.904285371313	300	4.0	0.5507257139771182	144254	4550.725713977118	0.0051904656	0.03966796464879979
12211.57239862049	300	4.0	0.6681132491778835	149991	4668.1132491778835	0.0049293563	0.027929211128723264
12215.884726606697	300	4.0	0.31232798620727226	147968	4312.327986207272	0.004822385	0.06350773742578442
12220.609703529293	300	4.0	0.7249769225964956	161857	4724.976922596496	0.0048705507	0.022242843786862032
12224.76434936394	300	4.0	0.15464583464619044	145210	4154.64583464619	0.0049790023	0.07927595258189257
12229.760008224512	300	4.0	0.9956588605724283	172312	4995.658860572428	0.0052280156	-0.0048253500107312
12234.64107496016	300	4.0	0.8810667356480417	167025	4881.066735648042	0.005241111	0.006633862481707442
12238.87794512273	300	4.0	0.2368701625712929	160064	4236.870162571293	0.0053552547	0.07105351978938235
12240.580449012465	300	6.2974961102668665	0.0	137507	1702.5038897331335	0.0056008454	0.6081663857691593
12243.018655818527	300	7.662088300579289	0.0	118421	1135.4078096875774	0.0058074975	0.8333648012941537

