3053.582728268206	750	4.0	5.558065529459364	450283	5558.065529459364	0.004705182	-23.149681776675266
3056.3904474000537	300	5.192280868151962	0.0	155580	2807.719131848038	0.004705182	-0.15000000000000002
3057.7759797346707	300	7.8067485335352504	0.0	139857	1385.5323346167118	0.004705182	0.3
3059.340524422194	300	10.24220384601217	0.0	155432	1564.5446875230796	0.004705182	0.3
3061.567277230806	300	12.015451037399814	0.0	163442	2226.7528086123575	0.004705182	0.3
3063.2413380888597	300	14.34139017934634	0.0	126289	1674.0608580534742	0.004705182	0.3
3065.3096840066005	300	16.273044261605317	0.0	153295	2068.3459177410227	0.0078061963	0.3
3068.0287639001285	300	17.553964368077075	0.0	173849	2719.0798935282405	0.02062286	0.3
3070.7999698092253	300	18.78275845898064	0.0	150710	2771.2059090964344	0.030856673	0.3
3072.9311592415697	300	20.651569026636313	0.0	139105	2131.1894323443303	0.047079973	0.3
3074.2203127140824	300	23.36241555412385	0.0	141840	1289.1534725124627	0.3125937	0.3
3076.8894401205303	750	24.69328814767584	0.0	405134	2669.127406448009	0.21936679	0.3
3079.8363909536015	750	25.74633731460499	0.0	386351	2946.9508330708527	0.012110589	0.75
3083.059363651788	750	26.52336461641841	0.0	434409	3222.97269818658	0.010649854	0.75
3085.4111832203434	750	28.171545047862747	0.0	337059	2351.819568555664	0.011224963	0.75
3088.0470841327865	750	29.535644135420167	0.0	366214	2635.900912442581	0.028291669	0.75
3090.7378770378364	750	30.84485123037048	0.0	360831	2690.792905049686	0.05724972	0.75
3093.56999724363	750	32.0127310245764	0.0	372963	2832.1202057940814	0.10805138	0.75
3096.4445209405517	750	33.13820732765507	0.0	405596	2874.523696921333	0.15348975	0.75
3099.123642388034	750	34.45908588017256	0.0	350713	2679.121447482509	0.33943227	0.75
3102.1473845203586	750	35.435343747848236	0.0	386472	3023.7421323243157	0.29047772	0.75
3105.3697721066255	750	36.212956161580834	0.0	399894	3222.3875862674076	0.2581341	0.75
3109.0443556047785	750	36.538372663427715	0.0	401853	3674.5834981531198	0.23392074	0.75
3112.2155304605653	750	37.36719780764086	0.0	343800	3171.1748557868455	0.1119286	0.75
3117.43428345516	750	36.14844481304611	0.0	359903	5218.752994594755	0.102605686	0.75
3121.2227535180746	750	36.35997475013111	0.0	379700	3788.4700629149993	0.008204819	0.75
3124.6712610073373	750	36.91146726086828	0.0	425781	3448.5074892628236	0.022418529	0.75
3126.420128878168	750	39.16259939003762	0.0	277716	1748.8678708306581	0.11667071	0.75
3129.1688814261756	750	40.41384684202986	0.0	400396	2748.752548007757	0.68978983	0.75
3132.764660180058	750	40.818068088147534	0.0	400508	3595.778753882327	0.68434656	0.75
3136.2890291167187	750	41.29369915148677	0.0	358218	3524.368936660768	0.4728981	0.75
3140.3014902230057	750	41.281238045199466	0.0	400322	4012.4611062872978	0.30070984	0.75
3144.2390075297417	750	41.34372073846353	0.0	369834	3937.5173067359383	0.28310758	0.75
3148.062910096407	750	41.51981817179834	0.0	412837	3823.9025666651933	0.40128365	0.75
3151.704748793574	750	41.87797947463152	0.0	401088	3641.838697166818	0.6951246	0.75
3157.4745985230325	1200	40.10812974517257	0.0	598727	5769.849729458954	0.5289348	0.75
3161.913060305825	1200	39.66966796237983	0.0	487812	4438.461782792735	0.0063138595	1.2
3168.852222749016	1200	36.730505519188455	0.0	575591	6939.162443191382	0.0050035147	1.2
3179.321382921251	1200	30.261345346953927	0.0	605884	10469.160172234526	0.020209448	1.2
3183.3745926978017	750	30.208135570403304	0.0	390680	4053.209776550621	0.4786499	0.3
3189.586225285537	1200	27.99650298266838	0.0	566904	6211.632587734922	0.4666487	0.75
3196.506076427106	1200	25.07665184109859	0.0	641452	6919.85114156979	0.039132234	1.2
3203.395929133941	1200	22.186799134263833	0.0	599477	6889.852706834758	0.031042222	1.2
3211.0293839675546	1200	18.553344300650064	0.0	634861	7633.45483361377	0.32152504	1.2
3214.0411918221967	750	19.541536446007868	0.0	398987	3011.8078546421966	0.48846683	0.3
3217.1675145402933	750	20.415213727911357	0.0	393804	3126.32271809651	0.67387664	0.75
3223.947901208829	1200	17.634827059375667	0.0	538612	6780.386668535687	0.23880011	0.75
3228.546050645245	1200	17.036677622959647	0.0	550906	4598.149436416022	0.14119816	1.2

