8025.166504024158	750	4.0	6.619212714537035	450283	6619.212714537035	0.010102892	-28.288196067858088
8027.277466368409	300	5.8890376557490836	0.0	155580	2110.9623442509164	0.048368722	-0.3802325581395349
8029.583528372198	300	7.582975651959863	0.0	139857	1806.0620037892206	0.08342976	0.06976744186046512
8035.477033948386	750	5.689470075772209	0.0	382355	5893.505576187654	0.42800856	-0.2755813953488372
8037.571218918711	300	7.595285105447565	0.0	163442	2094.184970324645	0.07764153	-0.3802325581395349
8041.476205879828	300	7.690298144330486	0.0	126289	1904.98696111708	0.089187525	0.06976744186046512
8045.359562953797	300	7.806941070361474	0.0	153295	2883.3570739690103	0.034801178	0.06976744186046512
8049.277225069666	300	7.584245810664414	0.0	173849	2722.6952596970605	0.01988099	0.06976744186046512
8051.696772058306	300	7.656955768280421	0.0	150710	1927.2900423839926	0.04030683	0.06976744186046512
8053.707663767187	300	7.932638315418361	0.0	139105	1724.317452862059	0.035788126	0.06976744186046512
8056.129855157916	300	7.814829757613519	0.0	141840	2117.8085578048403	0.06083988	0.06976744186046512
8059.223540384346	300	7.695178618110502	0.0	156148	1119.6511395030166	0.10359229	0.06976744186046512
8061.738949235187	300	7.964491159853132	0.0	160746	1730.6874582573687	0.35582685	0.06976744186046512
8065.710786173944	750	7.755933458266067	0.0	434409	3708.5577015870663	0.2723012	-0.2755813953488372
8067.7034641319715	300	7.646234054937922	0.0	140051	1109.6994033281444	0.56088537	-0.3802325581395349
8071.315825936401	750	7.706542463472819	0.0	366214	2939.6915914651026	0.4488865	-0.2755813953488372
8072.820565665494	300	7.57050763860858	0.0	143509	1136.0348248642385	0.67667305	-0.3802325581395349
8075.198533831606	300	7.865876041066362	0.0	150616	1204.6315975422187	0.5134915	0.06976744186046512
8077.109060190457	300	7.817281160226088	0.0	165384	1548.5948808402732	0.53254473	0.06976744186046512
8079.062390568051	300	7.911581657983988	0.0	140881	1905.6995022421008	0.3740825	0.06976744186046512
8081.146036692029	300	7.63857411952147	0.0	157671	1773.007538462518	0.167282	0.06976744186046512
8084.85792389393	300	7.926686917620276	0.0	157812	2211.887201901194	0.17959467	0.06976744186046512
8088.9023215292145	300	7.882289282336429	0.0	163927	3044.3976352838467	0.11351102	0.06976744186046512
8091.915861860781	300	7.618980751603514	0.0	137654	2263.3085307329156	0.064683214	0.06976744186046512
8095.936371119978	300	7.598471492406803	0.0	146754	2520.5092591967123	0.038342796	0.06976744186046512
8098.970698431969	300	7.956678418876563	0.0	153938	1641.7930735302393	0.023432888	0.06976744186046512
8100.692680889098	300	7.546954266642219	0.0	181901	1409.7241522343452	0.053247735	0.06976744186046512
8102.274811810238	300	7.607017973019479	0.0	111155	939.9362936227398	0.100793265	0.06976744186046512
8106.126683840803	300	7.70717927599595	0.0	153605	2399.8386970235288	0.14200823	0.06976744186046512
8109.982044765535	300	7.851818351264108	0.0	149029	2355.3609247318423	0.051361024	0.06976744186046512
8112.4144784471855	300	7.6242986015753615	0.0	157421	2227.5197496887467	0.03624074	0.06976744186046512
8116.302706974352	300	7.7360700744091995	0.0	157488	1888.228527166163	0.027776647	0.06976744186046512
8119.842159171823	300	7.892915243237396	0.0	143881	1843.1548311718027	0.044313766	0.06976744186046512
8123.743629359023	300	7.565328890287768	0.0	163444	1827.5863529496264	0.048398793	0.06976744186046512
8127.324422593801	300	7.984535655510037	0.0	179328	2080.7932347777314	0.03903209	0.06976744186046512
8129.274249872742	300	7.586960474052732	0.0	159914	1897.5751814573048	0.0374189	0.06976744186046512
8132.211196335901	300	7.674613343715282	0.0	131610	2412.3471303374504	0.027516872	0.06976744186046512
8135.656418399768	300	7.754301901692925	0.0	124011	1920.3114420223571	0.015901474	0.06976744186046512
8139.557151367876	300	7.853568933584857	0.0	144254	2400.7329681080687	0.015972992	0.06976744186046512
8142.950158914134	300	7.8248870414318175	0.0	149991	2028.6818921530396	0.012792285	0.06976744186046512
8145.496781103315	300	7.773738697394074	0.0	147968	2051.1483440377438	0.01362669	0.06976744186046512
8147.766328116293	300	7.566702142476517	0.0	161857	2207.0365549175563	0.012767516	0.06976744186046512
8151.5100795137705	300	7.656081701268282	0.0	145210	1910.6204412082348	0.010635972	0.06976744186046512
8155.331709835664	300	7.746832018456402	0.0	172312	2409.2496828118806	0.011315116	0.06976744186046512
8159.281214197431	300	7.797327656689266	0.0	167025	2949.504361767136	0.0098798135	0.06976744186046512
8163.298626898947	300	7.779914955173259	0.0	160064	3017.4127015160057	0.0070159766	0.06976744186046512
8167.427286811543	300	7.651255042578072	0.0	137507	2628.6599125951866	0.0058188527	0.06976744186046512
8171.210444080891	300	7.868097773229303	0.0	118421	3283.157269348768	0.0051264446	0.06976744186046512

