16100.34487815541	750	4.0	2.148641230861048	450283	2148.641230861048	0.0060700127	-9.02890212949647
16101.431570884415	300	6.913307270993737	0.0	155580	1086.6927290062629	0.6761863	0.122790400973928
16102.378563681405	300	7.582477833357409	0.0	139857	830.8294376363284	0.61747855	0.6627851693350457
16104.208503857628	300	7.710589401083006	0.0	155432	1371.8884322744022	0.61760175	0.621010156177138
16105.640537151088	300	7.7885986453913505	0.0	163442	1421.9907556916542	0.70126855	0.6235084036663341
16107.646267080523	750	7.7207549781591185	0.0	318564	1567.8436672322302	0.6881547	0.17646188204635435
16110.647396239183	750	7.549133506130666	0.0	352642	2671.621472028453	0.71326286	0.4995653367369488
16113.069765353766	750	7.602702777803028	0.0	437162	1946.4307283276364	0.2719317	0.577240515354358
16117.067887358124	1850	7.604580773446836	0.0	852833	3998.122004356191	0.7010931	-0.6689130065147788
16118.940097691866	750	7.620505758982503	0.0	362795	1484.0750144643337	0.28402403	-0.4748103557662025
16123.372044021948	1850	7.188559428900434	0.0	939819	4431.946330082069	0.259512	-0.7523379738209748
16127.36465769925	1850	7.195945751598669	0.0	917428	3992.6136773017656	0.25867376	0.3923062335447031
16131.991991322173	1850	6.568612128674942	0.0	946851	4627.333622923727	0.09595468	0.2684526534826752
16134.809743238136	750	7.750860212710954	0.0	434409	2817.751915963988	0.6240894	-0.5956312792429501
16137.485214767963	750	7.662014933022696	0.0	337059	2588.8452796882575	0.14527503	0.5187079236375471
16139.1136979896	750	7.546086499723391	0.0	366214	1615.9284332993043	0.10793931	0.604841362725216
16140.877462718216	750	7.505481529584109	0.0	360831	1040.6049701392822	0.1967963	0.6584654337844953
16145.404333300268	1850	6.97861094753104	0.0	885714	4526.870582053069	0.040495057	-0.7820381827477014
16147.571302086975	750	7.8001416195424955	0.0	405596	1678.4693279885446	0.6077974	-0.47695962813959836
16149.183109819574	750	7.76348753985184	0.0	350713	1536.6540796906556	0.69772345	0.6336938992006824
16153.16363283395	1850	7.782964525476143	0.0	891604	3480.5230143756967	0.640481	-0.5999834654294154
16158.640764440453	1850	6.305832918972883	0.0	955231	5477.131606503261	0.010359918	0.15818005279690495
16161.43001163562	750	7.51658572380515	0.0	401853	2789.2471951677326	0.121347815	-0.615329997204132
16165.152529240913	750	7.741354693736214	0.0	343800	2775.2310300689373	0.22218814	0.5077058921705576
16169.151927384177	750	7.741956550472212	0.0	359903	3999.3981432640007	0.23666099	0.38534711025677
16171.343134328845	300	7.959695394482533	0.0	153938	782.2611559896807	0.1359998	0.2539496232777791
16175.776738541887	750	7.52609118144084	0.0	425781	3933.6042130416927	0.37366235	-0.0788507877194849
16179.678995926433	300	7.586237446877349	0.0	111155	1439.8537345634925	0.13126762	0.15224460678431762
16183.731668574786	300	7.533564798525979	0.0	153605	3552.6726483513703	0.012597743	0.3858929121880519
16185.965908785985	300	7.503982928093807	0.0	149029	1529.581870432173	0.004705182	0.5853547007968725
16186.931048400804	300	7.728742272067975	0.0	157421	775.2406560258313	0.005169208	0.6824221685928515
16189.661128959902	750	7.553651462415957	0.0	400322	1175.0908096520186	0.6961117	0.1996532614832967
16196.868839720308	1850	4.345940702009949	0.0	885062	7207.7107604060075	0.5842524	-1.3035197512864467
16197.414761734808	300	7.800018687509853	0.0	163444	545.9220145000961	0.38188243	-0.8377855299754965
16198.600418810882	750	7.786501368648704	0.0	401088	1013.5173188611507	0.23231155	0.2382226828761448
16201.351956275004	1850	7.89680257269324	0.0	943942	2389.6987959554654	0.07770282	-0.47994400011005134
16203.916798876919	1850	7.540300572320284	0.0	728962	2356.502000372954	0.004705182	0.589061950309856
16213.028671098751	1850	4.0	1.571571649512558	938587	9111.872221832842	0.004705182	-7.184991182310396
16215.1191317133	300	5.909539385453356	0.0	144254	2090.460614546644	0.027043566	-1.1742002054722063
16217.161326545263	300	7.867344553488913	0.0	149991	1542.1948319644437	0.01443655	0.6190673806102103
16219.582284119871	300	7.703299920126861	0.0	147968	1164.0446333620505	0.0068248147	0.6410929151102115
16222.742588765608	300	7.721604058382203	0.0	161857	1981.6958617446578	0.11725113	0.5610895867122274
16226.734962664637	300	7.729230159352701	0.0	145210	3992.373899029503	0.0077123535	0.36075580400693374
16231.983097956807	300	6.48109486718419	0.0	172312	5248.135292168511	0.004705182	0.1150452017764908
16234.800160074234	300	7.664032749756691	0.0	167025	2317.0621174274984	0.004705182	0.5220116562192889
16236.65205432683	300	7.856175636266525	0.0	160064	1307.857113490167	0.004705182	0.6414261312798137
16237.438606786156	300	7.604918062157853	0.0	137507	751.2575741086723	0.004705182	0.6729022536184129
16238.132005100026	300	7.655866304831416	0.0	118421	449.05175732643795	0.047166668	0.7080266624766981

