11462.596799708748	750	4.0	2.54228302815134	450283	2542.28302815134	0.13142842	-10.760926037573755
11464.382809404595	750	6.213990304153536	0.0	398865	1786.0096958464633	0.66605866	0.4596174396637963
11465.893645031612	750	7.952718900328921	0.0	350812	1261.2714038246152	1.0788431	0.6794459037118982
11470.166637235647	1850	7.679726696295077	0.0	933276	4272.992204033843	0.38123006	-0.6891671446480301
11474.131909665839	1850	7.714454266102348	0.0	996749	3965.2724301927296	0.048827786	0.44494740142504524
11480.170140102253	1850	5.676223829690652	0.0	801058	6038.230436411695	0.04443097	0.041469568042064364
11497.31887603196	1850	4.0	11.47251210001869	905515	17148.735929709343	1.196374	-50.56272149027441
11498.811347259332	300	6.507528772628949	0.0	173849	1492.4712273710509	0.008163658	-1.0568440978252127
11500.39875884615	300	7.692456195140696	0.0	150710	1315.0725774882535	0.6582993	0.624946399647957
11504.428093606555	750	7.663121434732906	0.0	362795	4029.3347604077903	0.3755479	-0.07523452236727735
11508.569953001092	750	7.521262040196736	0.0	353220	3141.85939453617	0.16059376	0.4498588837107959
11512.414924276156	750	7.6762907651317365	0.0	405134	2844.9712750650006	0.3389768	0.49446938942265267
11516.553914856384	750	7.5373001849045975	0.0	386351	3138.9905802271396	0.66728914	0.45168945508680824
11522.041021291396	1200	6.0501937498919025	0.0	687371	5487.106435012695	0.33992085	-0.3521890408785589
11524.95024304917	750	7.140971992117539	0.0	337059	2909.2217577743636	0.5688223	-0.0134807088077879
11528.464368182122	750	7.626846859167339	0.0	366214	3014.1251329501997	0.15161741	0.4727949705991732
11532.262041279184	750	7.54698439268723	0.0	360831	3079.8624664801073	0.17885372	0.45853438264157526
11535.431929358074	750	7.965945730532669	0.0	372963	2581.0386621545617	0.14982249	0.5487422755571647
11539.161759063423	750	7.520455548076512	0.0	405596	2945.490182456157	0.54625684	0.4694181791210832
11542.946648056757	750	7.7355665547418155	0.0	350713	2784.888993334696	0.45338717	0.5061829807830254
11548.30125925803	1200	6.38095535346888	0.0	601738	5354.611201272935	0.42764246	-0.3071033312766482
11551.888475611095	750	6.793739000403622	0.0	399894	3587.2163530652583	0.16853246	-0.11470174469017508
11554.922157345512	750	7.760057265984929	0.0	401853	3033.681734418694	0.10893352	0.4836609659077362
11558.897355702353	750	7.749827080656743	0.0	343800	2510.2301853281856	0.25947812	0.5350214536676008
11561.048545147663	750	7.7867164007592145	0.0	359903	1963.110679897528	0.3979625	0.5932840438614109
11565.913705855377	1200	6.92155569304496	0.0	590335	4865.160707714254	0.609439	-0.2061248750818167
11568.998079926783	750	7.837181621638014	0.0	425781	3084.3740714069463	0.5619888	0.036015040485107674
11570.95493956157	1200	7.542558591010624	0.0	487160	1794.623030627389	0.6294478	0.1607011385402953
11574.550668382362	1850	7.695812449195039	0.0	972798	3346.7461418155854	0.39014697	-0.14499426613763877
11577.83076786154	1850	7.985254077594123	0.0	975811	3210.558371600914	0.020866776	0.5464836017945587
11581.945677544069	1850	7.527569809118046	0.0	873429	3457.684268476077	0.010075197	0.4777183728429163
11588.155656724977	1850	5.31759062821081	0.0	954453	6209.979180907236	0.020087479	-0.010224166112967947
11592.870428237607	1850	4.602819115579597	0.0	885062	4714.771512631213	1.0555117	0.07049901737829034
11600.921028730254	1850	4.0	3.447781377067963	1035329	8050.60049264756	1.1173522	-15.146565837880111
11604.054252309243	300	4.866776421011445	0.0	179328	3133.2235789885553	0.5747124	-1.3788436411748692
11605.078432218914	300	7.842596511340243	0.0	159914	1024.1799096712011	0.18191303	0.6684868452096604
11608.021719720335	750	7.880942705078253	0.0	321064	2461.6538062619907	0.1805058	0.10249912180546103
11613.34111160341	1200	6.561550822003126	0.0	575591	5319.391883075127	0.5772127	-0.28619887710239683
11615.474965781796	750	7.715136617427273	0.0	378327	1846.414204575851	0.17527121	0.1480640546048255
11618.674487571798	1200	7.9540957233306075	0.0	587506	2761.040894096667	0.39071214	0.10367027632289705
11621.35856901952	1200	7.871295371424134	0.0	566904	2582.8003519064737	0.6885839	0.5635247010730609
11626.920473056105	1850	6.3093913348379305	0.0	1025005	5561.904036586204	0.53179413	-0.499954688575979
11630.212050301827	1850	7.017814089116362	0.0	886255	3291.577245721568	0.5619735	0.4452644985253598
11633.97839764339	1850	7.251466747554638	0.0	973972	3766.3473415617236	0.03127759	0.4202768270817122
11638.231423988904	1850	6.998440402040267	0.0	958994	4253.026345514371	0.032712903	0.34725484879694857
11641.829397141059	1850	7.400467249885389	0.0	982064	3597.973152154878	0.061536618	0.4514557164015415
11644.489721510921	1850	7.691359721129753	0.0	830730	2209.107528755635	0.018514741	0.6183410149511371
11648.337667044896	1850	7.843414187153226	0.0	846370	3347.945533976527	0.0050092163	0.5190926323395972

