3318.666870896818	750	4.0	6.602941104200595	450283	6602.941104200595	0.007426733	-0.16427424530378038
3320.2881190653957	300	6.378751831422763	0.0	155580	1621.2481685772375	0.022899011	0.17632475717743404
3322.3522898688534	300	7.743761037482851	0.0	139857	1634.990793939913	0.0072887517	0.7934907918935121
3324.4210657374815	300	7.728963136527558	0.0	155432	2014.797900955293	0.0070757587	0.7536829560600387
3328.2903891454002	300	7.859639728608847	0.0	163442	3369.323407918711	0.007256374	0.6343652941069559
3330.679020750832	300	7.536974623239145	0.0	126289	1322.6651053697015	0.006901306	0.7991910467048456
3333.5323254195405	300	7.723305543665534	0.0	153295	1813.6690795736113	0.0066649243	0.7730972843873863
3335.7430876715252	300	7.962742221790757	0.0	173849	1260.5633218747766	0.0076778084	0.8579715647280379
3338.049909495289	300	7.619430774963672	0.0	150710	1343.3114468270862	0.009072341	0.8073074313099249
3339.6839688952205	300	7.894156239616212	0.0	139105	1225.274535347461	0.009899624	0.8530320009909875
3341.8416576691457	300	7.649704242045925	0.0	141840	1244.4519975702854	0.009419605	0.8209312991142566
3344.7345162711013	300	7.69989337214543	0.0	156148	1449.810869900495	0.010218065	0.8065923597613327
3346.966610890292	300	7.755369938127729	0.0	160746	1444.5234340177014	0.009556375	0.813970901050379
3349.7902797487764	300	7.972321077622077	0.0	179801	1783.0488605056519	0.010721422	0.8069057305140053
3352.0923195391647	300	7.661611195717182	0.0	140051	1310.7098819048947	0.010326531	0.8157756850226345
3353.592309494625	300	7.612281176978602	0.0	138313	1049.3300187385803	0.010767031	0.8358227995819526
3356.1372162901944	300	7.75515776665516	0.0	143509	1357.123410323441	0.011121812	0.8226847062023089
3358.434758282348	300	7.580278420301125	0.0	150616	1174.8793463540358	0.010722255	0.819316425248167
3360.6230272673374	300	7.637475245906237	0.0	165384	1442.8031743948889	0.011033751	0.7995862438904737
3362.1105034523052	300	7.57647008256944	0.0	140881	1061.0051633367962	0.010654811	0.8302336208067138
3364.6572521769544	300	7.671331164310471	0.0	157671	1405.1389182589678	0.011455817	0.8075329244988806
3367.563478567016	300	7.689022929674699	0.0	157812	1982.3082346357728	0.010766301	0.7520004289662225
3371.70770824474	300	7.54479325195031	0.0	163927	3144.2296777243882	0.0096446825	0.617999970509472
3374.877830413054	300	7.738806012868484	0.0	137654	1805.9872390818243	0.008586861	0.7757793410137006
3377.923639288035	300	7.562969082894406	0.0	146754	1675.8369299740789	0.008088351	0.767083449892447
3381.611293908963	300	7.875314461966249	0.0	153938	3187.654620928156	0.0085141165	0.6544675621115774
3385.6884901124035	300	7.798118258525625	0.0	181901	2577.1962034406242	0.0069611	0.7059818409837775
3387.594443078744	300	7.8375531171927815	0.0	111155	960.5651413328429	0.0070295483	0.8725140446133568
3391.51690631982	300	7.915089876117288	0.0	153605	1422.4632410754932	0.0074262596	0.835897846552552
3393.029698236979	300	7.532619550579449	0.0	149029	1382.4703255378386	0.008061841	0.7926727955376629
3396.7678146987096	300	7.794503088849031	0.0	157421	2238.116461730418	0.008239751	0.7394434432408171
3400.5779235759696	300	7.9843942115891755	0.0	157488	3810.108877259855	0.0072237994	0.6056904217793713
3404.8056259056734	300	7.7566918818852395	0.0	143881	3227.702329703936	0.006598096	0.6358162344057128
3408.6081510145996	300	7.954166772959332	0.0	163444	3302.5251089259064	0.00607527	0.6527165589551631
3411.888269832989	300	7.80349446738527	0.0	179328	3150.672305574063	0.0059902975	0.6492980415603335
3415.4320738143433	300	7.851315809615595	0.0	159914	2952.178657769675	0.0064632776	0.6750519989242676
3416.870016194099	300	7.558157238530192	0.0	131610	1293.1585710854024	0.005988828	0.8047571581550129
3418.807420724434	300	7.591846906197927	0.0	124011	966.3103323322645	0.006522061	0.8416017097287514
3420.7634635495306	300	7.904372621150947	0.0	144254	1187.4742850469797	0.007824527	0.8580734621879591
3422.660452664631	300	7.720162290625717	0.0	149991	1184.2103305252313	0.008298459	0.8356550558279265
3423.965674524075	300	7.59894078669117	0.0	147968	1121.2215039345467	0.009278606	0.8269864875600703
3425.2127920927114	300	7.932382151627714	0.0	161857	1166.5586350634544	0.0100512	0.8636234174825052
3427.234128590723	300	7.52199339340834	0.0	145210	910.3887582193752	0.011931637	0.8385689203210668
3430.7900882849253	300	7.739487315702925	0.0	172312	1782.5060777054157	0.013271494	0.7782115789153016
3432.6975355362524	300	7.637490612788335	0.0	167025	1601.9967029145903	0.012973238	0.7836687884168254
3435.405113976068	300	7.631426562086373	0.0	160064	1506.0640507019625	0.0130134495	0.7925133137004199
3437.8007820653165	300	7.989349717019247	0.0	137507	1642.0768450671255	0.013157044	0.8231054907314994
3440.235612872917	300	7.833729959309694	0.0	118421	1655.619757709553	0.012053597	0.8025365303600716

