18674.982924378935	750	4.0	6.3928079957343495	450283	6392.80799573435	0.09812385	-27.31465577700654
18676.052011988675	300	6.93091239026107	0.0	155580	1069.0876097389298	0.020431228	-0.3802325581395349
18678.465457055725	300	7.9451376737770625	0.0	139857	1485.7747164840077	0.2903421	0.06976744186046512
18681.560112340438	300	7.771645254399002	0.0	155432	2173.4924193780603	0.6115655	0.06976744186046512
18683.57108687519	300	7.991739367240846	0.0	163442	1279.9058871581562	0.19342403	0.06976744186046512
18686.915915938953	750	7.669859135306083	0.0	318564	2321.8802319347624	0.54995656	-0.2755813953488372
18690.833683150475	750	7.75209192378421	0.0	352642	3417.7672115218734	0.3848504	0.1744186046511628
18694.06198601081	750	7.563298601142653	0.0	437162	3188.7933226415576	0.14745466	0.1744186046511628
18697.181945004377	750	7.948073787355006	0.0	374758	2615.2248137876463	0.16395652	0.1744186046511628
18701.268938078963	750	7.861080712770177	0.0	362795	3586.9930745848287	0.16199273	0.1744186046511628
18704.38028225663	750	7.556272336969086	0.0	353220	2804.8083758010903	0.26677442	0.1744186046511628
18707.50346581706	750	7.877948438586322	0.0	405134	2178.3238983827646	0.27728212	0.1744186046511628
18711.47140110086	750	7.910013154787042	0.0	386351	3467.9352837992787	0.106991164	0.1744186046511628
18717.083614668634	750	6.2977995870120145	0.0	434409	5612.2135677750275	0.17224826	0.1744186046511628
18719.748209444024	750	7.633204811620325	0.0	337059	2664.59477539169	0.6951635	0.1744186046511628
18723.338442108034	750	7.622890147972819	0.0	366214	2510.314663647505	0.31387794	0.1744186046511628
18726.75160838067	750	7.861265945086799	0.0	360831	2261.6242028860192	0.3097819	0.1744186046511628
18730.657268540966	750	7.864206856862004	0.0	372963	2497.0590882247957	0.20325217	0.1744186046511628
18734.864560309416	750	7.6569150884170885	0.0	405596	3207.291768444915	0.09004847	0.1744186046511628
18737.463093059603	750	7.830595138381544	0.0	350713	2326.3199500355436	0.17268845	0.1744186046511628
18741.187725727515	750	7.5293852378510255	0.0	386472	3301.2099005305186	0.082122594	0.1744186046511628
18743.838784579624	750	7.89556717643893	0.0	399894	2133.8180614120965	0.20560272	0.1744186046511628
18747.921254796714	750	7.813096959348404	0.0	401853	2582.470217090526	0.08903846	0.1744186046511628
18749.779739472375	750	7.793710182612223	0.0	343800	1519.3867767361814	0.086412355	0.1744186046511628
18754.33642286884	750	7.237026786144791	0.0	359903	4556.683396467432	0.062139988	0.1744186046511628
18758.27086421283	750	7.302585442154852	0.0	379700	3934.441343989939	0.21194874	0.1744186046511628
18762.395806316574	750	7.177643338410832	0.0	425781	4124.942103744021	0.42887473	0.1744186046511628
18764.76245289695	750	7.956902400884941	0.0	277716	2220.740937525891	0.43741688	0.1744186046511628
18768.372342330407	750	7.704910486580411	0.0	400396	2251.9919143045304	0.4085312	0.1744186046511628
18771.448332833643	750	7.73086406603791	0.0	400508	2974.0464205425023	0.12862846	0.1744186046511628
18775.000070186135	750	7.500967397642287	0.0	358218	2729.896668395622	0.24731527	0.1744186046511628
18780.068299945615	750	6.432737638161206	0.0	400322	5068.229759481082	0.13918716	0.1744186046511628
18789.369861334242	750	4.0	2.8688237504662837	369834	9301.56138862749	0.6655021	-12.161523522353857
18793.543359899	300	4.0	0.17349856475902561	163444	4173.498564759026	0.0069882646	-1.126276386603345
18796.78403494071	300	4.7593249582912085	0.0	179328	3240.675041708791	0.004705182	0.06976744186046512
18798.477826779108	300	7.065533119890184	0.0	159914	1693.791838401025	0.004705182	0.06976744186046512
18801.306246307384	300	7.801122003786939	0.0	131610	1264.4111161032447	0.018713063	0.06976744186046512
18803.001061964722	300	7.950718376203949	0.0	124011	1350.403627582989	0.56479853	0.06976744186046512
18804.71171642484	300	7.637597128021546	0.0	144254	1313.1212481824043	0.497599	0.06976744186046512
18806.492788510393	300	7.515827705215343	0.0	149991	1121.7694228062028	0.6296577	0.06976744186046512
18808.204379483974	300	7.974683526295394	0.0	147968	1041.144178919949	0.63054156	0.06976744186046512
18809.427703288064	300	7.693244988083812	0.0	161857	781.4385382115818	0.33885545	0.06976744186046512
18811.942570729894	750	7.856753909607252	0.0	372093	1836.4910784765596	0.24181221	-0.2755813953488372
18815.948015873517	750	7.851308765983063	0.0	438281	3005.445143624189	0.05324123	0.1744186046511628
18819.331787138308	750	7.9913339395751395	0.0	398987	2859.974826407925	0.081337154	0.1744186046511628
18822.783266604674	750	7.762492401586776	0.0	393804	3228.8415379883622	0.09701465	0.1744186046511628
18826.34484338722	750	7.8530230460004224	0.0	331053	2409.4693555863546	0.20077568	0.1744186046511628
18828.260183588412	300	7.991406601884486	0.0	118421	861.616444115937	0.18167143	-0.3802325581395349

