4096.733873826737	750	4.0	1.9680897620528024	450283	1968.0897620528024	0.0109299505	-8.272245887025019
4098.9526474420045	750	5.781226384733127	0.0	398865	2218.7736152668726	0.7449269	0.16901228562468518
4100.990429331457	750	5.605767133436677	0.0	350812	1675.4592512964498	0.58617914	0.22381923028556475
4102.675727327552	750	5.759279473546943	0.0	382355	1346.4876598897345	0.59183997	0.27850236669135847
4104.4201012713465	750	5.846497712652346	0.0	411561	1412.7817608945973	0.54787433	0.2654337777991582
4108.929424577612	750	5.337174406387679	0.0	318564	4509.323306264667	0.46518195	0.08316103648612283
4113.800272373377	750	4.4663266106221755	0.0	352642	4870.847795765504	0.74890053	0.07698865079011669
4116.5076299625	300	5.733529448975783	0.0	173849	2232.797161646393	0.16753356	-0.38281969245724284
4117.85646994144	300	5.556389625594172	0.0	150710	1177.1398233816103	0.056230802	0.12742751287530976
4119.027990221287	300	5.936479639750327	0.0	139105	619.909985843845	0.09377849	0.2419706141623357
4120.850872431944	750	5.650843667123552	0.0	353220	1285.6359726267744	0.7158133	-0.15831556678224334
4121.705532661315	300	5.5421365856021145	0.0	156148	608.7070815214381	0.6907207	-0.2035760556209052
4122.97907511701	300	5.828341965029831	0.0	160746	713.7946205722833	0.5209408	0.21014448088686608
4126.983096032871	750	5.824321049169283	0.0	434409	4004.0209158605476	0.63050056	-0.35634414557762006
4128.109487398739	300	5.578009751277081	0.0	140051	746.3112978922034	0.6922231	-0.2490114843180816
4130.335517313582	750	5.910034784943322	0.0	366214	2167.9749663337584	0.45954838	-0.27702752300034217
4133.648295819703	750	5.50767311103764	0.0	360831	1902.361673905682	0.7280415	0.19712339937447262
4136.373837029122	750	5.99011086998569	0.0	372963	2017.5622410519497	0.72255594	0.18586787181568007
4139.070165317076	750	5.730936186341895	0.0	405596	1759.1746836437958	0.6679459	0.2131681427015871
4140.708037282533	300	5.625577091619169	0.0	140881	1105.3590947227258	0.5791821	-0.314297493261566
4142.619171315843	300	5.541266491230886	0.0	157671	584.3106003882826	0.25233835	0.25671278238033485
4144.596185927783	300	5.8361708683716875	0.0	157812	1205.095622859199	0.33066225	0.12447145036018914
4145.635670366942	300	5.8573881957829546	0.0	163927	978.7826725887334	0.1860441	0.15325158914314707
4146.726577553856	300	5.577285461760423	0.0	137654	780.1027340225323	0.145677	0.19228236674231092
4147.779486786765	300	5.8362330288522974	0.0	146754	741.0524329081242	0.12708153	0.20241482699321633
4149.630305797196	300	5.8467519760872495	0.0	153938	989.481052765049	0.16173348	0.15159461576432764
4153.326143930435	300	5.57450183095077	0.0	181901	2772.250145136479	0.12576456	0.05410767143908488
4154.477093855283	300	5.795820862577559	0.0	111155	778.6809683732123	0.007424455	0.19263344821868927
4155.610936094556	300	5.8800342166791815	0.0	153605	915.7866458983768	0.023756973	0.16379360921216712
4157.614605573669	750	5.677227292809421	0.0	400508	1702.8069238697599	0.03926705	-0.2297753845469552
4161.479084897375	750	5.812747969102884	0.0	358218	3864.479323706538	0.49088377	0.09703765205821474
4163.204746736603	300	5.74758794596422	0.0	157488	1065.1600231386644	0.06842585	-0.3091760892809317
4164.129565558996	300	5.5054295098118455	0.0	143881	742.1584361523753	0.007229312	0.20211317785142435
4165.147257676425	300	5.767913672717646	0.0	163444	737.5158370941991	0.033241857	0.20338546300374735
4166.323258945097	300	5.770001068549354	0.0	179328	997.9126041682919	0.06587218	0.15031376432510057
4168.191456406501	300	5.869946684599394	0.0	159914	900.0543839499603	0.06676675	0.16665659617334794
4169.309411087929	300	5.680040954112088	0.0	131610	689.9057304873063	0.018178798	0.21742100894574304
4170.5458965206535	300	5.6308226942199	0.0	124011	549.2182598921876	0.042571504	0.27311546420442256
4171.744061211265	300	5.515373882830758	0.0	144254	615.448811389141	0.05082897	0.2437245750161288
4173.419050995644	300	5.579237025752085	0.0	149991	936.1368570786736	0.056313526	0.16023298181859097
4174.44334145568	300	5.806518225884709	0.0	147968	772.7187998673772	0.022584759	0.19411977555838514
4175.714630276615	300	5.551659602500764	0.0	161857	754.8586233839455	0.025305815	0.19871270639734764
4176.452162347156	300	5.866108699506102	0.0	145210	685.5509029946616	0.026616903	0.2188021332110594
4177.533948974877	300	5.786205993419462	0.0	172312	1079.9027060866401	0.0293745	0.1389014020935008
4178.315635019421	300	5.561304855463641	0.0	167025	724.9011379558219	0.014114674	0.20692476828356357
4179.923295380445	300	5.515867228246427	0.0	160064	545.4376272172143	0.020041099	0.2750085298758903
4181.134011791456	300	5.521620275144178	0.0	137507	494.24695310224917	0.04572128	0.30349200750453226
4182.180469641443	300	5.6066261606051375	0.0	118421	414.99411453903986	0.04494138	0.3614509091691926

