12088.681621348776	750	4.0	1.26305294249572	450283	1263.05294249572	0.004705182	-5.132313660689026
12089.674005496761	750	7.00761585201587	0.0	398865	992.3841479841305	0.1766509	0.6153673697189728
12092.797071690706	1850	7.884549658069398	0.0	877771	3123.066193946472	0.015429323	-0.5544600970884046
12096.910811247204	1850	7.666931464813704	0.0	933276	3717.618193255694	0.026529698	0.4651387006268583
12100.72375867861	1850	7.813518411651159	0.0	996749	3353.4130531625456	0.004705182	0.5156683775124968
12104.061966916088	1850	7.809181505885357	0.0	801058	3004.336905765801	0.004705182	0.5501585600650012
12107.656805589733	1850	7.803697915967278	0.0	905515	3005.48358991808	0.004705182	0.5495160897890322
12111.73970471818	1850	7.720798787520241	0.0	1060487	4082.899128447036	0.004705182	0.43379539911120846
12115.260637141791	1850	7.991459657952033	0.0	852833	3229.339129568209	0.004705182	0.5452028202719841
12119.397029593745	1850	7.8550672059983775	0.0	913888	4136.392451953656	0.004705182	0.44136955705982306
12123.631110861606	1850	7.620985938136908	0.0	939819	3734.0812678614698	0.004705182	0.4590700831768366
12127.571051272647	1850	7.6810455270956055	0.0	917428	3439.9404110413025	0.004705182	0.49426497363844235
12131.29670650712	1850	7.9553902926221545	0.0	946851	3725.655234473451	0.004705182	0.49209949172426354
12135.444105674042	1850	7.807991125700284	0.0	1036454	3647.3991669218703	0.004705182	0.4857377584822173
12138.829414054042	1850	7.877867834547867	0.0	821631	2930.1232911524166	0.004705182	0.564191059962497
12142.339290771708	1850	7.965521991538837	0.0	923170	3412.3458430090295	0.004705182	0.5244056185890764
12146.81721910373	1850	7.487593659517702	0.0	966699	4477.928332021135	0.004705182	0.3718462159345704
12150.311920477503	1850	7.99289228574321	0.0	885714	3494.7013737744924	0.004705182	0.5188044879303092
12153.799235013015	1850	7.689315284363001	0.0	987708	3303.5770013802075	0.004705182	0.5086972882894579
12157.048794097273	1850	7.776404595151011	0.0	923755	2912.9106892119908	0.004705182	0.5561463662193374
12161.000176531448	1850	7.8250221609748625	0.0	891604	3451.3824341761488	0.004705182	0.5069786885652956
12166.121146855616	1850	6.704051836808809	0.0	955231	5120.970324166054	0.004705182	0.23212521163940558
12169.720749984432	1850	7.104448707992699	0.0	968026	3599.6031288161107	0.006998733	0.4228005923074964
12173.409652704213	1850	7.415545988211212	0.0	874175	3688.9027197814867	0.004705182	0.4438141056120279
12178.113749921957	1850	6.7114487704669425	0.0	897976	4704.097217744269	0.004705182	0.2745244856863729
12182.664384856671	1850	6.1608138357537605	0.0	905935	4550.634934713182	0.012592963	0.2368714657830439
12186.88916482558	1850	5.936033866845504	0.0	1076599	4224.779968908257	0.036883023	0.24782163083447284
12190.806139942499	1850	6.019058749925049	0.0	758197	3916.9751169204546	0.009816214	0.28659335688675125
12195.150430535245	1850	5.6747681571808535	0.0	972798	4344.290592744196	0.07743301	0.21072344224908696
12199.731065396334	1850	5.094133296090103	0.0	975811	4580.634861090751	0.14344928	0.1312022396574803
12203.44941966084	1850	5.375779031585054	0.0	873429	3718.354264505049	0.37715757	0.24453902653394272
12206.725340452107	1850	6.099858240318034	0.0	954453	3275.92079126702	0.09528011	0.35847583369016517
12209.91232304765	1850	6.912875644773637	0.0	885062	3186.9825955443976	0.0063918177	0.44562351711750725
12213.465444083648	1850	7.359754608777492	0.0	1035329	3553.1210359961456	0.004705182	0.4520222893056501
12217.360973431736	1850	7.464225260688398	0.0	1026056	3895.5293480890946	0.004705182	0.4278368789602684
12222.878729203201	1850	5.946469489222516	0.0	943942	5517.7557714658815	0.004705182	0.11952849128103515
12225.749141768289	1850	7.076056924137094	0.0	728962	2870.4125650854226	0.10531085	0.49298690670448536
12229.715354995782	1850	7.109843696643788	0.0	938587	3966.213227493306	0.0051024854	0.3866588563262746
12233.234570883187	1850	7.590627809238014	0.0	908665	3519.2158874057736	0.005127797	0.47763461626564924
12236.985511358615	1850	7.839687333809905	0.0	930577	3750.94047542811	0.004705182	0.4784344242572736
12239.43859670159	1850	7.929827471664917	0.0	858450	1909.8598621449862	0.004705182	0.6712185779262014
12242.328024548116	1850	7.551726207316622	0.0	1025005	2878.1012643482954	0.07727666	0.5380017544722845
12245.405930303159	1850	7.71843663038492	0.0	886255	2833.2895769317024	0.00793541	0.5585289939112184
12248.203676671881	1850	7.956871602079135	0.0	973972	2761.5650283057853	0.004705182	0.5886510900865229
12252.445143563795	1850	7.715404710166751	0.0	958994	4241.466891912383	0.010392385	0.41741943659162195
12256.575315561324	1850	7.5852327126371835	0.0	982064	4130.171997529567	0.004705182	0.4160197209764849
12259.534088337987	1850	7.639756367734341	0.0	830730	2445.4763449028437	0.004705182	0.5897372509930129
12263.980850422831	1850	7.19299428289137	0.0	846370	4446.76208484297	0.004705182	0.34660731051986177

