17468.417148377317	750	4.0	4.2446647119615655	450283	4244.664711961565	0.004705182	-18.251405446338744
17469.831936510855	300	6.5852118664659365	0.0	155580	1414.7881335340633	0.028427243	0.05840129902997948
17471.638772154547	300	7.821520534123352	0.0	139857	1263.6913323425845	0.13394937	0.6425071158019456
17473.44705262409	300	7.90395245027067	0.0	155432	1417.5680838526823	0.33983472	0.6350536077525921
17474.755767048093	300	7.799951412014789	0.0	163442	1104.001038255881	0.43013644	0.6564000923048516
17476.06203430483	300	7.72417446222283	0.0	126289	1075.776949791958	0.7096144	0.6519288822448397
17477.364621755936	300	7.558125856788132	0.0	153295	1166.048605434698	0.44589657	0.6269193466946322
17479.358635619705	300	7.649388409690426	0.0	173849	1408.7374470977077	0.6769507	0.6114345886131414
17481.213001158983	300	7.809843886536319	0.0	150710	1339.5445231541075	0.6981728	0.6337979059091676
17485.12378311925	750	7.899061926270005	0.0	362795	3410.781960266314	0.6995832	0.009330302364437326
17488.05935093129	750	7.64407943214506	0.0	353220	2754.982494124947	0.2908675	0.5003678895268191
17491.846251295105	750	7.857179068332527	0.0	405134	3286.900363812532	0.120294765	0.4676871885771199
17495.606093374117	750	7.846000903089283	0.0	386351	3011.1781652432433	0.20052135	0.4941834971235398
17498.325776545644	750	7.8954912027140995	0.0	434409	2450.5097003751844	0.19440901	0.5550138420886849
17500.997028307946	750	7.869452090487541	0.0	337059	2526.0391122265587	0.11150791	0.5449546062880606
17504.885759750054	750	7.980720648377716	0.0	366214	2888.731442109826	0.11534621	0.5193951004627324
17508.897121488204	750	7.707011901693571	0.0	360831	2773.708746684143	0.22707745	0.5045525871241672
17510.648612382658	300	7.930092931150444	0.0	150616	1276.9189705431284	0.3993971	0.20163457054894246
17512.47783469162	300	7.5527676527739604	0.0	165384	1377.325278376485	0.28159177	0.605275946077729
17514.846823704233	300	7.554221661763544	0.0	140881	1498.5459910104164	0.115906246	0.5932938248583217
17516.410690124645	300	7.637509990953903	0.0	157671	1416.7116708096416	0.07222369	0.6094938547242272
17518.049623234525	300	7.601620810817542	0.0	157812	1535.8891801363611	0.18800364	0.5941217287672693
17521.40927339662	300	7.538317713739819	0.0	163927	2063.303097077721	0.08813743	0.535287340892268
17525.434807280733	300	7.512783829628676	0.0	137654	3025.533884111145	0.019501543	0.43660659636286286
17529.35177004378	300	7.540242894023166	0.0	146754	3472.54093560551	0.004705182	0.3945488578644947
17533.209330627957	300	7.6826823098459425	0.0	153938	2357.560584177224	0.004705182	0.5197568512349167
17536.950828309826	300	7.941184627973267	0.0	181901	3241.4976818726755	0.004705182	0.4562442880411984
17538.6438211165	300	7.761428257132129	0.0	111155	1679.7563708411385	0.004705182	0.5951166609116305
17541.709293958163	300	7.825310049214559	0.0	153605	2936.118207917571	0.004705182	0.47562917344719285
17543.861645781843	300	7.6638115592508695	0.0	149029	1661.4984899636902	0.004705182	0.587546729124107
17545.837772744107	300	7.95117467847206	0.0	157421	1212.6368807788106	0.004705182	0.6600919220451923
17547.871194374435	300	7.56120887055272	0.0	157488	1389.9658079193387	0.008914972	0.6048243700805297
17549.755206978032	300	7.595930532460099	0.0	143881	965.2783380926207	0.012255939	0.6506351171099797
17551.13947983543	300	7.613161198510774	0.0	163444	982.7693339493259	0.17647381	0.6505444890255002
17554.685057849692	750	7.981123972105304	0.0	401088	3132.0372264054695	0.6617937	0.045103342407609215
17556.66403727214	300	7.8534047073097755	0.0	159914	1127.7192647955285	0.1715021	0.20917321103799058
17558.095734327777	300	7.938186219816105	0.0	131610	915.2184874936702	0.60625213	0.6885836072321342
17559.48701061651	300	7.860787336021123	0.0	124011	1077.398883794983	0.6692263	0.6649158356751897
17564.0768199175	750	7.270978035030499	0.0	378327	4589.809300990624	0.67376494	-0.16902623139944795
17567.24157431058	300	7.990444257954557	0.0	149991	1780.5337770759415	0.21656467	0.15708197477969987
17569.84928376644	300	7.508699795027438	0.0	147968	1481.7444629271183	0.04749129	0.5905924454356392
17571.94068831975	300	7.735980014839086	0.0	161857	1272.7197801883533	0.01948087	0.633370897274717
17574.37819292739	300	7.886570097579537	0.0	145210	1349.409917259549	0.14165358	0.6401963528964394
17577.466299980162	300	7.976563911883645	0.0	172312	1910.006185695892	0.1427902	0.5927987345827066
17580.41993703229	300	7.743795871859091	0.0	167025	2232.768040024554	0.03749261	0.5381183565531371
17582.143176440884	300	7.6676105876149325	0.0	160064	1576.185284244158	0.0066355	0.5964437105623022
17583.75331121768	300	7.726070304389432	0.0	137507	941.5402832254991	0.008047764	0.6655350258988817
17584.99046373567	300	7.876791316181359	0.0	118421	849.278988208073	0.22332059	0.6892682268018362

