23189.56742221464	750	4.0	7.862962959107444	450283	7862.962959107444	0.679417	-34.17191773378061
23191.132751333498	300	6.434670881144126	0.0	155580	1565.3291188558746	0.026627839	0.02885745685218641
23194.03552534873	300	7.53189686591194	0.0	139857	1402.7740152321862	0.43260288	0.6007222350601431
23196.742321822298	300	7.529031704326359	0.0	155432	1502.8651615855813	0.63499045	0.5904373453141945
23203.918755466475	750	4.352598060147773	0.0	411561	7176.433644178585	0.4443341	-0.7085861077413751
23204.976165221702	300	7.295188304920925	0.0	126289	1057.4097552268477	0.05199258	0.16247518877138942
23207.713564131365	750	7.575376158132631	0.0	352642	2719.8121467882947	0.28365296	0.047272154814832934
23212.826764630354	750	6.462175659141205	0.0	437162	5113.200498991426	0.13257076	0.15078648631139668
23217.616906807838	750	5.672033481659802	0.0	374758	4790.142177481403	0.35271013	0.10704022161437565
23219.86291553929	750	7.426024750207568	0.0	362795	2246.0087314522334	0.6641411	0.530277250900701
23222.29804498476	750	7.91192920346917	0.0	353220	2014.0955467383978	0.5075119	0.600237434003674
23226.551668981756	1200	7.658305206473762	0.0	594078	4253.623996995408	0.7148082	-0.07405821272193042
23230.079680395946	750	7.946628404295283	0.0	386351	3211.6768021784787	0.7124778	0.03381914660143964
23232.81305864179	750	7.988106549228181	0.0	434409	2458.521855067102	0.5008639	0.5631269606513174
23235.156813655714	1200	7.903657247205112	0.0	526950	2084.4493020230693	0.4879093	0.16647467396900198
23239.470508402042	1850	7.589962500876853	0.0	923170	3813.694746328259	0.39444387	-0.20187730632449852
23243.34738995513	1850	7.713080947786618	0.0	966699	3876.881553090235	0.053379044	0.45365430566182924
23248.27010424911	1850	6.790366653809432	0.0	885714	4922.714293977186	0.034479357	0.26025871545011586
23253.88729022983	1850	5.173180673088123	0.0	987708	5617.185980721309	0.20652527	0.035155528995312046
23257.618901062062	1200	5.441569840858475	0.0	586839	3731.6108322296486	1.1145636	-0.43522023453668385
23262.17834690938	750	4.882123993541039	0.0	386472	4559.445847317436	0.69445324	-0.39591984559744337
23264.195517671687	300	6.864953231233986	0.0	157812	2017.1707623070533	0.67235726	0.025088465489400885
23271.072142862657	750	4.0	0.011671959735678684	401853	6876.625190969664	0.5668588	-0.7627326596682436
23273.228133871908	300	5.844008990745693	0.0	137654	2155.9910092543064	0.13285185	-0.08706062109226523
23275.278361944016	300	7.793780918639682	0.0	146754	2050.2280721060115	0.1900342	0.5611834718082883
23279.44715282573	750	7.62499003692419	0.0	379700	4168.790881715491	0.44477376	-0.09285032556206918
23283.070987307598	750	7.57789526545099	0.0	425781	3047.0947714731997	0.13002566	0.4647863593341916
23284.782263462504	750	7.715627048191887	0.0	277716	1362.268217259102	0.14246964	0.6465258578638255
23286.947543716193	750	7.72249093317513	0.0	400396	1993.136115016757	0.5440102	0.5840997249424545
23290.917231124135	1200	7.663719293538889	0.0	641447	3558.7716396362416	0.4611271	-0.004051864855114606
23296.47378335538	1200	6.107167062291232	0.0	570392	5556.552231247656	0.6844143	0.09635012659540776
23299.018874965852	750	7.562075451822096	0.0	400322	2545.091610469136	0.16340345	0.06346400010791525
23302.492315974923	750	7.996634718794507	0.0	369834	2565.440733027589	0.73008835	0.553255919022299
23306.306790371305	750	7.978397682628147	0.0	412837	3018.2370361663598	0.70465577	0.506220952921683
23310.093725775947	750	7.828048650915702	0.0	401088	3650.3490317124442	0.64799505	0.42853848547798556
23312.84403893611	750	7.946185171298195	0.0	365161	2381.8634796175056	0.24822529	0.5667578171698289
23315.732874719582	750	7.760992129333754	0.0	321064	2685.1930419644423	0.6988872	0.5185998168298404
23319.672818085277	1200	7.821048763640357	0.0	575591	3939.943365693396	0.38715476	-0.027025894317472543
23326.571279746327	1200	4.92258710259004	0.0	605884	6898.461661050318	0.6223119	-0.15185800517306614
23329.391514055435	750	6.102352793482283	0.0	390680	2820.234309107756	0.68374527	-0.1045502609564879
23331.481977071464	750	7.773262376647108	0.0	345516	1829.0904168351751	0.10653561	0.6053911048133968
23333.817369855333	750	7.511252222310922	0.0	384505	1762.010154336184	0.7050829	0.5868803512023637
23335.701033737092	750	7.756111653696598	0.0	372093	1755.140568614324	0.4946893	0.6111353127499808
23349.770143999136	1200	4.0	6.312998608347838	634861	14069.110262044436	0.5884757	-28.553616954973336
23351.76890074281	300	6.001243256327443	0.0	167025	1998.7567436725562	0.03317556	-0.5062032149356748
23353.121605297998	300	7.85808608566502	0.0	160064	1143.157170662424	0.1248246	0.6580800085229189
23355.303118054053	750	7.552103428400416	0.0	331053	1805.982657264604	0.3819614	0.13641507666074634
23357.1390538333	1200	7.896900597673773	0.0	550906	1655.202830726643	0.7815484	0.20874898578030548

