11143.114002070524	750	4.0	1.464606764188326	450283	1464.606764188326	0.004705182	-6.019150476136493
11144.348988266049	750	6.765013804474078	0.0	398865	1234.9861955259219	0.6068642	0.5677564377906181
11147.396050149366	1850	7.717951921156034	0.0	877771	3047.0618833180433	0.03981156	-0.5628948905503213
11150.617671162667	1850	7.800468735886842	0.0	933276	2917.4831852691927	0.0057037333	0.5580053179429013
11154.084398955418	1850	7.769173786911884	0.0	996749	3031.294948974958	0.0047213924	0.543611966601633
11157.537478714683	1850	7.685350362518122	0.0	801058	3083.823424393762	0.004705182	0.5302910176827984
11161.240403759042	1850	7.982425318158252	0.0	905515	3202.9250443598708	0.005169172	0.5469746631569918
11165.080484436488	1850	7.598475592800842	0.0	1060487	3383.949725357409	0.0050664824	0.49191659069913385
11168.074439161905	1850	7.634563734736565	0.0	852833	2963.9118580642776	0.004707327	0.5373939027556346
11173.967785831706	1850	5.741217064933805	0.0	913888	5893.34666980276	0.004721154	0.06221361863360941
11176.483161348748	750	7.225841547893509	0.0	353220	2515.375517040295	0.23110387	-0.6159272920040693
11178.728616014465	750	7.587496732582105	0.0	405134	1638.3448153114052	0.088779315	0.6065855072471972
11182.476609851332	1850	7.8395028957156505	0.0	946851	3747.993836866455	0.6825734	-0.6212886642660775
11187.503113044926	1850	6.812999702121941	0.0	1036454	5026.5031935937095	0.036495253	0.25205828251972273
11189.33856025538	750	7.896079604078033	0.0	337059	1416.9200980439061	0.56530297	-0.4415705633675649
11191.195519065019	750	7.851863669664242	0.0	366214	1544.2159344137908	0.68253493	0.6414440182582324
11195.194994816042	1850	7.852387918640961	0.0	966699	3999.4757510232816	0.6065311	-0.6451966573486851
11199.087974134325	1850	7.959408600358163	0.0	885714	3892.979318282798	0.02805241	0.47575385010229143
11203.379713799734	1850	7.667668934950532	0.0	987708	3791.739665407631	0.13772124	0.4577975357637869
11207.003324243115	1850	7.604332604029086	0.0	923755	3563.3363309214465	0.032407373	0.47454167423571125
11210.568831552484	1850	7.741715953124643	0.0	891604	3362.6166509044433	0.0230461	0.5078369482049847
11214.79036914008	1850	7.520178365526216	0.0	955231	3721.5375875984273	0.01338093	0.45062160595111295
11218.425662335672	1850	7.884885169936249	0.0	968026	3635.2931955899676	0.02452384	0.4943494961517984
11221.587808688575	1850	7.723672704760429	0.0	874175	3161.2124651758204	0.01800188	0.526240683290804
11226.03458639653	1850	7.276894996806453	0.0	897976	4446.7777079539765	0.009339288	0.3546812887913777
11232.14644124609	1850	5.165040147247174	0.0	905935	6111.854849559279	0.7027198	-0.015094892899390366
11234.534361379601	750	6.777120013736169	0.0	425781	2387.920133511006	0.54923505	-0.6463717193890861
11236.112979720181	750	7.78155415167255	0.0	277716	1495.5658620636189	0.124432266	0.6395416532100913
11239.442132922366	750	7.618503789837547	0.0	400396	2163.0503618350035	0.024290055	0.557099417655138
11244.281277470685	750	6.779359241518413	0.0	400508	4839.144548319134	0.018634211	0.2087213673894619
11245.910012575709	300	7.90261536934222	0.0	157421	876.7438721761916	0.030708803	0.23900733333713964
11247.507908924834	300	7.899662849202356	0.0	157488	1502.9525201398658	0.64240336	0.6261022850684528
11249.714633592936	300	7.933772425144343	0.0	143881	1465.890424058013	0.055914246	0.6330915807425582
11251.399026330335	300	7.736993116466503	0.0	163444	1196.7793086778413	0.021391466	0.6410624566270922
11252.97107772788	300	7.584774198555188	0.0	179328	1152.218917911316	0.1415074	0.6308672491091213
11254.284187441206	300	7.61313556770948	0.0	159914	971.638630845707	0.24398693	0.6516550923416453
11256.643039745277	750	7.68944495691343	0.0	321064	1923.690610796049	0.6862713	0.13786356199582095
11259.748726820746	750	7.969182236815995	0.0	361565	2220.262720097434	0.26219067	0.5851313872293837
11262.237743298907	750	7.987386189922292	0.0	378327	2481.796046893704	0.13591015	0.5607302060537683
11265.34775025169	750	7.970992976663794	0.0	390680	2516.3932132584987	0.3976518	0.5556926237142332
11267.559944786934	750	7.881702569303272	0.0	345516	2089.2904073605227	0.47967502	0.5898085995045736
11276.497087956544	750	4.0	1.0554406003064722	384505	8937.143169609744	0.21981975	-5.006989611986663
11278.019205362065	300	6.477882594479882	0.0	145210	1522.1174055201177	0.004705182	0.03733780548478349
11280.814005624095	300	7.683082332449088	0.0	172312	2294.8002620307952	0.004705182	0.5260713860869618
11284.807094300937	300	7.689993655607287	0.0	167025	3493.0886768418004	0.004705182	0.40690776743936546
11289.548701830545	300	6.9483861259993525	0.0	160064	4741.607529607934	0.004705182	0.2106753012086447
11292.592005281735	300	7.905082674809498	0.0	137507	3043.303451189855	0.004705182	0.4725888564356475
11296.775663073922	300	7.721424882623324	0.0	118421	2683.657792186174	0.004705182	0.49087614779441474

