16734.744209020086	750	4.0	1.6132241480558394	450283	1613.2241480558394	0.5905784	-6.673066965153551
16736.305660822323	750	6.438548197762211	0.0	398865	1561.4518022377888	0.26120946	0.5036871855497438
16740.2705686934	1850	6.473640326688384	0.0	877771	3964.907871073827	0.73470247	-0.7744459169240508
16744.399512818167	1850	6.344696201919689	0.0	933276	4128.9441247686955	0.09736708	0.29673943682392856
16747.9046558226	1850	6.839553197487453	0.0	996749	3505.143004432236	0.08694133	0.4067501060223669
16750.784852892775	1850	7.959356127312378	0.0	801058	2380.1970701750747	0.020549566	0.6270270243218237
16755.65824154006	2850	7.085967480029465	0.0	1388403	4873.388647282913	0.5792669	-0.6528705749912636
16760.5298068806	1850	6.21440213948574	0.0	1060487	4871.565340543725	0.0054542036	-0.790063638694971
16764.625546174135	1850	6.118662845954018	0.0	852833	4095.7392935317216	0.04529106	0.27830394846717743
16771.852352854447	1850	4.0	1.108143834359621	913888	7226.80668031364	0.09902595	-5.003745023000847
16774.428650561444	750	5.423702293002114	0.0	353220	2576.2977069978856	0.6852076	-0.7954774949584821
16777.901974021766	750	5.950378832681734	0.0	405134	3473.3234603203796	0.4488386	0.26551315473235493
16781.39740009989	750	6.454952754560894	0.0	386351	3495.4260781208395	0.2520241	0.3118687154933339
16785.571134492333	750	6.281218362116011	0.0	434409	4173.734392444883	0.17384441	0.2273157482015744
16788.422557196045	750	7.4297956584074845	0.0	337059	2851.4227037085266	0.2672559	0.470098807943048
16791.384956804548	750	7.979381992309207	0.0	366214	1950.413666098278	0.28345004	0.6130980308717364
16795.430842065973	1200	7.517432361400378	0.0	617242	3461.949630908828	0.45850015	-0.008449950097539072
16799.083738165285	1200	7.642952055501563	0.0	581493	2874.480305898817	0.55521035	0.5123783978805422
16811.245609600428	1850	4.0	4.518919379642378	987708	12161.871435143941	0.7332254	-20.81358634319973
16812.64497819701	300	6.600631403417628	0.0	140881	1399.3685965823713	0.16625011	-1.0385725990404922
16814.51792530604	300	7.548985799622113	0.0	157671	1051.6456037955159	0.54254496	0.6374799058035895
16817.845660165785	750	7.990769136666622	0.0	399894	3058.21666295549	0.20789783	0.05341375697754175
16820.620174415326	750	7.568271115042851	0.0	401853	2422.4980216237705	0.49628833	0.5263196987307056
16822.916096977795	1200	7.841317914416635	0.0	536667	1726.9532006262168	0.7532537	0.19622405135338422
16826.641807235133	1850	7.58794747616808	0.0	897976	3253.3704382485553	0.1307018	-0.1460388239712116
16829.249235006977	1850	7.565403538192507	0.0	905935	2522.543937975571	0.018614907	0.5748739459976407
16832.150877185006	1850	7.827024284609559	0.0	1076599	2738.3792535829484	0.023648491	0.5784717133360242
16835.473154188297	1850	7.607517221687676	0.0	758197	2719.507062921883	0.56568575	0.5592311241621345
16839.585205999207	1850	7.495465410778135	0.0	972798	4112.051810909541	0.0073368186	0.40919153319294455
16845.79670689914	1850	5.283964510843676	0.0	975811	6211.500899934459	0.019068403	-0.013612890635599562
16851.940558632432	1850	4.0	0.8598872224501293	873429	6143.851733293805	0.8367443	-3.827946097088049
16853.120163959986	300	6.820394672445088	0.0	157488	1179.605327554912	0.8497838	-0.9954438037642832
16855.976304498952	750	7.632214315993998	0.0	369834	2188.1803564510897	0.30389306	0.1059060721656935
16857.851113683708	750	7.563789862872112	0.0	412837	1568.4244531218856	0.6443728	0.6112957298855923
16861.26929166509	1200	7.742893213999279	0.0	690253	3320.896648872832	0.69847536	0.02735621547646888
16865.227290028128	1850	7.784894850958855	0.0	943942	3957.998363040425	0.5922643	-0.19754520423950317
16868.861651199353	1850	7.595354060622105	0.0	728962	3189.5407903367495	0.05181627	0.5110570331250046
16872.684594934326	1850	7.772410325649915	0.0	938587	3822.9437349721898	0.05843079	0.46475860859221896
16876.51351503516	1850	7.943490224816649	0.0	908665	3828.9201008332666	0.031589344	0.48062760982267644
16880.124760045106	1850	7.546209847188469	0.0	930577	3397.280377628179	0.029028714	0.4855528871130004
16883.182625553956	1850	7.519259351922662	0.0	858450	3026.950495265809	0.018140156	0.5199918590639776
16886.741708622627	1850	7.960176283253332	0.0	1025005	3559.08306866933	0.013504037	0.509217365428633
16890.4691356146	1850	7.521461866394138	0.0	886255	2938.714416859193	0.01179925	0.5290274614654509
16894.034711463042	1850	7.633030191729571	0.0	973972	2888.4316746645677	0.009499449	0.5447943158106171
16896.7946673967	1850	7.526624335288931	0.0	958994	2606.405856440641	0.0061783735	0.5627552110988027
16899.93991461923	1850	7.5907757866337375	0.0	982064	2935.8485486551917	0.004718532	0.5359855931358943
16902.97534237613	1850	7.992761264122506	0.0	830730	2598.014522511232	0.005084849	0.6084605620743704
16907.221747141088	1850	7.746356499159537	0.0	846370	3746.4047649629692	0.005285389	0.46990479471277297

