3934.0679094549273	750	4.0	3.7572090788844412	450283	3757.209078884441	0.005563761	-16.056190912445523
3936.1165877712015	300	5.76926538607515	0.0	155580	1230.7346139248493	0.16980484	-0.3281215720246581
3939.098975916556	300	5.612043078742434	0.0	139857	1157.2223073327161	0.3917102	0.12962072978504474
3942.7132076855455	300	5.997811309752874	0.0	155432	2614.23176898956	0.4758154	0.05737823316942448
3945.463267866094	300	5.522480013444487	0.0	163442	2475.3312963083868	0.11817111	0.06059794914066824
3947.816810090131	300	5.793073367395867	0.0	126289	729.4066460486192	0.2009566	0.20564660441824603
3951.8220874229023	300	5.547502504304687	0.0	153295	1245.5708630911813	0.33784676	0.12042670910568605
3955.4915441772514	300	5.878045749955465	0.0	173849	2669.456754349221	0.52732253	0.05619120810090369
3957.7930971934124	300	5.5318508109894085	0.0	150710	1346.1949389660563	0.12276581	0.11142517005390568
3960.7454648993617	300	5.533346077662336	0.0	139105	1498.5047333270718	0.10115597	0.10009978391390252
3964.596308046243	300	5.682502930780662	0.0	141840	3850.8431468816743	0.05719456	0.03895250839325061
3968.7531395174283	300	5.525671459595563	0.0	156148	3656.8314711850976	0.00900338	0.041019117556267456
3973.1538039869947	300	5.125006990029331	0.0	160746	4400.664469566233	0.005198553	0.034085761601994
3978.3765905835908	300	4.0	0.09777960656686628	179801	5222.786596596197	0.004705182	-0.39173200783356854
3981.8164604796084	300	4.560130103982384	0.0	140051	3439.869896017616	0.004705182	0.04360630039341227
3984.6276408260783	300	5.748949757512493	0.0	138313	2811.18034646989	0.004705182	0.05335836962162919
3988.450714556244	300	5.925876027346893	0.0	143509	3823.0737301656	0.004705182	0.03923544524303553
3993.5405930126976	300	4.835997570893023	0.0	150616	5089.87845645387	0.004705182	0.02947025185047451
3999.5576466271746	300	4.0	1.181056043584128	165384	6017.053614477151	0.004705182	-5.053611842748804
4004.3707576328857	300	4.0	0.8131110057110318	140881	4813.111005711032	0.004705182	-3.4652124501504225
4008.8216220558866	300	4.0	0.4508644230012033	157671	4450.864423001203	0.004705182	-1.9050157002973032
4012.2019681514257	300	4.619653904460791	0.0	157812	3380.346095539209	0.004705182	0.04437415452753309
4015.6033355906193	300	5.218286465267434	0.0	163927	3401.3674391933564	0.004705182	0.04409991060406367
4019.2949525267336	300	5.526669529152945	0.0	137654	2191.61693611449	0.004705182	0.06844261765285246
4022.5234504282985	300	5.9540958640678525	0.0	146754	2072.5736650850927	0.004705182	0.07237378459782828
4026.714452790274	300	5.7630935020920315	0.0	153938	3691.002361975821	0.004705182	0.040639367112109866
4030.5086799035057	300	5.96886638886067	0.0	181901	3794.227113231362	0.004705182	0.03953374311118982
4034.5889650316067	300	5.888581260760032	0.0	111155	3080.285128100638	0.004705182	0.048696790641745834
4039.5232071279183	300	4.954339164448067	0.0	153605	4934.242096311965	0.004705182	0.030399805496393366
4044.1455852826757	300	4.331961009690654	0.0	149029	4622.378154757413	0.004705182	0.03245082833511101
4050.25294872959	300	4.0	1.7754024372234063	157421	6107.363446914061	0.004705182	-7.609669963676806
4054.2620876266374	300	4.0	0.009138897047230785	157488	4009.138897047231	0.004705182	-0.0018827391604367416
4058.5876979920554	300	4.0	0.32561036541763677	143881	4325.610365417637	0.004705182	-1.3654473841873507
4064.4179744145476	300	4.0	1.8302764224920547	163444	5830.276422492055	0.004705182	-7.8444608485741165
4070.525133626549	300	4.0	2.1071592120014375	179328	6107.1592120014375	0.004705182	-9.03622327387239
4074.8171746122994	300	4.0	0.2920409857505465	159914	4292.0409857505465	0.004705182	-1.2208278306161515
4077.506436000195	300	5.310738612104417	0.0	131610	2689.261387895583	0.004705182	0.05577739697418513
4079.444650970925	300	5.551085997527214	0.0	124011	1259.6526145772023	0.004705182	0.11908044985112577
4080.93846403798	300	5.848460647076317	0.0	144254	1202.6253504508977	0.004705182	0.12472712299284297
4082.87828464477	300	5.7591441779831225	0.0	149991	1089.3164690931953	0.004705182	0.13770103019269317
4084.833419010352	300	5.8018290545405256	0.0	147968	957.3151234425962	0.004705182	0.15668821720959106
4086.3454983250954	300	5.6446990037385385	0.0	161857	1157.1300508019865	0.004705182	0.12963106428360202
4087.9910723515986	300	5.5643866414576735	0.0	145210	1080.3123622808648	0.004705182	0.13884873045727703
4089.170195294226	300	5.957456011755465	0.0	172312	1106.9306297022085	0.004792179	0.13550984675557642
4090.988727305537	300	5.574286134061888	0.0	167025	883.1698776935775	0.006027465	0.16984274915685432
4092.5911097107614	300	5.675776022258855	0.0	160064	898.5101118030332	0.008801289	0.16694302938783426
4094.0624307429875	300	5.872051657356427	0.0	137507	803.7243649024282	0.009724971	0.1866311468835587
4094.7657840646843	300	5.7741733686697865	0.0	118421	597.878288686641	0.008858021	0.25088718362646173

