9914.657622655775	750	4.0	6.819045761582508	450283	6819.045761582508	0.66925097	-28.571896774804785
9916.604598322889	300	6.053024332886424	0.0	155580	1946.975667113577	0.004705182	-0.15000000000000002
9918.139715527195	300	8.517907128580475	0.0	139857	1535.1172043059482	0.004705182	0.3
9919.81767727104	300	10.83994538473521	0.0	155432	1677.9617438452651	0.004705182	0.3
9921.690008920319	300	12.967613735456158	0.0	163442	1872.3316492790518	0.004705182	0.3
9922.762315583876	300	15.895307071900806	0.0	126289	1072.3066635553523	0.0118942745	0.3
9923.915607906025	300	18.742014749751306	0.0	153295	1153.2923221495007	0.15166253	0.3
9926.511801387818	750	20.145821267957356	0.0	437162	2596.193481793949	0.6917888	0.3
9927.91560732802	750	22.742015327755773	0.0	374758	1403.8059402015808	0.058888674	0.75
9930.47967752375	1200	24.17794513202589	0.0	560821	2564.0701957298857	0.11441268	0.75
9933.558499745075	1200	25.099122910702256	0.0	607410	3078.822221323633	0.004705182	1.2
9936.322138108675	1200	26.335484547102684	0.0	594078	2763.638363599568	0.004705182	1.2
9938.737685992455	1200	27.91993666332245	0.0	624282	2415.547883780237	0.004705182	1.2
9941.465693586259	1200	29.191929069520146	0.0	687371	2728.0075938023033	0.004705182	1.2
9943.754646626028	1200	30.902976029749254	0.0	526950	2288.953039770892	0.004705182	1.2
9946.324716571282	1200	32.33290608449588	0.0	587876	2570.069945253371	0.004705182	1.2
9949.110796471829	1200	33.546826183949264	0.0	617242	2786.079900546623	0.004705182	1.2
9951.630284055782	1200	35.02733859999626	0.0	581493	2519.4875839530027	0.0047746403	1.2
9954.306087222898	1200	36.35153543288033	0.0	639204	2675.8031671159324	0.0055281892	1.2
9957.577586703213	1200	37.080035952566135	0.0	586839	3271.499480314198	0.013747713	1.2
9968.775512337439	1200	29.882110318340093	0.0	601738	11197.925634226043	0.0054982807	1.2
9973.412087130959	750	29.245535524820014	0.0	399894	4636.574793520076	0.25439835	0.3
9976.593041408094	750	30.064581247685176	0.0	401853	3180.9542771348383	0.011877043	0.75
9978.858265000827	750	31.79935765495247	0.0	343800	2265.223592732704	0.3548506	0.75
9984.774384469734	750	29.88323818604288	0.0	359903	5916.119468909588	0.6831578	0.75
9988.934109897225	750	29.72351275855174	0.0	379700	4159.725427491143	0.0071350336	0.75
9993.03820562244	750	29.61941703333804	0.0	425781	4104.095725213698	0.004705182	0.75
9994.996862705691	750	31.660759950088057	0.0	277716	1958.6570832499822	0.0061029727	0.75
9996.871841664857	750	33.785780990921985	0.0	400396	1874.9789591660706	0.055666804	0.75
9999.47481931031	1200	35.182803345469665	0.0	641447	2602.9776454523226	0.36584142	0.75
10002.473420060316	1200	36.18420259546326	0.0	570392	2998.6007500064024	0.004705182	1.2
10005.333517477597	1200	37.32410517818328	0.0	620283	2860.097417279983	0.004705182	1.2
10007.768916167543	1200	38.88870648823796	0.0	584349	2435.398689945324	0.005048109	1.2
10010.423623026885	1200	40.233999628895454	0.0	670129	2654.7068593424983	0.039654378	1.2
10013.26365416916	1200	41.39396848661979	0.0	690253	2840.031142275667	0.5496983	1.2
10019.488709414469	2850	39.16891324131089	0.0	1439896	6225.055245308901	0.4182015	1.2000000000000002
10024.336980788437	2850	38.320641867342346	0.0	1139291	4848.271373968545	0.004705182	2.85
10043.058801439873	2850	23.598821215908423	0.0	1499009	18721.820651433925	0.004705182	2.85
10047.025826512916	1200	23.63179614286411	0.0	605884	3967.025073044311	0.58292085	-0.44999999999999996
10055.411140307571	1200	19.24648234820775	0.0	587506	8385.313794656362	0.004705182	1.2
10061.304139856773	1200	17.353482799007754	0.0	566904	5892.999549199996	0.30147967	1.2
10065.37301117076	1200	17.284611485019806	0.0	641452	4068.871313987945	0.10067339	1.2
10067.679292257864	1200	18.97833039791532	0.0	599477	2306.281087104486	0.0054912735	1.2
10070.951340310077	1200	19.706282345700576	0.0	634861	3272.0480522147445	0.009376877	1.2
10073.857601294008	1200	20.80002136176882	0.0	630203	2906.260983931755	0.6646803	1.2
10079.81099842545	2850	18.84662423032761	0.0	1483527	5953.397131441212	0.694346	1.2000000000000002
10085.005057414275	2850	17.652565241502447	0.0	1231456	5194.058988825159	0.004705182	2.85
10090.894696241008	2850	15.762926414769339	0.0	1364537	5889.6388267331085	0.004705182	2.85

