5666.785449426021	750	4.0	7.528019682657206	450283	7528.0196826572055	0.004705182	-32.32067073803888
5669.081803679091	300	5.7036457469296495	0.0	155580	2296.3542530703508	0.009958988	-0.38467906800553886
5671.446588938625	300	5.698440075476701	0.0	139857	2005.2056714529485	0.0117747	0.07480529410796637
5675.233723965829	300	5.911305048271919	0.0	155432	3287.1350272047816	0.028071105	0.045632442463902266
5679.617431573561	300	5.527597440540408	0.0	163442	2883.7076077315114	0.013436098	0.05201636934265972
5683.262809374706	300	5.882219639395235	0.0	126289	2145.3778011451736	0.105958015	0.06991775524102656
5687.004216626418	300	5.619415973169973	0.0	153295	2262.8036662252616	0.004705182	0.06628944536324943
5690.125395382365	300	5.978128416540414	0.0	173849	1641.287556629559	0.010230117	0.09139166344990161
5693.652899284904	300	5.8193220363287	0.0	150710	1658.8063802117133	0.041509226	0.09042646675910151
5695.264963900594	300	5.957638561198564	0.0	139105	1361.6834751301355	0.029667389	0.11015775893561795
5697.7075200069685	300	5.8065509733905785	0.0	141840	1651.087587807986	0.04742492	0.09084920818715786
5701.1243737322875	300	5.908858412914476	0.0	156148	1897.6925604761018	0.033743396	0.07904336198818597
5704.087814034085	300	5.941718801537327	0.0	160746	1967.1396113771495	0.020603588	0.07625284912797238
5707.283122755254	300	5.587214871961912	0.0	179801	2354.503929575415	0.019219384	0.06370768726092095
5710.916596479108	300	5.953741148108078	0.0	140051	2133.473723853834	0.009089929	0.07030787317551074
5714.179216793183	300	5.58457026789547	0.0	138313	2369.1708802126086	0.00879105	0.06331328873438587
5716.820498420539	300	5.875654094848402	0.0	143509	1708.9161730470676	0.005282566	0.0877749314833529
5720.853446625014	300	5.842705890372547	0.0	150616	2532.9482044758556	0.006895213	0.05921952913799893
5724.485862618029	300	5.634154766157306	0.0	165384	1708.5511242152402	0.0049732137	0.08779368546486835
5727.840191278756	300	5.8889228606441915	0.0	140881	1745.231905513115	0.005382277	0.08594846308170064
5731.48530023783	300	5.5009167158130055	0.0	157671	1888.0061448311856	0.005833824	0.07944889396184254
5735.338286371116	300	5.512975080142609	0.0	157812	1987.9416356703964	0.004705182	0.07545493152741141
5738.634248746281	300	5.512516136617396	0.0	163927	2000.4589435252133	0.005016353	0.0749827935661952
5741.140430377207	300	5.852177051274198	0.0	137654	1660.3390853431974	0.004705182	0.09034299157572052
5743.04128568706	300	5.9696706118888345	0.0	146754	1882.5064393853643	0.0049697226	0.07968100233908086
5745.3203413159745	300	5.789317242315505	0.0	153938	1680.3533695733306	0.004705182	0.08926693796441607
5747.973281730906	300	5.732198155020491	0.0	181901	2057.1190872950137	0.004706417	0.07291750921296485
5749.773378830132	300	5.99006036422605	0.0	111155	1242.137790794441	0.004705182	0.12075954947322202
5753.821703355224	300	5.94173583913421	0.0	153605	2048.3245250918408	0.004705182	0.07323058341708545
5757.470775269691	300	5.625341765662305	0.0	149029	1816.3940734719044	0.004705182	0.08258119875566758
5760.810268800209	300	5.736933891900718	0.0	157421	1888.407873761586	0.004705182	0.07943199246527698
5764.071185329675	300	5.742018503545747	0.0	157488	1494.9153883549718	0.004705182	0.10034012705231588
5767.397392604826	300	5.636915350526118	0.0	143881	1605.1031530196296	0.004705182	0.09345193778842796
5770.406921416987	300	5.9277030295111794	0.0	163444	1709.2123210149384	0.004705182	0.08775972309334237
5773.863053452688	300	5.9997953142338245	0.0	179328	2427.907715277354	0.004705182	0.061781590402361995
5777.027975395262	300	5.811446460158413	0.0	159914	1688.3488540754113	0.004705182	0.08884419806838104
5779.393558418324	300	5.591941478877488	0.0	131610	1219.5049812809254	0.004705182	0.12300072759230982
5781.829238790015	300	5.87714034242159	0.0	124011	1214.8011364558993	0.004705182	0.12347700006077944
5785.17886238088	300	5.987768198106875	0.0	144254	1389.372144314714	0.004705182	0.10796243512855597
5788.636036168736	300	5.819307031954315	0.0	149991	1668.4611661525585	0.004705182	0.08990320125094509
5790.851433611484	300	5.625964564431375	0.0	147968	1693.3424675229403	0.004705182	0.08858219933468237
5792.929085016497	300	5.763166392537343	0.0	161857	1362.7981718940312	0.004705182	0.11006765572008981
5794.017354361317	300	5.73645826518743	0.0	145210	1026.708127349914	0.004705182	0.1460979961142143
5796.167114924718	300	5.937358677722028	0.0	172312	1299.0995874654016	0.004705182	0.11546458904867822
5798.186550017651	300	5.992971566722997	0.0	167025	1444.3871109990312	0.004705182	0.10385027591131739
5802.367963211366	300	5.811558373008327	0.0	160064	2181.4131937146703	0.004705182	0.06876276371308133
5805.684096649435	300	5.8267222417985085	0.0	137507	1984.8361312098189	0.004705182	0.07557298944803588
5809.847272794469	300	5.663546096763992	0.0	118421	2163.176145034516	0.004705182	0.06934248065943172

