15716.255022137026	750	4.0	1.4342768133466879	450283	1434.276813346688	0.37834364	-5.992971692739594
15717.61518339512	750	6.6398387419037395	0.0	398865	1360.16125809626	0.26965278	0.1744186046511628
15719.100218775558	750	7.709540054025692	0.0	350812	1430.298687878048	0.097305134	0.1744186046511628
15720.865300264219	750	7.534367684586796	0.0	382355	1175.1723694388975	0.08977936	0.1744186046511628
15723.281055668476	750	7.526444475287573	0.0	411561	2007.9232092992224	0.08088019	0.1744186046511628
15724.98802885552	750	7.951873988795205	0.0	318564	1574.570486492368	0.07084181	0.1744186046511628
15727.914756702596	750	7.524711405982132	0.0	352642	2427.1625828130736	0.0608833	0.1744186046511628
15732.210332457627	750	7.229135650949538	0.0	437162	4295.575755032594	0.18254736	0.1744186046511628
15733.401723257484	300	7.791010794069967	0.0	150710	938.1248568795705	0.6685096	-0.3802325581395349
15735.285331665587	750	7.730839518607361	0.0	362795	1560.1712754626064	0.6006211	-0.2755813953488372
15736.968277282935	750	7.71608531915273	0.0	353220	1514.7541994546318	0.11166997	0.1744186046511628
15740.332981710344	750	7.797828842994543	0.0	405134	2918.2564761581866	0.061810624	0.1744186046511628
15743.71722171139	750	7.853932756098122	0.0	386351	2443.896086896421	0.26870376	0.1744186046511628
15746.529057193691	750	7.753186972021671	0.0	434409	2100.745784076452	0.4330756	0.1744186046511628
15748.431881377597	750	7.957319762581958	0.0	337059	1795.867209439713	0.25530818	0.1744186046511628
15751.562927891124	750	7.820274954901021	0.0	366214	1637.044807680937	0.15283416	0.1744186046511628
15754.449517497495	750	7.753981080938651	0.0	360831	2066.29387396237	0.083500646	0.1744186046511628
15759.87284574515	750	6.330652833282763	0.0	372963	5423.328247655887	0.22322604	0.1744186046511628
15762.375426911343	300	7.828071667090631	0.0	165384	2502.5811661921325	0.2020004	-0.3802325581395349
15764.99950030173	300	7.579137487825068	0.0	140881	2248.9341792655637	0.09397767	0.06976744186046512
15768.653707087764	300	7.92493070179047	0.0	157671	1654.2067860345974	0.04315935	0.06976744186046512
15770.888971652092	300	7.751971408654481	0.0	157812	1672.9592931359884	0.09007171	0.06976744186046512
15773.544026368752	300	7.8605967383710595	0.0	163927	1391.3746702834217	0.06705313	0.06976744186046512
15774.801095040126	300	7.608902392472708	0.0	137654	1251.6943458983508	0.09691231	0.06976744186046512
15776.07770468852	300	7.728284688113341	0.0	146754	880.6177043593666	0.108798385	0.06976744186046512
15777.892540406974	750	7.64386288195301	0.0	379700	1084.421806160331	0.5968075	-0.2755813953488372
15779.627608943889	750	7.9415354838428	0.0	425781	1702.327398110209	0.039448317	0.1744186046511628
15781.22009887124	750	7.951661132420399	0.0	277716	989.8743514223997	0.040916536	0.1744186046511628
15783.246445854365	750	7.634795371820499	0.0	400396	1316.865760599899	0.026212957	0.1744186046511628
15786.184431831076	750	7.605542994727864	0.0	400508	2529.2523770926355	0.025595693	0.1744186046511628
15788.388586037821	750	7.772832710164407	0.0	358218	1832.7102845634577	0.16930698	0.1744186046511628
15790.502769970639	750	7.55646275734741	0.0	400322	1716.369952816996	0.15582366	0.1744186046511628
15794.203175535393	750	7.856057192593158	0.0	369834	1700.4055647542516	0.22277023	0.1744186046511628
15797.180465254922	750	7.996522071704963	0.0	412837	2859.5351208881943	0.1599589	0.1744186046511628
15799.873281279673	750	7.628991396649996	0.0	401088	2367.5306750549676	0.514557	0.1744186046511628
15801.645375928098	300	7.605586756785633	0.0	159914	1023.4046398643633	0.7035434	-0.3802325581395349
15803.233210913728	750	7.831014211252012	0.0	321064	1274.5725455336221	0.44871855	-0.2755813953488372
15805.50221957021	750	7.618141169557923	0.0	361565	1712.8730416940882	0.26932937	0.1744186046511628
15807.823751296317	750	7.595443090399338	0.0	378327	1522.6980791585843	0.35109168	0.1744186046511628
15809.908481840985	750	7.897494655539378	0.0	390680	1697.9484348599601	0.18923669	0.1744186046511628
15812.481737013193	750	7.549258091338397	0.0	345516	2348.2365642009813	0.19161823	0.1744186046511628
15815.254431260102	750	7.595420285888244	0.0	384505	2453.8378054501536	0.6800781	0.1744186046511628
15819.636271306219	750	7.213580239770866	0.0	372093	4381.840046117378	0.7051702	0.1744186046511628
15821.673056309448	300	7.630535943943685	0.0	172312	1583.0442958271806	0.07499381	-0.3802325581395349
15822.832528820896	300	7.777670122921933	0.0	167025	852.8658210217538	0.047153544	0.06976744186046512
15823.523487187978	300	7.6004942320936335	0.0	160064	677.1758908282994	0.24752149	0.06976744186046512
15825.377962939388	750	7.7901475705144	0.0	331053	1310.3466615792322	0.60846597	-0.2755813953488372
15827.373627033407	750	7.95438013542123	0.0	314107	1335.767435093169	0.3440099	0.1744186046511628

