8891.200307221054	750	4.0	1.7041197936685797	450283	1704.1197936685796	0.033932276	0.1667973229587234
8893.0408152648	750	6.159491956252071	0.0	398865	1840.5080437479282	0.45047596	0.288126745216543
8894.253004967706	300	7.970711009202722	0.0	139857	688.7809470493507	0.3887667	0.014175064300467527
8895.418108497033	300	7.604863627237272	0.0	155432	865.8473819654506	0.018927852	0.42360295943601695
8896.315930076267	300	7.905580896985466	0.0	163442	699.2827302518051	0.019221615	0.4590542539666436
8897.466022492621	300	7.839804160999993	0.0	126289	565.7767359854743	0.026491158	0.46829380739418464
8898.599527468159	300	7.66520949911493	0.0	153295	674.5946618850633	0.0251223	0.44649984843640933
8899.411628750599	300	7.543613924122783	0.0	173849	621.5955749921461	0.024250261	0.44420003368869193
8900.735642691641	300	7.561859807323759	0.0	150710	981.7541167990234	0.042700086	0.40932454720806516
8901.75797905718	300	7.766821574827107	0.0	139105	795.0382324966514	0.025393113	0.44080624610726155
8902.446903146018	300	7.681008658879022	0.0	141840	585.8129159480842	0.02460872	0.456365470515363
8902.996314969714	300	7.872858257224896	0.0	156148	308.15040165412586	0.03225208	0.49612232184137595
8903.776393663577	300	7.7434496880661605	0.0	160746	629.4085691587344	0.1064582	0.45590846951849406
8904.757015082718	300	7.553474026547002	0.0	179801	689.9756615191573	0.041496698	0.43797828143750445
8906.143329867911	300	7.740639488911126	0.0	140051	812.834537635877	0.035044998	0.4373902352235902
8907.226854196166	300	7.665617477161605	0.0	138313	575.0220117495213	0.030768633	0.4564826120778807
8908.305556544687	300	7.5755174754553085	0.0	143509	590.1000017062964	0.036793623	0.44934356297555966
8908.92584473789	300	7.964674557009413	0.0	150616	610.8429184458955	0.040761523	0.47159158889873126
8909.916643494393	300	7.623997754188704	0.0	165384	840.6768028207096	0.03490132	0.42731590028495553
8911.113257076866	300	7.88575198744199	0.0	140881	738.2457667467131	0.034305338	0.45391864347068556
8911.959006710773	300	7.8320610259009955	0.0	157671	553.690961540994	0.02248155	0.4690184388949454
8913.492912822763	300	7.736137363340073	0.0	157812	595.9236625609224	0.033548504	0.4587999398828949
8914.901455768415	300	7.840857110427845	0.0	163927	895.2802529122279	0.030174173	0.4354092650407501
8915.897466995662	300	7.659482747825932	0.0	137654	681.3743626019133	0.022601109	0.44546395640916203
8918.571796782298	300	7.814636286829753	0.0	146754	844.8464609961792	0.021895658	0.43881384275747415
8920.469321663304	300	7.945615552047058	0.0	153938	1369.020734782695	0.020680048	0.3945826194549042
8922.432408009729	300	7.55332446149528	0.0	181901	1392.2910905517786	0.014466009	0.36773739071850975
8924.238619065973	300	7.9856165944599855	0.0	111155	1067.7078670352948	0.013683106	0.42721397138045214
8927.453672696016	300	7.602341355041901	0.0	153605	1383.2752394180839	0.011463689	0.37170253167854295
8929.127633074628	300	7.651250351549655	0.0	149029	1451.0910034922454	0.010669493	0.3679777675528615
8930.514094896243	300	7.574454085301379	0.0	157421	1076.7962662482776	0.008738586	0.40060747463674096
8931.686061289605	300	7.5283037378046025	0.0	157488	1046.1503474967753	0.009435356	0.4007876697933426
8932.561014501656	300	7.87873514071054	0.0	143881	649.5685970940634	0.010053991	0.46234780751523497
8934.36278748782	300	7.590540917107437	0.0	163444	788.1942236031025	0.012752671	0.4304731058891371
8939.169003658073	300	6.784324746853822	0.0	179328	4806.216170253615	0.013309411	-0.021717599416765043
8941.685810367973	300	7.865818848311295	0.0	159914	1918.5058985425262	0.0077563208	0.33464680909543587
8943.114827003497	300	7.770460950728635	0.0	131610	1095.3578975826604	0.006881377	0.41100174059250616
8944.324277059419	300	7.847565358738326	0.0	124011	922.8955919903091	0.008230399	0.43306699665234694
8945.71907869515	300	7.723441681838005	0.0	144254	1124.1236769003203	0.01238093	0.40518645835507583
8946.834939615337	300	7.5758502586602265	0.0	149991	647.5914231777783	0.008825199	0.44361521977871887
8948.060760093209	300	7.942074734728645	0.0	147968	633.77552393158	0.0146409795	0.46788583945761486
8948.708273749811	300	7.814340440897362	0.0	161857	627.7342938312829	0.020171363	0.4605065691031894
8949.291870491466	300	7.892431727456704	0.0	145210	421.9087134406581	0.027909726	0.48596983255221077
8952.626629209182	300	7.845896425703723	0.0	172312	546.5353017529814	0.045736525	0.47059871736141706
8954.131591902897	300	7.6725266913292725	0.0	167025	673.3697343744498	0.056228098	0.44707966570086705
8955.169725378966	300	7.96425649496454	0.0	160064	708.2701963647323	0.05552153	0.46182273222904313
8957.930067975809	300	7.769016778894631	0.0	137507	1195.2397160699093	0.05942887	0.40092329800415605
8959.1721569383	300	7.5655238100352	0.0	118421	1203.4929688594314	0.051224694	0.3873796621714894

