740.4873347668324	750	4.0	3.13772266060829	450283	3137.72266060829	0.062372055	0.18224759905545013
741.45718442479	300	7.0301503420424005	0.0	155580	969.8496579575992	0.004705182	0.32189402814525614
742.481325291849	300	7.726866043955881	0.0	139857	803.2842980865196	0.004705182	0.8745753843164015
743.1004813966331	300	7.667716342789992	0.0	155432	559.149701165888	0.004705182	0.8916855172817089
744.0655644313068	300	7.690178012962275	0.0	163442	477.53832982771644	0.004705182	0.9026200397896419
744.718063434111	300	7.552700878283173	0.0	126289	637.4771346791025	0.004705182	0.8696515945606544
746.8008357203614	300	7.938825588170459	0.0	153295	1113.8752901127139	0.004705182	0.8696873354105843
748.8086301151227	300	7.694376946058758	0.0	173849	1244.4486421117022	0.004705182	0.8264474588611257
752.5816203511278	300	7.921386710053757	0.0	150710	2272.990236004999	0.004705182	0.7516226291884321
754.3458566582665	300	7.667436608061611	0.0	139105	1753.9501019921465	0.004705182	0.772170937817177
755.875316291745	300	7.682849831895717	0.0	141840	984.5867761658932	0.004705182	0.85101037062439
757.0078326045524	300	7.944028132748252	0.0	156148	738.8216991474665	0.004705182	0.9078350626359957
757.7692568368709	300	7.815163352069018	0.0	160746	628.8647806792337	0.004705182	0.9029195735584608
758.4647418084413	300	7.638700573003447	0.0	179801	676.4627790655695	0.004705182	0.8763715769035363
759.6552188724978	300	7.572973080027645	0.0	140051	565.7274929758028	0.004705182	0.8793296062509603
760.4769980021563	300	7.969458267338741	0.0	138313	603.5148126889037	0.004705182	0.924505658634872
761.0877795393955	300	7.538199723953923	0.0	143509	431.25854338481884	0.004705182	0.8884829684315927
761.8197150886217	300	7.936993479667986	0.0	150616	601.2062442859373	0.004705182	0.9207280260525541
762.9898463917434	300	7.732292380427301	0.0	165384	704.7010992406849	0.004705182	0.8851037043429797
763.803673096227	300	7.768094130125968	0.0	140881	464.1982503013328	0.004705182	0.9135744997430556
764.2289115532523	300	7.865289200254516	0.0	157671	402.80492987145163	0.004705182	0.931714692980387
764.797296347246	300	7.887313604984595	0.0	157812	477.975595269922	0.004705182	0.926917021814237
765.6583431342499	300	7.871994777444435	0.0	163927	515.3188275401588	0.004705182	0.9212912536535721
766.4288002628639	300	7.899630164269383	0.0	137654	472.364613175052	0.0047064926	0.9289988691540364
767.2523125071956	300	7.511920261672927	0.0	146754	387.70990259645606	0.004719247	0.8895930570431229
767.8304551549871	300	7.565750189694849	0.0	153938	446.17007197807936	0.0049084835	0.8903935242675646
768.554743861546	300	7.9945921098722215	0.0	181901	571.1580798226289	0.0052302135	0.9308446555275821
769.0537327025776	300	7.651663007724434	0.0	111155	342.92910214778874	0.0057364507	0.9113254412009709
769.7598732196656	300	7.636622570622331	0.0	153605	515.0404371021037	0.0058985697	0.8922572361717068
770.7409040322647	300	7.761657266315769	0.0	149029	374.96530430656065	0.006016938	0.9217030224573854
771.7513319294195	300	7.579476014884596	0.0	157421	682.1812514311741	0.007916026	0.8684871602090739
772.8671568760486	300	7.595686911931887	0.0	157488	483.78910295270884	0.0066785556	0.89032796551869
773.7275995744334	300	7.886483418077689	0.0	143881	709.2034938541976	0.00865731	0.9036917271906812
776.194143038887	300	7.553831297616231	0.0	163444	832.6521204614576	0.006878394	0.8502736710193987
777.6713696600627	300	7.59216365902438	0.0	179328	961.6676385918496	0.00725765	0.8421050891800648
778.7715751360505	300	7.939840478822445	0.0	159914	652.3231802019345	0.0071233413	0.9159678568914412
779.4221120851712	300	7.948513128655024	0.0	131610	491.32735016742106	0.0082743615	0.9331382685561639
780.2738147397476	300	7.9572665818434105	0.0	124011	491.24654681161354	0.009529068	0.9342271544978941
780.9088443133361	300	7.969979905931636	0.0	144254	487.2866759117748	0.010322146	0.9361928800272834
781.6416282310757	300	7.832459329400112	0.0	149991	637.520576531524	0.012494633	0.9041895613728586
782.5785657715041	300	7.7366222392899475	0.0	147968	595.837090110165	0.012794149	0.8965247212106576
783.4387109511155	300	7.602099836143461	0.0	161857	634.5224031464868	0.014264986	0.8760464515164328
784.685530603819	300	7.94150138402411	0.0	145210	660.5984521193515	0.01609758	0.9153454048414305
785.4033070118927	300	7.775723837279269	0.0	172312	665.777546744841	0.01869255	0.8943586246327377
786.1705123560841	300	7.6231206008479715	0.0	167025	652.6032364312987	0.021122787	0.87683384220823
787.1199210963011	300	7.920717279619621	0.0	160064	702.4033212283496	0.022861052	0.9085986648101085
788.7160845226128	300	7.526138328408036	0.0	137507	894.5789512115834	0.025215482	0.8406616840734467
789.8380742245237	300	7.900935715002736	0.0	118421	625.2026134053013	0.025822338	0.9138762679769243

