3626.356513917276	750	4.0	4.39150033291431	450283	4391.50033291431	0.004705182	-18.70903282688037
3627.742493673828	300	6.61402024344835	0.0	155580	1385.979756551649	0.043319546	-0.3802325581395349
3629.571813596501	300	7.818100350684761	0.0	139857	1295.91989276359	0.2769813	0.06976744186046512
3631.780750379347	300	7.755332031426733	0.0	155432	1062.768319258029	0.6771202	0.06976744186046512
3633.457512614232	300	7.615035107627886	0.0	163442	1140.2969237988482	0.66461074	0.06976744186046512
3636.3703057416733	750	7.631871204250557	0.0	318564	2483.163903377329	0.52343655	-0.2755813953488372
3637.994537631235	300	7.959569904851913	0.0	153295	1172.3012993986442	0.20730636	-0.3802325581395349
3641.1649147433864	750	7.890346567557481	0.0	437162	3069.2233372944315	0.25084645	-0.2755813953488372
3643.6467342367323	750	7.630013736962987	0.0	374758	2260.3328305944947	0.07398603	0.1744186046511628
3646.739731025641	750	7.839258735834135	0.0	362795	2290.7550011288513	0.10305905	0.1744186046511628
3649.2998336196874	750	7.8503282802511745	0.0	353220	2488.9304555829594	0.068828724	0.1744186046511628
3652.2260321921076	750	7.797815025122392	0.0	405134	2552.5132551287825	0.118233114	0.1744186046511628
3655.6141909506523	750	7.840578337896215	0.0	386351	2457.236687226177	0.06782296	0.1744186046511628
3659.774693008341	750	7.620788287510926	0.0	434409	3219.7900503852893	0.096127525	0.1744186046511628
3662.800832238632	750	7.85807472846696	0.0	337059	2762.713559043966	0.11238244	0.1744186046511628
3665.79214778972	750	7.894129845746851	0.0	366214	2463.944882720108	0.110276274	0.1744186046511628
3669.71078242523	750	7.9754952102371535	0.0	360831	3918.634635509697	0.09424266	0.1744186046511628
3673.3323565399546	750	7.817710795263583	0.0	372963	2657.78441497357	0.1839564	0.1744186046511628
3676.3317252153156	750	7.724921221658199	0.0	405596	2592.789573605385	0.1353639	0.1744186046511628
3680.3138426249084	750	7.537152053439933	0.0	350713	2687.7691682182653	0.13394822	0.1744186046511628
3682.2559453706526	300	7.888274834604919	0.0	157671	1148.8772188350138	0.20323344	-0.3802325581395349
3686.953465288027	750	7.190754917230671	0.0	399894	4697.5199173742485	0.31361833	-0.2755813953488372
3689.7064773408174	300	7.5496216654273045	0.0	163927	2141.1332518033655	0.4439689	-0.3802325581395349
3696.6425247733864	750	4.6135742328585545	0.0	343800	6936.04743256875	0.6861004	-0.2755813953488372
3699.62824125084	300	5.627857755404651	0.0	146754	2985.7164774539033	0.06203304	-0.3802325581395349
3702.7103605392626	300	6.545738466982015	0.0	153938	3082.1192884226366	0.012446617	0.06976744186046512
3706.1624550876986	300	7.093643918546313	0.0	181901	3452.094548435701	0.09546131	0.06976744186046512
3709.343528083022	300	7.9125709232227415	0.0	111155	2181.0729953235714	0.016696956	0.06976744186046512
3712.976096474033	300	7.57075141356331	0.0	153605	1841.8195096594309	0.51169026	0.06976744186046512
3715.056983122697	300	7.810682601406819	0.0	149029	1260.0688121564906	0.18591364	0.06976744186046512
3718.976529353978	750	7.8911363701259765	0.0	358218	3419.5462312808436	0.694928	-0.2755813953488372
3722.9001901322863	750	7.967475591817867	0.0	400322	3423.6607783081095	0.3311999	0.1744186046511628
3724.7874612349383	300	7.570852501540174	0.0	143881	1396.6230902776933	0.32782006	-0.3802325581395349
3728.7098167381437	750	7.648496998334805	0.0	412837	3922.355503205369	0.69432056	-0.2755813953488372
3733.2590257588804	750	7.099287977598074	0.0	401088	4549.209020736731	0.5730982	0.1744186046511628
3737.603979634821	750	6.754334101657304	0.0	365161	4344.95387594077	0.69504035	0.1744186046511628
3740.6098215466072	300	7.748492189870871	0.0	131610	2005.8419117864341	0.6112728	-0.3802325581395349
3743.506918929456	300	7.611447560468227	0.0	124011	2137.044629402645	0.26996782	0.06976744186046512
3745.2397193263337	300	7.915073781752421	0.0	144254	1196.3737787158068	0.35128105	0.06976744186046512
3747.019524744991	300	7.868384391004545	0.0	149991	1046.6893907478752	0.680838	0.06976744186046512
3748.8111316124546	300	7.624139018727801	0.0	147968	1244.2453722767445	0.512606	0.06976744186046512
3752.440556562277	750	7.994714068905089	0.0	384505	3129.424949822713	0.57099146	-0.2755813953488372
3757.0911655169134	750	7.344105114268552	0.0	372093	4650.6089546365365	0.093952045	0.1744186046511628
3760.4552577239933	750	7.980012907188692	0.0	438281	2864.0922070798615	0.52370936	0.1744186046511628
3763.3297067145295	750	7.813532134283214	0.0	398987	2666.480772905477	0.24890555	0.1744186046511628
3765.7293409732642	750	7.922699118731638	0.0	393804	2390.8330155515755	0.3807194	0.1744186046511628
3768.4662428533798	750	7.8186488717651486	0.0	331053	2604.050246966489	0.24259526	0.1744186046511628
3772.3616354821897	750	7.923256242955393	0.0	314107	2895.392628809755	0.18716694	0.1744186046511628

