6047.991097998891	750	4.0	4.799754461958953	450283	4799.754461958953	0.004705182	-20.56081518983167
6050.224832916409	300	5.578009772220171	0.0	155580	1421.9902277798294	0.055010483	-0.3445140430154736
6052.520727947657	300	5.7359346586856335	0.0	139857	1342.0751135345374	0.14432338	0.11176721666863682
6054.013491916631	300	5.861462575835385	0.0	155432	1374.4720828502482	0.26020432	0.10913280951399494
6057.823765262298	300	5.625471941413859	0.0	163442	3735.990634421526	0.3741438	0.040149993583489196
6061.529210451672	300	5.9200267520407275	0.0	126289	3205.445189373131	0.15003766	0.04679537198055617
6065.462777298698	300	5.986459905014264	0.0	153295	3433.566847026464	0.005628152	0.04368634911823631
6069.206121834189	300	5.77643496344123	0.0	173849	3210.024941573034	0.008794868	0.046728608883174066
6071.649116558254	300	5.706597350667569	0.0	150710	2069.837612773661	0.005760734	0.07246945319492687
6073.429927571551	300	5.607770499814615	0.0	139105	1598.826850852954	0.014468908	0.09381878964565606
6077.1567387750865	300	5.800356974469059	0.0	141840	1807.4135253455554	0.008265342	0.08299152235862672
6080.638917725855	300	5.968966347729653	0.0	156148	2331.390626739407	0.0129063	0.06433928243495782
6084.906185699185	300	5.701698374400326	0.0	160746	3767.267973329326	0.007283884	0.03981665256146814
6088.451997140515	300	5.522820716563996	0.0	179801	3178.8776578363304	0.004705182	0.04718646520737634
6091.689735731606	300	5.817418293716608	0.0	140051	3205.4024228473872	0.004705182	0.04679599632508971
6095.052992756807	300	5.561957912936985	0.0	138313	2255.4603807796243	0.004705182	0.06650526929147427
6098.825153991025	300	5.789796678719099	0.0	143509	2272.161234217886	0.004705182	0.06601644185327032
6102.7257833706835	300	5.88916729905982	0.0	150616	2900.6293796592786	0.004705182	0.05171291480803373
6105.216690401735	300	5.669007407883767	0.0	165384	2220.159891176053	0.004705182	0.06756270149558584
6107.268099677086	300	5.993676335395895	0.0	140881	1675.3310724878722	0.004705182	0.08953454183670664
6109.182743064776	300	5.949393728682393	0.0	157671	1544.2826067135015	0.004705182	0.09713248038144116
6112.921819642832	300	5.945035858742868	0.0	157812	2004.3578699395246	0.0055036396	0.0748369351848958
6115.011068620548	300	5.587770738242989	0.0	163927	1857.2651204998788	0.004993328	0.08076391374841942
6116.641348146408	300	5.723622903920829	0.0	137654	1364.147834322161	0.004705182	0.10995875683410393
6118.498075538372	300	5.99332507280738	0.0	146754	1730.2978311134486	0.0053998437	0.08669027799883147
6120.874754411278	300	5.86820037843019	0.0	153938	1625.1246943771891	0.005114864	0.09230060962028876
6124.275567029557	300	5.868571168055225	0.0	181901	1499.6292103749659	0.005474751	0.1000247254202885
6128.426429231937	300	5.717708965675659	0.0	111155	2150.862202379566	0.0067625595	0.06973947463210349
6131.859076438056	300	5.637408105757823	0.0	153605	2580.3008599178365	0.004705182	0.0581327558852096
6135.573178592633	300	5.923305951181846	0.0	149029	2214.1021545759763	0.004705182	0.06774755161589487
6138.698301255233	300	5.808968875270624	0.0	157421	2614.337075911222	0.004705182	0.05737592194293377
6142.58767172925	300	5.91959840125246	0.0	157488	2389.370474018164	0.004705182	0.06277804201193947
6144.4600740700935	300	5.938475299184194	0.0	143881	1481.1231020682667	0.004705182	0.10127449891946005
6147.469276780248	300	5.514513515994374	0.0	163444	1423.9617831898188	0.004705182	0.10533990572695343
6151.446578524998	300	5.537211771244591	0.0	179328	2977.301744749784	0.004705182	0.05038118835771756
6154.336632649543	300	5.708456125828863	0.0	159914	2328.755645415727	0.004705182	0.06441208217585326
6157.840664669052	300	5.9620893411403095	0.0	131610	1746.366784688554	0.004705182	0.08589260933908045
6160.65841688479	300	5.612045879680555	0.0	124011	2350.0434614597543	0.004705182	0.06382860677258535
6163.997070651176	300	5.526573359126847	0.0	144254	2585.472520553708	0.004705182	0.05801647428373202
6167.922921372561	300	5.60072263774132	0.0	149991	2425.850721385526	0.004705182	0.06183397794334493
6171.499166127425	300	5.522116172417836	0.0	147968	2078.6064653234844	0.004705182	0.07216373204951816
6174.300073397387	300	5.8754817587080215	0.0	161857	2646.6344137098145	0.004705182	0.05667575363752014
6175.931634643315	300	5.8068374823689535	0.0	145210	1068.6442763390683	0.004705182	0.1403647624575933
6178.03973242273	300	5.539247153956734	0.0	172312	1267.5903284122192	0.004705182	0.11833476213714068
6180.625095672972	300	5.876819254336939	0.0	167025	1662.4278996197943	0.004705182	0.09022947704036112
6182.763223822417	300	5.919222792924935	0.0	160064	1457.5964614120053	0.004705182	0.10290914115878942
6184.705887944751	300	5.788156656774634	0.0	137507	1131.0661361503007	0.004705182	0.13261823973489326
6186.556730516664	300	5.688534282910798	0.0	118421	1099.622373863837	0.004705182	0.13641046559732337

