12230.678455088284	750	4.0	2.287148895543779	450283	2287.148895543779	0.031065684	0.1212851104456221
12231.705130365246	300	6.973324723036945	0.0	155580	1026.6752769630546	0.9156935	-0.11683473250649641
12232.682003181892	300	7.591800334213279	0.0	139857	881.5243888236656	0.050195903	0.3863350820059634
12233.728115925936	300	7.736418142706298	0.0	155432	855.3821915069828	0.035069045	0.3979879147684453
12234.761943508647	300	7.894869632419926	0.0	163442	841.5485102863722	0.04250665	0.40927450099760815
12236.766678582779	300	7.8836416935160685	0.0	126289	1011.2279389038578	0.05096197	0.39160481195436847
12238.457116957941	300	7.795176025897978	0.0	153295	1588.46566761809	0.027803231	0.3283519348568146
12242.023534686281	300	7.997953539351043	0.0	173849	2797.2224865469348	0.01671129	0.2201498475547467
12245.11045717839	300	7.604089861741785	0.0	150710	2893.863677609259	0.012153544	0.18586924859793563
12248.331650677907	300	7.965022600285429	0.0	139105	2139.067261456355	0.0093357	0.2839071863722038
12252.668206050834	300	7.628467227357458	0.0	141840	4336.555372927971	0.008094502	0.043123664417044016
12256.35116851836	300	7.945504759830292	0.0	156148	3182.9624675271652	0.007430643	0.17829780073667673
12260.172699433058	300	7.640561294038389	0.0	160746	2804.9434657919032	0.0065516126	0.19704073429820895
12264.069091546351	300	7.744169180745073	0.0	179801	2896.392113293316	0.006236685	0.19437136246723546
12267.238200382535	300	7.841104610502547	0.0	140051	1903.064570242526	0.006243625	0.2997625811321566
12270.617475520046	300	7.594489079366855	0.0	138313	1746.615531135692	0.006186608	0.29999401434685924
12273.545149191803	300	7.8069821420276	0.0	143509	1787.5069373392541	0.0063611874	0.3091856901427996
12277.35611463063	300	7.996016703201011	0.0	150616	3810.965438826589	0.0068320325	0.1186545000674043
12281.064699855682	300	7.957290134395844	0.0	165384	3038.7265688051684	0.0064011035	0.19345797651922342
12285.414442929563	300	7.592347911279616	0.0	140881	3864.942223116227	0.0062790974	0.08802752214335335
12289.2519061985	300	7.754884642341385	0.0	157671	3337.4632689382315	0.006161296	0.15093396325251346
12293.370815117887	300	7.635975722954999	0.0	157812	3118.908919386385	0.005974013	0.16535759074604894
12297.622778526036	300	7.384012314804553	0.0	163927	4251.963408150446	0.0058731623	0.036304428860239935
12301.438212328274	300	7.568578512566907	0.0	137654	3315.4338022376464	0.005692049	0.141492776811667
12305.150638215033	300	7.856152625808049	0.0	146754	2712.425886758858	0.0054848664	0.21976695043711725
12306.863016151536	300	7.955461763824889	0.0	153938	1400.6908619831595	0.0054203104	0.35714727404073965
12309.108603338773	300	7.668511736066086	0.0	181901	1286.9500277588036	0.0060577607	0.35058698072825
12310.113972711748	300	7.880145605317494	0.0	111155	788.366130748593	0.0072680106	0.41367248725748407
12312.270796709647	300	7.780235194480954	0.0	153605	1099.9104108365393	0.008799768	0.3762736585714057
12314.685567637465	300	7.891306566603174	0.0	149029	888.9286278777796	0.01061239	0.4043137976249204
12318.690343926268	300	7.501839558172342	0.0	157421	1889.4670084308325	0.015822846	0.2799182715426881
12321.849091191327	300	7.930120575328907	0.0	157488	1071.7189828434343	0.010696788	0.38846063767371325
12323.26108794743	300	7.727636338385211	0.0	143881	1202.4842369436944	0.014245359	0.36272884745470624
12327.279258242464	300	7.508307354947983	0.0	163444	1719.3289834372283	0.015415472	0.2973363113405261
12330.42256209324	300	7.781076099858469	0.0	179328	2227.231255089515	0.0133002335	0.2635941307322028
12332.919433957277	300	7.89067652268253	0.0	159914	890.3995771759388	0.011033703	0.40412732495006426
12335.026022909256	300	7.950618214123669	0.0	131610	1440.0583085588603	0.01896308	0.3529078075268433
12338.368316938491	300	7.532736440216509	0.0	124011	917.88177390716	0.014513398	0.37900785012281585
12342.144159063877	300	7.55702151468731	0.0	144254	2475.714925529199	0.015240551	0.224742352115037
12344.596404801974	300	7.980962326566462	0.0	149991	2076.0591881208493	0.01353126	0.2912042265983189
12348.47658829889	300	7.908963762596315	0.0	147968	3071.9985639701454	0.013971297	0.18711037876525516
12352.447819035022	300	7.9377330264648265	0.0	161857	2971.2307361314884	0.011469924	0.19898524054090283
12356.240030785179	300	7.756335076425821	0.0	145210	2181.397950039004	0.010506989	0.2666311472727134
12360.04589581837	300	7.950470043235357	0.0	172312	3305.865033190464	0.013769175	0.16631787438316342
12364.046297177834	300	7.950068683769685	0.0	167025	3500.401359465671	0.011264334	0.14683915678903825
12366.274135364085	300	7.789689696530977	0.0	160064	2160.3789872387083	0.012446653	0.2708177073093152
12367.675511500745	300	7.827731113206835	0.0	137507	961.9585833241417	0.012566344	0.393037336243013
12368.902192307509	300	7.9540995484936285	0.0	118421	873.6315647132064	0.03263871	0.40976806530953114

