4151.010587242646	750	4.0	6.8100179178166504	450283	6810.017917816651	0.013543028	-0.184981926665386
4152.174902542964	300	6.835684699681131	0.0	155580	1164.3153003188686	0.004705182	0.2784364191312423
4154.685502759044	300	7.877551148259397	0.0	139857	958.1335514217336	0.004705182	0.8776958369964971
4156.371528084956	300	7.695771889132055	0.0	155432	1181.7792591273437	0.004705182	0.8328866334486501
4157.809405125463	300	7.998956345070806	0.0	163442	1196.8155440612484	0.004705182	0.8688177695702893
4159.271170927266	300	7.598604192392	0.0	126289	900.3521526788065	0.004705182	0.8490318627437893
4162.116965828582	300	7.53141357584671	0.0	153295	1567.1906165452906	0.004705182	0.7740518624302396
4164.990927427974	300	7.558734928085076	0.0	173849	1472.6786477616324	0.004705182	0.7868764789215626
4166.354193736623	300	7.732743302026833	0.0	150710	1325.9916260582427	0.004705182	0.8230303278135056
4168.464950073981	300	7.716002417392734	0.0	139105	1016.7408846340998	0.004705182	0.8518883729132058
4170.91450856506	300	7.543230974515109	0.0	141840	1172.7714428776255	0.004705182	0.8149528966113684
4173.760180245766	300	7.868788634413036	0.0	156148	1674.4423401020717	0.004705182	0.8049830337855455
4176.775886029792	300	7.641550427001688	0.0	160746	2727.238207411349	0.004705182	0.6716459109924668
4180.424509120207	300	7.992927336586487	0.0	179801	2148.623090415201	0.004705182	0.7728926017268563
4182.723238553917	300	7.702107862646555	0.0	140051	1290.819473939931	0.004705182	0.8227649267347761
4185.634802020253	300	7.765281176113685	0.0	138313	1436.8266865328696	0.004705182	0.8159643353082308
4187.29425880687	300	7.7279212013567395	0.0	143509	1537.3599747569456	0.004705182	0.8012980989516314
4189.750715181408	300	7.575741367567918	0.0	150616	1652.1798337888208	0.004705182	0.771026177926606
4192.4499987814015	300	7.828237847445122	0.0	165384	1747.5035201227959	0.004705182	0.7926700325631645
4194.377393338571	300	7.580430580195971	0.0	140881	1247.807267249151	0.004705182	0.8120424206318777
4197.216580966561	300	7.505630487461196	0.0	157671	1574.8000927347737	0.004705182	0.7701074275781754
4199.923749164078	300	7.809240094330875	0.0	157812	2696.390393130321	0.004705182	0.6954356563521931
4202.190981286385	300	7.546012906769669	0.0	163927	2263.2271875612055	0.004705182	0.7062508126389264
4205.47754119756	300	7.649735504405617	0.0	137654	1396.277402364052	0.004705182	0.8057526186582201
4208.973656320954	300	7.551819201863493	0.0	146754	1597.9163025421237	0.004705182	0.7734988155006084
4211.850328508107	300	7.872582423364063	0.0	153938	1679.2367784994296	0.004705182	0.8049720163232144
4214.921969466746	300	7.93047973427109	0.0	181901	2442.102689092974	0.004705182	0.7358341169701575
4218.8730425347885	300	7.979406666228526	0.0	111155	2951.073068042564	0.004705182	0.6909781809367406
4223.227808637335	300	7.624640563681477	0.0	153605	3854.766102547049	0.004705182	0.5568052283146367
4227.041225999159	300	7.811223201857676	0.0	149029	3313.417361823801	0.004705182	0.6339778175618724
4230.962096898087	300	7.89035230292956	0.0	157421	2920.870898928117	0.004705182	0.683002685295192
4232.969169318745	300	7.711648881044424	0.0	157488	1678.7034218851338	0.004705778	0.7851545797290383
4236.248284323437	300	7.69127588258479	0.0	143881	1020.3729984596335	0.0047173398	0.8484721289884178
4238.073606039588	300	7.982986037124994	0.0	163444	1708.2898454597962	0.004706135	0.8156984549651511
4240.33062357024	300	7.652993178644956	0.0	179328	1329.9928584800382	0.004705182	0.8127833043152548
4241.778456527348	300	7.672589088677232	0.0	159914	980.4040899677249	0.004710784	0.8501617256553492
4243.295802702869	300	7.912630381985953	0.0	131610	759.9587066912795	0.004733789	0.9018446215467949
4245.6494243101715	300	7.529513355749803	0.0	124011	883.1170262361503	0.0047938013	0.8422245976516177
4247.480420707056	300	7.809267447841714	0.0	144254	1220.2459079080888	0.0048903143	0.8430534822647133
4248.854234777452	300	7.957735709630791	0.0	149991	1351.5317382109226	0.0054432764	0.8482565594630779
4251.630527639425	300	7.730730382736929	0.0	147968	1727.0053268938618	0.005934629	0.7826804187355112
4253.733607446994	300	7.85383430349258	0.0	161857	1376.8960792443486	0.0060635954	0.8328912200324112
4255.091431603787	300	7.603013989258106	0.0	145210	1250.820314234474	0.007135231	0.8145295326410171
4257.446739486517	300	7.978862050172231	0.0	172312	1624.1519390858755	0.008314961	0.8236030490463604
4259.389190578779	300	7.60821445236354	0.0	167025	1370.647597808692	0.009688913	0.803188915409109
4261.209700942206	300	7.748860965376129	0.0	160064	1359.3534869874109	0.010397201	0.8216842204393575
4262.504878465722	300	7.961850717838726	0.0	137507	1287.010247537403	0.011989911	0.8552167964638169
4263.931853580742	300	7.572446812817778	0.0	118421	889.4039050209482	0.0144784795	0.8468969858275575

