11593.185388986187	750	4.0	5.259051639025879	450283	5259.051639025879	0.0110995	-0.18869586157700652
11594.730615048837	300	6.454773937350686	0.0	155580	1545.2260626493135	0.08707759	-0.16621551425028092
11596.84071420789	300	7.991863270652231	0.0	139857	1462.9106666984549	0.006677795	0.3880841086761515
11598.378898975794	300	7.706365061337427	0.0	155432	1285.4982093148042	0.0068251533	0.3879817163323413
11600.423131191712	300	7.8055921993221276	0.0	163442	1400.7728620152986	0.010370691	0.3826559471863356
11601.767431762722	300	7.9851716432181385	0.0	126289	1320.4205561039878	0.0077465866	0.40191489302096745
11615.088012522292	4300	4.0	5.335409116349683	2157535	13320.580759567822	0.007007353	-4.582058075956782
11617.610296589806	750	5.4777159324844344	0.0	437162	2522.2840675155653	1.1892215	-3.372661858645698
11618.716470518275	300	7.928001327245478	0.0	150710	1049.7146052389573	0.18100238	-0.024587656640820826
11619.711916188799	300	7.67850826324784	0.0	139105	749.4930639976373	0.012184804	0.4398411809834588
11620.545409136133	300	7.909738030895256	0.0	141840	768.7702323525858	0.026830986	0.4523653246259275
11621.708192974154	300	7.970707445524998	0.0	156148	939.0305853702572	0.010019926	0.4391498777385192
11623.318173677892	300	7.857593724730909	0.0	160746	1113.1137207940908	0.011549441	0.41467195664650525
11624.394759791097	300	7.867734193000469	0.0	179801	989.85953173044	0.014701979	0.4276311548197178
11626.1092123093	300	7.953871162636251	0.0	140051	913.863030364218	0.03101385	0.44061436555857636
11627.465945419017	300	7.7557993564474454	0.0	138313	698.0718061888045	0.015576967	0.4498140000893174
11629.141903697906	300	7.862150959367402	0.0	143509	893.6483970800437	0.017731924	0.43690331618269085
11631.024276021393	300	7.992119647928853	0.0	150616	1370.031311438548	0.015742702	0.3973880677819311
11632.882980752227	300	7.713937850535131	0.0	165384	1278.1817973937223	0.011275481	0.38918665684930603
11634.738010267105	300	7.6866845359669735	0.0	140881	1027.2533145681575	0.01138445	0.41257617297135263
11636.866105152738	300	7.746525193305438	0.0	157671	1440.1593426615343	0.011441476	0.375025611245669
11638.488555073658	300	7.579268037729827	0.0	157812	1167.2571555756106	0.010429561	0.39186225773078565
11640.262913776543	300	7.73968508325981	0.0	163927	1339.582954470017	0.009821167	0.384655743186969
11642.540255909138	300	7.573401848271078	0.0	137654	1166.283234988731	0.009488851	0.39159301294830184
11643.934800534278	300	7.561658941753031	0.0	146754	1011.7429065180464	0.008931724	0.4063131141379923
11644.922084432974	300	7.714417856216682	0.0	153938	847.2410855363498	0.009229263	0.4323107283901402
11646.349704702638	300	7.8306291994650294	0.0	181901	1383.788656751652	0.011040114	0.38591918022163163
11647.603980958906	300	7.965406849287363	0.0	111155	865.2223501776652	0.010178549	0.44619941399292623
11650.421535471942	300	7.696156560312298	0.0	153605	1269.2502889750656	0.00872334	0.3889684770522446
11652.651980680694	300	7.940086067969045	0.0	149029	1256.0704923432543	0.009054052	0.4055320509439724
11655.736817712052	300	7.5298548529929645	0.0	157421	1910.231214976081	0.009388339	0.31447652774468476
11657.619258539477	300	7.595937385471789	0.0	157488	1433.9174675211768	0.0076624723	0.3662380607701016
11660.066323245579	300	7.631666760372584	0.0	143881	1464.2706250992057	0.007958583	0.36543583094359844
11663.453168896009	300	7.53964095165979	0.0	163444	1592.0258087127936	0.0076199453	0.3469086995376901
11665.46893904856	300	7.964165724741991	0.0	179328	1575.4752269177993	0.0072540045	0.37509655603482706
11668.088820320041	300	7.85437265181785	0.0	159914	1609.7930729241416	0.007178827	0.36480270437643403
11669.764345962138	300	7.616653920548728	0.0	131610	1237.7187312691217	0.0068805157	0.38715271783761585
11671.947642078127	300	7.523909251467641	0.0	124011	1592.744669081087	0.006893222	0.3458535822388514
11674.213173301492	300	7.871419386738493	0.0	144254	1652.489864729149	0.0064259167	0.3615984461284734
11676.982130075605	300	7.753461679000913	0.0	149991	2117.95770773758	0.0068770507	0.30767930509403163
11678.723192812507	300	7.588429801236911	0.0	147968	1665.0318777640034	0.0066638365	0.3426573957311391
11682.328795041569	300	7.982827572176855	0.0	161857	1605.6022290600567	0.0071355803	0.3732502212852803
11686.325645694882	300	7.985976918863922	0.0	145210	1496.8506533129328	0.008234652	0.3843222130279344
11688.301029443744	300	7.682526948189024	0.0	172312	1803.4499706748968	0.008231565	0.3346966581245569
11690.268511556249	300	7.7597527670306405	0.0	167025	1422.7741811583844	0.0086358925	0.3775908507538091
11692.377743217688	300	7.662490925484195	0.0	160064	2097.261841546445	0.009844673	0.30406321961835026
11695.97692765946	300	7.88388368154431	0.0	137507	2278.607243939885	0.0097312	0.2997657266327634
11697.915531103967	300	7.844870501206327	0.0	118421	1539.0131803379825	0.00867907	0.37128680922182977

