4160.148469437616	750	4.0	7.947206251782381	450283	7947.2062517823815	0.015957363	-34.54258822155033
4162.906861961784	300	5.241607475832228	0.0	155580	2758.392524167771	0.025692603	-0.20528261390187635
4166.073910603768	300	6.07455883384848	0.0	139857	3167.048641983749	0.023770183	0.2840243042167355
4170.599789596252	300	5.548679841364558	0.0	155432	4525.878992483921	0.021065868	0.09752480898203275
4173.314229615565	300	6.834239822051922	0.0	163442	2714.4400193126367	0.009614003	0.4024053386946385
4176.355458024029	300	7.793011413587552	0.0	126289	2541.2284084643697	0.017947592	0.5120093724227464
4183.13781654155	750	5.0106528960660155	0.0	352642	6782.358517521537	0.2919918	-0.6058400573556759
4186.928604964884	300	5.21986447273285	0.0	173849	3790.788423333166	0.04329513	-0.310614992970302
4191.294888323607	300	4.853581114010084	0.0	150710	4366.283358722765	0.0073218667	0.04658031731807366
4195.470579270053	300	4.677890167562873	0.0	139105	4175.690946447212	0.0070189326	0.04872910210459358
4199.28113957745	300	4.867329860167509	0.0	141840	3810.560307395363	0.0051740482	0.10347595514219898
4204.655793834152	300	4.0	0.5073243965349001	156148	5374.654256702409	0.004705182	-2.317909845312839
4208.66291876541	300	4.0	0.007124931258252218	160746	4007.124931258252	0.004705182	-0.030299212078837512
4212.481202923028	300	4.181715842381997	0.0	179801	3818.284157618003	0.004705182	0.036712429326525964
4213.911845141977	300	6.751073623433125	0.0	140051	1430.642218948872	0.004705182	0.5227802760937067
4216.588342533879	300	7.74811591030361	0.0	138313	1502.9577131295146	0.14930813	0.6115151979306636
4220.364710145633	300	7.971748298549462	0.0	143509	2776.367611754147	0.4153306	0.5056990836335584
4224.536554266545	300	7.799904177637615	0.0	150616	3171.8441209118473	0.19888225	0.44961123767591704
4228.559986534632	300	7.504063844713486	0.0	165384	3295.8403329241287	0.08273578	0.408736642865744
4232.214989044004	300	7.665358519458603	0.0	140881	2338.705325254883	0.05268198	0.5199749423010382
4234.616553099449	300	7.5077250360940795	0.0	157671	1657.6334833645235	0.07910778	0.5729097217191466
4236.685238342967	300	7.985347767126135	0.0	157812	1522.3772689679454	0.31561217	0.6324070824640666
4240.732353513592	750	7.938232596500956	0.0	401853	4047.115170625179	0.6487746	-0.050532796436886296
4245.1823668597945	750	7.488219250298004	0.0	343800	4450.0133462029535	0.07597803	0.3158630818665277
4249.198981031555	750	7.471605078537206	0.0	359903	4016.6141717607966	0.26054603	0.3576038660967319
4254.930743934163	750	5.739842175929669	0.0	379700	5731.7629026075365	0.23685226	0.019404814214347588
4258.804510661133	300	5.8660754489602365	0.0	181901	3873.766726969433	0.22023322	-0.25671427078360926
4260.7672716316165	300	7.903314478476541	0.0	111155	1462.7609704836964	0.006458791	0.63047291356773
4264.2738689197295	300	7.549186475469483	0.0	153605	1854.1280030070563	0.17656125	0.5572509811644369
4266.338130238206	300	7.583290430284036	0.0	149029	1465.8960451854484	0.2406839	0.5993567219725123
4268.941779799971	300	7.630648319547135	0.0	157421	1452.6421107369001	0.42874762	0.6052403669363984
4276.301772267348	750	4.270655852171696	0.0	400322	7359.992467375439	0.6470396	-0.734829022185838
4277.823483181719	300	6.748944937800055	0.0	143881	1521.7109143716411	0.03853996	0.06346851810155457
4280.861509028176	300	7.566287368958782	0.0	163444	2182.6575688412745	0.14810367	0.5260440053233436
4283.447071634886	300	7.7861902044127635	0.0	179328	2280.097164546018	0.1749251	0.5374659475560226
4287.327709767675	750	7.905552071623993	0.0	365161	3380.6381327887707	0.24877018	0.01296936909576607
4291.347653492289	750	7.885608347009225	0.0	321064	3019.9437246147686	0.17713088	0.49711920339279636
4293.8667571250535	750	7.924080237410552	0.0	361565	2461.528109598674	0.086304694	0.5566637287635852
4299.813519395862	750	5.977317966601552	0.0	378327	5946.762270808999	0.33750445	0.0207621964260839
4306.826042152515	750	4.0	1.0352047900507542	390680	7012.522756652306	0.36096817	-4.727513586591331
4310.766839060963	300	4.0592030915519715	0.0	147968	3940.7969084480283	0.011301607	-0.43733083947201545
4314.3060499546045	300	4.51999219791081	0.0	161857	3539.2108936411623	0.004705182	0.0971792455037303
4316.941556116851	300	5.884486035664415	0.0	145210	2635.506162246394	0.004705182	0.3188838259150729
4320.545873537745	300	6.280168614770354	0.0	172312	3604.317420894061	0.004705182	0.26008760512797346
4324.028506992892	300	6.797535159623488	0.0	167025	3482.6334551468663	0.004705182	0.32205312897479543
4327.186038228223	300	7.640003924292842	0.0	160064	2657.5312353306454	0.0065155365	0.48565194223539193
4330.883685722614	300	7.784608452163784	0.0	137507	3355.395472129058	0.008489634	0.4297838713175286
4334.7255918925675	300	7.942702282210669	0.0	118421	3841.906169953115	0.005099416	0.3963495152057251

