7692.881809187889	750	4.0	2.184991174137217	450283	2184.991174137217	0.05426908	-9.188841879911614
7694.522196962973	750	6.35961222491618	0.0	398865	1640.3877750838199	0.50415915	0.48819590974250465
7696.55816116734	750	7.829319530588549	0.0	350812	1530.2926943276307	0.996132	0.6406664428522836
7711.940435930193	1850	4.0	7.552955232265639	933276	15382.274762854187	0.670118	-34.63198084225078
7715.562765804457	300	4.377670125737234	0.0	163442	3622.3298742627658	0.031156106	-1.4748313163243079
7717.552740747714	300	6.387695182480739	0.0	126289	1989.9749432564947	0.022813195	0.4318714091795769
7720.303283118674	300	7.637152811520396	0.0	153295	1750.5423709603426	0.077780195	0.5760764057762975
7722.3410443129815	300	7.533668954607372	0.0	173849	1603.4838569130234	0.6542608	0.580821816474975
7725.9189174015855	300	7.721871031303304	0.0	150710	2311.797923304068	0.67832243	0.5281050770081783
7730.033746814891	750	7.527494007450498	0.0	362795	3694.3770238528073	0.20751187	-0.05479304517752198
7732.531735645019	750	7.6537257108125685	0.0	353220	1873.7682966379284	0.14460602	0.5894177747344627
7735.443969311798	750	7.659719201367769	0.0	405134	1994.0065094448	0.734914	0.5779708338395495
7739.577862853624	1200	7.525825659541651	0.0	624282	3633.893541826118	0.6079709	-0.024836476552616116
7744.57501939452	1200	6.528669118645409	0.0	687371	4997.1565408962415	0.69742	0.1928597552034586
7749.364673018847	750	5.739015494318086	0.0	337059	4789.653624327323	0.674435	-0.3364638270171983
7753.3185957948845	750	5.785092718279917	0.0	366214	3953.922776038169	0.41591477	0.20154424381689795
7756.225192536048	750	6.878495977116445	0.0	360831	2906.596741163472	0.57793796	0.4115181733655082
7758.561932452119	750	7.99485116217337	0.0	372963	1883.644814943074	0.1432524	0.6212638414467454
7761.794255367872	1200	7.805237264411815	0.0	639204	2689.6138977615565	0.5423602	0.09648517741966184
7766.7029163904135	1850	6.89657624187059	0.0	923755	4908.661022541225	0.58666265	-0.3781131619302095
7771.1303791522505	1850	6.469113480033715	0.0	891604	4427.462761836875	0.34392422	0.2788628797826229
7775.931788293485	1850	5.667704338799361	0.0	955231	4801.409141234354	0.28839478	0.16433168672526027
7779.689013321965	1850	5.9104793103189674	0.0	968026	3757.2250284803927	0.6519828	0.29211746930734733
7783.773271713655	1850	5.8262209186283345	0.0	874175	4084.2583916906337	0.08903612	0.2513041655048499
7788.124774509112	1850	5.474718123171852	0.0	897976	4351.502795456483	0.1783267	0.19074717523500667
7791.976265930104	1850	5.623226702180147	0.0	905935	3851.4914209917038	0.35949808	0.2550424348728886
7795.460972227676	1850	6.138520404607447	0.0	1076599	3484.7062975727	0.16174239	0.34131856101018704
7797.966454113997	1850	7.6330385182870195	0.0	758197	2505.4818863204273	0.025041455	0.5830900960857991
7803.009626758567	1850	6.589865873717365	0.0	972798	5043.172644569655	0.011270538	0.22891444881710954
7806.321361844045	1850	7.2781307882393715	0.0	975811	3311.7350854779934	0.10902113	0.468304497391188
7809.39741847488	1850	7.99001027240348	0.0	873429	2788.12051583589	0.015981106	0.5891851766127674
7813.10976718619	1850	7.9328039072481875	0.0	954453	3057.2063651552935	0.008581401	0.5567704129865296
7816.2537423278545	1850	7.83838756699321	0.0	885062	3094.416340254978	0.007750986	0.5439617337178229
7821.044982220124	1850	7.047147674723471	0.0	1035329	4791.239892269738	0.009647144	0.2981216253525703
7825.655142235533	1850	6.436987659314811	0.0	1026056	4610.16001540866	0.034035202	0.2575010070901076
7829.109491479524	1850	6.982638415323359	0.0	943942	3454.3492439914517	0.061492816	0.4256015994834187
7831.815890608922	1850	7.787092836664591	0.0	728962	2695.5455786587686	0.025085974	0.5789116328605428
7835.375625770395	1850	7.777651978797024	0.0	938587	3009.4408578675666	0.015830051	0.5466134114698862
7838.997525210419	1850	7.826849410588358	0.0	908665	3450.8025682086654	0.008718647	0.5072125500470097
7846.040173256407	1850	4.784201364600866	0.0	930577	7042.648045987492	0.0130154025	-0.1448303850726067
7847.754221669561	750	7.070152951446603	0.0	345516	1714.0484131542637	0.9186198	-0.5507797887750874
7850.952391142837	1200	7.5999648467869205	0.0	641452	2970.1881046596827	0.42305264	0.04867004953442017
7854.967469485903	1850	7.584886503720613	0.0	886255	4015.0783430663078	0.6871977	-0.2225042365851277
7859.447528276427	1850	7.104827713197216	0.0	973972	4480.058790523396	0.065290175	0.3347915058252864
7871.688511551383	1850	4.0	5.136155561758554	958994	12240.98327495577	0.089629926	-22.82561311028047
7872.957900955596	300	6.730610595786866	0.0	160064	1269.389404213134	0.21387261	-1.0130640324694362
7875.91947973254	300	7.671566793502085	0.0	137507	1059.0438022847816	0.32109794	0.6485386481425497
7879.010645034555	750	7.722251691824462	0.0	314107	2949.3151016776233	0.22887342	0.03845879902014787

