10031.100006958255	750	4.0	6.275717151967713	450283	6275.717151967713	0.004705182	-26.925829626415716
10033.274689676613	300	5.825317281643536	0.0	155580	2174.6827183564637	0.018300958	-0.3810244208344269
10037.360614181012	300	5.7393927772440305	0.0	139857	2085.924504399506	0.024227295	0.07191056036957669
10041.589766701245	300	5.510240257010088	0.0	155432	2729.1525202339417	0.03629202	0.05496211695311996
10045.109228533402	300	5.990778424854128	0.0	163442	2019.4618321559608	0.018814053	0.07427721465766017
10049.315823066581	300	5.784183891675726	0.0	126289	2706.5945331784014	0.32443234	0.05542019617687337
10052.881908124296	300	5.626907959564318	0.0	153295	2157.2759321114086	0.005123961	0.06953213437707491
10056.706624787905	300	5.802191295955328	0.0	173849	2824.716663608989	0.01497333	0.053102671121836705
10060.049455622127	300	5.7425387019503535	0.0	150710	2059.652594004975	0.010691274	0.07282781593197055
10062.92760757967	300	5.640051857588265	0.0	139105	1602.4868443620876	0.009582487	0.0936045125909982
10064.930173832716	300	5.581601316254204	0.0	141840	1558.4505413340607	0.0207698	0.09624944521601397
10066.93968221985	300	5.678904935644223	0.0	156148	1902.6963806099816	0.014757256	0.07883548921868018
10070.880370587365	300	5.738216568128177	0.0	160746	3440.6883675160457	0.020429863	0.04359592731970966
10075.362193149818	300	5.256394005675766	0.0	179801	4481.822562452411	0.004850909	0.03346852712480465
10078.916129528678	300	5.702457626816383	0.0	140051	3053.936378859383	0.004705182	0.049116936763438285
10083.029759064017	300	5.58882809147593	0.0	138313	2613.629535340452	0.004705182	0.057391454286753366
10087.096569398656	300	5.522017756837011	0.0	143509	3066.8103346389203	0.004705182	0.04891075209502993
10090.69086187737	300	5.927725278122011	0.0	150616	3594.2924787149996	0.004705182	0.04173283083897132
10094.692882075762	300	5.925705079729509	0.0	165384	4002.020198392502	0.004705182	0.037481070200557895
10097.545263673928	300	5.594520226166037	0.0	140881	2831.1848535634717	0.004705182	0.052981351539516205
10100.710988466011	300	5.962256221475237	0.0	157671	2132.2640046908	0.004705182	0.07034776166085097
10104.923882050456	300	5.74936263703068	0.0	157812	3212.893584444557	0.004705182	0.046686887087152594
10108.813561441579	300	5.859683245909535	0.0	163927	3389.6793911211457	0.004705182	0.04425197273609617
10113.088286395698	300	5.584958291791048	0.0	137654	3274.7249541184874	0.004705182	0.04580537361201928
10117.066830368853	300	5.606414318635203	0.0	146754	2978.5439731558445	0.004705182	0.050360176432470496
10120.86182549706	300	5.8114191904258305	0.0	153938	3794.9951282093725	0.004705182	0.039525742440353506
10124.537482493191	300	5.640739658630977	0.0	181901	3170.679531794854	0.004705182	0.047308470785468563
10126.30824041387	300	5.792849358960822	0.0	111155	1347.8902996701552	0.004705182	0.11128502077409919
10128.745300753397	300	5.960753033200544	0.0	153605	1332.096325760278	0.004705182	0.11260446943608925
10131.448765280405	300	5.5015027720795695	0.0	149029	1959.250261120975	0.004705182	0.07655989792451438
10135.264348768716	300	5.685919283768513	0.0	157421	2815.5834883110565	0.004705182	0.05327492529442923
10139.29856252785	300	5.651705524635839	0.0	157488	3534.213759132673	0.004705182	0.04244225455022033
10143.387395570697	300	5.562872481789753	0.0	143881	2588.833042846087	0.004705182	0.05794116403701893
10146.757854433032	300	5.659065352211718	0.0	163444	2403.8071295780355	0.004705182	0.06240101302400705
10150.779682633929	300	5.637237151314548	0.0	179328	3521.8282008971687	0.004705182	0.04259151538447793
10154.57816502238	300	5.838754762863514	0.0	159914	3298.482388451033	0.004705182	0.045475458812572284
10157.119062392167	300	5.5017872055226436	0.0	131610	2336.9675573408713	0.004705182	0.06418574341300576
10160.201632251397	300	5.852467225129641	0.0	124011	2149.319980393003	0.004705182	0.06978951545994214
10162.741734093928	300	5.779041224283208	0.0	144254	2073.4260008464325	0.004705182	0.07234403346864834
10166.567418052848	300	5.794537180165096	0.0	149991	1984.5040441181122	0.004705182	0.07558563583913383
10170.18909950189	300	5.554286351045772	0.0	147968	1740.2508291193246	0.004705182	0.08619447121649088
10173.183552693417	300	5.697775074742036	0.0	161857	1856.5112763037364	0.004705182	0.08079670827459014
10175.297154283551	300	5.664945241788386	0.0	145210	2032.8298329536497	0.004705182	0.07378876360843929
10179.085008053476	300	5.8770914718646745	0.0	172312	2287.8537699237118	0.004705182	0.06556363084560327
10183.400970217663	300	5.561129307678456	0.0	167025	2315.9621641862186	0.004705182	0.06476789747241268
10187.046511947248	300	5.915587578091455	0.0	160064	2645.541729587001	0.004705182	0.056699162338829066
10191.123054160229	300	5.839045365108881	0.0	137507	2076.542212982574	0.004705182	0.0722354686854896
10193.788953891597	300	5.829431368853903	0.0	118421	1509.6139962549792	0.004705182	0.09936314870696553

