12525.585524449445	750	4.0	2.005422751396268	450283	2005.4227513962683	0.012693143	-8.44889922635279
12527.81956197196	750	5.765962477485412	0.0	398865	2234.037522514588	0.72124785	0.1744186046511628
12529.922250752781	750	7.663273696664623	0.0	350812	2102.6887808207885	0.2916224	0.1744186046511628
12532.575721224262	750	7.952612888153697	0.0	382355	2210.6608085109256	0.099565886	0.1744186046511628
12535.393309789255	750	7.745223537279333	0.0	411561	2207.389350874363	0.09862558	0.1744186046511628
12537.872623370848	750	7.820666305842515	0.0	318564	1924.5572314368178	0.11095391	0.1744186046511628
12540.542927276274	750	7.862892513906121	0.0	352642	2457.773791936393	0.139084	0.1744186046511628
12543.22886662468	750	7.811187920298067	0.0	437162	2551.7045936080544	0.43676203	0.1744186046511628
12545.139472476374	750	7.678002328950215	0.0	374758	1633.1855913478516	0.29007635	0.1744186046511628
12547.404862542526	750	7.939017502347742	0.0	362795	1738.9848266024717	0.10406678	0.1744186046511628
12549.426880322531	750	7.841211170118391	0.0	353220	1597.8063322293506	0.07863639	0.1744186046511628
12552.160533341917	750	7.806490350913671	0.0	405134	2034.720819204721	0.060323976	0.1744186046511628
12555.096916931092	750	7.642764661217829	0.0	386351	2163.7256896958415	0.08202165	0.1744186046511628
12558.285618392536	750	7.574742946985147	0.0	434409	2568.0217142326815	0.17405671	0.1744186046511628
12561.360636913472	750	7.977573517171899	0.0	337059	2097.169429813249	0.27850717	0.1744186046511628
12564.012912382506	750	7.650360399767882	0.0	366214	2327.2131174040173	0.3041017	0.1744186046511628
12566.904433868742	750	7.737130799064195	0.0	360831	1913.2296007036878	0.43884176	0.1744186046511628
12570.1076541597	750	7.669666634501416	0.0	372963	3067.464164562778	0.31106716	0.1744186046511628
12574.051541445253	750	7.72577934894713	0.0	405596	3943.887285554287	0.70854354	0.1744186046511628
12578.182488743761	300	7.594832050438157	0.0	140881	2130.9472985089724	0.4708485	-0.3802325581395349
12581.967205749175	300	7.627768841009951	0.0	157671	2467.063209428207	0.067730576	0.06976744186046512
12584.568404952486	300	7.800996156397436	0.0	157812	2326.772684612516	0.04068975	0.06976744186046512
12588.498468812555	300	7.748177423712648	0.0	163927	2552.8187326847874	0.032489084	0.06976744186046512
12590.790441321858	300	7.6358138424523565	0.0	137654	1112.3635812602909	0.01980261	0.06976744186046512
12592.567679951911	300	7.931998981897477	0.0	146754	1203.8148605548793	0.062393714	0.06976744186046512
12595.589708847758	300	7.5426964187239225	0.0	153938	1389.302563173554	0.1429028	0.06976744186046512
12599.535095397878	300	7.597309868603054	0.0	181901	2445.3865501208697	0.19022484	0.06976744186046512
12601.373954192208	300	7.766936907834903	0.0	111155	1330.372960768151	0.07624905	0.06976744186046512
12603.653189469664	300	7.75156215288848	0.0	153605	1515.374754946422	0.08182611	0.06976744186046512
12605.452996372309	300	7.863588919820197	0.0	149029	1387.9732330682832	0.13059357	0.06976744186046512
12607.722989664593	300	7.874509127465899	0.0	157421	1489.0797923542973	0.19817878	0.06976744186046512
12611.05391304951	300	7.519504222971831	0.0	157488	1855.0049044940681	0.2101408	0.06976744186046512
12613.84771738921	300	7.895561221835325	0.0	143881	2123.9430011365057	0.08580526	0.06976744186046512
12618.009028691731	300	7.5448363018542715	0.0	163444	3350.7249199810544	0.055236124	0.06976744186046512
12622.003867979958	300	7.549997013627506	0.0	179328	3494.839288226765	0.01833888	0.06976744186046512
12626.004156570742	300	7.5497084228443985	0.0	159914	3500.2885907831082	0.010453032	0.06976744186046512
12629.749043104788	300	7.804821888797441	0.0	131610	3244.886534046956	0.0069826534	0.06976744186046512
12633.819282813512	300	7.734582180074427	0.0	124011	2570.2397087230142	0.0055271415	0.06976744186046512
12636.310335302825	300	7.539476125578001	0.0	144254	1195.1060544964262	0.0049665226	0.06976744186046512
12638.53666204903	300	7.779285974885468	0.0	149991	1260.1901506925326	0.009058953	0.06976744186046512
12640.756346491382	300	7.682512103964847	0.0	147968	1096.773870920621	0.01695757	0.06976744186046512
12642.436042005495	300	7.76911960362381	0.0	161857	1413.392500341036	0.045937218	0.06976744186046512
12645.078254358043	300	7.891164958236224	0.0	145210	1377.9546453875867	0.053543486	0.06976744186046512
12647.265653712064	300	7.854594168304822	0.0	172312	1536.570789931403	0.06147324	0.06976744186046512
12650.062532488286	300	7.911569019238952	0.0	167025	1443.0251490658711	0.08681959	0.06976744186046512
12653.164677969198	300	7.787423054361827	0.0	160064	1624.1459648771247	0.1046655	0.06976744186046512
12656.509684693914	300	7.7189195405212905	0.0	137507	1568.503513840537	0.074821495	0.06976744186046512
12660.3126191284	300	7.91598510603567	0.0	118421	1302.934434485621	0.04276134	0.06976744186046512

