8704.39590403585	750	4.0	2.731225734575557	450283	2731.225734575557	0.081738345	0.06408672886802569
8705.359360929986	300	7.036543105862896	0.0	155580	963.4568941371031	0.21011177	-0.07167802436704675
8707.007083818213	300	7.6250230380963275	0.0	139857	911.5200677665691	0.012831633	0.4202956540345961
8710.114942338467	300	7.769195192958757	0.0	155432	2855.8278451375704	0.012275126	0.23487563597639788
8713.991226259628	300	7.727068512736381	0.0	163442	2542.126680222376	0.008879099	0.2636128349540188
8716.428546130783	300	7.720487235779019	0.0	126289	1506.5812769573622	0.006958995	0.366756045470685
8720.341280549012	300	7.807752817548	0.0	153295	2412.73441823102	0.0071623265	0.2815948302038805
8722.593459617254	300	7.5733997419419214	0.0	173849	1734.35307560608	0.0068713757	0.3347858972409946
8724.307563213628	300	7.895260978221069	0.0	150710	1178.1387637208522	0.007994125	0.4105236556969641
8725.357157797622	300	7.918446155001395	0.0	139105	976.8148232196735	0.007882095	0.4321051232958524
8728.301145818952	300	7.587842005672692	0.0	141840	1830.6041493287028	0.009340542	0.3260634313519055
8729.648365729387	300	7.850923943507374	0.0	156148	1236.9180621653172	0.00685748	0.4018746611829117
8731.44645617785	300	7.8970297101599645	0.0	160746	1453.8942333474095	0.007607322	0.38305865448048937
8734.564068731668	300	7.830321555108541	0.0	179801	2566.708155051424	0.008232673	0.267608002619374
8736.275085403982	300	7.805265327734563	0.0	140051	1025.056227373978	0.007393947	0.42020718117624495
8738.373771736462	300	7.943902374465597	0.0	138313	861.3629532689673	0.008318201	0.44524132400743566
8739.930397144113	300	7.994251360244711	0.0	143509	949.6510142208865	0.009995634	0.4395593295234383
8741.858551003515	300	7.678661617708112	0.0	150616	815.5897425365972	0.011044528	0.4332410977833298
8743.77903714627	300	7.609700604764487	0.0	165384	1068.9610129436255	0.010642704	0.4035939074336504
8745.054360560287	300	7.547801519861807	0.0	140881	1061.8990849026793	0.010710888	0.4004314074313275
8746.493686684335	300	7.9548505651946595	0.0	157671	1092.9509546671475	0.010711343	0.422766785788184
8747.474833075707	300	7.547465001900236	0.0	157812	907.385563294422	0.010768151	0.41586172721955517
8749.051194081134	300	7.826164965674259	0.0	163927	1221.3000362259777	0.013383713	0.40188902766227597
8750.573657652394	300	7.647463597894099	0.0	137654	678.7013677801601	0.011944258	0.4449800590205977
8751.83168429249	300	7.590331436787154	0.0	146754	557.1321611069465	0.0145046115	0.45356621961873506
8752.847946038253	300	7.892647803399628	0.0	153938	697.6836333875262	0.020217998	0.4584058453039566
8753.834322333076	300	7.6037486310760904	0.0	181901	788.8991723235379	0.017443534	0.4312280931401344
8754.877235462995	300	7.6560307323657835	0.0	111155	447.7178987103079	0.019288192	0.46861385183206317
8755.806779138957	300	7.988856471989975	0.0	153605	667.1742603758088	0.02089874	0.4674698243920251
8756.707453713609	300	7.924703849456628	0.0	149029	564.1526225333469	0.023209143	0.4737624492679371
8757.402551213476	300	7.765416137582524	0.0	157421	659.2877118741031	0.027363174	0.45429345834173
8758.525724082323	300	7.551734601655365	0.0	157488	713.6815359271588	0.025987593	0.43549897994097697
8759.84941425998	300	7.8346351507870455	0.0	143881	717.0994508683204	0.026409803	0.4528384727675908
8761.156893550724	300	7.769190797308903	0.0	163444	1065.4443534781417	0.022545047	0.4139137104142248
8763.192078985005	300	7.757615620302888	0.0	179328	1011.5751770060153	0.018698025	0.41857717949856144
8764.131034969028	300	7.984942780926991	0.0	159914	772.6728393758958	0.019590113	0.45667536080057985
8765.104304440227	300	7.901449631651732	0.0	131610	583.493149275258	0.021752488	0.47037500798094
8765.82687915078	300	7.805050332836272	0.0	124011	596.3992988154603	0.022661496	0.46305943685095347
8768.419911432034	300	7.676621998078096	0.0	144254	2128.428334758177	0.021636492	0.3018297623342958
8769.38919983452	300	7.969279689084433	0.0	149991	707.3423089936616	0.012229622	0.4622294705986435
8770.887126278149	300	7.981289590014825	0.0	147968	987.9900990696082	0.021114651	0.43491531039919823
8772.400512436101	300	7.5945646548187105	0.0	161857	886.724935196115	0.019464077	0.4208715183367905
8773.710399253314	300	7.84795184809031	0.0	145210	746.6128067284008	0.025445253	0.4507194307630369
8775.051427793722	300	7.569074559128222	0.0	172312	1278.8772889620898	0.024637133	0.3800631519795374
8776.785983538823	300	7.602872279301369	0.0	167025	966.2022798268523	0.020746369	0.41344301040388287
8778.366470577088	300	7.696805573806765	0.0	160064	906.0667054946042	0.027074669	0.4253273987436949
8779.359443210407	300	7.53752938503079	0.0	137507	659.2761887759748	0.02851813	0.44005168861705946
8779.803825640683	300	7.602186359165454	0.0	118421	435.3430258653343	0.044204842	0.46648606579153995

