15543.409865975318	750	4.0	0.848125509873515	450283	848.1255098735149	0.004705182	-3.2047881528143867
15544.348426677454	750	5.699782451554113	0.0	398865	800.2175484458868	0.5708953	0.46862256486163356
15545.535148019868	750	5.905593338117422	0.0	350812	794.1891134366927	0.4289683	0.4721797285501225
15546.657376726955	750	5.570745032301437	0.0	382355	834.8483058159852	0.48298228	0.44918339941227164
15547.217497017708	300	5.699375154311088	0.0	163442	371.369877990347	0.5245749	-0.04609001997760587
15548.153952915147	750	5.555522392922505	0.0	318564	643.8527613885833	0.70337296	0.1324312987199831
15548.63259728436	300	5.707501742941393	0.0	153295	348.0206499811124	0.46834174	-0.018991092890204286
15549.72948354905	750	5.814370465462176	0.0	437162	893.1312774792169	0.7044798	-0.030128913345858932
15550.44076659613	750	5.640606440278856	0.0	374758	673.7640251833195	0.45012963	0.5565746848801686
15551.462130872553	750	5.923683870263641	0.0	362795	716.9225700152139	0.45396912	0.5230690393692614
15552.550102437597	750	5.726918955246678	0.0	353220	696.764915016963	0.4498043	0.5382016113582161
15553.43724700737	750	5.903949909523286	0.0	405134	822.969045723393	0.5101593	0.4556671990869031
15554.389080855763	750	5.655120761652122	0.0	386351	748.8291478711632	0.4877051	0.5007817885642977
15555.252702355794	300	5.72481241914671	0.0	179801	430.3083425054112	0.5248104	-0.1014127541040789
15555.869702525291	300	5.862968894061962	0.0	140051	361.84352508474853	0.67745066	0.4145438279291249
15556.204084342457	300	5.538356302935386	0.0	138313	324.61259112657547	0.66543144	0.4620892845820353
15556.545992428879	300	5.712286867944233	0.0	143509	326.06943499115334	0.6637256	0.46002471836733083
15557.448318007657	750	5.964043418569112	0.0	372963	748.2434493751209	0.6651213	0.051173782828533965
15558.3347537443	750	5.7078665911493065	0.0	405596	756.1768274198058	0.56511295	0.49591575198033894
15559.29790653126	750	5.5414196141318355	0.0	350713	666.4469770174699	0.5811287	0.5626854242451909
15560.301998875833	750	5.7077264087652235	0.0	386472	833.6932053666111	0.6085628	0.44980575298691106
15561.219585386796	750	5.884132756288491	0.0	399894	823.5936524767326	0.63910794	0.45532162477489974
15561.810006105517	300	5.960918716520377	0.0	163927	423.21403976811416	0.6181834	-0.09556941427985843
15562.37726701068	300	5.645891674916075	0.0	137654	315.0270416043028	0.5840683	0.476149600479095
15563.328641950264	750	5.831321065401528	0.0	359903	814.5706095145476	0.58295316	0.010365247186472137
15563.737381244386	300	5.985353626277476	0.0	153938	345.9674391240512	0.66324687	-0.016433186950245038
15564.309814571987	300	5.600522856775049	0.0	181901	384.83076950242764	0.5821319	0.38978172196039473
15564.899736141218	300	5.8293633797086315	0.0	111155	271.1594770664175	0.5345574	0.5531800017568966
15565.656003600694	300	5.940610700857687	0.0	153605	388.7526788509448	0.5180461	0.3858494311688406
15566.845094101045	750	5.604822850529483	0.0	400508	835.7878503282042	0.5215186	-0.0013215466667266806
15567.81400566444	750	5.817018336624496	0.0	358218	787.8045139049857	0.70134246	0.4760064119729421
15568.646631077694	750	5.506259221522075	0.0	400322	810.759115102422	0.6916406	0.46252948997388305
15569.565634231873	750	5.7826907791586635	0.0	369834	723.5684423634114	0.7019074	0.5182647252761982
15570.060791604137	300	5.882829410834583	0.0	163444	399.86136832407885	0.69398487	-0.07486998774428166
15570.736596952287	300	5.962574705328916	0.0	179328	420.25470550566865	0.45672923	0.3569264020958754
15571.390603384607	300	5.528346877240838	0.0	159914	434.22782808807847	0.43528143	0.3454407808464411
15571.729670249066	300	5.733702694677166	0.0	131610	294.6441825636716	0.3697687	0.5090886190077264
15572.209834293584	300	5.955832032466307	0.0	124011	277.8706622108583	0.41414553	0.5398194930207298
15572.804528451294	300	5.52463171151415	0.0	144254	431.20032095215686	0.4030624	0.3478661603701427
15573.515419893196	300	5.665932832642027	0.0	149991	358.6988788721226	0.3023544	0.4181780564011061
15574.383402475238	300	5.783037904187587	0.0	147968	382.89492845443925	0.33214423	0.3917523812746152
15574.913780253897	300	5.775392789201765	0.0	161857	507.6451149858226	0.30623978	0.29548201208277
15575.378177930248	300	5.939560235161902	0.0	145210	335.83255403986476	0.2181796	0.44665116051314774
15575.976666811244	300	5.5045983892198205	0.0	172312	434.9618459420819	0.31100687	0.34485783385233637
15576.541840086838	300	5.618775287999757	0.0	167025	385.8231012200633	0.23962253	0.38877920872458066
15577.059818515565	300	5.739461203773157	0.0	160064	379.3140842265994	0.28998595	0.39545064693772647
15577.780439147607	300	5.9384830313514865	0.0	137507	300.9781724216703	0.26455545	0.4983750110285408
15578.240164705343	300	5.638441472794457	0.0	118421	300.04155855702936	0.29666305	0.4999307453320313

