3633.7454507137363	750	4.0	4.146410706663652	450283	4146.4107066636525	0.004852414	-17.81908782302793
3634.865753215892	300	6.879697497844862	0.0	155580	1120.3025021551377	0.26457888	0.11619444418900902
3637.3412178901694	750	7.940321850945597	0.0	350812	2439.3756468992665	0.30850205	0.11044224908816819
3640.6785844796673	750	7.714682984055854	0.0	382355	2725.638866889741	0.47223705	0.5100979256376911
3644.3637823395384	750	7.5429480060242025	0.0	411561	3171.734978031653	0.5723975	0.4489586246098593
3648.3881467972446	750	7.51858354831818	0.0	318564	2524.364457706022	0.33943266	0.5113505694580238
3652.442185133812	750	7.464545211750437	0.0	352642	4054.038336567742	0.34786102	0.353181929286781
3662.1575567225336	750	4.0	2.250826376970805	437162	9715.371588721242	0.12572291	-10.224971293554443
3664.7989474007645	300	5.358609321768909	0.0	150710	2641.390678231092	0.044307917	-0.18232086655131663
3666.766778985453	300	7.390777737080316	0.0	139105	1967.8315846885923	0.08635239	0.5306335990341562
3670.556977423626	300	7.600579298907482	0.0	141840	2290.198438172834	0.5224428	0.5185905562397922
3674.1131143404273	300	7.73083974242007	0.0	156148	1869.7395564874125	0.33230197	0.5731741624897351
3676.2480709863785	300	7.746560071001566	0.0	160746	1484.2796714185044	0.40112847	0.6132332507726351
3680.18020419314	750	7.814426864239933	0.0	434409	3932.1332067616327	0.19220495	-0.050951044721626815
3684.388629227864	750	7.606001829515848	0.0	337059	2708.4250347240854	0.100749604	0.5013586222510205
3690.887070811406	750	5.1075602459740574	0.0	366214	6498.44158354179	0.18443954	-0.11812091964383908
3693.686866109025	300	6.307764948355022	0.0	143509	2799.7952976190354	0.22742979	-0.1068040035754158
3696.129322513009	300	7.865308544370912	0.0	150616	1942.4564039841105	0.063922845	0.578845255179944
3699.02011913403	300	7.610874565492069	0.0	165384	2254.4339788788416	0.2907155	0.5231579334644465
3702.8659174101035	300	7.7650762894187535	0.0	140881	1845.7982760733148	0.41030943	0.5788635977078674
3706.515534895193	300	7.856348001181992	0.0	157671	1908.7282882367613	0.32733276	0.5813556041272734
3710.521968796304	300	7.849914100070935	0.0	157812	3006.433901111057	0.6976155	0.47096577242958876
3713.7292920443215	300	7.829913986893862	0.0	163927	2020.0001131770737	0.31959295	0.5676841172383913
3717.803163245865	300	7.75604278535021	0.0	137654	3073.871201543652	0.29512835	0.4551868199645267
3722.625670045321	300	6.933535985894558	0.0	146754	4822.506799455652	0.06874826	0.20115603109342972
3726.7767983333692	300	6.782407697846106	0.0	153938	4151.128288048451	0.007738403	0.2537476100230231
3730.2770525165565	300	7.282153514658962	0.0	181901	3500.254183187144	0.0057537407	0.3669361323632167
3733.535664504485	300	7.680389338682454	0.0	111155	1101.764175976507	0.013596953	0.645115790933133
3736.731036376222	300	7.981127322789778	0.0	153605	2199.262015892676	0.22941941	0.5643123851314689
3739.9057373447	300	7.871831747473072	0.0	149029	1609.295575316706	0.09007201	0.6127892038766877
3743.2287460889047	300	7.673030100451297	0.0	157421	2198.8016470217754	0.4534102	0.5347037086521856
3746.314333199688	300	7.577340046151287	0.0	157488	1595.6900543000113	0.20581114	0.5858045897182118
3748.258540068059	300	7.900185173707474	0.0	143881	1677.1548724438126	0.59606546	0.60873232417473
3754.0836433784616	750	6.075081863304777	0.0	412837	5825.103310402697	0.4668916	-0.4076620196014537
3756.623227258408	300	7.53549798335872	0.0	179328	2039.5838799460562	0.41342664	0.08738786030070972
3761.4455868692803	750	6.713138372486389	0.0	365161	4822.359610872331	0.35781687	-0.2459739739660634
3766.1317289314293	750	6.0269963103374495	0.0	321064	4686.14206214894	0.62086356	0.15160581523322852
3768.4184373996713	300	7.7402878420952	0.0	124011	1286.7084682422499	0.28863606	0.1823866618163672
3770.914161260016	300	7.515900527692394	0.0	144254	1724.3873144028062	0.19441488	0.5670212391207401
3772.8792959625875	300	7.809001516377786	0.0	149991	1206.899011314608	0.4409601	0.6469813779927931
3776.5708565471455	750	7.537339084227098	0.0	345516	2771.6624321506883	0.6978141	0.038426013999155684
3780.3781397419575	750	7.730055889414971	0.0	384505	3307.2831948121275	0.121823244	0.45341315273518745
3784.3715333349132	750	7.736662296459646	0.0	372093	2993.3935929553254	0.1404777	0.4854379872264015
3788.5551336454437	750	7.553061985929361	0.0	438281	3683.6003105302852	0.16086763	0.3987455736030501
3792.1845789300087	750	7.923616701364479	0.0	398987	3629.445284564882	0.107444644	0.4398273953873503
3796.482628294057	750	7.62556733731608	0.0	393804	3798.049364048399	0.10216594	0.3942793920338866
3800.073697942646	750	7.7858674336806235	0.0	331053	2839.699903635457	0.08154572	0.5055434074261214
3803.0239652718465	750	7.521418641557335	0.0	314107	2264.4487921232876	0.11358385	0.5376150170138472

