1852.6053515321323	750	4.0	1.1482833162359447	450283	1148.2833162359448	0.10383539	-4.763199655163399
1853.059069932825	300	7.546281599307435	0.0	155580	453.71840069256433	0.69709885	-0.3802325581395349
1854.6283731552676	750	7.617630918075325	0.0	350812	928.6506812321101	0.1602002	-0.2755813953488372
1857.6516231216779	750	7.7613322054755605	0.0	382355	2356.2987125997647	0.053290974	0.1744186046511628
1859.5257496185002	750	7.677744526744649	0.0	411561	1583.5876787309112	0.07265179	0.1744186046511628
1861.5498400084555	750	7.630968755112606	0.0	318564	1546.7757716320427	0.05147392	0.1744186046511628
1863.4511470770403	750	7.568972467981944	0.0	352642	1561.9962871306623	0.052851893	0.1744186046511628
1865.1899957071341	750	7.7492036199621	0.0	437162	1319.7688480198442	0.051696874	0.1744186046511628
1866.8372262418504	750	7.705128257940705	0.0	374758	1044.075362021394	0.058726884	0.1744186046511628
1869.6411313826115	750	7.6947532691578795	0.0	362795	2010.374988782825	0.06507905	0.1744186046511628
1872.969907587229	750	7.907130223788139	0.0	353220	2287.62304536974	0.04426207	0.1744186046511628
1878.0487883936023	750	6.828249417414947	0.0	405134	5078.880806373192	0.038740072	0.1744186046511628
1882.5969377548638	750	6.280100056153363	0.0	386351	4548.149361261584	0.17365262	0.1744186046511628
1884.6442801857736	300	7.525520451689831	0.0	179801	1754.5796044635326	0.5888854	-0.3802325581395349
1888.4706725063186	750	7.568705728440209	0.0	337059	2956.8147232496212	0.62176853	-0.2755813953488372
1891.3115735797555	750	7.638044019019586	0.0	366214	1430.6617094206233	0.30537015	0.1744186046511628
1892.5066079307117	750	7.515646468299732	0.0	360831	1122.3975507198547	0.060543984	0.1744186046511628
1894.4277260383465	750	7.7464058670504725	0.0	372963	1269.2406012492597	0.04558056	0.1744186046511628
1896.3708611496625	750	7.765777107535283	0.0	405596	1480.628759515191	0.03779026	0.1744186046511628
1897.658780361396	750	7.733070634618736	0.0	350713	1032.7064729165459	0.032994717	0.1744186046511628
1899.304000010165	750	7.733067193942776	0.0	386472	1500.00344067596	0.04166378	0.1744186046511628
1901.3589601822478	750	7.658195169048027	0.0	399894	1574.8720248947482	0.03808913	0.1744186046511628
1903.024107273067	750	7.615665730632339	0.0	401853	1542.5294384156873	0.03898663	0.1744186046511628
1904.4036180767982	750	7.57221915496853	0.0	343800	1043.44657566381	0.042184222	0.1744186046511628
1905.74373621085	750	7.575192159026323	0.0	359903	997.0269959422075	0.046933103	0.1744186046511628
1906.99666596932	750	7.865272934696197	0.0	379700	1209.9192243301263	0.048448958	0.1744186046511628
1908.4624960422532	750	7.518863136699499	0.0	425781	1346.4097979966973	0.042773787	0.1744186046511628
1909.5289059732675	750	7.6953682464605295	0.0	277716	823.4948902389702	0.04581068	0.1744186046511628
1910.9546076399156	750	7.543974953024223	0.0	400396	1151.3932934363079	0.04297787	0.1744186046511628
1911.6376497797735	300	7.61960812170104	0.0	149029	424.36683132318336	0.04423196	-0.3802325581395349
1912.836930255959	750	7.719305552375663	0.0	358218	900.302569325376	0.052562937	-0.2755813953488372
1914.3379830335682	750	7.953268117001317	0.0	400322	1266.037435374346	0.04932205	0.1744186046511628
1915.6500818902898	750	7.534726326257729	0.0	369834	918.5417907435864	0.042677745	0.1744186046511628
1917.4559733513393	750	7.943559100222076	0.0	412837	1591.167226035654	0.045986295	0.1744186046511628
1919.1381932362708	750	7.7848112847632125	0.0	401088	1158.7478154588625	0.036857195	0.1744186046511628
1921.2224788594722	750	7.734404488899025	0.0	365161	1550.406795864188	0.039715376	0.1744186046511628
1923.7613311228438	750	7.656917804381657	0.0	321064	1577.4866845173665	0.038352244	0.1744186046511628
1925.7051606040536	750	7.8006858052038845	0.0	361565	1856.2319991777729	0.040540293	0.1744186046511628
1927.2215581013559	750	7.851285864568857	0.0	378327	1449.3999406350272	0.035112187	0.1744186046511628
1928.6526518603155	750	7.539237729922534	0.0	390680	1312.0481346463232	0.036251865	0.1744186046511628
1929.772931493735	750	7.51362071136943	0.0	345516	1025.6170185531032	0.036173716	0.1744186046511628
1931.545198400855	750	7.869818579242679	0.0	384505	1143.8021321267513	0.036451034	0.1744186046511628
1933.558111295822	750	7.852594552755804	0.0	372093	1517.2240264868767	0.03302554	0.1744186046511628
1935.9938316490775	750	7.997578781868178	0.0	438281	1855.0157708876247	0.030493096	0.1744186046511628
1937.8797521491547	750	7.504970870513518	0.0	398987	1492.60791135466	0.028683998	0.1744186046511628
1939.4745727389159	750	7.659216826994083	0.0	393804	1345.7540435194348	0.03567769	0.1744186046511628
1940.7861603528827	750	7.75795636962165	0.0	331053	901.2604573724317	0.034225326	0.1744186046511628
1941.8723386300628	750	7.870030818863779	0.0	314107	887.9255507578697	0.033740643	0.1744186046511628

