13698.01618575162	750	4.0	4.997202366246414	450283	4997.202366246414	0.06540209	-0.16251093429906005
13700.169547501904	300	5.846638249714482	0.0	155580	2153.3617502855177	0.092142746	-0.26503756349116403
13703.287699615394	300	6.728486136226441	0.0	139857	3118.1521134880413	0.006030309	0.143598893095581
13707.659316371768	300	6.35686937985117	0.0	155432	4371.6167563752715	0.005351196	-0.004973618466596441
13712.087538862841	300	5.928646888778943	0.0	163442	4428.222491072226	0.005726128	-0.03739809762830609
13715.13889590287	300	6.877289848750208	0.0	126289	3051.3570400287354	0.0049531655	0.15957863247424703
13718.260276072224	300	7.755909679394988	0.0	153295	2621.38016935522	0.0047643017	0.25749005895689736
13721.603194924452	300	7.555096673007367	0.0	173849	1700.8130063876204	0.0047578653	0.33699596235443097
13723.71234912233	300	7.916572487437436	0.0	150710	1638.5241855699305	0.0052853674	0.36581708283807923
13725.37358574941	300	7.676269161001939	0.0	139105	1240.3033264354972	0.005063609	0.39062021084930404
13726.954547867013	300	7.611254700072921	0.0	141840	1065.0144609290187	0.0056825755	0.40408569359188823
13728.838666742284	300	7.522169081224042	0.0	156148	1089.0856188488801	0.0070561403	0.39611072662184715
13729.730403311221	300	7.788817444016288	0.0	160746	733.3516372077537	0.00858882	0.4483496474604752
13730.970467507621	300	7.922977845080519	0.0	179801	865.839598935769	0.013083866	0.443485876354188
13732.341234464422	300	7.994706679713819	0.0	140051	928.2711653666996	0.015135044	0.4417257718756763
13734.231667105238	300	7.8957382168722505	0.0	138313	1098.96846284157	0.012668269	0.4184705132005912
13736.354885636048	300	7.634861092903104	0.0	143509	1260.8771239691469	0.011127956	0.38597482683976186
13737.894461016807	300	7.991244120245039	0.0	150616	1143.616972658065	0.011345609	0.41997478117974096
13739.777756571928	300	7.827575551535258	0.0	165384	1163.6685687097822	0.011919323	0.4077403360302079
13742.12173071447	300	7.6404019353201145	0.0	140881	1687.173616215143	0.011997048	0.3436914802662254
13745.841537768727	300	7.92059488106376	0.0	157671	2719.8070542563546	0.00916397	0.25794019557108205
13748.661333434502	300	7.534000800317901	0.0	157812	2386.5940807458596	0.007177476	0.2670993628755154
13752.207333472978	300	7.9880007618409365	0.0	163927	3046.0000384769637	0.0063404148	0.22953376469759468
13756.266691662178	300	7.928642572641194	0.0	137654	2559.3581891997414	0.005750861	0.27448806280033305
13760.374116372013	300	7.821217862806089	0.0	146754	3607.424709835106	0.005254962	0.1629673663721024
13764.560381522231	300	7.634952712588984	0.0	153938	3686.2651502171047	0.004868805	0.14344175044533353
13768.198832395923	300	7.9965018388973395	0.0	181901	3638.450873691644	0.004750118	0.1708199984921518
13772.311757157251	300	7.735389802907681	0.0	111155	1761.1120359896584	0.0047449926	0.3422343800129968
13776.270416460446	300	7.776730499714159	0.0	153605	3458.6593031935217	0.0047362917	0.17506344684301522
13780.180579248166	300	7.86656771199376	0.0	149029	3910.1627877203982	0.004731166	0.13552792415780268
13784.315469549181	300	7.731677410979346	0.0	157421	3634.8903010144145	0.0047199624	0.15462452901500018
13788.244974463018	300	7.802172497143322	0.0	157488	2929.5049138360237	0.004713287	0.22956901061808777
13792.33666687404	300	7.7104800861201435	0.0	143881	2091.6924110231776	0.0047302125	0.3076194852104238
13795.236702662154	300	7.9488234226260825	0.0	163444	2261.656663494061	0.004740106	0.30551951849495657
13798.62309427123	300	7.599817118399536	0.0	179328	1849.0063042265472	0.004732835	0.3249716604075489
13802.43340326047	300	7.7895081291604615	0.0	159914	2310.308989239074	0.0047957147	0.290697080078854
13806.253415811185	300	7.853348996345885	0.0	131610	1936.1591328145767	0.00481718	0.33210211992039274
13808.668230263564	300	7.662868488607157	0.0	124011	2190.480507738728	0.0048409416	0.294764950694307
13810.446838653505	300	7.500731237455839	0.0	144254	1162.1372511513173	0.004946136	0.3874656981560908
13811.758894234172	300	7.847939030517777	0.0	149991	1152.7922069380627	0.0062933117	0.4101006896437873
13813.023900469196	300	7.875067604869964	0.0	147968	972.8714256478117	0.0076946686	0.4297883036698242
13814.534426371018	300	7.8258720821470416	0.0	161857	1049.1955227229237	0.009168891	0.4190811737921302
13817.872588538045	300	7.542456240683057	0.0	145210	2283.4158414639837	0.0110964915	0.2779456518265252
13819.743127525397	300	7.634559871788735	0.0	172312	1407.8963688943227	0.008433467	0.3712540760275962
13822.720177488529	300	7.6173561709519415	0.0	167025	2017.2037008367934	0.011260316	0.30924811153104953
13824.760045433319	300	7.602345386704456	0.0	160064	2015.0107842474865	0.010944234	0.30852922917451236
13828.348901824489	300	7.615345690389873	0.0	137507	2986.999696314583	0.012311326	0.21214285694814122
13829.525219022165	300	7.6181154819799755	0.0	118421	997.230208409897	0.009089392	0.41129291771299126

