6115.099709908321	750	4.0	2.124991174137217	450283	2124.991174137217	0.15993495	-8.387462048790033
6116.755476480036	750	5.91961222491618	0.0	398865	1580.3877750838199	0.23566988	0.75
6121.146806579092	1850	5.528282125859985	0.0	877771	4391.330099056196	0.12955168	0.75
6141.073737934092	1850	4.0	14.39864922913977	933276	19926.931354999753	0.7682667	-60.064191685301004
6143.5523930130075	300	5.507492628780519	0.0	163442	1492.5073712194805	0.004705182	-1.25
6146.4747270734715	300	5.679399428597107	0.0	126289	1328.0932001834112	0.004705182	0.3
6149.5338450642585	300	5.786960887143379	0.0	153295	2392.438541453728	0.004705182	0.3
6151.984426121862	300	5.5200100735081925	0.0	173849	1766.9508136351874	0.004705182	0.3
6152.871369877452	300	5.733353365347957	0.0	150710	786.656708160234	0.030045506	0.3
6154.0640864915995	300	5.517138496188618	0.0	139105	716.2148691593386	0.19300213	0.3
6156.830977178712	750	5.981944029877031	0.0	353220	2035.194466311586	0.43123388	0.3
6160.8461473335965	750	5.865207148684141	0.0	405134	3116.73688119289	0.15505396	0.75
6166.222249674007	750	4.489104808273225	0.0	386351	5376.102340410916	0.17795916	0.75
6168.571536539964	300	5.631729110797116	0.0	179801	1857.375697476109	0.005547568	-0.15000000000000002
6170.501826725629	300	5.607539645154469	0.0	140051	1524.1894656426473	0.004705182	0.3
6171.373092600717	300	5.939956996071494	0.0	138313	667.5826490829733	0.004705182	0.3
6172.7669823029555	300	5.7298538581050815	0.0	143509	710.1031379664133	0.67937994	0.3
6174.933929962171	750	5.753273286783724	0.0	372963	1976.580571321358	0.23727861	0.3
6178.7602207506325	750	5.920311441249037	0.0	405596	1832.9618455346874	0.45249796	0.75
6183.1864624766795	1850	5.4940697152028575	0.0	923755	4426.241726046179	0.62821674	0.75
6187.142268939974	1850	5.538263251908582	0.0	891604	3455.8064632942765	0.3169812	1.85
6191.689358326218	1850	4.991173865664669	0.0	955231	4547.089386243913	0.024868816	1.85
6194.024144700456	750	5.970013842351374	0.0	401853	2021.1600233132936	0.381714	-0.3500000000000001
6196.460966595875	750	5.863416103605275	0.0	343800	1606.5977387460996	0.29492402	0.75
6199.487068932237	1850	5.515477004259987	0.0	897976	2847.9390993452885	0.89596784	0.75
6203.058176124092	1850	5.829005007840899	0.0	905935	3186.471996419087	0.004705182	1.85
6208.188351517061	1850	4.69882961487189	0.0	1076599	5130.175392969009	0.004705182	1.85
6209.429907938998	750	5.780456731105656	0.0	277716	918.3728837662344	1.0344741	-0.3500000000000001
6212.651050462036	1850	5.741477315172464	0.0	972798	3038.979415933192	0.020980287	0.75
6215.988456476505	1850	5.52885586149007	0.0	975811	3212.6214536823945	0.004705182	1.85
6219.685542665883	1850	5.812704970694693	0.0	873429	3216.150890795376	0.004705182	1.85
6224.481589053272	1850	5.016658583305051	0.0	954453	4796.0463873896415	0.0047641597	1.85
6227.739470400536	1850	5.758777236041214	0.0	885062	3257.881347263837	0.53422487	1.85
6231.613802884544	1850	5.884444752033303	0.0	1035329	3874.3324840079117	0.010236189	1.85
6235.289543781114	1850	5.656172114870318	0.0	1026056	3228.2726371629856	0.011283053	1.85
6238.902530588642	1850	5.753412778809914	0.0	943942	3402.7593360604046	0.004705182	1.85
6242.746875608083	1850	5.909067759367485	0.0	728962	3344.345019442429	0.005457378	1.85
6249.256593973057	1850	4.0	0.6006506056053841	938587	6509.718364972869	0.016387945	-0.7327976041031512
6251.2394095974505	750	5.655737596743953	0.0	378327	1844.2624032560468	0.0142929945	-0.3500000000000001
6253.55247817275	750	5.648479953163816	0.0	390680	1507.2576435801361	0.12533888	0.75
6255.300373153229	750	5.972437995783501	0.0	345516	1676.0419573803151	1.0771024	0.75
6259.69265477104	750	5.580156377972172	0.0	384505	2392.2816178113276	0.853866	0.75
6266.004302779737	750	4.0	0.7314916307248868	372093	6311.64800869706	0.12312101	-2.395414012117013
6268.056328576863	300	5.62187838774039	0.0	172312	1378.1216122596106	0.0050324043	-0.15000000000000002
6270.862005472713	300	5.865991965749274	0.0	167025	1255.886421991116	0.004705182	0.3
6272.620131328633	300	5.686824336717955	0.0	160064	1679.1676290313183	0.004705182	0.3
6275.887020580078	300	5.767858766940251	0.0	137507	1418.9655697777052	0.004705182	0.3
6277.241230733396	300	5.669715612113992	0.0	118421	1098.1431548262585	0.004705182	0.3

