17496.587871628577	750	4.0	1.5754002818435975	450283	1575.4002818435974	0.30996463	-6.506641953819687
17498.408145734753	750	6.179725893824993	0.0	398865	1820.2741061750069	0.39532465	0.45289300957655043
17501.342650837054	1850	7.24522079152462	0.0	877771	2934.5051023003734	0.5986752	-0.5971401294713643
17506.196235793577	1850	6.3916358350026625	0.0	933276	4853.584956521958	0.0075299777	0.2287933475273951
17514.7805452726	1850	4.0	2.1926736440232655	996749	8584.309479025927	0.27213475	-9.802973484425747
17515.732393576796	300	7.048151695802682	0.0	126289	951.8483041973182	0.034967218	-0.9507462249715276
17518.306824134823	750	7.700897426922829	0.0	352642	1847.254268879853	0.58842134	0.14660950964839278
17520.490323058508	750	7.58773620025211	0.0	437162	2113.1612266707198	0.2214711	0.5591269151509831
17522.716165354377	750	7.80998381497415	0.0	374758	1777.7523852779595	0.30501983	0.6140593888051482
17524.795556152643	750	7.5443334045381905	0.0	362795	1765.6504104359597	0.34081516	0.5897004275759238
17527.91725809655	750	7.7003526503474875	0.0	353220	2343.9807541907026	0.5813175	0.5468844257429548
17530.23221661479	750	7.586733919336704	0.0	405134	2113.6187310107834	0.070286065	0.5589846940216769
17532.433055848713	750	7.831984281790339	0.0	386351	1754.7496375463652	0.2478818	0.6184772339101938
17538.6793504787	1850	5.585689651806159	0.0	1036454	6246.294629984181	0.6766279	-1.0880508704635794
17540.50320712585	750	7.761833004652114	0.0	337059	1823.8566471540453	0.22888409	-0.49518560846888815
17541.354666888805	300	7.519223517033494	0.0	138313	742.6094876186204	0.10788931	0.21551886335982548
17543.904276398596	750	7.563843966553428	0.0	360831	1955.3795504800664	0.11993492	0.12260542769156663
17546.631632933393	750	7.572280569160918	0.0	372963	1991.563397392511	0.1397923	0.5697990757418452
17548.800031017003	750	7.830978200959689	0.0	405596	1741.3023682012292	0.10188164	0.6197251244031781
17550.682535855205	750	7.523273558461111	0.0	350713	1807.7046424985795	0.49373987	0.5834679698699168
17553.042839701815	750	7.515521804556574	0.0	386472	1507.7517539045375	0.14832428	0.6127171434661551
17556.51567006071	750	7.680382657164815	0.0	399894	2335.1391473917593	0.62024605	0.5458464515224897
17559.664954054653	750	7.749586275495561	0.0	401853	2430.7963816692536	0.08757541	0.5429416562587066
17562.210456833283	750	7.916078697066336	0.0	343800	1833.5075784292262	0.03998695	0.6186956243841518
17564.087707325198	750	7.823451022611312	0.0	359903	1592.6276744550228	0.055888467	0.633868094171199
17566.24708598355	750	7.536073040164365	0.0	379700	1787.3779824469477	0.30778643	0.5867326007667697
17568.858507474375	750	7.756362628103136	0.0	425781	2279.7104120612294	0.18142605	0.5587024849816842
17571.319938794102	750	7.851502555119743	0.0	277716	1404.8600729833927	0.03164986	0.6553448467094363
17575.388212778613	750	7.783228570610296	0.0	400396	3568.273984509447	0.1343344	0.4324320057214813
17577.534397800315	750	7.647558718388398	0.0	400508	1635.6698522218974	0.5576933	0.6126340390350853
17579.699224656277	750	7.620402789145844	0.0	358218	1527.1559292425536	0.124115504	0.6208716417903124
17582.49889217861	750	7.549404562838816	0.0	400322	2570.998226307028	0.1864356	0.5096537508302016
17585.608113598464	750	7.709128486925163	0.0	369834	2340.276075913653	0.0334911	0.5480995779734785
17588.791354097626	750	7.95698091381719	0.0	412837	2252.147573107973	0.052115194	0.5807685105025525
17590.756703572293	750	7.999852663509395	0.0	401088	1457.1282503077941	0.05444617	0.6643968981883921
17595.77379752824	1850	6.982758707558601	0.0	943942	5017.093955950794	0.57681197	-0.8306612934459894
17599.547157135297	750	7.209399100501605	0.0	321064	3773.3596070569956	0.042592414	-0.743308305550979
17601.584152783813	300	7.98523865542603	0.0	124011	724.160445075574	0.15355298	0.26221826272619275
17604.210431515075	750	7.6985168580138525	0.0	378327	1786.7217974121786	0.69425076	0.15243362428916502
17607.592566553136	750	7.637227805911291	0.0	390680	3061.289052102561	0.022666952	0.4690777567934536
17609.386296671306	750	7.685785787804528	0.0	345516	1451.4420181067626	0.62415755	0.6347362220132926
17612.685244245135	750	7.737455983920678	0.0	384505	2948.3298038838507	0.025019053	0.4900207594680321
17615.785112490496	750	7.972830722715406	0.0	372093	2764.625261205272	0.6672839	0.5310463040988089
17616.895559199744	300	7.6102289171659905	0.0	172312	862.601805549414	0.6971166	0.2122790064005654
17619.24285916164	300	7.945501340566454	0.0	167025	1664.7275765995353	0.6984395	0.6143367871395042
17620.296112240572	300	7.560161026750886	0.0	160064	885.3403138155677	0.03134712	0.6551860633151831
17621.487967441553	300	7.953189861316391	0.0	137507	606.9711654344953	0.6964521	0.7208524572550373
17625.588783001524	750	7.852374301346478	0.0	314107	2600.815559969913	0.28961694	0.0858332045915896

