4227.522188271872	750	4.0	12.266701258043659	450283	12266.701258043659	0.6577071	-53.548366249099956
4232.154108802133	300	4.0	0.6319205302601922	155580	4631.920530260192	0.004705182	-3.229399847687374
4235.201940468466	300	4.952168333667658	0.0	139857	3047.8316663323417	0.004705182	0.1879146202738789
4238.471416905704	300	5.682691896429397	0.0	155432	3269.4764372382615	0.004705182	0.2360638795313587
4241.8286923265105	300	6.325416475623024	0.0	163442	3357.275420806372	0.004705182	0.28914696398511824
4244.456457791558	300	7.69765101057458	0.0	126289	2127.765465048444	0.004705182	0.5441771178751679
4248.033907029958	300	7.574411689639563	0.0	153295	2123.239320935018	0.004705182	0.5327678053594986
4250.701680927141	300	7.992629756979868	0.0	173849	2081.7819326596946	0.004705182	0.5771675160257974
4253.366288922516	300	7.948321708204572	0.0	150710	1544.3080487752961	0.004705182	0.6266502035633768
4256.140164315413	300	7.941533999355475	0.0	139105	1506.7877088490964	0.0069136377	0.6297489127424636
4259.596201953743	300	7.727059098514583	0.0	141840	1714.4749008408937	0.01222733	0.5883367367135088
4261.488490264491	300	7.836696216485028	0.0	156148	1890.362882029554	0.008772715	0.5813006377817745
4265.279921147778	300	7.561943575051005	0.0	160746	2274.7526414340227	0.00924435	0.5164164028852807
4269.049477338648	300	7.7923873841802616	0.0	179801	2269.556190870744	0.006030895	0.5391165306311788
4272.037558437499	300	7.806463984366441	0.0	140051	1485.9233998138202	0.0074391672	0.6188346987570505
4274.139176001697	300	7.661734104236535	0.0	138313	1644.7298801299053	0.017550316	0.5890236326638123
4277.688157734666	300	7.875687032085849	0.0	143509	1786.047072150686	0.013750556	0.5954851297884214
4281.738831205377	300	7.825013561374319	0.0	150616	2550.6734707115306	0.011905093	0.5141451098708613
4284.37127717925	300	7.945594654503089	0.0	165384	1879.4189068712305	0.004803733	0.5928766356864722
4286.208358784313	300	7.953567418872255	0.0	140881	992.027235630835	0.007792491	0.6823831905860677
4287.547863119166	300	7.646342455211363	0.0	157671	1307.2249636608924	0.12378684	0.6212926603214801
4289.699470463688	300	7.976678416096424	0.0	157812	1169.6640391149406	0.15583894	0.6668439704034836
4291.476347242432	300	7.67421166992846	0.0	163927	1302.4667461679626	0.5664561	0.6244509261639349
4293.348100751509	300	7.600539893527337	0.0	137654	1073.6717764011228	0.37245172	0.6402394296036286
4296.622501038065	750	7.9423806211375	0.0	359903	2658.159272389837	0.4232201	0.08876204554705269
4300.103617354222	750	7.959942979642652	0.0	379700	2982.4376414948474	0.16032329	0.5080246059194444
4303.880334745434	750	7.6459236313672205	0.0	425781	2314.0193482754316	0.11063988	0.5446417104161398
4306.078054104396	750	7.863412973354774	0.0	277716	1782.5106580124466	0.073213995	0.6187261797129282
4309.9193560991425	750	7.8353663499560575	0.0	400396	2528.046623398718	0.0706315	0.5414730632907048
4312.879607172356	750	7.986868485023113	0.0	400508	2848.497864932944	0.06045305	0.5240101945555776
4316.256026431157	750	7.584535440262844	0.0	358218	2402.3330447602693	0.07355982	0.5299016564975965
4319.557665951176	750	7.845758820773492	0.0	400322	3238.776619489352	0.07528491	0.4714003509965359
4323.584139307474	750	7.819285464475215	0.0	369834	3526.4733562982765	0.3460653	0.44008258620689333
4325.692798194996	300	7.73462414462854	0.0	163444	1084.6613198466748	0.69128	0.20204623923568815
4331.5979184007065	750	5.829503938917936	0.0	401088	5905.120205710604	0.5194155	-0.43930086788857997
4333.42363023604	300	7.706206878944089	0.0	159914	1623.2970599738462	0.004994883	0.14544747059144428
4334.453100668442	300	7.832679093423398	0.0	131610	873.5277855206913	0.012995512	0.6825974946999749
4335.714933624998	300	7.5047339245856435	0.0	124011	827.9451688377542	0.11157474	0.6555906552357231
4338.616139917926	750	7.781074623980465	0.0	378327	2223.659300605179	0.5671555	0.11668615426192919
4345.066027529835	750	5.331187012071184	0.0	390680	6449.887611909281	0.052204315	-0.09174118805353582
4347.960120486388	300	6.437094055518031	0.0	147968	2894.0929565531524	0.004705182	-0.1037856935863562
4350.826181609721	300	7.571032932185335	0.0	161857	2866.0611233326968	0.004705182	0.4581604158137878
4354.754974923969	300	7.545430708120544	0.0	145210	3025.60222406479	0.004705182	0.43974206211507466
4358.621850457636	300	7.678555174453013	0.0	172312	2866.8755336675304	0.004705182	0.46842811473929685
4360.669553229435	300	7.969737090479164	0.0	167025	1208.818083973848	0.004705182	0.6622604553127646
4365.004813630385	300	7.634476689528941	0.0	160064	2335.2604009502224	0.02991188	0.5173470229458924
4368.25308344051	300	7.882414338854185	0.0	137507	1752.0623506747568	0.004705182	0.5995311129795365
4369.725837886781	300	7.534140792943935	0.0	118421	1348.2735459102498	0.004705182	0.6063882625599115

