3750.2604943251968	750	4.0	3.7572090788844412	450283	3757.209078884441	0.042829745	-0.03851160556286276
3751.491228939122	300	6.76926538607515	0.0	155580	1230.7346139248493	0.13107027	-0.11511065383255549
3754.169802640242	300	7.703950358079697	0.0	139857	1065.3150279954539	0.00874327	0.40984911551066827
3757.955863131694	300	7.712549439376089	0.0	155432	1991.400918703609	0.009283023	0.31777796902087724
3761.0820082467612	300	7.5368066395964854	0.0	163442	2675.742799779603	0.008963608	0.2383598559270526
3763.794397820407	300	7.515812986567568	0.0	126289	1520.9936530289176	0.006360084	0.35252266728781373
3765.8134234337163	300	7.6519981736214016	0.0	153295	1363.814812946166	0.006395282	0.3767521254869536
3769.636807686022	300	7.828613921315642	0.0	173849	2823.384252305759	0.0076967236	0.24183366578188425
3771.678360950137	300	7.567134839442518	0.0	150710	1761.4790818731244	0.0073014405	0.33168174020807745
3773.743146055581	300	7.959779306291603	0.0	139105	1107.355533150915	0.006389535	0.4216343742583662
3776.096539366245	300	7.9567974514060475	0.0	141840	2002.9818548855553	0.0076876483	0.331885376154555
3780.4407950434083	300	7.612541774242231	0.0	156148	4344.2556771638165	0.0067933323	0.07624201410399034
3784.2895843741762	300	7.76375244347431	0.0	160746	3348.7893307679215	0.005341717	0.1852393155705847
3789.7498531926108	300	6.303483625039858	0.0	179801	5460.2688184344515	0.0049821218	-0.11717543434822147
3793.658481515242	300	6.3948553024085415	0.0	140051	3908.628322631317	0.0053288527	0.04369934506763473
3796.6499895117313	300	7.403347305919072	0.0	138313	2991.507996489469	0.005001237	0.19844212790122767
3800.1816003757376	300	7.871736441912709	0.0	143509	3031.6108640063635	0.004744039	0.22370616214914052
3805.1482429535768	300	6.905093864073637	0.0	150616	4966.642577839073	0.004741894	-0.03021217034907242
3811.0120139827054	300	5.041322834944771	0.0	165384	5863.771029128866	0.004724849	-0.23641070479860582
3815.996786087252	300	4.056550730397917	0.0	140881	4984.772104546854	0.004744754	-0.21005906887458303
3820.9210843644237	300	4.0	0.8677475467734576	157671	4924.298277171374	0.0047665667	-0.20754610678690483
3824.6998661744315	300	4.221218189991989	0.0	157812	3778.7818100080117	0.0047772937	-0.07916832319606931
3828.0534626783633	300	4.86762168606026	0.0	163927	3353.5965039317284	0.004759892	0.0037504259158259723
3830.810010844636	300	6.111073519787087	0.0	137654	2756.5481662731722	0.0047461847	0.1411709992896083
3833.114494100058	300	7.806590264365126	0.0	146754	1804.4832554219606	0.0047240146	0.3423472869108569
3836.9922734290094	300	7.6418837519357945	0.0	153938	2164.7065124293304	0.0047223456	0.2960308041832867
3840.962167320514	300	7.671989860431695	0.0	181901	3969.8938915040994	0.004734027	0.11739369805680355
3845.073987598173	300	7.56016958277268	0.0	111155	2111.820277659015	0.004747377	0.2962122920876235
3849.632050325663	300	7.002106855282742	0.0	153605	4558.062727489938	0.0047359345	0.01670912663641011
3854.362967710295	300	6.271189470651	0.0	149029	4730.917384631743	0.004748688	-0.046258675617254164
3859.5660032291453	300	5.068153951800456	0.0	157421	5203.035518850544	0.0047652554	-0.16866020896729333
3865.5423918846595	300	4.0	0.9082347037137152	157488	5976.388655514171	0.0047546476	-0.31275514462118453
3868.7329320982726	300	4.8094597863868	0.0	143881	3190.5402136132006	0.0047804518	0.016420936218087434
3874.0430308385094	300	4.0	0.5006389538501625	163444	5310.098740236962	0.0047445158	-0.24612615309346358
3880.5584486212665	300	4.0	2.515417782756962	179328	6515.417782756962	0.004745827	-0.3666580573454636
3885.7300889924154	300	4.0	1.1716403711489092	159914	5171.640371148909	0.0047414172	-0.23228031618465833
3889.028067908803	300	4.702021083612571	0.0	131610	3297.978916387429	0.0047377218	-0.0010378529827245742
3891.47513722074	300	6.254951771675107	0.0	124011	2447.069311937464	0.00472914	0.18111127546618033
3893.9255013389215	300	7.8027379498107585	0.0	144254	1452.2138218643486	0.004728306	0.37733346060697004
3895.7091614482792	300	7.92498311029015	0.0	149991	1377.7548395206088	0.004727114	0.392419681371306
3897.6765547851996	300	7.819239110248935	0.0	147968	1105.7440000412157	0.004863037	0.4130117653166694
3898.8402237690993	300	7.72822919123839	0.0	161857	1091.0099190105443	0.006339526	0.4087970534815775
3901.111985179885	300	7.713678018290452	0.0	145210	1014.5511729479381	0.009384617	0.4155334797785919
3904.5239182061014	300	7.841316628600824	0.0	172312	1372.3613896896265	0.011157724	0.38772987124882136
3905.838846870021	300	7.698638200904419	0.0	167025	1142.6784276964047	0.012231082	0.40178076571711824
3907.3673895884435	300	7.855491959804666	0.0	160064	843.1462410997542	0.015187489	0.44153734430804875
3909.0454663951195	300	7.559151685628047	0.0	137507	796.3402741766192	0.025662348	0.42769667386432353
3910.280086746141	300	7.917709823867296	0.0	118421	641.4418617607519	0.028866362	0.46559639874586334

