10184.714812493288	750	4.0	1.6132241480558394	450283	1613.2241480558394	0.027075715	0.3346974503106952
10185.334969561716	300	7.379842931572882	0.0	155580	620.1570684271185	0.004705182	0.4000404999147102
10185.96050696545	300	7.7737647568883	0.0	139857	606.0781746845805	0.004705182	0.9000866704361496
10187.484348475824	300	7.596573625759834	0.0	155432	677.1911311284657	0.004705182	0.8710972469532912
10188.818210662028	300	7.782967750905645	0.0	163442	813.6058748541899	0.004705182	0.8804702116912364
10189.320818276537	300	7.811792042076165	0.0	126289	471.1757088294806	0.004705182	0.9182722186509882
10190.055036451138	300	7.770398931465734	0.0	153295	541.3931106104309	0.004705182	0.9061395919414992
10191.457087775283	300	7.880785796638421	0.0	173849	889.6131348273113	0.004705182	0.8849472668775625
10192.632702618426	300	7.639197464925713	0.0	150710	741.5883317127091	0.004705182	0.8699203738347703
10194.398965655115	300	7.918079216596301	0.0	139105	721.1182483294127	0.004705182	0.9064014454132174
10196.686215176343	300	7.512026845411343	0.0	141840	1406.0523711849585	0.004705182	0.7877719702822963
10198.64673896493	300	7.807363526140052	0.0	156148	1204.6633192712904	0.004705182	0.8443766602746386
10201.537339366016	300	7.9049936031550985	0.0	160746	1402.3699229849535	0.004705182	0.8366605722298424
10203.81929359138	300	7.89313168187343	0.0	179801	1511.8619212816682	0.004705182	0.8242467582935988
10206.44165986899	300	7.961994780910383	0.0	140051	1431.136900963048	0.004705182	0.8408219188642304
10207.761828178898	300	7.762525285678858	0.0	138313	1199.469495231527	0.004705182	0.8393597793757365
10210.243099162928	300	7.7822392105516025	0.0	143509	980.2860751272547	0.004705182	0.8637122373930828
10211.3274608004	300	7.925550750918093	0.0	150616	856.6884596335107	0.004705182	0.8937669489148287
10212.49636373258	300	7.574935959546961	0.0	165384	850.6147913711329	0.004705182	0.8510832368996843
10216.219180687876	300	7.852119004250173	0.0	140881	3222.8169552967884	0.004705182	0.6480873411491974
10219.732314243885	300	7.561104750448638	0.0	157671	2791.0142538015352	0.004705182	0.6553355248170867
10221.464200252043	300	7.58622144992293	0.0	157812	1474.8833005257077	0.004705182	0.790049827064448
10222.785893348786	300	7.938876207717904	0.0	163927	1147.3452422050266	0.004705182	0.8663465902936859
10224.592578242722	300	7.707707688018185	0.0	137654	1231.1685196997187	0.004705182	0.8294214433070984
10225.59411872475	300	7.999695591173304	0.0	146754	708.0120968448805	0.004705182	0.9177893904220096
10226.435070096315	300	7.960984074181593	0.0	153938	538.7115169917108	0.004705182	0.9299396633685838
10227.323912673888	300	7.76268282233263	0.0	181901	698.3012518489629	0.004705182	0.889496055065923
10227.717276355192	300	7.891271625542564	0.0	111155	371.4111967900662	0.004705182	0.9380621660302294
10228.522112176785	300	7.8948298995032165	0.0	153605	496.44172603934646	0.004705182	0.925998459996422
10229.138636188527	300	7.810764955908067	0.0	149029	584.0649435951493	0.0047399867	0.906856478880944
10230.344964549644	300	7.538830328423343	0.0	157421	771.9346274847251	0.004777413	0.8544932219614725
10233.404916469224	300	7.801051244949929	0.0	157488	1237.779083473414	0.0048036976	0.840285694423644
10235.86761785685	300	7.665786993190566	0.0	143881	1635.2642517593633	0.005010941	0.7838358417374389
10237.28617187123	300	7.620228515932417	0.0	163444	1045.5584772581503	0.0049374476	0.8371812268699089
10239.049637753593	300	7.54499330981244	0.0	179328	1075.235206119976	0.0050621564	0.8249241191967611
10240.560731200827	300	7.748561895817171	0.0	159914	796.4314139952689	0.0052445373	0.8779395010481567
10241.425880003533	300	7.973318544084537	0.0	131610	775.2433517326344	0.005596267	0.9078094404830817
10242.652724211885	300	7.874849155893429	0.0	124011	598.4693881911071	0.0055471184	0.9133286331545732
10243.70368112161	300	7.648558087611553	0.0	144254	726.2910682818772	0.006099913	0.872605874163065
10245.066107672536	300	7.984677832871526	0.0	149991	663.8802547400259	0.0066222474	0.9203483032935118
10246.122011033767	300	7.790999276347411	0.0	147968	693.6785565241162	0.008344848	0.8934546113308309
10246.837574298448	300	7.644329979861599	0.0	161857	646.6692964858131	0.011102513	0.8800459987925284
10247.467554280298	300	7.5987870680345875	0.0	145210	545.5429118270101	0.014269052	0.8845353668343088
10248.899406439843	300	7.935079475772749	0.0	172312	663.7075922618378	0.016649386	0.9142415655334867
10249.908575065923	300	7.799567422373554	0.0	167025	635.5120533991959	0.018867351	0.9003291870197501
10250.514819283875	300	7.788273580738929	0.0	160064	511.29384163462447	0.021585202	0.911356535970108
10251.03725934946	300	7.864528779104818	0.0	137507	423.74480163411124	0.025103014	0.9295268151504624
10252.65493392269	300	7.9500391149655405	0.0	118421	414.48966413927656	0.031538203	0.9410104536071866

