7074.647972488861	750	4.0	3.8635903273045304	450283	3863.5903273045305	0.0058157574	-0.04914973040487164
7075.888309895107	300	6.759662593753583	0.0	155580	1240.3374062464177	0.1261883	-0.11667110758481028
7078.264203824043	300	7.838679415001377	0.0	139857	1420.983178752206	0.008590137	0.38270286649259805
7080.655413250117	300	7.655530124716435	0.0	155432	1183.149290284943	0.0076623457	0.39503942469651543
7082.584951365593	300	7.604791158722273	0.0	163442	1550.7389659941616	0.011232095	0.3551092717509584
7083.925768677862	300	7.638782024878718	0.0	126289	966.0091338435548	0.008347394	0.4157066841007969
7086.572760567558	300	7.77269023124341	0.0	153295	1366.091793635307	0.009127798	0.38406768101941496
7088.63847677488	300	7.725282166063118	0.0	173849	1547.4080651802929	0.008685428	0.36297304979114814
7090.426985618778	300	7.68518180568474	0.0	150710	1540.1003603783763	0.01013251	0.36119754774769114
7092.556564405523	300	7.924596682672347	0.0	139105	1260.585123012394	0.0090874955	0.4041125012960149
7094.968028407287	300	7.908361470706153	0.0	141840	1516.2352119661934	0.008992411	0.3775327916527478
7098.780122346914	300	7.649928905341932	0.0	156148	1758.432565364221	0.008708915	0.3371610209776812
7102.590070419905	300	7.839980832351727	0.0	160746	3809.948072990205	0.0077087386	0.14388771565319497
7106.584054368651	300	7.845996883605887	0.0	179801	3993.9839487458403	0.006173581	0.12586013128101642
7110.735576532611	300	7.694474719645425	0.0	140051	3651.522163960462	0.005481106	0.15063617451202538
7114.555847423534	300	7.8742038287225675	0.0	138313	3320.2708909228563	0.0050980584	0.19499437113310736
7118.900438078979	300	7.529613173277296	0.0	143509	3844.590655445272	0.0049480367	0.12102547871553632
7122.801392555136	300	7.628658697119825	0.0	150616	3400.9544761574707	0.004758938	0.1715794418844745
7126.856307332892	300	7.573743919364493	0.0	165384	4054.914777755332	0.004726995	0.10275123811498016
7130.317066315565	300	7.618287579547869	0.0	140881	2455.4563398166238	0.004728187	0.265481060670312
7134.742788730906	300	7.192565164207003	0.0	157671	4425.722415340866	0.0047287825	0.04184680215908365
7139.70991845014	300	6.225435444973298	0.0	157812	4967.129719233704	0.0047285445	-0.07273953568230673
7143.5402409649405	300	6.395112930172672	0.0	163927	3830.3225148006263	0.004731166	0.05154602758596194
7145.684818080249	300	7.727063066334368	0.0	137654	1668.049863838305	0.004732716	0.3510201761923
7148.131753857734	300	7.7968588319270635	0.0	146754	1430.204234407304	0.004741298	0.37916697448494363
7150.5349555237035	300	7.633623703731224	0.0	153938	2163.23512819584	0.0048708506	0.29566168959385003
7155.263344121475	300	6.905235105959575	0.0	181901	4728.388597771649	0.004741179	-0.006377944724458906
7158.835957787221	300	7.3326214402136705	0.0	111155	3572.613665745905	0.0047558392	0.13591119436899646
7162.8164422400805	300	7.3521369873532505	0.0	153605	3980.48445286042	0.0047314046	0.09634383735376872
7166.741314907203	300	7.42726432023137	0.0	149029	3924.87266712188	0.0047511905	0.10660047423250518
7170.881310687393	300	7.2872685400409285	0.0	157421	4139.995780190442	0.0047545284	0.0763384266637464
7174.72952445235	300	7.439054775083513	0.0	157488	3848.213764957415	0.0047232993	0.11500326787721066
7178.57606903736	300	7.59251019007343	0.0	143881	3846.5445850100837	0.0047145984	0.12476114930881349
7183.511145253902	300	6.6574339735315124	0.0	163444	4935.076216541917	0.004705182	-0.042534277378239616
7186.671450418176	300	7.497128809257339	0.0	179328	3160.3051642741725	0.0047098305	0.18742375508139902
7190.276182537641	300	7.892396689792353	0.0	159914	2604.7321194649867	0.0047063734	0.2676853020957559
7194.367705022461	300	7.800874204972482	0.0	131610	3091.522484819871	0.004720797	0.21328611025902555
7198.2362060138885	300	7.932373213546056	0.0	124011	2368.500991426427	0.004712691	0.29380694763421833
7202.2631987700215	300	7.905380457413046	0.0	144254	3526.992756133009	0.004712095	0.17627072390524706
7206.37851508842	300	7.7900641390146355	0.0	149991	4115.316318398411	0.0047190087	0.11023109777880613
7210.260479424627	300	7.908099802806573	0.0	147968	3381.9643362080615	0.004738556	0.1909435249848372
7213.987280104371	300	7.512444682183866	0.0	161857	3395.6551206227073	0.0047330735	0.16484600150445344
7217.916716246205	300	7.583008540348912	0.0	145210	1929.436141834954	0.0047755	0.3158781405185441
7220.632793345526	300	7.815260803166208	0.0	172312	2267.747737182704	0.0049922587	0.29656274740985006
7224.896653695765	300	7.551400452926734	0.0	167025	3263.8603502394735	0.0051017287	0.180460214214206
7228.516178732421	300	7.931875416270889	0.0	160064	3119.5250366558453	0.005116187	0.21867343078157858
7231.2146933304375	300	7.773475591779385	0.0	137507	2658.3998244915038	0.0052110786	0.25488596296729377
7233.199816844731	300	7.61597112139568	0.0	118421	1157.5044703837048	0.005633102	0.3951314689790921

