11291.2077910188	750	4.0	5.460500454044817	450283	5460.500454044817	0.007930374	-23.30573334774155
11292.507345644399	300	6.700445374400823	0.0	155580	1299.5546255991767	0.07956037	-0.3802325581395349
11295.08238010138	300	7.562955671427937	0.0	139857	1137.489702972886	0.4714238	0.06976744186046512
11297.279340667497	300	7.9982477844272655	0.0	155432	1064.7078870006708	0.69002604	0.06976744186046512
11300.947033293452	750	7.960527791958459	0.0	411561	3037.7199924688066	0.5012723	-0.2755813953488372
11304.028315793688	750	7.984872939633899	0.0	318564	2475.6548523245606	0.44876337	0.1744186046511628
11307.668785932343	750	7.547451579811381	0.0	352642	2937.4213598225183	0.6884496	0.1744186046511628
11309.780760419138	300	7.772988754481277	0.0	173849	1274.4628253301044	0.6476636	-0.3802325581395349
11314.772173424972	750	6.781575748646396	0.0	374758	4991.413005834882	0.71406436	-0.2755813953488372
11317.916128531022	300	7.637620642596457	0.0	139105	2143.9551060499375	0.32192346	-0.3802325581395349
11321.174824328664	300	7.579712673349391	0.0	141840	2057.9079692470655	0.087231785	0.06976744186046512
11323.957898530005	300	7.563569424877605	0.0	156148	2516.143248471787	0.056194548	0.06976744186046512
11326.858319411383	300	7.661824503521932	0.0	160746	1401.7449213556738	0.04322687	0.06976744186046512
11330.823610047983	300	7.5035171747844975	0.0	179801	2658.307328737434	0.14190458	0.06976744186046512
11333.512888092842	300	7.847369853985448	0.0	140051	1656.1473207990493	0.049406886	0.06976744186046512
11337.50433381444	300	7.855924132386723	0.0	138313	1991.4457215987259	0.07925161	0.06976744186046512
11339.796140555394	300	7.762308989488552	0.0	143509	1593.61514289817	0.09417172	0.06976744186046512
11342.485370869728	300	7.89178959319985	0.0	150616	1370.5193962887024	0.12185908	0.06976744186046512
11345.824659795871	300	7.876500555801162	0.0	165384	2515.2890373986875	0.25248575	0.06976744186046512
11349.399442060598	300	7.846109358259713	0.0	140881	3030.391197541448	0.10659021	0.06976744186046512
11352.0492802363	300	7.903385780151168	0.0	157671	1942.7235781085456	0.045356624	0.06976744186046512
11355.005145076137	300	7.869010654279875	0.0	157812	1534.3751258712928	0.064485356	0.06976744186046512
11358.205377642826	300	7.974639313719006	0.0	163927	1894.3713405608682	0.12142334	0.06976744186046512
11359.44316734941	300	7.8136749828898395	0.0	137654	1160.964330829166	0.12414146	0.06976744186046512
11361.307614308682	300	7.754864191131481	0.0	146754	1058.810791758358	0.19538267	0.06976744186046512
11363.395966274511	300	7.728506382572776	0.0	153938	1026.3578085587046	0.30823278	0.06976744186046512
11364.7431936585	300	7.890889678815624	0.0	181901	1337.6167037571527	0.5424283	0.06976744186046512
11367.607838609048	750	7.56337264815559	0.0	277716	1827.5170306600346	0.62603086	-0.2755813953488372
11369.60661077309	300	7.682550512080199	0.0	153605	880.8221360753901	0.65453076	-0.3802325581395349
11372.867133989143	750	7.601263889536611	0.0	400508	2581.2866225435887	0.7002375	-0.2755813953488372
11376.1575333927	750	7.6956824225119345	0.0	358218	1905.5814670246764	0.580166	0.1744186046511628
11380.105056901662	750	7.748158913548994	0.0	400322	3447.5235089629405	0.39467126	0.1744186046511628
11381.43540358329	300	7.784156304982902	0.0	143881	964.0026085660911	0.6670044	-0.3802325581395349
11383.161865661354	300	7.73409737848334	0.0	163444	1050.0589264995622	0.4706316	0.06976744186046512
11384.60990385602	300	7.598279818929862	0.0	179328	1135.8175595534774	0.4746071	0.06976744186046512
11386.849487163578	300	7.61959845870869	0.0	159914	978.6813602211744	0.46204334	0.06976744186046512
11388.028152716446	300	7.7307166704425585	0.0	131610	888.8817882661327	0.54612935	0.06976744186046512
11391.582153972817	300	7.9836079960582245	0.0	124011	1247.1086743843325	0.49218926	0.06976744186046512
11393.374703904672	300	7.955779316124892	0.0	144254	1527.8286799333328	0.29552656	0.06976744186046512
11395.668220685613	300	7.956381499614785	0.0	149991	1499.3978165101066	0.19825852	0.06976744186046512
11398.617685974443	300	7.973708327413937	0.0	147968	1482.6731722008485	0.14964181	0.06976744186046512
11400.443236444506	300	7.9493292031986345	0.0	161857	1524.379124215302	0.12621087	0.06976744186046512
11403.097365189768	300	7.95285041298937	0.0	145210	1496.4787902092653	0.1252526	0.06976744186046512
11404.803993330754	300	7.818361387023684	0.0	172312	1134.489025965685	0.088517636	0.06976744186046512
11406.059721102496	300	7.816567053662731	0.0	167025	1001.7943333609531	0.22416092	0.06976744186046512
11407.804280624734	300	7.771254021235385	0.0	160064	1045.3130324273461	0.38385108	0.06976744186046512
11409.549872741192	300	7.903081141410399	0.0	137507	868.1728798249848	0.4173193	0.06976744186046512
11412.237484739506	300	7.867984846070762	0.0	118421	1035.0962953396365	0.51416516	0.06976744186046512

