6812.68153485182	750	4.0	4.549356298858494	450283	4549.356298858494	0.3875273	-19.59204842868523
6814.168343927811	300	6.513190924009408	0.0	155580	1486.8090759905917	0.18151018	0.04426710592048805
6816.6848131696825	750	7.618039023878084	0.0	350812	2395.151900131324	0.6861483	0.083844529565308
6819.847109666568	750	7.647549360475499	0.0	382355	2970.4896634025845	0.2849912	0.4791511572070958
6823.663375589845	750	7.831283437198585	0.0	411561	3816.265923276915	0.291015	0.41225814823601636
6827.5237992455695	750	7.970859781473584	0.0	318564	2860.423655725	0.17371333	0.5212767592767438
6831.125154903419	750	7.954430187391574	0.0	352642	3016.4295940820098	0.20572981	0.5040947980417203
6835.161061347318	750	7.643940040225218	0.0	437162	3810.4901471663566	0.16836154	0.39480370758945726
6838.63162832591	750	7.7313646992953435	0.0	374758	3412.575340929875	0.16537885	0.4430099125854962
6842.724135173213	750	7.638857851992615	0.0	362795	3592.5068473027286	0.15267932	0.416112871090748
6846.933392408283	750	7.429600616921532	0.0	353220	4209.2572350710825	0.11983593	0.33429658183858263
6851.251390131235	750	7.111602893969415	0.0	405134	4317.997722952117	0.10328833	0.2928148850693353
6854.598638817615	750	7.764354207589579	0.0	386351	3347.248686379836	0.1615962	0.45271785630214045
6858.712252597197	750	7.650740428007329	0.0	434409	4113.613779582251	0.11186775	0.36514588952334226
6862.561460829289	750	7.801532195915317	0.0	337059	3849.2082320920113	0.085157864	0.4061003260314409
6866.8432368718	750	7.519756153404013	0.0	366214	4281.776042511304	0.09109447	0.33572227557084844
6870.389576913792	750	7.973416111412623	0.0	360831	3546.340041991389	0.14628486	0.45293117035817
6873.943386387208	750	7.574481411227618	0.0	372963	2898.9347001850065	0.08607206	0.47927377905251656
6877.448993984947	750	7.774115080023749	0.0	405596	2800.3663312038693	0.120114766	0.508345587061025
6880.515098266714	750	7.923683577157786	0.0	350713	2850.431502865961	0.33157748	0.51773521042956
6883.510375742828	750	7.978881242851023	0.0	386472	2944.8023343067634	0.3037584	0.513610966337393
6886.704335842533	750	7.992138763902039	0.0	399894	2986.7424789489837	0.4128626	0.5106930035809161
6890.26478523867	750	7.580522823761472	0.0	401853	2911.6159401405675	0.46752957	0.47858714798850865
6893.8844326824965	750	7.7301157821965845	0.0	343800	2850.407041564888	0.39489597	0.49910653280929135
6897.602501826162	750	7.780701468694697	0.0	359903	3449.414313501887	0.28978944	0.4440747363451736
6901.188165718092	750	7.6521969902617695	0.0	379700	3128.5044784329275	0.15031362	0.46379701543695095
6905.056004232118	750	7.784358476235058	0.0	425781	3867.838514026712	0.1896878	0.40258430749068036
6913.19934292596	1200	4.0	0.35898021760727716	487160	8143.338693842335	0.121432215	-2.358760717968715
6915.072666437334	300	6.126676488625506	0.0	153605	1873.323511374494	0.14261734	-0.4815867982771642
6917.543476833949	300	7.6558660920110855	0.0	149029	1970.810396614421	0.14674997	0.5558507780636973
6921.459835459346	300	7.739507466614221	0.0	157421	2416.3586253968647	0.38778985	0.5193465340598722
6924.550387951329	300	7.64864572154829	0.0	157488	2090.8617450659312	0.13036084	0.5431506742251615
6927.47717837869	300	7.570095952826788	0.0	143881	1578.5497687215009	0.07521154	0.5868213659298497
6931.904513086452	750	7.142761245064553	0.0	412837	4427.334707762236	0.69934046	-0.16511978614462763
6935.306004513762	750	7.7412698177544845	0.0	401088	3401.491427310069	0.2899324	0.4450716830352087
6938.468790051561	750	7.828410374210715	0.0	365161	2912.859443543771	0.12772536	0.5023222605796287
6941.475767311237	750	7.914884787000628	0.0	321064	2913.5255872100865	0.13939221	0.5105789082838024
6945.639141990606	750	7.6749233215490555	0.0	361565	3739.9614654515726	0.11064295	0.4048387523603687
6949.778068803067	750	7.535996509087394	0.0	378327	3638.926812461661	0.11377606	0.40157035156078025
6955.246542240429	750	6.067523071724675	0.0	390680	5468.47343736272	0.08431783	0.07727342528589143
6957.757758603178	300	7.542321660220756	0.0	147968	2025.2014115039187	0.52391833	0.08948289392122927
6961.5016728115625	300	7.798407451837406	0.0	161857	2243.914208383351	0.13585232	0.5422601673424391
6965.673732512159	300	7.6263477512403846	0.0	145210	3172.0597005970203	0.12596567	0.4328846732856035
6969.451620264821	300	7.84845999857897	0.0	172312	3277.8877526614137	0.018300004	0.4436804283271061
6972.696759688283	300	7.960828540791204	0.0	167025	2387.6314577877656	0.0130684115	0.5435216597384641
6975.789500288241	300	7.718212185649991	0.0	160064	1742.6163551412146	0.07792966	0.5846710657059806
6978.538205839671	300	7.908921599342666	0.0	137507	1809.2905863073252	0.17673263	0.5963596438424812
6982.192358640377	300	7.706552614551161	0.0	118421	2202.368984791505	0.08140874	0.5375735555610311

