14001.134956392712	750	4.0	3.9127276647253035	450283	3912.7276647253034	0.004705182	-16.728887889853763
14003.180869925991	300	5.568406979893699	0.0	155580	1431.593020106301	0.14090247	-0.34522161822997577
14004.402692079637	300	5.5096562454865	0.0	139857	1058.7507344071992	0.2133757	0.14167640703832513
14006.647390627768	300	5.9388426714903835	0.0	155432	1070.8135739961162	0.47055057	0.1400804058172539
14008.495560274729	300	5.86170028742714	0.0	163442	1577.1423840632433	0.74821484	0.09510872418097732
14012.584875493265	750	5.552556295258528	0.0	318564	3309.143992168613	0.7703074	-0.33667764204656214
14014.916065157006	300	5.5070470575217625	0.0	153295	2045.5092377367657	0.55502826	-0.3766686274338384
14017.052166698197	300	5.616836547627881	0.0	173849	1390.2105098938807	0.06678889	0.1078973284495238
14018.629044170857	300	5.716343274496507	0.0	150710	900.4932731313754	0.18217355	0.16657536982857182
14019.968860634768	300	5.859627128004191	0.0	139105	856.7161464923165	0.5744008	0.17508716348367
14022.277460621412	750	5.881877317193251	0.0	353220	1977.7498108109403	0.6996404	-0.26039057723573333
14025.558881613351	750	5.841591932989294	0.0	405134	2540.2853842039567	0.73389184	0.14762120914911017
14027.70408960118	300	5.659555804943606	0.0	160746	1182.036128045688	0.7443666	-0.32310032541221767
14030.735537558163	300	5.96041775634289	0.0	179801	1699.1380486007156	0.23887233	0.08828005477455401
14033.756848266063	300	5.890917294584345	0.0	140051	2069.500461758545	0.13387462	0.07248125949802323
14036.943885241722	300	5.503303910774973	0.0	138313	2387.613383809373	0.03990815	0.06282424156991406
14039.75918201792	300	5.685367337651234	0.0	143509	1317.936573123738	0.010361703	0.11381427836430247
14043.92542461473	300	5.519124740841675	0.0	150616	3166.242596809559	0.012257996	0.04737476532946224
14045.775397176498	300	5.82593987899823	0.0	165384	1193.1848618434456	0.0054576257	0.12571396503325827
14047.296917866994	300	5.508573355064591	0.0	140881	1317.366523933639	0.014083587	0.11386352793609936
14050.005513774868	300	5.541352532107461	0.0	157671	1467.2208229571297	0.012487112	0.10223409977080376
14051.610605162427	300	5.574494376037491	0.0	157812	1466.858156069969	0.008627574	0.10225937619073033
14054.809530129316	300	5.819148446337134	0.0	163927	1755.3459297003585	0.015462167	0.08545324170125562
14057.688222920715	300	5.641591612130445	0.0	137654	2677.556834206688	0.0056257956	0.05602121982387063
14061.405634832618	300	5.924179700228451	0.0	146754	3217.4119119019942	0.004705182	0.04662132300968778
14065.73878437589	300	5.591030156956298	0.0	153938	2833.1495432721526	0.004705182	0.052944610832916766
14069.430790683593	300	5.899023849251621	0.0	181901	3692.006307704677	0.004705182	0.04062831628618075
14073.355454196919	300	5.974360335925788	0.0	111155	2924.663513325833	0.004705182	0.05128795135459014
14077.569648393674	300	5.76016613917034	0.0	153605	2714.1941967554485	0.004705182	0.05526502126462071
14081.560505011752	300	5.7693095210914604	0.0	149029	3490.8566180788794	0.004705182	0.042969395884998964
14085.913688121227	300	5.416126411616375	0.0	157421	4353.183109475086	0.004705182	0.03445754433658253
14091.559015592375	300	4.0	0.22920105953070197	157488	5645.327471147077	0.004705182	-0.9589939095905308
14096.41737322556	300	4.0	0.8583576331857721	143881	4858.357633185772	0.004705182	-3.6600631915322293
14099.138885888286	300	5.278487337273798	0.0	163444	2721.512662726202	0.004705182	0.0551164071563575
14102.266531716052	300	5.875563861974342	0.0	179328	2902.9234752994566	0.004705182	0.05167204760178064
14104.454205333246	300	5.7140882441119	0.0	159914	2161.475617862442	0.004705182	0.06939703541432504
14105.753279398523	300	5.537650211138451	0.0	131610	1176.4380329734506	0.004705182	0.1275035282741366
14107.176358709314	300	5.652428519395266	0.0	124011	1385.221691743185	0.004705182	0.10828591617796399
14110.892690815546	300	5.533191385301979	0.0	144254	1619.237134093286	0.004705182	0.09263621543857105
14114.567243202811	300	5.85863899803612	0.0	149991	3674.55238726586	0.004705182	0.04082129853960557
14118.826016376943	300	5.599865823904832	0.0	147968	4258.773174131288	0.004705182	0.03522141092442597
14122.746601068264	300	5.679281132583923	0.0	161857	3920.5846913209084	0.004705182	0.03825959947557275
14126.73632084029	300	5.689561360557314	0.0	145210	3989.719772026609	0.004705182	0.03759662547021601
14132.981771847879	300	4.0	0.555889647032097	172312	6245.451007589411	0.004705182	-2.3663080013839166
14137.74815488285	300	4.0	0.7663830349680139	167025	4766.383034968014	0.004705182	-3.2639766463056428
14142.208520656815	300	4.0	0.4603657739668424	160064	4460.365773966842	0.004705182	-1.9459432990902055
14145.641116220995	300	4.567404435818212	0.0	137507	3432.595564181787	0.004705182	0.04369871055163321
14148.653837477414	300	5.554683179400205	0.0	118421	2512.721256418008	0.004705182	0.05969623555214056

