16313.512647736266	750	4.0	2.7120774829579557	450283	2712.077482957956	1.0969071	-10.91193317671921
16315.536671460894	300	5.975976275372987	0.0	155580	1024.0237246270135	0.015630653	-0.15000000000000002
16316.372522775138	300	5.736101136212688	0.0	139857	739.875139160298	0.0374109	0.3
16317.054266280033	300	5.773217504687723	0.0	155432	462.88363152496515	0.15769449	0.3
16320.875735936444	1850	5.71691260841737	0.0	996749	3556.3048962703547	0.03277994	0.30000000000000004
16325.499196754181	1850	5.0934517906790235	0.0	801058	4623.460817738346	0.004705182	1.85
16331.813195334884	1850	4.0	1.2205467900232752	905515	6313.998580702299	0.78303576	-3.3983511971000833
16335.978804556502	750	4.0	0.16560922161926284	437162	4165.609221619263	0.18485464	-1.0621196529628303
16337.478632229337	300	5.814202929931715	0.0	150710	1185.7970700682854	0.1388945	-0.15000000000000002
16338.664541713364	300	5.9582634035024	0.0	139105	855.9395264293147	0.034086317	0.3
16342.94977750791	750	5.673027608956492	0.0	353220	4285.235794545909	0.70072305	0.3
16350.569700269592	750	4.0	1.9468951527255376	405134	7619.922761682029	0.6408338	-7.621649156719812
16351.931020921334	300	5.896903940591575	0.0	160746	1103.0960594084247	0.004705182	-0.15000000000000002
16352.95545375043	300	5.918799903261123	0.0	179801	978.104037330453	0.0053324522	0.3
16354.193819160499	300	5.8127815941091265	0.0	140051	606.0183091519959	0.16523829	0.3
16359.133925778557	750	4.872674976051089	0.0	366214	4940.106618058038	0.2466018	0.3
16361.807492959217	750	5.937118235658747	0.0	360831	2435.556740392342	0.23720013	0.75
16363.201800874995	750	5.853969493152654	0.0	372963	1083.1487425060934	0.5615457	0.75
16365.843071286288	1850	5.873913807392124	0.0	987708	2480.0556857605293	0.05049517	0.75
16369.076209102335	1850	5.982952233486094	0.0	923755	2890.9615739060305	0.004705182	1.85
16375.128364843064	1850	4.0	0.06920350724287164	891604	6052.155740728966	0.004705182	1.552424918855652
16381.338424231864	750	4.0	2.210059388801048	399894	6210.059388801048	0.039488286	-9.853255371844506
16383.644405006768	300	5.6242054128336205	0.0	163927	1375.7945871663796	0.012779197	-0.15000000000000002
16385.27965630307	300	5.926672820400532	0.0	137654	1197.5325924330882	0.006161621	0.3
16389.25790797988	300	5.651406329179332	0.0	146754	1775.2664912211997	0.0098685045	0.3
16393.684495944253	300	5.2248183648099875	0.0	153938	4426.587964369345	0.017130831	0.3
16398.357102867354	300	4.552211441705757	0.0	181901	4672.60692310423	0.004705182	0.3
16399.709690858403	300	5.827007525514362	0.0	111155	1225.2039161913951	0.004705182	0.3
16401.42335012014	300	5.848869860572395	0.0	153605	978.1376649419665	0.004705182	0.3
16402.65571238924	300	5.68044955792118	0.0	149029	668.4203026512153	0.004705182	0.3
16404.196511948085	750	5.782020785723628	0.0	358218	1398.428772197552	0.64608985	0.3
16409.373969581917	1850	4.604563151893067	0.0	954453	5177.457633830561	0.25126263	0.75
16411.205398095626	750	5.558763004777469	0.0	369834	1545.8001471155972	0.08564841	-0.3500000000000001
16412.99859917223	750	5.9599767307716265	0.0	412837	1598.7862740058429	0.38032925	0.75
16417.018621092346	1850	5.939954810654488	0.0	1026056	4020.0219201171385	0.7000797	0.75
16421.107036956906	1850	5.851538946098311	0.0	943942	4088.415864556176	0.016856745	1.85
16424.699145380433	1850	5.876910956470181	0.0	728962	3474.62798962813	0.04599007	1.85
16428.586024272794	1850	5.937211770237535	0.0	938587	3439.6991862326463	0.49780488	1.85
16432.29648965388	1850	5.650568951763184	0.0	908665	3286.642818474351	0.03187392	1.85
16436.12169639282	1850	5.739876816096073	0.0	930577	3410.6921356671096	0.010331923	1.85
16440.056603504432	1850	5.739680542927364	0.0	858450	3500.1962731687086	0.010583646	1.85
16445.403910982113	1850	4.392373065245416	0.0	1025005	5347.3074776819485	0.02717596	1.85
16447.2230031432	750	5.693836176263637	0.0	372093	1698.5368889817792	0.18754557	-0.3500000000000001
16449.33413789128	750	5.6585464667772465	0.0	438281	1535.2897094863902	0.46186727	0.75
16452.454057229967	1850	5.771509297731145	0.0	958994	2887.0371690461025	0.30747783	0.75
16456.36076519693	1850	5.864801330767672	0.0	982064	3906.707966963472	0.004705182	1.85
16460.67892597168	1850	5.546640556017647	0.0	830730	3318.1607747500248	0.009920286	1.85
16464.332751094273	1850	5.892815433422969	0.0	846370	3653.8251225946783	0.03563063	1.85

