867.7211596247129	750	4.0	3.13772266060829	450283	3137.72266060829	0.009918191	-13.317788835964484
868.6910092826704	300	7.0301503420424005	0.0	155580	969.8496579575992	0.3609202	-0.3802325581395349
870.5568497063456	750	7.806016265647779	0.0	350812	1724.1340763946218	0.5788373	-0.2755813953488372
871.8935493261733	750	7.598519696114129	0.0	382355	1207.4965695336507	0.100082725	0.1744186046511628
873.2345146447414	750	7.967638547677252	0.0	411561	1130.8811484368753	0.0834256	0.1744186046511628
875.0615105607623	750	7.954182712882305	0.0	318564	1513.4558347949478	0.0796164	0.1744186046511628
877.527550340513	750	7.622932830269876	0.0	352642	2331.249882612428	0.05933108	0.1744186046511628
882.497306780353	750	6.653176390429807	0.0	437162	4969.756439840069	0.082172625	0.1744186046511628
887.1830371270919	750	5.967446043691015	0.0	374758	4685.730346738792	0.70923626	0.1744186046511628
889.1716525237065	300	7.978830647076533	0.0	139105	1488.6153966144818	0.2047134	-0.3802325581395349
890.5398503925729	300	7.919177733709181	0.0	141840	1059.6529133673528	0.3278308	0.06976744186046512
891.3973965470412	300	7.609677129474601	0.0	156148	809.5006042345796	0.5223775	0.06976744186046512
892.4517713178707	300	7.5015125811767325	0.0	160746	608.1645482978684	0.710612	0.06976744186046512
894.0878618532181	750	7.511572405668825	0.0	434409	1489.9401755079075	0.32817227	-0.2755813953488372
895.7886887757793	750	7.7542340671079435	0.0	337059	1257.3383385608822	0.054601192	0.1744186046511628
897.6200264894708	750	7.805309468862375	0.0	366214	1448.9245982455675	0.03757464	0.1744186046511628
899.2077688636538	750	7.7876448394937885	0.0	360831	1017.6646293685865	0.035356104	0.1744186046511628
900.7234559639717	750	7.919840261892092	0.0	372963	1367.8045776016977	0.034733824	0.1744186046511628
902.6255343780449	750	7.8577422160635635	0.0	405596	1562.098045828528	0.031620298	0.1744186046511628
903.9100382349608	750	7.845480471727998	0.0	350713	1012.2617443355656	0.0304094	0.1744186046511628
905.1977330216271	750	7.99275418713499	0.0	386472	852.7262845930079	0.026353966	0.1744186046511628
906.3695030565308	750	7.899353477969767	0.0	399894	1093.4007091652218	0.023554815	0.1744186046511628
907.8359052176222	750	7.825337026893372	0.0	401853	1074.016451076395	0.022166021	0.1744186046511628
908.9121694122894	750	7.758397722567197	0.0	343800	1066.9393043261757	0.020771384	0.1744186046511628
909.891712997092	750	7.863288370586494	0.0	359903	895.1093519807032	0.020916462	0.1744186046511628
911.1696118473774	750	7.876556157204654	0.0	379700	986.7322133818408	0.020017978	0.1744186046511628
912.4819835221878	750	7.665953552501309	0.0	425781	1210.602604703344	0.018493548	0.1744186046511628
913.3539513414457	750	7.8008542399258225	0.0	277716	865.0993125754873	0.018135399	0.1744186046511628
914.7157794690966	750	7.633374381441649	0.0	400396	1167.4798584841744	0.017564949	0.1744186046511628
916.3939708587098	750	7.661452883218329	0.0	400508	971.9214982233193	0.01823256	0.1744186046511628
917.8088918180927	750	7.827127292221894	0.0	358218	1334.3255909964353	0.016259752	0.1744186046511628
919.4237965538751	750	7.7199726560237725	0.0	400322	1107.154636198123	0.020010142	0.1744186046511628
921.6720306428701	750	7.504730594818595	0.0	369834	1715.2420612051774	0.0157887	0.1744186046511628
925.1854132436722	750	7.589535317812403	0.0	412837	1915.1952770061919	0.039875768	0.1744186046511628
927.4392067485895	750	7.971732227251656	0.0	401088	2117.8030905607466	0.08450631	0.1744186046511628
929.0131818607625	750	7.572739892843478	0.0	365161	1398.992334408178	0.20123231	0.1744186046511628
930.2643205527108	750	7.964661964251744	0.0	321064	1108.0779285917333	0.14241928	0.1744186046511628
931.9634509826462	750	7.791627111962298	0.0	361565	1173.034852289445	0.035589393	0.1744186046511628
933.5555001338769	750	7.658650382169897	0.0	378327	1132.9767297924018	0.02957115	0.1744186046511628
935.4952397074459	750	7.573316739604585	0.0	390680	1585.3336425653124	0.021517832	0.1744186046511628
937.3490853638642	750	7.648596886397263	0.0	345516	1424.7198532073219	0.05731353	0.1744186046511628
938.8852456605459	750	7.7200796011619115	0.0	384505	1428.5172852353517	0.0744546	0.1744186046511628
940.4239673572876	750	7.804540292014253	0.0	372093	1415.5393091476585	0.067094535	0.1744186046511628
942.3406076365386	750	7.887811327185731	0.0	438281	1416.7289648285218	0.06963031	0.1744186046511628
946.3063227940578	750	7.922096169666464	0.0	398987	1465.7151575192677	0.031388115	0.1744186046511628
948.2404474718344	750	7.827847095249043	0.0	393804	1594.249074417422	0.050243974	0.1744186046511628
951.020153936316	750	7.887931717137804	0.0	331053	2439.9153781112386	0.085465245	0.1744186046511628
951.7970182900827	300	7.699395016684681	0.0	118421	688.536700453124	0.6461892	-0.3802325581395349

