22673.063669261246	750	4.0	6.3928079957343495	450283	6392.80799573435	0.42654687	-27.703235894938995
22674.132756870986	300	6.93091239026107	0.0	155580	1069.0876097389298	0.052754786	0.1262454259562837
22678.32992266131	750	6.733746599936766	0.0	350812	4197.165790324304	0.40871397	-0.18147102622575584
22680.0833993688	300	7.6015389917899014	0.0	155432	1632.207608146865	0.41650862	0.1344820107903437
22682.284160843843	300	7.811792765791741	0.0	163442	1289.7462259981605	0.48780462	0.638965317503192
22685.328397898298	750	7.980181839235182	0.0	318564	2331.6109265565597	0.3275728	0.12505529101600338
22689.376239182187	750	7.932340555342748	0.0	352642	3547.841283892434	0.47616512	0.44882747647220395
22693.546109804112	750	7.762469933420492	0.0	437162	3169.8706219222545	0.13193962	0.470274299183619
22697.061081464675	750	7.6001531199960555	0.0	374758	2662.3168134244365	0.43064016	0.5054064993370275
22701.132583410654	750	7.528651174016731	0.0	362795	3571.501945979325	0.64299357	0.4076058412278429
22703.85697539633	750	7.833533663586339	0.0	353220	2695.117510430392	0.15099713	0.5245895764085082
22706.378658557147	750	7.5923292778530485	0.0	405134	2241.2043857332897	0.36156368	0.5467646882667937
22713.399548681766	1200	4.571439153233229	0.0	624282	7020.89012461982	0.67847264	-0.6478992470764906
22715.568654356604	300	6.402333478396865	0.0	179801	2169.1056748363635	0.6453773	-0.4846327110957125
22718.28112437073	750	7.689863464273032	0.0	337059	2712.470014123833	0.6975393	0.05902590347959552
22721.81124492955	750	7.681275526891009	0.0	366214	2508.587937382022	0.18714216	0.5285875122654801
22725.17519074896	750	7.915068861159287	0.0	360831	2266.206665731723	0.5438249	0.5753285177819341
22729.74585949714	1200	7.344400112976451	0.0	581493	4570.668748182836	0.7345476	-0.13597641551161166
22734.50232743249	1200	6.58793217763092	0.0	639204	4756.467935345531	0.7099086	0.22263275360855878
22738.0883172766	1200	7.00194233351739	0.0	586839	3585.9898441135297	0.5519358	0.3795295182348135
22742.261302250317	1200	6.8289573598011595	0.0	601738	4172.984973716231	0.72770846	0.3041800018330688
22746.102330957365	1200	6.987928652755105	0.0	616206	3841.028707046054	0.70512104	0.35267679898857573
22749.398630096977	1200	7.691629513141884	0.0	656471	3296.2991396132197	0.7210517	0.4748817760079597
22752.574349307015	1200	7.824359192318209	0.0	536667	2867.2703208236762	0.7132531	0.5305600427518264
22759.103827515275	1200	5.294880984059871	0.0	587236	6529.478208258338	0.6891563	-0.0791259439672981
22763.31689845719	750	5.081810042144832	0.0	379700	4213.070941915039	0.3156454	-0.3420623423298459
22767.048981310647	750	5.3497271886878455	0.0	425781	3732.0828534569864	0.6933366	0.1818238011967674
22768.667138491546	750	7.731570007789948	0.0	277716	1618.157180897897	0.5318494	0.6224714897683403
22772.05851505129	750	7.951500726889248	0.0	400396	2280.0692809007005	0.7261708	0.5774488654042685
22776.921829317736	1200	7.088186460442662	0.0	641447	4863.314266446586	0.62203974	-0.1899018272080371
22781.19811101224	1200	6.8119047659426455	0.0	570392	4276.281694500017	0.7163089	0.29220899790758964
22787.399450694564	750	4.6105650836164225	0.0	400322	6201.339682326223	0.7074039	-0.5862470877092385
22791.04105134467	300	4.968964433512588	0.0	143881	3641.6006501038332	0.19295438	-0.3198456341011144
22795.497308622093	300	4.512707156092273	0.0	163444	4456.257277420315	0.006622882	0.0047734134397731665
22799.831368681764	300	4.178647096420514	0.0	179328	4334.0600596717595	0.004705182	-0.0151605312206895
22802.684652178807	300	5.325363599375812	0.0	159914	2853.283497044701	0.004705182	0.24328991240285253
22804.141199395464	300	7.5358121797272375	0.0	131610	1289.551419648575	0.004784164	0.6124213480936859
22806.06270212514	300	7.838558741891971	0.0	124011	1197.2534378352677	0.32170963	0.6507908524220161
22808.77708911425	300	7.898489921758122	0.0	144254	1440.06882013385	0.5930903	0.6322777594483333
22810.07822325759	300	7.650081882075903	0.0	149991	1248.4080396822187	0.59005046	0.627534276872447
22812.501422871122	300	7.889845160639449	0.0	147968	1260.2367214364554	0.5823144	0.6494289010795173
22813.62201318547	300	7.821031497513007	0.0	161857	1068.8136631264401	0.31176752	0.6619478123851931
22815.888464680236	750	7.868694008740704	0.0	372093	1952.3374887723037	0.14996643	0.15225180239010305
22819.959011551884	1200	7.59047756141434	0.0	634861	3278.2164473263642	0.65758735	0.01695405309701431
22824.54972017214	1200	6.999768941157783	0.0	630203	4590.708620256557	0.72159874	0.27884844909658985
22829.28939142345	1200	6.26009768984974	0.0	638661	4739.671251308043	0.76788723	0.1927579740592451
22833.113567534514	1200	6.435921578784251	0.0	538612	3824.1761110654893	0.39404452	0.3012307403924285
22835.718418868255	750	7.83107024504364	0.0	314107	2104.8513337406116	0.58891153	0.13337908719859032

