1496.049502124138	750	4.0	1.7282306058808998	450283	1728.2306058809	0.6482088	0.17717693941190998
1496.7272759465307	300	7.32222617760719	0.0	155580	677.7738223928094	1.0284324	-0.06013824613883158
1497.482399308718	300	7.6076667535653995	0.0	139857	714.5594240417905	0.10899284	0.40402322969365845
1498.6319500542854	300	7.883173354624458	0.0	155432	724.4933989409415	0.061892264	0.4202489947699345
1499.3338124149323	300	7.969770833329147	0.0	163442	413.402521295311	0.06665813	0.4567704249535406
1499.7950371041154	300	7.6033883988634985	0.0	126289	366.38243446564906	0.22497761	0.43857353148240374
1500.314590059158	300	7.721033053450951	0.0	153295	382.35534541254896	0.21083993	0.4443290312994295
1500.9179246403635	300	7.847964543813039	0.0	173849	373.06850963791237	0.22070095	0.45319093302452373
1501.4181546680989	300	7.517982594379311	0.0	150710	329.98194943372715	0.36232778	0.43687571720533425
1501.8929428996698	300	7.65571244144463	0.0	139105	362.2701529346818	0.4481882	0.4422550122968212
1502.611874822634	300	7.762505566930704	0.0	141840	393.20687451392456	0.32236725	0.44583591048177657
1503.573771098702	300	7.744419986521873	0.0	156148	518.0855804088305	0.24750948	0.43221769111673397
1504.2108253833583	300	7.772798153873273	0.0	160746	471.62183264859965	0.20493193	0.4386377013522196
1505.3466571151228	300	7.702598556894784	0.0	179801	570.1995969784881	0.19936785	0.4243924501080752
1506.3910508012275	300	7.563217766935454	0.0	140051	639.3807899593314	0.15529099	0.4087630314375327
1507.0939987053616	300	7.644250243891069	0.0	138313	418.96752304438456	0.082006656	0.43586888793875334
1507.9981673726443	300	7.75415613894472	0.0	143509	390.09410494634847	0.12893985	0.44562534818941013
1510.5549843839606	750	7.722784885804751	0.0	372963	2531.3712531399683	0.17703503	-0.12046306995119987
1512.4720088044562	750	7.796995497445026	0.0	405596	1425.7893883597253	0.73513484	0.4447332797543416
1514.1856279442072	1200	7.670803538987441	0.0	586839	1626.191958457586	0.8142429	0.0668060253409565
1518.8565484008743	4300	6.9998830823205855	0.0	2039773	4670.920456666855	0.22317591	-2.629599353021649
1521.0741180560929	1850	7.520271997441489	0.0	955231	1979.6110848790963	0.5089345	-1.8779441086478168
1522.7472057623959	1200	7.612707453259769	0.0	656471	1407.5645441817205	0.10049245	-0.11496223858943652
1524.2556253240164	1200	7.886259315510047	0.0	536667	1226.4481377497207	0.1714445	0.570246393444406
1526.7163437930467	1200	7.8418857118803285	0.0	587236	2044.3736036297207	0.14927009	0.48568049662954854
1528.5564084585585	1200	7.635025888124752	0.0	590335	1706.8598237555761	0.31593254	0.5065031356322394
1530.7521998848874	1200	7.793732495688443	0.0	696376	1841.2933924363101	0.2589373	0.5029789417368966
1532.6111831993444	1200	7.901489950556053	0.0	487160	1392.2425451323882	0.22665536	0.5546188673965146
1534.5591945856886	1200	7.56085458004643	0.0	622896	1840.6353705096217	0.26074007	0.48848987420193973
1536.907681254061	1200	7.8902992637775204	0.0	641447	1670.5553162689098	0.27660507	0.5260881723592041
1540.8723823467346	1200	7.925598171103839	0.0	570392	3464.7010926736825	0.21299626	0.3488797764266217
1543.781281328915	1200	7.552464935402262	0.0	620283	2373.1332357015767	0.4359727	0.4347157348924837
1547.4705813653359	1200	7.520697709431047	0.0	584349	3031.7672259712144	0.44153628	0.36686688424231895
1550.755129634984	1200	7.592190051331878	0.0	670129	2928.5076580991695	0.5567256	0.38166111239832545
1553.1173037922647	1200	7.9791232259659735	0.0	690253	2113.0668253659032	0.5344714	0.48738851908628306
1553.6938548742498	300	7.985401389431001	0.0	159914	493.72183653497365	0.41628814	-0.45028459681405986
1554.3819678293169	300	7.987759563122472	0.0	131610	497.64182630852764	0.04288818	0.44947079006430174
1556.4959015940951	300	7.706028273612537	0.0	124011	781.7312895099337	0.051743757	0.4034536381497902
1558.4318258779638	300	7.779167331312376	0.0	144254	926.8609423001604	0.02859152	0.39351186397700744
1562.311274507568	300	7.899718701708252	0.0	149991	2379.4486296041237	0.03910847	0.25578755589635344
1563.953612987093	300	7.512805380617114	0.0	147968	886.913321091139	0.023170684	0.38085900417945573
1564.9542496594295	300	7.660199685655698	0.0	161857	852.6056949614167	0.039522577	0.39350191085733943
1565.7138551956843	300	7.964412382390881	0.0	145210	695.7873032648178	0.06401854	0.4281970435729483
1566.2412072790003	300	7.59264543337794	0.0	172312	371.76694901294195	0.10477738	0.437363644684827
1566.8170046054256	300	7.68253937066672	0.0	167025	410.10606271122026	0.5461807	0.43914810439554797
1567.6166546247277	300	7.715559978572564	0.0	160064	466.9793920941561	0.69229823	0.43552455945136964
1568.1201079206348	300	7.865168620373246	0.0	137507	350.39135819931715	0.61120176	0.45653390295339613
1569.990166571519	1200	7.721670259034876	0.0	550906	1143.4983613383702	0.7551091	-0.3317454449441573

