924.0108292271149	750	4.0	3.5388403668140223	450283	3538.840366814022	0.033392504	0.07951596331859778
925.4632282972651	300	6.5476009298498035	0.0	155580	1452.399070150196	0.61867064	0.041514283412873776
927.9014758884733	300	7.709096847957815	0.0	139857	1338.5040818919888	0.074959904	0.6158592602746986
931.0666684634452	300	7.646372305594934	0.0	155432	1562.724542362882	0.05697345	0.5873372524828191
935.5166129202003	750	7.196427848840012	0.0	411561	4449.944456754922	0.06665736	-0.15074183737580094
936.90070346722	300	7.985588786617207	0.0	126289	1210.839062222805	0.46192428	0.20551460327624285
938.8778656591815	300	7.948633523634856	0.0	153295	1536.9552629823495	0.039851725	0.6193090838752549
942.3339376250885	300	7.700700957520956	0.0	173849	2747.932566113901	0.03826525	0.47409991150752295
944.4309001694102	300	7.541289432906642	0.0	150710	1159.4115246143135	0.04128909	0.6174492448887396
946.487054159981	300	7.846987918874926	0.0	139105	1194.3015140317168	0.041667894	0.6436894237074149
947.8315715989718	300	7.610655394749083	0.0	141840	1236.3325241258426	0.041315336	0.616502984726764
949.67379630652	300	7.948635503157409	0.0	156148	1662.0198915916747	0.045375668	0.6068028135228907
952.4147777135331	300	7.793247288679137	0.0	160746	1655.388214478273	0.044245742	0.5923544773762188
954.885664013865	300	7.960600710980621	0.0	179801	1332.6465776985156	0.0408905	0.640903761373014
956.5973787350798	300	7.623863221189987	0.0	140051	836.7374897906334	0.046032533	0.657746949281663
957.8225878080771	300	7.728747233653317	0.0	138313	895.1159875366715	0.051363196	0.6621090697191181
959.3145452272315	300	7.907815138356451	0.0	143509	820.932095296867	0.053945083	0.6869418126754782
960.766801505976	300	7.547199594163036	0.0	150616	1360.6155441934154	0.0586477	0.5979036061130137
962.7460397739709	300	7.653400860791116	0.0	165384	893.7987333719185	0.05070109	0.6549133603747442
964.4104400852592	300	7.698920472458381	0.0	140881	954.4803883327353	0.0575248	0.653271977113304
966.9647732477197	300	7.961713876555994	0.0	157671	1737.2065959023887	0.054098222	0.6005560149048316
969.002153280793	300	7.53158717189832	0.0	157812	1430.1267046576743	0.04706798	0.5894341820013442
972.5388485966804	300	7.994891856010912	0.0	163927	2536.6953158874076	0.045307774	0.5238337014083205
976.1699860379853	300	7.626297381210072	0.0	137654	1868.594474800841	0.037812263	0.5547979728425954
978.8424435466395	300	7.631340110134959	0.0	146754	2494.957271075112	0.03338327	0.49265209860311354
982.5127872743145	300	7.9609963824598795	0.0	153938	2170.343727675079	0.027721297	0.5571725254267154
986.5628441440142	300	7.910939512760231	0.0	181901	2550.0568696996493	0.027271785	0.5143331806459676
990.6522320602514	300	7.8215515965230225	0.0	111155	1589.3879162372086	0.025434023	0.6017071011381432
994.7602345745775	300	7.713549082196953	0.0	153605	2108.0025143260696	0.021638073	0.5393423968110468
996.9778627860276	300	7.85238058528044	0.0	149029	1861.1684969165115	0.023169726	0.5775271622268716
1001.143906075228	300	7.686337296080006	0.0	157421	2166.043289200434	0.023174126	0.5308919731237371
1004.2588862103564	300	7.660098754382863	0.0	157488	2526.238541697144	0.023381412	0.4923207496940191
1008.0862781494776	300	7.832706815261678	0.0	143881	2327.3919391211866	0.022438541	0.5289915438720796
1011.3834409357338	300	7.622192250409724	0.0	163444	2210.5145648519538	0.022011071	0.5202067398671503
1013.6487869777123	300	7.687843273122635	0.0	179328	1434.34897728709	0.022888318	0.6042078605824672
1014.970110172864	300	7.522680212892474	0.0	159914	1165.1630602301614	0.029558524	0.615064344680777
1016.5248724027537	300	7.598379222408442	0.0	131610	924.3009904840302	0.034685425	0.646512280330818
1017.5203374046921	300	7.730877360642047	0.0	124011	867.5018617663951	0.039137356	0.6650776371457996
1018.6368522575729	300	7.666601413287672	0.0	144254	1064.2759473543756	0.044380117	0.6391493927067885
1021.4422899741903	300	7.690002065242188	0.0	149991	2476.5993480454845	0.048216037	0.5001927660402543
1023.1552153153223	300	7.5979585644621634	0.0	147968	1092.0435007800243	0.042547137	0.6296971203159429
1024.7788489142463	300	7.631582733176141	0.0	161857	1466.3758312860223	0.04420711	0.5955338376727776
1025.8863968126693	300	7.5314376292835625	0.0	145210	1100.1451038925784	0.046775796	0.6224177990585686
1027.6442585466707	300	7.741208159548209	0.0	172312	1290.2294697353527	0.052022398	0.623809546542528
1028.8048703669824	300	7.81471842002526	0.0	167025	926.4897395229501	0.05332317	0.6673323923951616
1030.8354121824627	300	7.6465085331795635	0.0	160064	1168.2098868456965	0.06286801	0.6268019661671429
1032.8536593063716	300	7.668550921542359	0.0	137507	977.9576116372054	0.061153397	0.6479708159562738
1034.9388605040554	300	7.621095064336292	0.0	118421	1047.455857206066	0.058034405	0.6364059092860979

