10392.90980511134	750	4.0	4.010168074006698	450283	4010.168074006698	0.16924092	0.0323831925993302
10394.083723203985	300	6.8260819073535774	0.0	155580	1173.9180926464226	0.5918594	0.09644465622549316
10395.147837865356	300	7.821067726748995	0.0	139857	1005.0141806045834	0.08020018	0.6600974183658815
10396.195600761608	300	7.951736480852442	0.0	155432	869.3312458965538	0.07116382	0.6863732481732446
10397.803888497127	300	7.586808423969687	0.0	163442	864.9280568827552	0.104139626	0.6513243135427765
10399.181429378403	300	7.864717813100556	0.0	126289	722.0906108691312	0.108848095	0.692634746237116
10400.126630669372	300	7.989842364819174	0.0	153295	874.875448281382	0.08690433	0.6895246251505265
10402.094019098084	300	7.671311028906983	0.0	173849	818.5313359121915	0.08188021	0.6641818639699849
10403.413416608122	300	7.651040839338	0.0	150710	1020.270189568982	0.09624554	0.6420367026687223
10404.357566539187	300	7.803529519739812	0.0	139105	847.5113195981876	0.080081806	0.674142113834878
10405.895999874287	300	7.50263219607423	0.0	141840	800.8973236655823	0.07653986	0.6495412487016606
10406.808700498304	300	7.770049870731138	0.0	156148	732.5823253430924	0.083097875	0.6823791173942939
10407.809319401542	300	7.529799606600855	0.0	160746	740.2502641302838	0.08944616	0.6582479853289048
10409.056967196868	300	7.741160033240307	0.0	179801	788.639573360548	0.09023969	0.6739638558965652
10410.587242034804	300	7.520526625106113	0.0	140051	720.6334081341934	0.09472433	0.6593078734781501
10411.535587587545	300	7.741174606586388	0.0	138313	779.3520185197249	0.08865924	0.6748940286385539
10413.067985265094	300	7.874472553971838	0.0	143509	866.7020526145492	0.07660651	0.6791222506123065
10415.354918384704	300	7.838853744633541	0.0	150616	1035.618809338297	0.07283968	0.6587666457317822
10416.653425383765	300	7.5452575003895	0.0	165384	1293.5962442440418	0.0651611	0.6044166674884747
10418.106570251239	300	7.6561404440606715	0.0	140881	889.1170563288297	0.060961697	0.6556479525520174
10419.205899757339	300	7.578489496434824	0.0	157671	1077.6509476258466	0.060128424	0.629243008765702
10420.255140964367	300	7.559708258005376	0.0	157812	1018.7812384294475	0.058021016	0.6333035042480781
10421.301282368408	300	7.6218675545867605	0.0	163927	937.8407034186148	0.056442227	0.6474425493417011
10422.884858069123	300	7.629230021138163	0.0	137654	992.6375334485984	0.057990566	0.6426788662108266
10425.516117254214	300	7.909069545626584	0.0	146754	1220.1604755115784	0.052382648	0.6471409657610275
10428.96158605354	300	7.836884395854466	0.0	153938	2072.185149772118	0.04763548	0.5549184925196351
10430.465776975976	300	7.521430840711753	0.0	181901	1315.4535551427118	0.039943006	0.5999137937449469
10433.701304202808	300	7.893035853442985	0.0	111155	1128.3949872687685	0.04422295	0.6547582380204535
10437.107621624893	300	7.913443300182309	0.0	153605	1979.5925532606752	0.03729998	0.5716231056166621
10441.413445415255	300	7.607619509820175	0.0	149029	3305.823790362135	0.03554547	0.4092586182937986
10443.834242597277	300	7.9534952294027335	0.0	157421	2154.1242804174417	0.030949622	0.5580649830176716
10446.40447105319	300	7.806717409246788	0.0	157488	1646.7778201559454	0.02573666	0.5945254860336557
10448.248858285697	300	7.516249149373072	0.0	143881	1290.4682598737168	0.027357573	0.6019084037891596
10451.966322320868	300	7.798785114202677	0.0	163444	2217.464035170394	0.030560326	0.536685448839171
10454.496800218416	300	7.6042376548300945	0.0	179328	1694.5474593725835	0.029639639	0.5700573659949684
10455.982132001829	300	7.6745370442120855	0.0	159914	1429.700610618009	0.03018004	0.6033786664878245
10457.660727942668	300	7.738054622189984	0.0	131610	1436.482422022102	0.032463934	0.6088775698057658
10459.491435786216	300	7.5287574598242175	0.0	124011	1209.297162365766	0.032879464	0.6112419467313286
10462.799040893815	300	7.920660222615006	0.0	144254	1608.0972372092106	0.036069818	0.6094744829283884
10465.343459907477	300	7.833204650979899	0.0	149991	2087.455571635108	0.036561273	0.5530335951442844
10469.549189394607	300	7.627475163849382	0.0	147968	1705.7294871305166	0.03648203	0.5711990109713008
10471.686848425574	300	7.709992088944877	0.0	161857	1417.4830749045047	0.034296792	0.6080484231594387
10473.76381818957	300	7.80159524697833	0.0	145210	1908.3968419665482	0.03946287	0.5678654535719878
10476.228510378241	300	7.573535652156345	0.0	172312	2228.059594821986	0.038236093	0.513720382690006
10478.760571065915	300	7.660821581244025	0.0	167025	1412.7140709123184	0.0360837	0.6037434916847496
10481.13846273428	300	7.581549088942971	0.0	160064	2079.2724923010546	0.03922926	0.5293783996695984
10485.001111026417	300	7.718900796805519	0.0	137507	2362.6482921374527	0.037796024	0.5143982732755915
10486.491817543101	300	7.579181172064538	0.0	118421	1139.7196247409822	0.033820473	0.6231034065091781

