11979.355575509078	750	4.0	6.308048004947866	450283	6308.0480049478665	0.004705182	-27.06515855408999
11982.385233219036	300	4.9703422900424306	0.0	155580	3029.6577099575693	0.017970443	-0.400489456446847
11984.968095952898	300	5.862763771014124	0.0	139857	1607.5785190283066	0.00787839	0.0933080395293331
11988.78685662015	300	5.976025592505622	0.0	155432	2386.738178508501	0.052750774	0.06284727891424466
11990.839061208251	300	5.910934509425482	0.0	163442	1565.0910830801415	0.04166461	0.09584106741238085
11994.560279317431	300	5.518882193047237	0.0	126289	2392.0523163782445	0.56203574	0.06270765859632695
11998.38887185591	300	5.690289654568157	0.0	153295	2828.5925384790808	0.0071484447	0.05302990726287293
12002.497116297141	300	5.582045213339063	0.0	173849	3608.2444412290947	0.008736223	0.04157146292142689
12006.114827051344	300	5.964334459136709	0.0	150710	2617.7107542023537	0.0068900413	0.057301976453737996
12008.337178754065	300	5.790015461731848	0.0	139105	1674.3189974048616	0.0058545126	0.08958866275333134
12012.173997399943	300	5.953196815855004	0.0	141840	1836.8186458768434	0.015207642	0.08166293408263742
12016.138935504003	300	5.508153391771181	0.0	156148	2945.043424083823	0.011378165	0.05093303506947904
12017.635393709314	300	5.73487162430484	0.0	160746	1273.281767466342	0.006025607	0.11780581787366645
12019.13756091449	300	5.970376202487276	0.0	179801	1264.4954218175644	0.012312175	0.11862439152558775
12021.77506639746	300	5.94045939083234	0.0	140051	1529.916811654936	0.045599394	0.09804454651213522
12023.552189265785	300	5.5006923543268496	0.0	138313	1439.7670365054905	0.025928939	0.10418352149808228
12025.92488015462	300	5.8530247924198555	0.0	143509	1147.6675619069933	0.022483442	0.13069986900279398
12028.270025793885	300	5.56296357905088	0.0	150616	1290.0612133689765	0.02600556	0.11627355232879
12030.366751465974	300	5.967142989354932	0.0	165384	1095.8205896959491	0.04001716	0.13688372112228664
12032.383146243388	300	5.724398208594146	0.0	140881	1242.7447807607855	0.08344175	0.12070056726222801
12034.480648785813	300	5.597471864158051	0.0	157671	1126.9263444360938	0.03864762	0.13310541610868007
12037.616285367882	300	5.604941667367816	0.0	157812	1492.5301967902353	0.047152497	0.1005004792014144
12039.66112585001	300	5.734074623693839	0.0	163927	1370.8670436739776	0.023606576	0.1094198016446541
12041.163636445439	300	5.519806054756835	0.0	137654	1214.2685689370041	0.020784993	0.12353115598743786
12043.61370735304	300	5.838891671401323	0.0	146754	1180.9143833555117	0.0175057	0.12702021595653884
12045.694890376013	300	5.507878312188915	0.0	153938	1331.013359212407	0.018076507	0.11269608900752029
12048.180138819733	300	5.965338931707878	0.0	181901	1542.5393804810371	0.014275421	0.09724224995359461
12049.12021784765	300	5.711654035368689	0.0	111155	753.6848963391895	0.01212609	0.19902216526904337
12051.649911664552	300	5.690004130708345	0.0	153605	1021.6499046603429	0.020084212	0.14682133215670284
12053.694871363952	300	5.526546218127656	0.0	149029	1163.4579125806881	0.022306705	0.12892602162744515
12056.125584205562	300	5.6319407672324875	0.0	157421	1394.6054508951681	0.01454713	0.10755730224897524
12057.83518559924	300	5.740193779750716	0.0	157488	1391.7469874817725	0.009250992	0.10777821065839707
12060.20618884239	300	5.988619299275615	0.0	143881	1251.5744804751007	0.0069287326	0.11984904002122163
12063.706200127515	300	5.833328086049092	0.0	163444	1655.2912132265217	0.007884068	0.0906184958884772
12066.22155380454	300	5.773011221485576	0.0	179328	1560.3168645635171	0.0051974645	0.09613431951333871
12068.337875438345	300	5.682368781814438	0.0	159914	1590.642439671138	0.0052717	0.09430152010216211
12070.597414637512	300	5.610438817798071	0.0	131610	1571.9299640163667	0.004705182	0.09542409867723485
12073.778550755918	300	5.823675376169469	0.0	124011	2286.7634416286023	0.004705182	0.06559489157005764
12077.621793300132	300	5.980432831956644	0.0	144254	3843.2425442128247	0.004705182	0.039029542963888865
12080.389421640737	300	5.915426243148719	0.0	149991	2065.006588807926	0.004705182	0.07263899341192467
12084.380995394464	300	5.730950242184173	0.0	147968	2684.4760009645447	0.004705182	0.05587682659338519
12086.869443690555	300	5.770275047020558	0.0	161857	2460.675195163615	0.004705182	0.0609588783984252
12091.028483729553	300	5.554641563485321	0.0	145210	2715.6334835352372	0.004705182	0.05523573078231772
12094.321385009054	300	5.5748942159657515	0.0	172312	1979.7473475195695	0.004705182	0.0757672438293378
12096.60730490848	300	5.788511241744248	0.0	167025	1286.382974221503	0.004705182	0.11660602091750899
12098.33353599297	300	5.920164128601689	0.0	160064	1368.3471131425606	0.004705182	0.10962130775100508
12100.041339318037	300	5.980204428240093	0.0	137507	939.9597003615951	0.004705182	0.1595813096479521
12101.192330404721	300	5.718630725751562	0.0	118421	761.5737024885314	0.004705182	0.19696058242276146

