7055.6925113828165	750	4.0	2.572266498290951	450283	2572.266498290951	0.1495125	-10.886327337999926
7056.7015815405075	300	6.990929842309494	0.0	155580	1009.0701576905071	0.14604284	-0.3802325581395349
7059.856074938767	750	7.836436444049975	0.0	350812	2654.493398259518	0.68090093	-0.2755813953488372
7067.5611660570585	750	4.131345325757787	0.0	382355	7705.091118292189	0.22396524	0.1744186046511628
7070.487000791343	300	5.205510591473525	0.0	163442	2925.834734284262	0.017172422	-0.3802325581395349
7072.671158035692	300	7.021353347123906	0.0	126289	2184.1572443496184	0.013303318	0.06976744186046512
7075.873588660101	300	7.8189227227163975	0.0	153295	3202.4306244075083	0.07129662	0.06976744186046512
7080.035241258677	300	7.657270124139427	0.0	173849	3661.6525985769704	0.100558564	0.06976744186046512
7083.891229980942	300	7.801281401874221	0.0	150710	2855.988722265205	0.59417313	0.06976744186046512
7088.056219449702	300	7.636291933113247	0.0	139105	3164.989468760974	0.25060704	0.06976744186046512
7091.819090731028	300	7.8734206517873915	0.0	141840	2762.871281325855	0.29614758	0.06976744186046512
7095.682206666411	300	7.811285607348143	0.0	156148	2062.1350444392483	0.2777369	0.06976744186046512
7099.264181067174	300	7.700788904887811	0.0	160746	2110.496702460332	0.4349869	0.06976744186046512
7101.348945228198	300	7.659145621077579	0.0	179801	2041.6432838102307	0.45561212	0.06976744186046512
7104.584512873675	750	7.812922317996528	0.0	337059	2346.2233030810517	0.646451	-0.2755813953488372
7107.270951915473	750	7.659374934944399	0.0	366214	2153.54738305213	0.21101743	0.1744186046511628
7110.578813787231	750	7.976889833188967	0.0	360831	1682.4851017554315	0.14293477	0.1744186046511628
7116.458765067289	750	6.096938553130528	0.0	372963	5879.951280058439	0.062854245	0.1744186046511628
7122.557225219119	750	4.0	0.0015215986980510934	405596	6098.460151828579	0.66291654	0.16787573024954308
7124.962998668846	300	5.594226550272989	0.0	140881	2405.773449727011	0.031072378	-0.3802325581395349
7128.481621991714	300	6.075603227404904	0.0	157671	3518.623322868085	0.035495937	0.06976744186046512
7131.939223258733	300	6.618001960384716	0.0	157812	3457.6012670201876	0.012291099	0.06976744186046512
7135.008695066188	300	7.54853015293012	0.0	163927	3069.471807454596	0.06317298	0.06976744186046512
7140.286689637214	750	6.270535581904422	0.0	343800	5277.994571025697	0.29519823	-0.2755813953488372
7142.680290920605	300	7.876934298513715	0.0	146754	1893.6012833907068	0.13734363	-0.3802325581395349
7145.372221387467	300	7.784396016770079	0.0	153938	2092.5382817436357	0.34337762	0.06976744186046512
7148.340740888175	300	7.6248324161761705	0.0	181901	2159.5636005939086	0.28328618	0.06976744186046512
7150.009859069981	300	7.669751261179881	0.0	111155	955.0811549962893	0.26849008	0.06976744186046512
7156.439966108529	750	5.239644222631727	0.0	400396	6430.107038548154	0.68338037	-0.2755813953488372
7158.168563453313	300	7.511046877847977	0.0	149029	1728.5973447837491	0.08199279	-0.3802325581395349
7159.881996278956	300	7.5757010695967875	0.0	157421	1435.3458082511893	0.572876	0.06976744186046512
7165.394646806462	750	6.063050542089997	0.0	400322	5512.65052750679	0.63826525	-0.2755813953488372
7167.5795284878495	300	7.580978550345839	0.0	143881	982.0719917441588	0.10567307	-0.3802325581395349
7171.29403289706	750	7.585131143062869	0.0	412837	2495.8474072829704	0.66304743	-0.2755813953488372
7174.813178846537	750	7.764886673787006	0.0	401088	2820.2444692758613	0.4321937	0.1744186046511628
7178.2528478200975	750	7.889502893607798	0.0	365161	2375.3837801792088	0.2649648	0.1744186046511628
7180.911463724861	750	7.5223375669166455	0.0	321064	2367.1653266911517	0.08211761	0.1744186046511628
7183.593770508959	750	7.93690943990383	0.0	361565	2085.428127012815	0.36327958	0.1744186046511628
7186.116179239049	750	7.839144493900887	0.0	378327	2097.7649460029434	0.06555304	0.1744186046511628
7189.652695639376	750	7.728208200281293	0.0	390680	3110.936293619593	0.08638578	0.1744186046511628
7193.795559838988	750	7.5853440006701796	0.0	345516	4142.864199611114	0.12611523	0.1744186046511628
7203.177136106161	750	4.0	1.7962322665030779	384505	9381.576267173257	0.26036885	-7.549380141312072
7205.023851619769	300	6.153284486392334	0.0	145210	1846.7155136076665	0.009410396	-0.3802325581395349
7208.202850500079	300	6.974285606082745	0.0	172312	3178.998880309588	0.025758471	0.06976744186046512
7211.667598030489	300	7.509538075673015	0.0	167025	2964.7475304097306	0.035037488	0.06976744186046512
7213.479936143891	300	7.803610177381768	0.0	160064	1705.9278982912472	0.02546573	0.06976744186046512
7216.288580048909	750	7.537493332427848	0.0	331053	2766.1168449539196	0.690675	-0.2755813953488372
7219.552539838132	300	7.57177702984849	0.0	118421	1465.7163025793582	0.6704271	-0.3802325581395349

