13046.702750065802	750	4.0	2.752351768226307	450283	2752.351768226307	0.041405607	0.1581648231773693
13049.53179478291	750	5.17095528289082	0.0	398865	2829.0447171091805	0.6797118	0.26437092955021424
13050.817309314189	300	7.558896274223876	0.0	139857	1112.059008666944	0.624118	0.17389676180157754
13053.258785602757	300	7.749885900782161	0.0	155432	809.0103734417155	0.063634455	0.6727753665068936
13056.719808433416	300	7.775607342874547	0.0	163442	1974.2785579076137	0.09454954	0.5587499583037884
13059.501546225365	300	7.958110588025474	0.0	126289	1817.4967548490729	0.07248943	0.5921765792005701
13063.631797884722	300	7.827858928669928	0.0	153295	2630.251659355546	0.04814082	0.49823411487759595
13065.182573499003	300	7.844717517457337	0.0	173849	1483.141411212591	0.03852393	0.614584637451467
13066.970939872363	300	7.849351403712297	0.0	150710	1495.3661137450395	0.045101672	0.613812812636517
13072.034397984526	750	6.785893291549345	0.0	362795	5063.458112162952	0.04450521	-0.2520176886131213
13074.844887012685	300	7.975404263389287	0.0	141840	2310.489028160058	0.3476329	0.09455916179860238
13076.605040049206	300	7.723801406946688	0.0	156148	1751.6028564426003	0.028674819	0.5759794011813054
13077.772493253546	300	7.789349956816923	0.0	160746	934.4514501297656	0.026394732	0.6640691382874693
13080.038862557352	300	7.722666191568575	0.0	179801	2066.683765248348	0.046824593	0.5443609106052091
13082.410759338733	300	7.686560603506046	0.0	140051	1536.1055880625283	0.038266633	0.5939074598847102
13084.180065754395	300	7.604802944634624	0.0	138313	1581.7576588714214	0.032000232	0.581391320478575
13085.682173924348	300	7.55252321900433	0.0	143509	1052.2797256302945	0.03266208	0.6292549104851417
13089.6765432954	300	7.558153847951531	0.0	150616	2494.3693710527987	0.04198655	0.4855935246080066
13092.646796791692	300	7.930126040891955	0.0	165384	2128.0278070595755	0.03585306	0.5584019767707851
13094.895540621692	300	7.976866932358828	0.0	140881	953.2591085331278	0.03034837	0.6804243983185833
13099.367968518322	300	7.504439035728632	0.0	157671	2972.427896630195	0.038588777	0.43256390656158994
13102.70015355206	300	7.942302899408232	0.0	157812	2062.1361363203996	0.03177461	0.5661753433354106
13106.050799464838	300	7.937004320227397	0.0	163927	2005.2985791808355	0.02742108	0.5713438122240309
13110.318544468457	300	7.6692593166089935	0.0	137654	2267.7450036184027	0.02546291	0.5190609681783844
13112.102968009618	300	7.883593709837544	0.0	146754	1285.6656067714498	0.026340984	0.6381129276045562
13114.758343273335	300	7.615285069021833	0.0	153938	2268.3086408157105	0.02825287	0.5137556088808022
13117.385463923181	300	7.890258117551832	0.0	181901	1225.026951470002	0.024929564	0.6448249067849154
13118.541131074584	300	7.913471329187582	0.0	111155	976.7867883642498	0.03396163	0.6719064079270674
13121.33873941071	300	7.93910734264331	0.0	153605	974.3639865442702	0.031078748	0.674641790417635
13123.658029501408	300	7.94608442908553	0.0	149029	1493.0229135577808	0.03910862	0.6234544193727897
13125.295681195023	300	7.995392175349676	0.0	157421	1450.6922537358537	0.037391655	0.6324826636791706
13127.615099586295	300	7.674162785651531	0.0	157488	1321.229389698145	0.034864243	0.6141893919347969
13129.803056169754	300	7.689278970709207	0.0	143881	984.8838149423241	0.039938435	0.649293998407238
13131.456184911265	300	7.55925097471134	0.0	163444	1630.0279959978677	0.042344473	0.572134357690891
13133.878432494113	300	7.874677503544554	0.0	179328	1684.5734711667876	0.04279915	0.5973550401030292
13136.154297196525	300	7.895582251180362	0.0	159914	979.0952523641915	0.03998054	0.6699358486908711
13137.908350329859	300	7.831940452535719	0.0	131610	1063.6417986446427	0.048599716	0.6552920291446345
13139.118145908567	300	7.987248254026347	0.0	124011	844.6921985093724	0.0448717	0.692290672853125
13143.149851531376	300	7.955542631218789	0.0	144254	2531.705622807557	0.049390666	0.5205059586052715
13144.770315265661	300	7.908715246579501	0.0	149991	1546.8273846392872	0.042506546	0.6144398192659277
13147.306357231437	300	7.727512472015569	0.0	147968	1181.2027745639311	0.040978007	0.633380310447121
13150.339947018396	300	7.908137236140574	0.0	161857	1819.3752358749941	0.04266347	0.5871288226271714
13152.067822898605	300	7.736306571578794	0.0	145210	1171.830664561779	0.043149676	0.6351727476298598
13154.483595639107	300	7.786442790151679	0.0	172312	1949.863781427116	0.046345264	0.5622451831995392
13158.88419883278	300	7.385839596478374	0.0	167025	4400.603193673305	0.04175442	0.2782125813901914
13162.433714185003	300	7.8363242442545165	0.0	160064	3049.515352223857	0.03857615	0.457130997531366
13163.727512887392	300	7.782438640545992	0.0	137507	1053.8856037085238	0.026518695	0.6514535974222453
13165.065897636545	300	7.548202834810241	0.0	118421	734.2358057357509	0.033780925	0.6606391451117208

