19561.854788766777	750	4.0	3.6065392480002147	450283	3606.5392480002147	0.004705182	-14.758118766400923
19563.885823681536	300	5.627752180926024	0.0	155580	872.2478190739762	0.0047381986	-0.15000000000000002
19565.618551471624	300	5.7807818814088225	0.0	139857	1346.970299517201	0.03604348	0.3
19567.45393760932	300	5.635967472008262	0.0	155432	1144.814409400559	0.005500839	0.3
19569.361102950108	300	5.66767064190999	0.0	163442	968.2968300982711	0.014137508	0.3
19571.599207673462	750	5.903052635729498	0.0	318564	1764.6180061804914	0.5700012	0.3
19572.681536070308	300	5.8686317672916735	0.0	153295	1034.420868437825	0.18850234	-0.15000000000000002
19574.71268562811	300	5.527010719195458	0.0	173849	841.6210480962167	0.31628346	0.3
19578.59746915251	750	5.642227194792289	0.0	374758	3884.783524403168	0.24920128	0.3
19582.859170892985	750	5.3805254543189776	0.0	362795	4261.7017404733115	0.32411253	0.75
19585.448998806518	300	5.63361835149266	0.0	141840	1746.9071028263184	0.08557311	-0.15000000000000002
19587.063452689967	300	5.6428519057223046	0.0	156148	1490.7664457703552	0.004705182	0.3
19588.93545931096	300	5.773692299765932	0.0	160746	869.1596059563734	0.0047263987	0.3
19591.328765514725	300	5.913462734000139	0.0	179801	1360.2295657657917	0.54687905	0.3
19593.240042056823	300	5.829362672251827	0.0	140051	1084.1000617483126	0.18622084	0.3
19594.695889742892	300	5.755027069391264	0.0	138313	1074.3356028605638	0.08746476	0.3
19598.53939063035	300	5.759032672066298	0.0	143509	2995.9943973249665	0.029099386	0.3
19602.797074441787	300	5.501348860628388	0.0	150616	3757.6838114379093	0.004705182	0.3
19607.279542686112	300	5.01888061630116	0.0	165384	4482.468244327229	0.004705182	0.3
19610.8406183946	300	5.457804907816024	0.0	140881	3561.075708485136	0.004705182	0.3
19614.563971542895	300	5.540495546659533	0.0	157671	2417.3093611564914	0.004705182	0.3
19616.447071958413	300	5.66696718482264	0.0	157812	1373.5283618368921	0.004705182	0.3
19618.0857529702	300	5.627412672365992	0.0	163927	1539.5545124566493	0.004705182	0.3
19619.76689667949	300	5.546404095989346	0.0	137654	1081.0085763766458	0.004705182	0.3
19622.14272095453	300	5.928559496326403	0.0	146754	1117.8445996629432	0.004705182	0.3
19623.897430984754	300	5.9551944045507605	0.0	153938	973.3650917756419	0.004705182	0.3
19625.436221987195	300	5.611471330055657	0.0	181901	843.7230744951038	0.013403218	0.3
19626.829382197902	300	5.547425145674672	0.0	111155	564.0461843809862	0.594288	0.3
19630.260777549745	750	5.7412844779159045	0.0	400396	2806.140667758767	0.6775533	0.3
19634.11533630358	750	5.586632471539428	0.0	400508	2654.6520063764765	0.14068532	0.75
19637.497016925634	750	5.965745553743536	0.0	358218	2620.886917795892	0.19596863	0.75
19640.65282257779	750	5.743239593794775	0.0	400322	2722.505959948761	0.60505813	0.75
19642.351570786646	300	5.625515311468438	0.0	143881	1117.7242823263364	0.6945243	-0.15000000000000002
19646.336612354677	300	5.538506490718909	0.0	163444	2587.008820749529	0.025157783	0.3
19650.02504751394	300	5.850071331457319	0.0	179328	2688.4351592615894	0.004705182	0.3
19654.15708852687	300	5.672284788261353	0.0	159914	2677.7865431959667	0.004705182	0.3
19658.019564908285	300	5.809808406846804	0.0	131610	2362.4763814145495	0.004705182	0.3
19661.853468428213	300	5.975904886917344	0.0	124011	2833.9035199294594	0.004705182	0.3
19665.92703773836	300	5.9023355767720025	0.0	144254	3573.5693101453417	0.004705182	0.3
19670.147374908527	300	5.681998406601692	0.0	149991	3220.33717017031	0.004705182	0.3
19672.8202205036	300	5.5528460012638154	0.0	147968	2629.1524053378766	0.004705182	0.3
19676.61483720142	300	5.597384313722122	0.0	161857	3455.461687541693	0.004705182	0.3
19680.447578052208	300	5.764643462933646	0.0	145210	3832.740850788477	0.004705182	0.3
19684.47865150632	300	5.73357000882056	0.0	172312	4031.0734541130864	0.004705182	0.3
19688.292055404527	300	5.920166110616079	0.0	167025	3313.403898204481	0.004705182	0.3
19692.22783764161	300	5.620461527265611	0.0	160064	2799.704583350468	0.004705182	0.3
19694.49838506144	300	5.743226692219877	0.0	137507	1877.234835045734	0.004705182	0.3
19696.502505702963	300	5.6978226443486495	0.0	118421	1545.4040478712266	0.004705182	0.3

