7303.302467057543	750	4.0	6.619212714537035	450283	6619.212714537035	0.004705182	-28.405961409323368
7305.413429401793	300	5.8890376557490836	0.0	155580	2110.9623442509164	0.015174056	-0.37894236109492135
7309.719491405583	300	5.582975651959863	0.0	139857	1806.0620037892206	0.023285031	0.08305362699912378
7313.1435791172	300	5.569050241590353	0.0	155432	2513.9254103695102	0.044790223	0.059667641442851
7315.423153815291	300	5.954344057467806	0.0	163442	2114.7061841225473	0.026859835	0.07093183966936728
7318.611122184559	300	5.517794139368922	0.0	126289	2936.549918098884	0.34703514	0.05108035081423362
7321.989284685759	300	5.959422071452933	0.0	153295	2058.372067915988	0.004705182	0.07287312257004559
7325.359393262949	300	5.504263013800013	0.0	173849	2455.1590576529215	0.019554682	0.06109583797939215
7327.605138167349	300	5.5838654072181715	0.0	150710	1920.3976065818404	0.0128691895	0.07810882469645879
7329.2512489519395	300	5.518483654281701	0.0	139105	1565.3817529364717	0.012876673	0.09582327104466222
7331.674740428998	300	5.762102355280163	0.0	141840	1256.3812990015363	0.026055276	0.11939050678262013
7334.229295517438	300	5.548379881038338	0.0	156148	1713.7224742418261	0.03133483	0.08752875815925915
7337.512130373122	300	5.537378760295656	0.0	160746	1511.001120742681	0.034317907	0.0992719316622827
7339.337335813425	300	5.575692926665086	0.0	179801	1461.6858336305709	0.023595385	0.10262123128567673
7340.314044001109	300	5.604098636158695	0.0	140051	971.5942905063924	0.04747135	0.15438542760664062
7341.5482382493365	300	5.504558527384186	0.0	138313	1099.5401087745086	0.09346578	0.13642067151800616
7343.55228757852	300	5.834860880068453	0.0	143509	1169.6976473157345	0.09391165	0.12823826767902421
7345.446335325408	300	5.535012828508854	0.0	150616	1299.8480515595995	0.07692099	0.11539810350911799
7347.808426781179	300	5.6560670245869415	0.0	165384	1878.9458039219128	0.052048054	0.07983199924495207
7349.75505939244	300	5.63932354008167	0.0	140881	1516.7434845052708	0.017057806	0.09889608990074336
7353.673538785093	300	5.72084414742829	0.0	157671	1918.4793926533803	0.014906131	0.07818692271306618
7357.454133504815	300	5.61973098052181	0.0	157812	3101.11316690648	0.008747173	0.04836972787730695
7361.258160611885	300	5.815703873452114	0.0	163927	2804.027107069696	0.004705182	0.05349448998613823
7363.595728683003	300	5.503674220286068	0.0	137654	2312.0296531660456	0.004705182	0.06487806062287874
7367.083742284448	300	5.632436604688649	0.0	146754	1871.237615597419	0.004705182	0.08016085116593297
7369.497259189354	300	5.649066188159668	0.0	153938	1483.3704165289812	0.004705182	0.10112106748831699
7371.687395236067	300	5.619071394492271	0.0	181901	1529.994793667397	0.004705182	0.09803954929836725
7373.260693259927	300	5.812492947084338	0.0	111155	1306.5784474079328	0.0049115056	0.11480366930709658
7377.129446278635	300	5.9437399283768295	0.0	153605	2368.753018707509	0.004705182	0.06332445755862141
7380.811434293152	300	5.665482266698508	0.0	149029	2278.2576616783217	0.004705182	0.06583978736167166
7383.3812017279715	300	5.687463706208249	0.0	157421	1978.0185604902583	0.004705182	0.07583346435476421
7387.391100241684	300	5.677565192494939	0.0	157488	2009.8985137133106	0.004705182	0.07463063382383087
7390.267915366837	300	5.959981323939724	0.0	143881	1717.5838685552153	0.004705182	0.0873319799668216
7393.892204859494	300	5.662452229909575	0.0	163444	1797.5290940301484	0.004705182	0.08344788437537477
7397.293772597387	300	5.730048541276459	0.0	179328	1932.4036886331157	0.004705182	0.07762353222690357
7401.157046819768	300	5.752993445216846	0.0	159914	1977.0550960596136	0.004705182	0.07587041974650012
7404.929780896898	300	5.980259368087761	0.0	131610	2272.7340771290833	0.004705182	0.06599980240076302
7407.803592324293	300	5.542830256114374	0.0	124011	1937.4291119733884	0.004705182	0.07742218751282
7411.695261112597	300	5.6511614678107795	0.0	144254	2391.6687883035934	0.004705182	0.06271771439823604
7414.948366678638	300	5.693634274653082	0.0	149991	1957.527193157698	0.004705182	0.07662728800105921
7417.72785920861	300	5.601677134109108	0.0	147968	2091.9571405439738	0.004705182	0.07170318984689875
7421.546782798021	300	5.782753544698913	0.0	161857	2318.923589410195	0.004705182	0.06468518440409313
7424.924932249828	300	5.711908360714608	0.0	145210	2070.8451839843055	0.004705182	0.07243419313045896
7427.820795687133	300	5.8426288094737755	0.0	172312	2869.2795512408316	0.004705182	0.052277931557812796
7431.903936104858	300	5.759488391747643	0.0	167025	3083.140417726132	0.004705182	0.04865169264999858
7435.220779748409	300	5.505928669367017	0.0	160064	2753.5597223806267	0.004705182	0.05447493975918398
7438.975852475164	300	5.750855942611849	0.0	137507	3755.0727267551674	0.004705182	0.03994596401056071
7443.024893492432	300	5.701814925344159	0.0	118421	3549.0410172676898	0.004705182	0.04226493840735628

