10770.835732861577	750	4.0	1.6132241480558394	450283	1613.2241480558394	0.004894737	-6.704410088379567
10772.897184663814	750	5.938548197762211	0.0	398865	1561.4518022377888	0.6690955	0.24016111125720957
10774.874305437175	750	5.722325733778031	0.0	350812	1716.2224639841809	0.5347229	0.21850314156210493
10776.549005007599	750	5.6104250937060245	0.0	382355	1611.9006400720064	0.5865058	0.23264461262528446
10778.37127830145	750	5.660687940554672	0.0	411561	1449.7371531513527	0.58998346	0.25866757928142164
10779.912034824225	750	5.646577763869269	0.0	318564	1014.1101766854026	0.4886878	0.3697823063226517
10781.615736882004	750	5.7980498793720985	0.0	352642	1348.5278844971701	0.55873907	0.2780810128667287
10782.836256672726	300	5.5153770087025515	0.0	173849	782.672870669547	0.54972756	-0.25834904898175315
10785.445163675111	750	5.614846991336945	0.0	374758	1900.5300173656058	0.6895547	-0.2526866207986542
10787.985784325601	300	5.888725177700715	0.0	139105	1226.1218136362295	0.62626606	-0.3276630524538547
10791.639772996923	750	5.8939802938176795	0.0	353220	2494.744883883035	0.6119301	-0.29968402884694256
10794.019446949005	300	5.778765178146361	0.0	156148	1115.2151156713185	0.69132054	-0.31549680156576293
10796.245476696477	300	5.76797971306515	0.0	160746	1510.7854650812126	0.34908432	0.09928610214153517
10799.26051147122	300	5.868084547937961	0.0	179801	1899.895165127188	0.26188546	0.07895172468106065
10801.027272040206	300	5.567274006303629	0.0	140051	1300.810541634333	0.057556286	0.11531271864659139
10801.911980236437	300	5.7978949409149285	0.0	138313	769.3790653887011	0.08259512	0.19496241416994872
10802.884652271605	300	5.92922351260153	0.0	143509	868.6714283133997	0.15055236	0.17267748784052667
10804.206947723556	300	5.700076047152128	0.0	150616	729.1474654494001	0.32646602	0.20571970295137698
10808.029785866627	300	5.635231002217938	0.0	165384	1564.84504493419	0.3723354	0.0958561363539406
10811.957257218248	300	5.7077596505974455	0.0	140881	2927.471351620493	0.0823235	0.05123875931935865
10815.10944962444	300	5.6943956246800465	0.0	157671	2013.3640259173994	0.008347425	0.0745021754978719
10817.139870574463	300	5.913599382756715	0.0	157812	1280.7962419233324	0.007855659	0.11711464719380313
10819.219481283606	300	5.693606396535488	0.0	163927	1219.9929862212273	0.015016964	0.12295152652033342
10820.558028571937	300	5.784141618579924	0.0	137654	909.4647779555627	0.028116303	0.16493217069625662
10822.021270429992	300	5.762061911390643	0.0	146754	522.0797071892811	0.042483024	0.2873124504446927
10822.753423432761	300	5.5765664854376515	0.0	153938	685.4954259529914	0.2364484	0.2188198408347752
10823.812827802474	300	5.985193131891362	0.0	181901	591.3733535462908	0.23891842	0.25364686978284434
10824.172964538315	300	5.664140234052442	0.0	111155	321.05289783891953	0.4405074	0.46721272727853974
10824.932956579205	300	5.518686127608938	0.0	153605	645.4541064435031	0.44138166	0.232394524262167
10825.88414150139	300	5.80536263873932	0.0	149029	713.3234888696182	0.28200677	0.21028327587768122
10828.839783761596	300	5.911472220294188	0.0	157421	893.890418445131	0.22756618	0.16780580360276828
10830.520300812395	300	5.857089572775622	0.0	157488	1554.3826475185665	0.10695207	0.09650133462275949
10831.826507505477	300	5.812053466375775	0.0	143881	1045.0361063998473	0.023286741	0.14353571047104818
10833.017488336644	300	5.677148348632201	0.0	163444	1134.9051177435742	0.019275274	0.13216963925427613
10834.538677513658	300	5.879591640837345	0.0	179328	797.5567077948574	0.013998007	0.18807440089712352
10836.203866647356	300	5.893813284596625	0.0	159914	985.7783562407204	0.058717705	0.1521640225212766
10837.344661747104	300	5.868121128452956	0.0	131610	525.6921561436691	0.034897674	0.2853380980617214
10838.585773646384	300	5.695116598113937	0.0	124011	673.0045303390193	0.067699194	0.2228811148187056
10839.346750477414	300	5.518681905069442	0.0	144254	676.4346930444951	0.043337703	0.22175089708199394
10840.66765156088	300	5.755502413330636	0.0	149991	763.1794917388058	0.037487194	0.19654616197592573
10841.592969552012	300	5.666704204127478	0.0	147968	588.7982092031575	0.037177123	0.25475620960702405
10842.925457112442	300	5.898720295877103	0.0	161857	767.9839082503754	0.045595914	0.19531659242930066
10844.048930599534	300	5.754235449920703	0.0	145210	644.4848459563991	0.042793132	0.23274402950065307
10844.848211618026	300	5.599089218243833	0.0	172312	655.14623167687	0.033404633	0.22895651802204475
10845.563717868325	300	5.563403448500467	0.0	167025	535.6857697433655	0.047303237	0.28001490514086547
10846.51978104888	300	5.9252821795005675	0.0	160064	638.1212689998996	0.075093575	0.2350650374576742
10847.206084502688	300	5.951101408374501	0.0	137507	474.18077112606596	0.058165178	0.3163350543375807
10847.889520238621	300	5.565444867248889	0.0	118421	385.6565411256125	0.0644665	0.38894711745896043

