16392.645997439515	750	4.0	4.043612194844198	450283	4043.6121948441983	0.03121427	-17.213113833178888
16394.302455846628	300	6.343541592888147	0.0	155580	1656.458407111853	0.05200404	-0.3802325581395349
16396.67990858008	300	7.57485046514876	0.0	139857	1268.6911277393874	0.18595646	0.06976744186046512
16397.8749422461	300	7.576714473136424	0.0	155432	998.1359920123349	0.6372293	0.06976744186046512
16402.42003836477	750	7.0316183544680095	0.0	411561	4545.096118668414	0.6662165	-0.2755813953488372
16405.60461057186	300	7.847046147376015	0.0	126289	1184.572207091994	0.50264096	-0.3802325581395349
16410.361960799248	750	7.089695919990484	0.0	352642	4757.350227385531	0.69348806	-0.2755813953488372
16414.836174889813	750	6.615481829422846	0.0	437162	4474.214090567638	0.54571193	0.1744186046511628
16416.20859286883	300	7.6533380273753755	0.0	150710	962.1438020474703	0.64537084	-0.3802325581395349
16419.61136045442	750	7.852091337365086	0.0	362795	2801.2466900102904	0.5195372	-0.2755813953488372
16422.409247110965	300	7.733908437831888	0.0	141840	1118.1828995331985	0.47221524	-0.3802325581395349
16426.603284833574	750	7.539870715222394	0.0	405134	3694.0377226094934	0.41827738	-0.2755813953488372
16430.149543516465	750	7.543612070688465	0.0	386351	2496.2586445339302	0.19475049	0.1744186046511628
16436.34038121394	750	5.35277437321379	0.0	434409	6190.837697474675	0.16697553	0.1744186046511628
16438.4168595111	300	7.276296076050506	0.0	140051	2076.478297163284	0.55946547	-0.3802325581395349
16441.095437425156	300	7.9006652070194265	0.0	138313	2375.6308690310784	0.3059904	0.06976744186046512
16443.8650281828	300	7.517343336409263	0.0	143509	1383.3218706101634	0.68737614	0.06976744186046512
16447.537389180638	750	7.649297219009115	0.0	372963	3368.046117400148	0.41017696	-0.2755813953488372
16451.695211461014	750	7.491474938632147	0.0	405596	4157.822280376968	0.1477081	0.1744186046511628
16457.49766758447	750	5.689018815178032	0.0	350713	5802.456123454116	0.5721922	0.1744186046511628
16459.551337803434	300	7.635348596213768	0.0	157671	1553.670218964264	0.3607474	-0.3802325581395349
16462.20051650607	300	7.639891039461065	0.0	157812	1995.4575567527017	0.33835354	0.06976744186046512
16466.078906733732	300	7.761500811800024	0.0	163927	3878.3902276610406	0.3872633	0.06976744186046512
16470.163078926253	300	7.5104704213605125	0.0	137654	3751.030390439511	0.18914817	0.06976744186046512
16472.48197763265	300	7.732591964453943	0.0	146754	1777.8784569065706	0.40019596	0.06976744186046512
16474.077989966147	300	7.525095936751442	0.0	153938	1207.4960277025004	0.4074916	0.06976744186046512
16478.451696252094	750	7.151389650804036	0.0	425781	4373.706285947406	0.65541756	-0.2755813953488372
16482.025576219843	750	7.577509683055831	0.0	277716	3573.879967748206	0.6577084	0.1744186046511628
16488.070479349608	750	5.5326065532920365	0.0	400396	6044.903129763794	0.5698724	0.1744186046511628
16489.48367703689	300	7.581510577925666	0.0	149029	951.0959753663709	0.083742894	-0.3802325581395349
16490.811470985333	300	7.933664388163537	0.0	157421	647.8461897621288	0.4332248	0.06976744186046512
16493.331485570263	750	7.6786310180395265	0.0	400322	1755.0333701240115	0.4582805	-0.2755813953488372
16495.084810928445	750	7.62445896535155	0.0	369834	1554.1720526879765	0.167078	0.1744186046511628
16496.977699419906	750	7.672591315366444	0.0	412837	1451.8676499851065	0.0309612	0.1744186046511628
16498.414437647072	750	7.789732594022555	0.0	401088	1382.8587213438893	0.03645383	0.1744186046511628
16503.79282329503	750	6.4113469460647305	0.0	365161	5378.385647957824	0.027234018	0.1744186046511628
16508.14173228023	750	6.062437960866183	0.0	321064	4348.908985198547	0.3104156	0.1744186046511628
16509.826754419715	300	7.965513984112516	0.0	124011	1596.9239767536676	0.6896285	-0.3802325581395349
16512.741341709076	750	7.617269439797277	0.0	378327	2348.2445443152387	0.60429245	-0.2755813953488372
16513.765318552552	300	7.953452410082571	0.0	149991	663.8170297147063	0.33272663	-0.3802325581395349
16515.39765619085	750	7.687363464316016	0.0	345516	1266.088945766554	0.180603	-0.2755813953488372
16517.36523527375	750	7.781698331128285	0.0	384505	1405.665133187731	0.03775493	0.1744186046511628
16519.42500651348	750	7.672769633621509	0.0	372093	1608.9286975067764	0.029071495	0.1744186046511628
16523.521650206134	750	7.5761259409693675	0.0	438281	3596.643692652141	0.029025353	0.1744186046511628
16526.759790863758	750	7.530798724594188	0.0	398987	3045.32721637518	0.10358204	0.1744186046511628
16530.207180681453	750	7.6185105318720305	0.0	393804	2412.288192722156	0.12194604	0.1744186046511628
16533.023605486527	750	7.507848994320797	0.0	331053	1610.6615375512338	0.11487316	0.1744186046511628
16534.84609711813	750	7.7544847217808295	0.0	314107	1753.3642725399677	0.1077332	0.1744186046511628

