6300.269722833776	750	4.0	8.215266709904062	450283	8215.266709904063	0.24555437	-0.47152667099040624
6303.298784680197	300	4.97093815357864	0.0	155580	3029.0618464213608	0.23595126	-0.44222255004347105
6305.752451462064	300	6.517271371711869	0.0	139857	2453.6667818667706	0.011923568	0.16196278254531477
6308.408401155919	300	7.861321677856908	0.0	155432	2155.9496938549614	0.008021237	0.2757376354805606
6311.316565733455	300	7.759211905112741	0.0	163442	2102.1097727441665	0.00803476	0.2747397667951297
6312.7744792690055	300	7.618282563583489	0.0	126289	1140.9293415292523	0.0076658605	0.3620497260710428
6315.196657232281	300	7.855685721855952	0.0	153295	1262.5968417275371	0.0075376946	0.3647206734432433
6317.028543500098	300	7.649533105821323	0.0	173849	1706.1526160346284	0.010617867	0.30748055751036985
6321.0422563113225	300	7.635820294596455	0.0	150710	2513.7128112248674	0.009796292	0.22586748728979167
6322.963891831474	300	7.779725775574422	0.0	139105	1356.0945190220348	0.008329768	0.3506234090711979
6325.120590911134	300	7.55414675060953	0.0	141840	1225.5790249648903	0.008753371	0.3495762694166066
6327.496500310227	300	7.901752092710328	0.0	156148	2152.394657899201	0.010298877	0.27862004000447543
6330.211279446259	300	7.531119857141049	0.0	160746	1870.6322355692794	0.008602221	0.2836317675143877
6332.288821736989	300	7.954422204907636	0.0	179801	1576.6976522334135	0.00848352	0.3394816225833859
6334.998141168955	300	7.725184770023026	0.0	140051	1229.2374348846092	0.009359377	0.35990030463797823
6338.158587430213	300	7.820002661784416	0.0	138313	1905.1821082386114	0.009707039	0.2982319555376649
6339.664243660252	300	7.984806666174285	0.0	143509	1335.1959956101305	0.008151164	0.3655308170748798
6342.133885000863	300	7.78021600818423	0.0	150616	1204.5906579900548	0.008899382	0.3658044347125089
6344.116874202445	300	7.7062467964031205	0.0	165384	1573.969211781111	0.011022419	0.3242435035970839
6346.078572118736	300	7.754907842708242	0.0	140881	1451.3389536948782	0.009627901	0.3395478447997773
6349.999355391817	300	7.8341245696279005	0.0	157671	1920.7832730803416	0.009141138	0.29755445829370963
6353.631500637454	300	7.708623012197151	0.0	157812	2625.5015574307486	0.008798305	0.2192387825192471
6357.419593913186	300	7.920529736464902	0.0	163927	2288.0932757322494	0.0080952775	0.26622378095583143
6359.479117238643	300	7.653136608156012	0.0	137654	1267.3931283088891	0.0074870326	0.3515817251788618
6360.880314816914	300	7.953602898494715	0.0	146754	1199.5337096612966	0.008159375	0.37714681018979
6363.697863135828	300	7.660660740242329	0.0	153938	1292.9421582523855	0.009470099	0.349497080439907
6365.7876353563215	300	7.768077657826266	0.0	181901	1892.5830824160623	0.009611572	0.2962465453725354
6366.950969020064	300	7.6150053994942795	0.0	111155	1153.0722583319878	0.009055013	0.3606306116351937
6368.648029300754	300	7.756605938354471	0.0	153605	1358.3994611398077	0.009068139	0.3489479250331736
6370.681563409095	300	7.859169303458566	0.0	149029	1397.4366348959043	0.009852404	0.35145441797656995
6373.376872412006	300	7.884563567226085	0.0	157421	1474.6057362324807	0.0103481775	0.34532464932838225
6376.626782410491	300	7.809960220323244	0.0	157488	1574.6033469028412	0.010958851	0.3306621790799187
6380.295153230761	300	7.583428078978324	0.0	143881	1726.5321413449196	0.010963023	0.3013110408016533
6382.193167643501	300	7.5303402450712165	0.0	163444	1553.0878339071082	0.010108406	0.3153374819262402
6384.851295055243	300	7.55373985761599	0.0	179328	1976.6003874552266	0.010436032	0.2744487023554767
6386.904862001758	300	7.772719829502612	0.0	159914	1781.0200281133784	0.010326456	0.3076929865325754
6389.907533397235	300	7.852657605464954	0.0	131610	2920.0622240376583	0.009868026	0.1987848779377938
6392.20580078941	300	7.639828557096702	0.0	124011	2212.829048368252	0.007745266	0.25620637998171863
6396.03536085382	300	7.682767620295403	0.0	144254	1457.0609368012992	0.007742469	0.33446688258833274
6398.131890496638	300	7.665752353190732	0.0	149991	1517.015267104671	0.009951625	0.32740799536395365
6401.151028992461	300	7.8409403551361265	0.0	147968	1824.8119980546048	0.012277871	0.3075775723905474
6405.247714215121	300	7.744255132475621	0.0	161857	2596.685222660506	0.013193865	0.2243474235136757
6407.18262528531	300	7.982305443095651	0.0	145210	1761.9496893799699	0.012498253	0.3226991212554812
6409.28513261962	300	7.7075324858453165	0.0	172312	1274.7729572503351	0.016882071	0.35424348464029876
6411.4610012689045	300	7.778465316231681	0.0	167025	1429.0671696136355	0.027432863	0.3432473653031165
6413.116913923474	300	7.958909680783341	0.0	160064	1319.5556354483385	0.035701994	0.365476291504125
6415.793959877111	300	7.758565323525243	0.0	137507	2200.344357258098	0.04684656	0.26487589699451786
6417.34673420298	300	7.52552886828011	0.0	118421	1233.0364552451333	0.038452458	0.3470419087429935

