3447.9056583502297	750	4.0	7.947206251782381	450283	7947.2062517823815	0.03971462	-33.998568278013074
3450.6640508743976	300	5.241607475832228	0.0	155580	2758.392524167771	0.0131578455	-0.3802325581395349
3453.8310995163815	300	6.07455883384848	0.0	139857	3167.048641983749	0.007910546	0.06976744186046512
3458.3569785088653	300	5.548679841364558	0.0	155432	4525.878992483921	0.014722065	0.06976744186046512
3461.071418528178	300	6.834239822051922	0.0	163442	2714.4400193126367	0.004705182	0.06976744186046512
3464.1126469366422	300	7.793011413587552	0.0	126289	2541.2284084643697	0.074457325	0.06976744186046512
3468.372002053645	300	7.5336562965852645	0.0	153295	3259.355117002287	0.036482148	0.06976744186046512
3477.7261706293807	750	4.0	1.8205122791502872	437162	9354.168575735552	0.14332238	-8.103784195695072
3482.4323388525913	300	4.0	0.7061682232104076	150710	4706.168223210408	0.0051279175	-3.4167559179442875
3486.1161857327243	300	4.316153119867097	0.0	139105	3683.8468801329036	0.004705182	0.06976744186046512
3490.91039377376	300	4.0	0.4780549211687412	141840	4794.208041035838	0.004705182	-1.9858687191651223
3495.1367558559496	300	4.0	0.22636208218926548	156148	4226.3620821892655	0.004705182	-0.9035895115533764
3498.7978500627773	300	4.338905793172118	0.0	160746	3661.0942068278814	0.004705182	0.06976744186046512
3501.3135948965414	300	5.823160959407909	0.0	179801	2515.7448337642086	0.004705182	0.06976744186046512
3503.3101433008	300	7.826612555149058	0.0	140051	1496.5484042588503	0.010175338	0.06976744186046512
3506.1475746561396	300	7.75374254065527	0.0	138313	2572.8700144937884	0.29927438	0.06976744186046512
3510.1726268391685	300	7.728690357626314	0.0	143509	3025.0521830289567	0.3065976	0.06976744186046512
3514.242028687399	300	7.65928850939573	0.0	150616	3069.4018482305837	0.4065237	0.06976744186046512
3518.0840582324804	300	7.817258964314264	0.0	165384	2842.0295450814674	0.35330135	0.06976744186046512
3520.0618989345185	300	7.693861024188565	0.0	140881	1623.3979401256993	0.35321912	0.06976744186046512
3522.94134316784	300	7.706360345733814	0.0	157671	1487.5006784547504	0.5405227	0.06976744186046512
3524.8281088828	300	7.7389491988876875	0.0	157812	1467.4111468461258	0.66547203	0.06976744186046512
3527.447839298267	300	7.533761337210768	0.0	163927	1705.1878616769195	0.6869552	0.06976744186046512
3531.7156983857267	750	7.2659022497510914	0.0	343800	4267.859087459677	0.6766782	-0.2755813953488372
3536.1988331951816	750	6.78276744029618	0.0	359903	4483.134809454912	0.49505186	0.1744186046511628
3543.4495866324182	750	4.0	0.467985996940688	379700	7250.753437236867	0.69675803	-1.8379211821937955
3545.4809058594287	300	5.968680772989357	0.0	181901	2031.3192270106426	0.007937022	-0.3802325581395349
3547.7640874952053	300	7.575894536327225	0.0	111155	1392.7862366621314	0.013588165	0.06976744186046512
3550.4292759496184	300	7.843497942177988	0.0	153605	1732.396594149237	0.21278226	0.06976744186046512
3552.1126507227705	300	7.603206557233827	0.0	149029	1240.2913849441609	0.21042754	0.06976744186046512
3557.8363011527017	750	5.87955612730295	0.0	358218	5723.650429930876	0.622941	-0.2755813953488372
3560.526108773656	300	7.1897485063487245	0.0	157488	2689.807620954226	0.31475192	-0.3802325581395349
3562.156737159481	300	7.6227049709825625	0.0	143881	1567.0435353661614	0.4409067	0.06976744186046512
3567.177540410505	750	6.601901719958837	0.0	412837	5020.803251023725	0.53577846	-0.2755813953488372
3568.977557564468	300	7.884087222218839	0.0	179328	1717.8144977399984	0.23216914	-0.3802325581395349
3572.9843662072776	750	7.791784195425744	0.0	365161	3592.303026793095	0.684737	-0.2755813953488372
3574.247891038435	300	7.787274626355182	0.0	131610	1004.5095690705631	0.6278788	-0.3802325581395349
3577.746760466491	300	7.937347485870145	0.0	124011	849.9271404850358	0.68328357	0.06976744186046512
3584.2260384692313	750	5.458069483130172	0.0	378327	6479.278002739972	0.4308859	-0.2755813953488372
3587.1596612022026	300	6.524446750158913	0.0	149991	2933.622732971259	0.118276455	-0.3802325581395349
3590.992226058747	300	6.69188189361478	0.0	147968	3832.5648565441334	0.27239183	0.06976744186046512
3594.7463126778553	300	6.93779527450625	0.0	161857	3754.08661910853	0.053220607	0.06976744186046512
3597.812104816691	300	7.87200313567056	0.0	145210	2565.7921388356895	0.01900899	0.06976744186046512
3606.228757895617	750	4.0	0.5446499432553538	438281	8416.653078925914	0.38296813	-2.6175761513468587
3610.0272502058965	300	4.201507689720284	0.0	167025	3798.4923102797165	0.004705182	-0.3802325581395349
3614.7848022070034	300	4.0	0.5560443113866776	160064	4757.552001106961	0.004705182	-2.3212230971022487
3618.7948842171336	300	4.0	0.010082010130284744	137507	4010.0820101302847	0.004705182	0.026414798300240717
3621.9650135843617	300	4.8298706327718	0.0	118421	3170.1293672282	0.004705182	0.06976744186046512

