10105.254713715432	750	4.0	2.993897582587049	450283	2993.897582587049	0.004705182	-12.748030077090874
10106.802961564597	300	6.451752150834994	0.0	155580	1548.247849165005	0.14965916	0.032209675750346056
10107.589420259863	300	7.809595542918126	0.0	139857	642.1566079168676	0.16634774	0.7035127940729134
10108.92929240939	750	7.601810578588997	0.0	382355	1207.78496432913	0.13827708	0.20101921654976185
10112.285007825943	1850	7.9799964343117535	0.0	996749	3121.814144277243	0.103183925	-0.5451480297092596
10114.889576430984	1850	7.659662739329298	0.0	801058	2320.3336949824547	0.009471532	0.6041675272341388
10118.677143723173	1850	7.862996553013731	0.0	905515	3296.666186315568	0.019365937	0.5261053924287553
10122.326977541603	1850	7.713530225334751	0.0	1060487	3649.4663276789806	0.004705182	0.4764390716856798
10125.921027847757	1850	7.711688855783879	0.0	852833	3001.841369550871	0.004705182	0.5410243335532503
10129.631296647018	1850	7.687658852956107	0.0	913888	3524.0300028277716	0.004705182	0.48649255470934094
10133.41314299316	1850	7.905812506813812	0.0	939819	3781.8463461422953	0.004705182	0.48170846143286766
10137.11589077245	1850	7.7884812313557354	0.0	917428	3617.331275458077	0.004705182	0.4868666977726177
10141.141331824783	1850	7.763040179020813	0.0	946851	4025.441052334924	0.004705182	0.44360698942451116
10145.118778303637	1850	7.624745717677759	0.0	1036454	3638.294461343054	0.004705182	0.4690106469503709
10148.414551368027	1850	7.871435179937341	0.0	821631	3253.310537740417	0.004705182	0.5312531848705572
10152.290036351224	1850	7.904923961213279	0.0	923170	3466.5112187240625	0.004705182	0.5131564506347617
10156.50978694608	1850	7.685173366356672	0.0	966699	3719.7505948566063	0.004705182	0.46668126455162184
10160.43976391497	1850	7.75519639746609	0.0	885714	3929.976968890582	0.004705182	0.45239842473819786
10164.501775872886	1850	7.693184439551045	0.0	987708	4062.0119579150446	0.004705182	0.4332262032899899
10168.240561717541	1850	7.954398594897283	0.0	923755	3738.785844653762	0.004705182	0.4906909786552404
10172.406164938171	1850	7.731346545177343	0.0	891604	3723.05204971994	0.004705182	0.4707953408364183
10176.54182965362	1850	7.595681829727926	0.0	955231	4135.664715449417	0.004705182	0.4164761887686018
10181.981331500572	1850	6.156179982775786	0.0	968026	5439.50184695214	0.0048297476	0.1475387608599633
10187.241566793506	1850	4.895944689843204	0.0	874175	5260.235292932582	0.07425472	0.04416631430167528
10189.693904124046	750	6.443607359302322	0.0	359903	2452.3373305408822	0.8842534	-0.6849144171412316
10192.157192820629	750	7.980318662718586	0.0	379700	1963.2886965837363	0.3052594	0.6119006834315341
10194.860412565014	750	7.550498255459605	0.0	425781	2429.8204072589815	0.24151786	0.5238768019124893
10197.288600236006	750	7.638104131028507	0.0	277716	1912.3941244310972	0.12041834	0.5840515968649008
10201.550728889455	750	7.375975477581063	0.0	400396	4262.128653447444	0.06862826	0.32384795842606107
10203.837343004614	300	7.926629510504459	0.0	149029	1449.345967076605	0.6955378	0.18405851265969672
10205.083933965363	300	7.671968113671726	0.0	157421	754.6613968327326	0.0677248	0.6790155162174303
10206.950733099291	750	7.949533324164677	0.0	400322	1722.4347895070493	0.4431285	0.18302294975991198
10210.224274505696	1200	7.579944807173886	0.0	584349	2369.58851699079	0.8065747	0.10680305637424614
10214.598825285742	1850	7.205394027127443	0.0	1035329	4374.550780046444	0.08121526	-0.2949780693015325
10219.230896893438	1850	6.573322419430693	0.0	1026056	4632.071607696749	0.0073164203	0.2684322259289207
10222.644365688968	1850	7.159853623899786	0.0	943942	3413.468795530907	0.018789934	0.44674681276029554
10225.630386713097	1850	7.748865191178858	0.0	728962	2910.9884327209274	0.0051704473	0.5536878924402686
10229.811249936172	1850	7.5680019681032045	0.0	938587	4180.863223075654	0.004705182	0.4092921193665766
10234.403192382108	1850	6.976059522167324	0.0	908665	4591.942445935881	0.0052733114	0.3112090532269898
10238.117712290648	1850	7.2615396136265735	0.0	930577	3714.51990854075	0.014198313	0.4264290953729474
10241.542021752335	1850	7.837230151938973	0.0	858450	3424.3094616876	0.0050153127	0.510861019039287
10245.534663459706	1850	7.844588444567283	0.0	1025005	3992.64170737169	0.004705182	0.4547360386319328
10248.97130459191	1850	7.8659225569755415	0.0	886255	2978.6658875917424	0.004705182	0.5581870535607052
10252.788988590735	1850	7.886068070368761	0.0	973972	3479.854486606781	0.004705182	0.5100072225824743
10256.734387971152	1850	7.68228324127087	0.0	958994	3703.7848290978905	0.004705182	0.4679996632511664
10260.5052672296	1850	7.692650825704671	0.0	982064	3489.632415566199	0.004705182	0.49041279657607256
10264.306605689633	1850	7.552604983629148	0.0	830730	3640.0458420755235	0.004705182	0.4618918799342409
10267.876040292835	1850	7.983170380428475	0.0	846370	3569.434603200673	0.004705182	0.5103954203766387

