2613.824820531168	750	4.0	1.9602828539084163	450283	1960.2828539084162	0.03203106	0.15397171460915834
2616.0095086499346	750	5.815311881233627	0.0	398865	2184.6881187663726	0.9955125	0.24498818070046444
2617.1999687450116	300	7.6475673438726375	0.0	139857	667.7445373609888	0.89542806	-0.038801494744059056
2618.6485547070347	300	7.539632122649089	0.0	155432	607.9352212235477	0.054333076	0.4104334855432133
2620.1830168356723	300	7.737726347659929	0.0	163442	801.9057749891599	0.075648904	0.40341731922982954
2621.229881901793	300	7.685572091574066	0.0	126289	552.1542560858632	0.06544648	0.4251328301147928
2622.362690299849	300	7.931523197413017	0.0	153295	754.0488941610497	0.06022515	0.4203153104222086
2623.9562271764826	300	7.984134558743743	0.0	173849	1447.3886386692736	0.04621826	0.35426954605455657
2625.3758228000884	300	7.627410918373346	0.0	150710	1356.7236403703973	0.028099274	0.3410408183612944
2627.25130041939	300	7.911108000189924	0.0	139105	1216.302918183422	0.019785639	0.37281395819352803
2629.1851406905894	300	7.698775248549606	0.0	141840	1212.3327516403183	0.019747484	0.3599401778703185
2630.7083344228217	300	7.8129322089629385	0.0	156148	1385.8430395866676	0.01879829	0.3497239591015169
2632.8653039421106	300	7.6231226907413	0.0	160746	1689.8095182216384	0.014476694	0.30746421634916743
2635.6313214486318	300	7.893693976164323	0.0	179801	1729.4287145769779	0.012451883	0.3204130020525724
2636.7449670717892	300	7.925165574857332	0.0	140051	968.528401306991	0.011923848	0.39847000829788415
2637.8744699141457	300	7.687972721654674	0.0	138313	737.1928532026573	0.013134693	0.4067790097831514
2638.779509062413	300	7.966608189797844	0.0	143509	721.3645318568297	0.019006643	0.4257765586766823
2639.730833532373	300	7.847783210573116	0.0	150616	618.8249792247282	0.02349219	0.42860395273834695
2641.405801585564	300	7.806549005645357	0.0	165384	1041.2342049277602	0.034451358	0.3837858923600588
2642.9951074852884	300	7.893762998964867	0.0	140881	912.786006680489	0.02477169	0.4020815867672553
2644.9806457965306	300	7.759253732665462	0.0	157671	1134.5092662994052	0.021791479	0.37150243166165087
2645.792378321661	300	7.523901959171692	0.0	157812	735.3517734937702	0.019720674	0.3967086950988537
2647.2312779700783	300	7.762642548931595	0.0	163927	761.2594102400964	0.033218786	0.4090392182842151
2649.142520984805	300	7.560841203606942	0.0	137654	701.8013453246529	0.036121763	0.40237244069296857
2651.0202704982325	300	7.536687305443929	0.0	146754	1024.1538981630133	0.031045318	0.36862756677394426
2652.571857051827	300	7.5726917885787755	0.0	153938	963.9955168651538	0.024889141	0.3768936850996581
2654.046544153371	300	7.714143756171557	0.0	181901	858.5480324072189	0.024627827	0.3962791815200004
2654.5768716332477	300	7.697049570101503	0.0	111155	517.0941860700555	0.036033574	0.42935617952433835
2655.729807397335	300	7.592198329961291	0.0	153605	604.8512401402105	0.03532575	0.4140272716085596
2656.895556795095	300	7.998365888054895	0.0	149029	593.8324419063953	0.049789563	0.44051462381279144
2658.114930084894	300	7.709637649582179	0.0	157421	788.7282384727159	0.056679137	0.4029795292516146
2659.2806264855535	300	7.567112079915561	0.0	157488	642.5255696666168	0.047441974	0.40869194802806086
2659.837659445375	300	7.5401809870013095	0.0	143881	526.9310929142512	0.058196604	0.4185682023961567
2660.651933511517	300	7.5330948398837405	0.0	163444	507.086147117569	0.07669923	0.42010981278097687
2661.3420641850707	300	7.966623543619211	0.0	179328	566.4712962645294	0.11531298	0.44126684184974774
2662.1507778978253	300	7.949096265886288	0.0	159914	517.527277732924	0.12230156	0.44506578884460063
2662.824451850227	300	7.962852512196645	0.0	131610	486.2437536896423	0.13026115	0.44905390664332606
2664.0453299046694	300	7.571128665331507	0.0	124011	391.7238468651373	0.12018815	0.43402315689670545
2664.941295001696	300	7.972723244606565	0.0	144254	598.4054207249436	0.16140339	0.43845466071541594
2666.479773961533	1200	7.512263531339162	0.0	587506	1460.4597132674028	0.13467905	-0.37652950061804275
2668.806716947074	1200	7.732801652353157	0.0	566904	1779.461878986005	0.1384456	0.5053539153734717
2671.3126507602146	1200	7.68857532256028	0.0	641452	2044.2263297928762	0.1420714	0.47611332468072987
2673.870852632428	1200	7.840328137627681	0.0	599477	2348.247184932599	0.14828913	0.4551957901084703
2677.0854257243495	1200	7.948018911807407	0.0	634861	2892.3092258202746	0.17031667	0.4075202594059355
2679.969753639628	1200	7.5869869252187	0.0	630203	2861.0319865887072	0.19756544	0.38808348416729804
2683.7829269741637	1200	7.773813590682752	0.0	638661	3313.1733345359476	0.20351459	0.35454601596407725
2687.230052652034	1850	7.658485364360584	0.0	830730	3115.3282263221677	0.26303363	-0.1828774873596803
2689.5005313188526	1200	7.62914477572509	0.0	550906	2029.3405886354935	0.09275884	-0.17611251038073122

