17214.02363406257	750	4.0	0.848125509873515	450283	848.1255098735149	0.10907446	-3.4725210878049517
17214.823851611014	750	7.199782451554113	0.0	398865	800.2175484458868	0.07994497	0.1744186046511628
17215.931755782687	750	7.940001928258986	0.0	350812	759.780523295128	0.109662674	0.1744186046511628
17216.91417064831	750	7.6778562290330195	0.0	382355	762.1456992259666	0.110037714	0.1744186046511628
17217.882419699257	750	7.81386635827809	0.0	411561	863.9898707549298	0.086641856	0.1744186046511628
17218.80624777503	750	7.609081915238559	0.0	318564	704.7844430395302	0.068771824	0.1744186046511628
17219.806701298203	750	7.913376984369836	0.0	352642	695.7049308687226	0.052589174	0.1744186046511628
17220.80558536223	750	7.556309219858005	0.0	437162	857.0677645118293	0.03936574	0.1744186046511628
17221.675679248998	750	7.722170359483667	0.0	374758	834.1388603743383	0.030103283	0.1744186046511628
17222.97713131666	750	7.714421919895336	0.0	362795	1007.7484395883306	0.029445387	0.1744186046511628
17223.726269320967	750	7.506704674581062	0.0	353220	707.7172453142737	0.029391415	0.1744186046511628
17224.72985468761	750	7.51562246135517	0.0	405134	991.0822132258932	0.027676854	0.1744186046511628
17225.621757717417	750	7.775922413513361	0.0	386351	739.7000478418089	0.027703887	0.1744186046511628
17226.76325287	750	7.916276399700626	0.0	434409	859.6460138127359	0.025680345	0.1744186046511628
17228.022264065494	750	7.622695385641327	0.0	337059	793.5810140592977	0.02548319	0.1744186046511628
17228.93520454699	750	7.89894019745993	0.0	366214	723.7551881813976	0.024195552	0.1744186046511628
17230.079009045683	750	7.596630628169946	0.0	360831	802.3095692899843	0.024228143	0.1744186046511628
17231.202886453946	750	7.825439355341434	0.0	372963	771.1912728285106	0.023689559	0.1744186046511628
17232.176235800103	750	7.975107749979599	0.0	405596	850.3316053618342	0.02145302	0.1744186046511628
17232.99375457987	750	7.777857287742143	0.0	350713	697.250462237456	0.021391097	0.1744186046511628
17233.906157166424	750	7.911790086479865	0.0	386472	866.0672012622794	0.01972792	0.1744186046511628
17234.942587475714	750	7.9917426339819615	0.0	399894	920.0474524979038	0.01938772	0.1744186046511628
17235.99896400016	750	7.631745776305026	0.0	401853	859.996857676934	0.018815223	0.1744186046511628
17237.08111163229	750	7.808861879472557	0.0	343800	822.883896832469	0.017769651	0.1744186046511628
17238.117996710724	750	7.605051112556452	0.0	359903	703.8107669161049	0.017558757	0.1744186046511628
17238.973120212493	750	7.844026598482063	0.0	379700	761.0245140743883	0.016307041	0.1744186046511628
17239.915004207716	750	7.535134066116334	0.0	425781	808.8925323657304	0.015709858	0.1744186046511628
17240.858533131683	750	7.984865316512227	0.0	277716	550.2687496041077	0.015285697	0.1744186046511628
17241.958457091012	750	7.6415333765294635	0.0	400396	843.3319399827643	0.015150981	0.1744186046511628
17243.04956302912	750	7.879276469488892	0.0	400508	762.2569070405711	0.013785855	0.1744186046511628
17243.95885627192	750	7.509054282560843	0.0	358218	870.2221869280485	0.013934035	0.1744186046511628
17245.105831836474	750	7.660102032989617	0.0	400322	848.9522495712274	0.013021971	0.1744186046511628
17245.866255939512	750	7.918901729561214	0.0	369834	741.2003034284019	0.0121269785	0.1744186046511628
17247.081567024416	750	7.5658580535158055	0.0	412837	853.0436760454085	0.011819072	0.1744186046511628
17248.280512225214	750	7.757519133746009	0.0	401088	808.3389197697969	0.011075677	0.1744186046511628
17249.238984062165	750	7.968586322385115	0.0	365161	788.9328113608943	0.010923792	0.1744186046511628
17250.36515611795	750	7.7452698835864355	0.0	321064	723.3164387986795	0.011169955	0.1744186046511628
17251.2480551992	750	7.50024811805322	0.0	361565	745.0217655332153	0.010506326	0.1744186046511628
17252.368962094035	750	7.7737332760474604	0.0	378327	726.5148420057603	0.010366351	0.1744186046511628
17253.366425402077	750	7.897197681841204	0.0	390680	876.535594206255	0.009781679	0.1744186046511628
17254.22387265475	750	7.703937945770467	0.0	345516	693.2597360707368	0.00957368	0.1744186046511628
17255.049298942282	750	7.943318574606377	0.0	384505	760.6193711640896	0.008940214	0.1744186046511628
17256.28265387747	750	7.674044584295661	0.0	372093	769.2739903107155	0.00903218	0.1744186046511628
17257.362214445602	750	7.781304696367337	0.0	438281	892.7398879283252	0.00852567	0.1744186046511628
17258.264002307424	750	7.993821119861121	0.0	398987	787.4835765062174	0.008228229	0.1744186046511628
17259.062762379675	750	7.73659322639092	0.0	393804	757.2278934702014	0.007929489	0.1744186046511628
17260.11482684091	750	7.556327094716662	0.0	331053	680.2661316742583	0.00766694	0.1744186046511628
17261.06180877883	750	7.938735328683819	0.0	314107	617.591766032844	0.007664242	0.1744186046511628

