14076.202043650186	750	4.0	2.855960794164828	450283	2855.9607941648283	0.11176683	-12.106212810257599
14077.011055634388	300	7.1909880157968455	0.0	155580	809.011984203154	0.11404753	-0.3802325581395349
14078.189709313912	300	7.679147574754576	0.0	139857	511.8404410422698	0.68334436	0.06976744186046512
14081.05276112215	750	7.5860282469405105	0.0	382355	2093.1193278140645	0.29364493	-0.2755813953488372
14083.856475428032	750	7.6241373628621645	0.0	411561	2461.8908840783456	0.15101169	0.1744186046511628
14086.76538786354	750	7.775592879809337	0.0	318564	2348.5444830528263	0.09211594	0.1744186046511628
14088.693549430542	750	7.816696058236427	0.0	352642	1458.8968215729105	0.11900084	0.1744186046511628
14090.75927224797	750	7.763466988886754	0.0	437162	2053.2290693496725	0.04911411	0.1744186046511628
14092.077978778605	750	7.590360578508986	0.0	374758	1173.1064103777687	0.045212038	0.1744186046511628
14094.306694196252	750	7.888802925063021	0.0	362795	1701.5576534459651	0.051228352	0.1744186046511628
14096.961633958552	750	7.58991199276418	0.0	353220	1798.8909322988413	0.041714724	0.1744186046511628
14099.810722008342	750	7.743392320869996	0.0	405134	2346.519671894185	0.041790746	0.1744186046511628
14102.530761545278	750	7.7596568224489	0.0	386351	1983.7354984210965	0.037929475	0.1744186046511628
14104.82767635127	750	7.579351424361492	0.0	434409	2180.305398087408	0.044823922	0.1744186046511628
14107.927151805809	750	7.567918381994079	0.0	337059	2511.4330423674123	0.044789277	0.1744186046511628
14111.648355515228	750	7.846714672574966	0.0	366214	2721.203709419112	0.06620251	0.1744186046511628
14114.112592738089	750	7.9092191505402845	0.0	360831	2437.495522034683	0.054795023	0.1744186046511628
14116.948252523829	750	7.724760098532151	0.0	372963	2684.4590520081333	0.066317596	0.1744186046511628
14119.711550806749	750	7.568711261988228	0.0	405596	2156.0488365439237	0.08572456	0.1744186046511628
14123.308286887008	750	7.971975181728787	0.0	350713	3096.7360802594408	0.07469583	0.1744186046511628
14127.431984808312	750	7.607119055894435	0.0	386472	3864.856125834353	0.08861566	0.1744186046511628
14130.696280097447	750	7.7293922709118394	0.0	399894	2877.7267849825953	0.20357528	0.1744186046511628
14134.596860524687	750	7.828811843670446	0.0	401853	3900.580427241393	0.1521852	0.1744186046511628
14138.916643890621	750	7.5090284777370035	0.0	343800	3319.783365933442	0.32605952	0.1744186046511628
14142.750686606583	750	7.6749857617745665	0.0	359903	3334.042715962437	0.402048	0.1744186046511628
14146.018304728746	300	7.781664274088527	0.0	153938	1893.3214876860397	0.35988083	-0.3802325581395349
14149.559155944045	300	7.91338697892661	0.0	181901	1868.2772951619183	0.6565331	0.06976744186046512
14152.169934266936	750	7.5292847775999725	0.0	277716	2384.1022013266384	0.6691147	-0.2755813953488372
14155.38699790231	750	7.679090963195253	0.0	400396	2350.193814404721	0.29361308	0.1744186046511628
14159.705073448538	750	7.361015416965973	0.0	400508	4318.07554622928	0.09618816	0.1744186046511628
14167.00527347302	750	4.060815392483989	0.0	358218	7300.200024481984	0.395657	0.1744186046511628
14168.103250785807	300	6.962838079698006	0.0	157488	1097.9773127859826	0.017392742	-0.3802325581395349
14171.448311316457	750	7.576869138107048	0.0	369834	2385.968941590959	0.35923365	-0.2755813953488372
14174.396121337695	750	7.852509984017615	0.0	412837	2224.3591540894313	0.6312766	0.1744186046511628
14176.993334215575	750	7.750628978652206	0.0	401088	2101.881005365408	0.33616	0.1744186046511628
14178.997751988723	750	7.906085956834442	0.0	365161	1344.543021817765	0.059636064	0.1744186046511628
14181.855500604324	750	7.797149115200066	0.0	321064	1108.9368416343773	0.054337244	0.1744186046511628
14183.469192427994	750	7.604709061847456	0.0	361565	1192.4400533526093	0.025062606	0.1744186046511628
14184.764077193819	750	7.522892545093919	0.0	378327	1081.8165167535376	0.03599582	0.1744186046511628
14186.335077716942	750	7.8089264030683445	0.0	390680	1213.9661420255732	0.034276184	0.1744186046511628
14187.596348341835	750	7.596808252669335	0.0	345516	1212.1181503990103	0.031809278	0.1744186046511628
14189.519173839051	750	7.514971722307726	0.0	384505	1581.836530361608	0.0320664	0.1744186046511628
14191.268236464613	750	7.500934911954584	0.0	372093	1514.036810353141	0.035304688	0.1744186046511628
14194.790337262164	750	7.632397478284665	0.0	438281	2868.537433669919	0.03699156	0.1744186046511628
14197.57401753645	750	7.577338975081729	0.0	398987	2555.0585032029358	0.046790607	0.1744186046511628
14200.195940047895	750	7.565688628900605	0.0	393804	2511.650346181125	0.06543016	0.1744186046511628
14201.93895420422	750	7.629317590370541	0.0	331053	1436.3710385300647	0.073844895	0.1744186046511628
14203.905483977825	750	7.9743742959639405	0.0	314107	1654.9432944066007	0.060389683	0.1744186046511628

