13864.781916201424	750	4.0	1.3915974527875299	450283	1391.5974527875298	0.008190634	0.21084025472124698
13866.886433653592	1200	5.895482547833153	0.0	611087	2104.517452166847	0.9815874	-0.0919840859771126
13869.080078236153	1200	7.701837965271076	0.0	571051	2193.644582562078	0.20181601	0.46200041457323443
13871.397474492827	1200	7.983019575921768	0.0	617681	2218.8183893493087	0.2526862	0.4770568845601797
13874.152267318035	1200	7.689912144650912	0.0	652874	2293.107431270856	0.26245862	0.4513087659135964
13875.818055286303	1200	7.707860824134863	0.0	520315	1482.0513205160496	0.24339113	0.5335361694568239
13877.846708482468	1200	7.935402607128661	0.0	561791	1772.4582170062022	0.21858653	0.5187168412449211
13880.685059599013	1200	7.699324447836305	0.0	709534	2736.0781592923568	0.28383046	0.4075999620605334
13883.13708309177	1200	7.939449222983625	0.0	584846	2259.8752248526803	0.35488224	0.4702280539512086
13884.141215638234	300	7.868457083703219	0.0	139105	570.992139280407	0.3990087	-0.4653206461965895
13885.683606918537	300	7.598831694843386	0.0	141840	769.6253888598334	0.03490569	0.3979644420417283
13886.513805796802	300	7.580115153733428	0.0	156148	518.7165411099575	0.028397404	0.4218855429973435
13887.503193197432	300	7.856162593395635	0.0	160746	723.9525603377921	0.048948307	0.418614906053448
13888.71621533094	300	7.567368970636675	0.0	179801	788.7936227589588	0.041041844	0.3940811983888963
13889.5316162746	300	7.521782811431052	0.0	140051	545.5861592056223	0.042046912	0.41555280979387854
13890.262379505668	300	7.976308492725541	0.0	138313	545.4743187055124	0.048890732	0.4439718489247951
13891.051409299833	300	7.769438161523704	0.0	143509	706.8703312018382	0.055885047	0.41490285197504767
13892.226311607086	300	7.968066705978968	0.0	150616	801.3714555447353	0.048611887	0.41786702356921196
13893.113855501568	300	7.741060117842806	0.0	165384	727.0065881361628	0.0354575	0.4111155985515591
13894.008003940855	300	7.609254646721674	0.0	140881	631.8054711211327	0.051645372	0.4123978683079914
13894.78535753774	300	7.971749299012289	0.0	157671	637.5053477093855	0.047873795	0.4344837964173295
13895.675867755017	300	7.791418329261578	0.0	157812	680.3309697507115	0.050937027	0.4189305486037775
13896.6980674445	300	7.730408098733103	0.0	163927	561.0102305284754	0.050786056	0.4270494831179714
13898.006532888885	300	7.566770058316593	0.0	137654	663.6380404165094	0.07710421	0.40655932460313615
13898.613174960072	300	7.530862739009779	0.0	146754	535.9073193068149	0.050316237	0.4170881892574297
13899.859479107852	300	7.948077998158158	0.0	153938	582.7847408516211	0.0655894	0.4384764007997228
13900.962914155694	300	7.598120263552195	0.0	181901	849.9577346059637	0.07142019	0.3898867430114158
13901.598856031389	300	7.5868880108215455	0.0	111155	511.23225273065	0.054425944	0.4230572754032816
13902.978102984991	300	7.889619255004264	0.0	153605	697.268755817282	0.050623238	0.4233743278560383
13903.682506788202	300	7.738406428290691	0.0	149029	651.2128267135731	0.050275087	0.4185291190968109
13904.791463335123	300	7.595523714578594	0.0	157421	642.8827137120963	0.059503302	0.4104319607899525
13905.692989106932	300	7.797797783778533	0.0	157488	797.7259308000623	0.057466976	0.4075897684061521
13906.420263865119	300	7.5710603251892135	0.0	143881	726.7374585893197	0.04826249	0.4005175244653939
13907.813970904472	300	7.889475402811489	0.0	163444	681.5849223777238	0.04808247	0.4249337204379457
13909.515663543949	750	7.599690146060202	0.0	401088	1289.7852567512875	0.058808662	-0.003997891546366095
13912.82866383281	1200	7.56914373149379	0.0	598727	2030.5464145664123	0.9471345	0.020016841761720694
13915.681607676675	1200	7.833898660707789	0.0	487812	2235.2450707860003	0.2634964	0.46609415921563685
13919.978773275368	1200	7.5367330620147435	0.0	575591	4297.165598693046	0.35609758	0.24132925650661674
13924.449177577499	1200	7.066328759883043	0.0	605884	4470.4043021317	0.5198931	0.19460511727952018
13927.024289987035	1200	7.616406877567472	0.0	587506	2449.9218823155716	0.58115417	0.4310332416164098
13928.261276783376	300	7.955508805007106	0.0	147968	660.8980725603649	0.45101255	-0.4688705069430924
13929.483075032433	300	7.687654071369514	0.0	161857	767.8547336375934	0.034141064	0.4036929060968353
13930.53834747737	300	7.521989558610672	0.0	145210	665.6645127588414	0.044765748	0.4035578961372829
13931.30927222046	300	7.511331181653353	0.0	172312	510.6583769573189	0.06358656	0.41839236115760264
13932.939375003814	300	7.62141301154372	0.0	167025	889.9181701096329	0.21797925	0.3873464962105192
13933.877697637212	300	7.822343915467216	0.0	160064	799.0690960765031	0.15626696	0.4089895851090507
13935.512841095911	300	7.724399011777478	0.0	137507	597.9449036897387	0.16096735	0.42298044786711847
13936.801159558505	300	7.603839015486408	0.0	118421	620.5599962910691	0.2775433	0.4131839388387936

