7657.03935370959	750	4.0	2.342534869962582	450283	2342.534869962582	0.016475888	0.2617663781200209
7658.110041784719	300	6.929311924870432	0.0	155580	1070.6880751295678	0.08381727	0.2993594742063635
7659.620333931376	300	7.625777333623237	0.0	139857	1303.5345912471955	0.012785684	0.8120687386034038
7660.689664099458	300	7.989491065436625	0.0	155432	636.2862681866109	0.0108665265	0.9237020009789734
7661.583664727252	300	7.8640126824031285	0.0	163442	625.4783830334959	0.017716354	0.9092897335637316
7662.163506469473	300	7.893352957521883	0.0	126289	470.65972488124476	0.022002377	0.9283942992611454
7663.020740108907	300	7.749327127425037	0.0	153295	644.0258300968475	0.021005983	0.8932745440481275
7664.923567008128	300	7.644517553833413	0.0	173849	1104.8095735916236	0.021498254	0.8342551311989825
7666.005259316868	300	7.927680095678253	0.0	150710	716.8374581551594	0.019637596	0.9080149633325727
7667.029603815017	300	7.827935252795995	0.0	139105	599.7448428822589	0.023308076	0.9074085383471783
7667.692111365461	300	7.788981310007533	0.0	141840	538.9539427884606	0.024129186	0.9086779105410512
7668.61549088438	300	7.734068344825278	0.0	156148	554.9129651822554	0.030794818	0.9003017994695728
7670.785461466258	300	7.648316349855181	0.0	160746	585.7519949700993	0.03259073	0.88662993367114
7671.990424322948	300	7.972944286463927	0.0	179801	675.3720633912516	0.030564465	0.9177503590130355
7673.108266572739	300	7.653818543917623	0.0	140051	819.1257425463041	0.03274697	0.8639719253373555
7674.531759143909	300	7.866430449954947	0.0	138313	787.3880939626767	0.023146383	0.8933972888544169
7675.643596433622	300	7.778564100951269	0.0	143509	587.8663490036784	0.023433536	0.9025004371944401
7676.312239582958	300	7.6112279298394565	0.0	150616	667.3361711118127	0.027471457	0.8738921379060239
7677.381922624129	300	7.942039988964941	0.0	165384	669.1879408745149	0.026014403	0.9145529585480404
7678.874227007899	300	7.746135332929192	0.0	140881	695.9046560357498	0.027149418	0.8876925644835284
7680.346687747261	300	7.863104831914936	0.0	157671	1383.0305010142563	0.023457374	0.8334224277296143
7682.101661540124	300	7.940332983107597	0.0	157812	922.771848807339	0.018274097	0.888983800476903
7683.522147182561	300	7.561191176866742	0.0	163927	879.1418062408547	0.018376475	0.8465334408082885
7685.556040806375	300	7.664916268707902	0.0	137654	896.2749081588394	0.01902596	0.8576272660803563
7686.625177148686	300	7.834157407729923	0.0	146754	830.7588609779796	0.018092781	0.8850753979071696
7688.457848619948	300	7.942010465215266	0.0	153938	892.1469425146574	0.017543912	0.8922534130301896
7690.124494141391	300	7.95894992586775	0.0	181901	1483.0605393475169	0.0160501	0.8352536009503844
7692.730281318453	300	7.762848895384152	0.0	111155	696.1010304835992	0.015205791	0.8897365825597454
7694.215144739996	300	7.595260224401947	0.0	153605	1167.5886709822043	0.014284512	0.8218953247903789
7696.598793945176	300	7.952072944591747	0.0	149029	1143.1872798102	0.014147134	0.8683918128737413
7699.247167610685	300	7.503117151023033	0.0	157421	1448.9557935687153	0.014356406	0.7823815310380053
7701.136982433519	300	7.577918713576735	0.0	157488	1425.1984374462968	0.0129218595	0.7939931586367412
7703.548431293829	300	7.664502380614824	0.0	143881	1413.4163329619105	0.012502413	0.8058620200456359
7706.114584384917	300	7.6154421942440855	0.0	163444	2049.060186370737	0.011996251	0.7362400796659517
7708.781211154895	300	7.9206752186145675	0.0	179328	2194.766975629517	0.010053837	0.7593571060172563
7713.3547850895975	300	7.347101283912267	0.0	159914	4573.5739347023	0.010212301	0.45065613943213484
7716.758144345394	300	7.943742028116285	0.0	131610	2903.3592557959832	0.00785276	0.6913459810850598
7720.948164629513	300	7.613128344979648	0.0	124011	1330.613683136637	0.00696526	0.8077990345954449
7724.710859257901	300	7.601484350276645	0.0	144254	2511.643994703002	0.0075510964	0.6882582971436888
7728.61674433501	300	7.69559927316759	0.0	149991	2905.885077109054	0.0069796955	0.6604547384272187
7730.323556016179	300	7.905661345479967	0.0	147968	1289.9379276876246	0.0064342334	0.847986219181484
7731.250462538754	300	7.98564496093436	0.0	161857	920.0163845456065	0.006926342	0.8948541034645043
7732.9605472819885	300	7.929047577330745	0.0	145210	1056.597383603616	0.010350397	0.8742078163626689
7734.5146979737565	300	7.8237159017628635	0.0	172312	1105.3316755678811	0.010388259	0.8563288837370465
7735.969858694936	300	7.760545068272719	0.0	167025	1063.1708334901455	0.0114634745	0.8527451443195728
7738.046420801062	300	7.8082590255545785	0.0	160064	1452.2860427181408	0.01308745	0.8197249569553078
7739.486584146135	300	7.6953153037220545	0.0	137507	1112.9437218325234	0.012876718	0.8397138117043398
7740.465125070369	300	7.764654715225832	0.0	118421	930.6605884962216	0.013251853	0.8665035947879658

