10025.347739242963	750	4.0	2.5585548523374078	450283	2558.5548523374077	0.009024689	0.2401643798825383
10026.27918682934	300	7.068552413622195	0.0	155580	931.447586377805	0.071888484	0.3304758125251546
10028.814136060093	300	7.951078993763625	0.0	139857	1117.4734198585697	0.013783088	0.870840473859225
10030.334215293073	300	7.899777244570827	0.0	155432	1051.301749192799	0.012067571	0.8711233158383721
10031.65109686373	300	7.945725191575121	0.0	163442	954.0520529957066	0.013454912	0.8865215663501501
10032.629444060603	300	7.5929663567692005	0.0	126289	852.7588348059186	0.016057974	0.8530950801843703
10034.738576049778	300	7.586194519365701	0.0	153295	1006.7718374034996	0.013586989	0.8368576482092632
10035.91230202577	300	7.585511654955128	0.0	173849	1000.6828644105742	0.014824588	0.8373822309338039
10037.791199005582	300	7.737584677891222	0.0	150710	847.9269770639054	0.016098501	0.8714345666500468
10039.81340229198	300	7.586968026565424	0.0	139105	1150.6166513257972	0.01722726	0.8225686732303157
10042.702126308563	300	7.553399321510022	0.0	141840	2033.5687050554027	0.015021147	0.7301286756440162
10044.357054553262	300	7.808512907372717	0.0	156148	1244.8864141373053	0.0126431845	0.8404962670870259
10045.753313716334	300	7.575404193420365	0.0	160746	1233.108713952351	0.013665586	0.8128916583734089
10049.389142459557	300	7.939575450197597	0.0	179801	2635.828743222769	0.013232331	0.7175845769981806
10055.578704978772	750	5.750012930982642	0.0	337059	6189.5625192149555	0.011247758	-0.3568589433170593
10057.640255410552	300	7.6884624992020845	0.0	138313	2061.550431780557	0.036616273	0.29400701182946704
10059.825088316293	300	7.546092156149039	0.0	143509	1642.3703430530459	0.0078083724	0.7683462821621777
10062.443460445418	300	7.643137325230126	0.0	150616	1402.9548309189136	0.007977791	0.8042701860009185
10066.264267885288	300	7.550442254399808	0.0	165384	1592.695070830317	0.008362508	0.7738509243350358
10069.40836492047	300	7.732449988078941	0.0	140881	1817.9922663208683	0.008732248	0.773794047753134
10071.57526111771	300	7.962054211937975	0.0	157671	1270.395776140965	0.0070121624	0.8569033694090773
10074.547726430139	300	7.829071818723593	0.0	157812	1632.982393214383	0.008477525	0.8042251172827287
10077.87184057413	300	7.686756191985522	0.0	163927	1642.315626738072	0.007872342	0.785719811318374
10080.801048181045	300	7.698051718702367	0.0	137654	1488.7044732831548	0.008933388	0.8024756069502894
10083.528786952449	300	7.609433809218641	0.0	146754	1588.617909483726	0.0087481495	0.7815424405645248
10085.718359776665	300	7.714207904369694	0.0	153938	1895.225904848946	0.008783901	0.7638182989367603
10088.613307220525	300	7.813907580123274	0.0	181901	1400.3003242464204	0.008381082	0.8256209666379373
10091.876349447059	300	7.849710064963718	0.0	111155	964.1975151595555	0.009624436	0.8736518488221257
10095.374175279663	300	7.905219437347772	0.0	153605	1944.4906276159443	0.009881871	0.7824763859464205
10097.359227860557	300	7.884360763895878	0.0	149029	1520.8586734518933	0.008649154	0.8222641210595074
10099.98198568159	300	7.510078811599935	0.0	157421	1874.2819522959435	0.008973762	0.7407084847108885
10103.953076068286	300	7.53898842490449	0.0	157488	2471.0903866954445	0.008535664	0.6845971665152872
10106.6795361934	300	7.830541490063734	0.0	143881	1708.4469348407567	0.008113882	0.796860126251205
10109.307732461895	300	7.680450003452335	0.0	163444	1650.0914866113985	0.008029115	0.7841635881722633
10110.732192172067	300	7.972272486808979	0.0	179328	1208.1775166433565	0.0086752465	0.8643868652996117
10112.471217315317	300	7.76590104094862	0.0	159914	1206.3714458603592	0.010850681	0.8390863952721427
10114.716818876503	300	7.594427132549479	0.0	131610	1171.4739083991406	0.010662469	0.8214039376043728
10116.45762886262	300	7.686085999385287	0.0	124011	908.3411331641935	0.010168879	0.8590345107136675
10119.501589744112	300	7.750339904114746	0.0	144254	1435.7460952705417	0.011376839	0.8142275670055719
10121.34115163379	300	7.824666371387499	0.0	149991	1425.6735327272481	0.01059594	0.8244120543234368
10122.841197776022	300	7.721587497745866	0.0	147968	1103.0788736416314	0.011485194	0.84394417456512
10125.57513769002	300	7.718101218042839	0.0	161857	1503.4862797030273	0.012526307	0.8034729763365378
10127.368300153334	300	7.54174678453356	0.0	145210	1176.3544335092802	0.012924876	0.8144113417726677
10131.041564901967	300	7.868482035900381	0.0	172312	2173.2647486331784	0.012960316	0.7550629366277075
10134.453454735729	300	7.862573498738119	0.0	167025	3005.9085371622623	0.011022573	0.6710690193912974
10135.858786572415	300	7.5278981521940445	0.0	160064	1334.6753465440736	0.009705083	0.7968693333487191
10137.735282405974	300	7.849978585485856	0.0	137507	1177.9195667081888	0.011277267	0.8523127984096762
10139.836677151477	300	7.528569303160238	0.0	118421	1321.4092823256167	0.011565256	0.7982788080639369

