16964.821456337595	750	4.0	1.5985734190571195	450283	1598.5734190571195	0.058848314	-6.123865701945613
16967.598036321066	1200	5.2234200165289835	0.0	611087	2776.579983471017	0.51434344	0.75
16970.326838865403	1200	6.494617472191659	0.0	571051	2728.8025443373244	0.32722217	1.2
16972.308941156312	750	8.512515181283769	0.0	382355	1982.1022909078902	0.55037504	0.3
16974.041135972995	750	10.780320364602492	0.0	411561	1732.194816681277	0.2890396	0.75
16975.627470998832	1200	13.193985338766053	0.0	520315	1586.3350258364396	0.38482136	0.75
16977.629815435943	1200	15.191640901653036	0.0	561791	2002.3444371130167	0.004705182	1.2
16979.852904975327	1200	16.968551362266492	0.0	709534	2223.089539386544	0.004705182	1.2
16981.675531404187	1200	19.145924933410004	0.0	584846	1822.626428856486	0.004705182	1.2
16983.81739954327	1200	21.00405679432452	0.0	560821	2141.8681390854886	0.004705182	1.2
16986.093645500652	1200	22.727810836941142	0.0	607410	2276.245957383376	0.004705182	1.2
16988.464297888328	1200	24.357158449265263	0.0	594078	2370.652387675882	0.004705182	1.2
16990.905607028755	1200	25.915849308835444	0.0	624282	2441.3091404298193	0.004705182	1.2
16993.20003399515	1200	27.621422342444625	0.0	687371	2294.4269663908194	0.004705182	1.2
16995.065457446468	1200	29.75599889112475	0.0	526950	1865.4234513198767	0.011123118	1.2
16997.477791110327	1200	31.343665227264676	0.0	587876	2412.333663860074	0.017591352	1.2
16999.932368498572	1200	32.8890878390209	0.0	617242	2454.577388243773	0.0115987575	1.2
17002.34037615394	1200	34.48108018364897	0.0	581493	2408.007655371932	0.017635603	1.2
17005.144575837534	1200	35.6768805000556	0.0	639204	2804.1996835933633	0.013820201	1.2
17007.504590320095	1200	37.31686601749279	0.0	586839	2360.014482562812	0.020333488	1.2
17009.932498994393	1200	38.88895734319724	0.0	601738	2427.9086742955546	0.070382886	1.2
17011.82587751533	1200	40.99557882225846	0.0	616206	1893.378520938776	0.13294192	1.2
17013.958905622938	1200	42.862550714652336	0.0	656471	2133.0281076061233	0.67216843	1.2
17019.71456550623	2850	41.10689083135833	0.0	1323990	5755.65988329401	0.24732536	1.2000000000000002
17025.866223251403	2850	38.95523308618852	0.0	1383735	6151.657745169809	0.004705182	2.85
17031.847901389465	2850	36.97355494812794	0.0	1480464	5981.678138060583	0.004705182	2.85
17037.443152542153	2850	35.378303795439486	0.0	1547572	5595.251152688459	0.004705182	2.85
17042.02308284999	2850	34.79837348759979	0.0	1141971	4579.930307839689	0.004705182	2.85
17049.304506152614	2850	31.516950184973716	0.0	1498470	7281.423302626074	0.004705182	2.85
17054.351414418867	2850	30.470041918723204	0.0	1561263	5046.908266250513	0.004705182	2.85
17061.169958993287	2850	27.65149734430307	0.0	1341201	6818.5445744201315	0.004705182	2.85
17069.072591345182	2850	23.74886499240481	0.0	1497683	7902.6323518982645	0.004705182	2.85
17075.88438490567	2850	20.937071431917342	0.0	1358081	6811.793560487464	0.011357156	2.85
17083.04339554972	2850	17.778060787863595	0.0	1587293	7159.010644053747	0.069103576	2.85
17088.947766203848	2850	15.873690133737478	0.0	1492672	5904.370654126118	0.6008972	2.85
17094.129793371787	2850	14.691662965797775	0.0	1439896	5182.027167939702	0.10272516	2.85
17098.295655974867	2850	14.525800362714973	0.0	1139291	4165.862603082802	0.0132701695	2.85
17104.38279930486	2850	12.43865703272391	0.0	1499009	6087.143329991065	0.006880088	2.85
17109.92246700449	2850	10.898989333097099	0.0	1427478	5539.667699626811	0.2244945	2.85
17115.80499022231	2850	9.01646611527828	0.0	1402287	5882.523217818818	0.5493777	2.85
17118.088643481584	1200	10.732812856004983	0.0	566904	2283.6532592732983	0.0781525	-0.44999999999999996
17121.058978315752	1200	11.762478021836822	0.0	641452	2970.3348341681603	0.004705182	1.2
17123.748150344985	1200	13.073305992600568	0.0	599477	2689.172029236254	0.004705182	1.2
17126.41667652108	1200	14.404779816508254	0.0	634861	2668.526176092313	0.0049616704	1.2
17129.315132534528	1200	15.506323803058452	0.0	630203	2898.456013449802	0.051936336	1.2
17132.07998973147	1200	16.741466606117093	0.0	638661	2764.8571969413583	0.13749494	1.2
17137.441902912105	2850	15.379553425478287	0.0	1231456	5361.913180638807	0.2679151	1.2000000000000002
17143.530657259118	2850	13.290799078465437	0.0	1364537	6088.754347012852	0.004705182	2.85

