16016.79067098445	750	4.0	1.384287999087403	450283	1384.287999087403	0.004705182	-5.68154101038209
16018.14340092788	750	5.725778989683334	0.0	398865	1274.2210103166653	0.64934266	0.29429745465176893
16020.102762139884	750	5.785352931298421	0.0	350812	1440.4260583849139	0.51865304	0.26033963896798074
16021.931236158303	750	5.945583517983543	0.0	382355	1339.7694133148777	0.56372863	0.27989891116574256
16023.15395945715	750	5.7235741138629015	0.0	411561	1222.0094041206414	0.54262453	0.30687161550106906
16024.749187292971	750	5.616317162414653	0.0	318564	1107.2569514482498	0.47201467	0.33867477599441964
16026.246494980987	750	5.851648731992247	0.0	352642	1264.668430422405	0.5600389	0.29652040881161895
16029.004850559155	750	5.673790571706173	0.0	437162	2177.8581602860736	0.5327575	0.17218752205182256
16029.647482491182	300	5.597723319382338	0.0	150710	576.0672523238362	0.6189548	-0.18961373538435838
16032.353006688763	750	5.828243593844488	0.0	362795	1769.4797255378498	0.6999099	-0.23807329940668565
16033.498935500127	300	5.753301357384584	0.0	141840	1074.9422364599036	0.62163955	-0.3104576181749138
16037.000688357964	300	5.807918277917727	0.0	156148	1945.3830794668563	0.62460417	0.07710563620256654
16040.256273830177	300	5.888310459596117	0.0	160746	1919.6078183216098	0.3138675	0.07814096117359588
16044.221640991722	300	5.518615720119951	0.0	179801	2869.694739476167	0.052628893	0.05227036797209342
16046.423891572182	300	5.685326631373753	0.0	140051	1833.289088746198	0.027926613	0.0818201564176582
16050.266651462656	300	5.842566740899323	0.0	138313	1342.7598904744302	0.009966062	0.11171021793553969
16052.348908358777	300	5.797298893332543	0.0	143509	2045.267847566781	0.030671582	0.07334002740934512
16056.03513217942	300	5.582681602637518	0.0	150616	1714.617290695025	0.008784362	0.08748307906028235
16059.096438603712	300	5.7428316602665745	0.0	165384	1839.8499423709432	0.00929624	0.08152838801989516
16061.14254840412	300	5.985504934223478	0.0	140881	1257.3267260430976	0.0059305206	0.11930073297022911
16063.204739546774	300	5.888800943028909	0.0	157671	1096.7039911945683	0.011609871	0.13677346048190703
16064.496284267661	300	5.81077215831464	0.0	157812	1078.02878471427	0.029580735	0.13914285233093965
16066.158439096409	300	5.716452669076893	0.0	163927	1094.3194892377473	0.033365592	0.13707148732632288
16067.079576384764	300	5.824801742355445	0.0	137654	891.6509267214469	0.0532633	0.16822726865943158
16068.407101446302	300	5.755782397151987	0.0	146754	1069.0193452034575	0.052573916	0.1403155150306955
16071.04810374946	300	5.769534108541344	0.0	153938	1486.2482886106432	0.042602766	0.10092526339607846
16072.316598491272	300	5.717663701909001	0.0	181901	1051.8704066323435	0.016342856	0.14260311826837901
16073.482224249175	300	5.653163038546923	0.0	111155	1064.5006633620783	0.04798031	0.14091113811638756
16074.981489156387	300	5.719093079711111	0.0	153605	934.069958835813	0.014761873	0.16058754334306385
16076.618742636781	300	5.793063789702621	0.0	149029	926.0292900084889	0.0316822	0.1619819174387291
16077.915569952547	300	5.620262193511407	0.0	157421	1172.801596191214	0.04115438	0.1278988709489648
16079.631729823113	300	5.669195228017015	0.0	157488	951.0669654943921	0.017039645	0.15771760080219552
16081.229336065739	300	5.672938477738586	0.0	143881	996.2567502784293	0.029678877	0.15056359714308454
16083.00606962238	300	5.755246484092888	0.0	163444	917.6919936456991	0.017289585	0.16345353456130482
16084.628097983292	300	5.503753042134696	0.0	179328	1251.4934419581903	0.03310901	0.11985680065993601
16086.620081715491	300	5.693028716511079	0.0	159914	810.7243256236167	0.015097592	0.18501973514192832
16087.743366048164	300	5.822016238963118	0.0	131610	871.0124775479611	0.03288145	0.17221337680749868
16088.901838871552	300	5.688915769331916	0.0	124011	1133.1004696312032	0.021606695	0.1323801410556483
16090.669860061404	300	5.857591274784025	0.0	144254	831.3244945478905	0.0071398737	0.1804349576895077
16092.885488384782	300	5.898125489747101	0.0	149991	1459.4657850369242	0.015754135	0.10277733232108968
16095.336723713712	300	5.7455891084524175	0.0	147968	1152.536381294684	0.0055284393	0.1301477354072761
16097.83474112528	300	5.695929909985813	0.0	161857	2049.659198466604	0.0055773184	0.0731828979726085
16099.314561446872	300	5.735198765241395	0.0	145210	960.7311447444177	0.004705182	0.15613108914034876
16100.649322846772	300	5.7723626677141	0.0	172312	962.8360975272958	0.0047802567	0.15578975527114322
16101.749001023725	300	5.508486216424635	0.0	167025	763.8764512894653	0.008217758	0.19636683359827597
16102.59677585177	300	5.787499712732682	0.0	160064	720.9865036919532	0.011388354	0.20804827723112082
16103.460389993475	300	5.724086832557103	0.0	137507	563.4128801755805	0.023900717	0.2662345950508877
16104.053375063038	300	5.6526949380418205	0.0	118421	571.3918945152818	0.020966124	0.2625168495385233

