17993.350817699826	750	4.0	9.971750996673139	450283	9971.75099667314	0.12192279	-43.45058509906967
17996.83444160906	300	4.516376090767351	0.0	155580	3483.623909232648	0.004705182	-0.3476101105429838
17999.119439824608	300	6.23137787521933	0.0	139857	2284.998215548021	0.004705182	0.38732336064902395
18001.111984346368	300	7.930292189365249	0.0	155432	1801.085685854082	0.004705182	0.5992370778510774
18003.765189368703	300	7.97441915340288	0.0	163442	1455.8730359623705	0.0127942385	0.638005614076036
18005.189157712026	300	7.5561008699752055	0.0	126289	918.3182834276734	0.012043813	0.6514974715766245
18007.428079833462	300	7.559464925057331	0.0	153295	996.6359449178739	0.06852275	0.6439894996132578
18009.107238932094	300	7.991028401999536	0.0	173849	1068.4365230577946	0.3711838	0.6783479247202724
18011.64781891707	750	7.9510997306988065	0.0	374758	2039.9286713007286	0.71384645	0.15142433001796218
18015.636247184957	750	7.9626714628085855	0.0	362795	3988.428267890221	0.33853412	0.40768816293482185
18019.087820044748	750	7.561424790295896	0.0	353220	2401.2466725126897	0.2672268	0.5277858669804363
18022.662910509847	750	7.986334325196949	0.0	405134	3575.0904650989464	0.09726689	0.45129952103899035
18027.58109712184	750	7.068147713203608	0.0	386351	4918.186611993341	0.2856676	0.2286133848449518
18030.171037732878	300	7.57997901127114	0.0	179801	1988.168701932468	0.16666865	0.09681072839459198
18033.311939857558	300	7.535414008382861	0.0	140051	1044.5650028882803	0.014115688	0.636881665318107
18035.6515242436	300	7.87879037150694	0.0	138313	1156.6236368759203	0.20515788	0.6587261733181652
18038.930511398168	300	7.960777125856126	0.0	143509	1418.0132456508156	0.22615631	0.6404785322052963
18042.124867510476	300	7.819086081411373	0.0	150616	2141.6910444447526	0.05861021	0.5544728257074827
18046.32484891196	300	7.619104679927001	0.0	165384	2699.9814014843714	0.01741795	0.47939534922040505
18049.011611167185	300	7.9970467392882965	0.0	140881	2622.057940638704	0.004797238	0.5235650548747475
18053.046089228454	300	7.962568678017822	0.0	157671	3534.4780612704753	0.004705182	0.4290044896073455
18057.03965682042	300	7.969001086051314	0.0	157812	1993.567591966509	0.004705182	0.5837146632375576
18060.331763282837	300	7.794322795854061	0.0	163927	3174.678290197253	0.0053129178	0.4487906063066773
18063.817035080552	300	7.765401035556673	0.0	137654	3028.9217602973877	0.004705182	0.4605825064761733
18065.534498561938	300	7.604844303921261	0.0	146754	1660.5567316354109	0.004705182	0.581965238550309
18067.55024272699	300	7.990425567771013	0.0	153938	1114.4187361502484	0.004705182	0.6736916799205241
18069.25837295661	300	7.807023157910458	0.0	181901	1183.4024098605548	0.018893292	0.6491406188515875
18073.454121685056	300	7.611274429467803	0.0	111155	1195.7487284426554	0.14442888	0.6290649458773959
18076.45830271979	300	7.989422210202507	0.0	153605	1621.8522192652968	0.023186823	0.6228517572846155
18078.401697682857	300	7.653889150405601	0.0	149029	1335.533059796906	0.028584953	0.619188228833426
18079.793046798477	300	7.9971455207287905	0.0	157421	1156.7436296768103	0.025904711	0.6701059937986334
18083.008747957214	300	7.661597736332722	0.0	157488	1835.5477843960687	0.28279275	0.5699287166690092
18086.466878740575	300	7.582609031821979	0.0	143881	1578.9887045107414	0.051569298	0.5879818706512956
18089.675993305744	300	7.6976227221643585	0.0	163444	1884.9863096576207	0.06374517	0.5684523106221058
18091.33191366415	300	7.751726661214503	0.0	179328	1445.8960609498558	0.021990601	0.6175689020926264
18092.293719238012	300	7.5308360755139185	0.0	159914	720.8905857005852	0.102150545	0.6688084757127489
18094.71062159072	750	7.892842402741532	0.0	321064	1637.9936727723864	0.15205957	0.1860104947934102
18098.45527675925	750	7.939969091440287	0.0	361565	2452.8733113012445	0.27529955	0.5590585291383029
18102.589510820293	750	7.805735030399375	0.0	378327	3134.2340610409115	0.057992954	0.4780022708080601
18106.443025686294	750	7.701985614035366	0.0	390680	3603.749416364009	0.19157843	0.4210647341659347
18108.840573619644	300	7.648094314677912	0.0	147968	1553.8912993574543	0.69575715	0.1467946452481037
18110.382637891908	300	7.51889048604335	0.0	161857	1129.2038286345605	0.018881392	0.6268273746409263
18112.411018811064	300	7.731130310278295	0.0	145210	1787.7601757650564	0.28527042	0.5814000680538024
18114.522250365306	300	7.775824885855309	0.0	172312	1455.3054244229854	0.09756391	0.6189474476898033
18118.941772234335	300	7.356303016825022	0.0	167025	4419.521869030287	0.16798827	0.2821463389723303
18124.153581500006	300	6.144493751157043	0.0	160064	5211.809265667978	0.004705182	0.08627955838322132
18128.168587693086	300	6.129487558072929	0.0	137507	4015.006193084114	0.004705182	0.2045155022317327
18131.67761971293	300	6.620455538229244	0.0	118421	3509.0320198436852	0.004705182	0.30236915449711965

