1085.4718567977018	750	4.0	2.6661221575738243	450283	2666.122157573824	0.0047829095	-11.323671557356345
1087.7479231259815	300	5.723933671720184	0.0	155580	1276.066328279816	0.6320191	-0.3324512514155863
1091.7272578598345	300	5.7445989378673366	0.0	139857	2479.334733852847	0.5273848	0.060500100269600295
1095.5447730966616	300	5.927083701040296	0.0	155432	3317.515236827041	0.11103924	0.045214562493905514
1114.3587340286028	2850	4.0	12.886877230901193	1472558	18813.96093194149	0.033758093	-57.88783046647573
1116.3671504893146	750	5.577291420981807	0.0	318564	1922.7085790181925	0.90802026	-1.9049626427570792
1117.7209179207348	300	5.878261669968219	0.0	153295	699.0297510135883	0.007897297	-0.23541685846346164
1119.3897099798555	300	5.696234490111237	0.0	173849	1182.02717985698	0.055989165	0.1269006352444022
1122.7981358001696	300	5.780403938536083	0.0	150710	915.8305515751541	0.02482263	0.1637857568105936
1125.6979297428884	750	5.996804639696125	0.0	362795	2783.599298839958	0.70995677	-0.3152823342223581
1127.0963990029668	300	5.780667364996349	0.0	141840	716.1372746997762	0.0058921063	-0.24054295133166476
1128.5906688886564	300	5.889698362340836	0.0	156148	890.9690026555128	0.70221007	0.16835602535321478
1130.3714526570302	300	5.895956910171088	0.0	160746	1493.7414521697472	0.70453715	0.1004189846791198
1132.886316233522	300	5.872046275227205	0.0	179801	1523.9106349438823	0.26570514	0.09843096869359647
1134.5354121390458	300	5.622974798039195	0.0	140051	1249.0714771880093	0.3500958	0.12008920445264648
1135.315408980482	300	5.567988662988906	0.0	138313	554.986135050289	0.051917907	0.27027702230148154
1136.432586632991	300	5.826905075517512	0.0	143509	741.083587471395	0.58034456	0.20240631763524222
1139.681376976237	750	5.985556926878173	0.0	372963	2841.34814863934	0.47897908	-0.31802039722602127
1143.9045268875248	300	5.697703035157916	0.0	165384	3287.8538917202563	0.6543467	-0.40437753472630206
1147.927245308681	300	5.674984614001595	0.0	140881	3022.7184211563213	0.010474658	0.04962420546688516
1150.5459878237882	300	5.569620643584598	0.0	157671	2605.363970416997	0.004871	0.05757352972682432
1152.4126933767955	300	5.827957044026261	0.0	157812	1241.6635995583365	0.004705182	0.12080566753616313
1155.547193128646	300	5.793228254525268	0.0	163927	1534.7287895009947	0.011165853	0.09773713833098248
1159.440724916879	300	5.899696466292587	0.0	137654	2893.5317882326794	0.008588048	0.05183976226216525
1162.248516410106	300	5.602452032970214	0.0	146754	2297.2444333223743	0.004705182	0.0652956201892123
1163.516452970404	300	5.898757316173586	0.0	153938	703.6947167966292	0.004705182	0.2131606169829333
1165.1837585122282	300	5.672225476512201	0.0	181901	1226.5318396613834	0.017469095	0.122296050660545
1165.9522598934584	300	5.50336160362855	0.0	111155	668.8638728836526	0.022611463	0.22426087890396823
1167.7171893654668	300	5.890715612247534	0.0	153605	1612.6459913810158	0.038968295	0.09301483450285641
1169.2159743800198	300	5.642464878684788	0.0	149029	748.2507335627455	0.009001812	0.20046756156961598
1170.788381409276	300	5.746528452051818	0.0	157421	895.9364266329694	0.035097674	0.16742259332363235
1172.7241141280515	300	5.7118973844757095	0.0	157488	1534.6310675761076	0.057480462	0.09774336201659165
1175.2017799963733	300	5.513615271114577	0.0	143881	1198.2821133611315	0.009156739	0.12517920306701086
1176.5919604071828	300	5.788216947990039	0.0	163444	1225.3983231245388	0.010823386	0.1224091768116083
1177.384127420312	300	5.6095245567679575	0.0	179328	678.6923912220805	0.008327616	0.22101323359453617
1178.5409103976258	300	5.7928702646545664	0.0	159914	816.6542921133913	0.081247844	0.1836762525447827
1180.1355126460326	300	5.5106334735164	0.0	131610	782.2367911381659	0.055507146	0.19175779214085267
1183.658611468628	300	5.525266757473005	0.0	124011	2485.3667160433943	0.02557858	0.060353266595118034
1187.2366833613257	300	5.947194864775207	0.0	144254	3078.0718926977984	0.004705182	0.04873180524335688
1191.4013475428144	300	5.782530683286332	0.0	149991	2664.6641814888753	0.004705182	0.056292271664862406
1193.51996673017	300	5.523455151352902	0.0	147968	1259.0755319334294	0.004705182	0.11913502899199449
1196.750932879271	300	5.557744014213438	0.0	161857	1465.7111371394642	0.004705182	0.10233940112698163
1200.3991536392718	300	5.909523254212647	0.0	145210	3148.220760000792	0.004705182	0.04764595987225568
1203.1626845962658	300	5.844495599696925	0.0	172312	2565.0276545157208	0.004705182	0.058478901674188816
1204.7119294784638	300	5.594124843236885	0.0	167025	750.3707564600412	0.004705182	0.19990118046129882
1205.870441522475	300	5.989305893600495	0.0	160064	1104.8189496363902	0.004705182	0.13576885158366164
1209.0684906592655	300	5.712127791342362	0.0	137507	777.1781022581322	0.004705182	0.19300595264350223
1210.4631583830762	300	5.895229484853328	0.0	118421	1316.898306489034	0.006306613	0.11390401161644222

