362.5595719703198	750	4.0	2.566216384271528	450283	2566.216384271528	0.00516343	-10.28473045236757
363.46941327395984	300	7.0901586963599605	0.0	155580	909.8413036400393	0.5143366	-0.15000000000000002
364.1584706369643	300	10.401101333355498	0.0	139857	689.0573630044631	0.018638577	0.3
365.5365245718258	750	13.02304739849401	0.0	382355	1378.0539348614893	0.51364416	0.3
367.7665370880513	1200	14.793034882268536	0.0	652874	2230.012516225473	0.00915163	0.75
369.4082944680878	1200	17.151277502232002	0.0	520315	1641.7573800365333	0.004705182	1.2
371.19982447973905	1200	19.359747490580734	0.0	561791	1791.5300116512678	0.004705182	1.2
373.8457066656598	1200	20.713865304660036	0.0	709534	2645.8821859206964	0.004705182	1.2
375.70139803285133	1200	22.8581739374685	0.0	584846	1855.6913671915374	0.004705182	1.2
377.5148317706236	1200	25.044740199696303	0.0	560821	1813.4337377721974	0.004705182	1.2
379.6092791638741	1200	26.95029280644577	0.0	607410	2094.4473932505316	0.005704877	1.2
382.3688959331898	1200	28.19067603713007	0.0	594078	2759.6167693157017	0.012109898	1.2
385.4724976770501	1200	29.08707429326972	0.0	624282	3103.6017438603503	0.004846162	1.2
388.1733790574731	1200	30.38619291284676	0.0	687371	2700.8813804229576	0.004705182	1.2
390.29342746973276	1200	32.2661445005871	0.0	526950	2120.048412259657	0.0065021785	1.2
392.6295562446734	1200	33.93001572564649	0.0	587876	2336.1287749406115	0.007834865	1.2
395.3220291700073	1200	35.23754280031257	0.0	617242	2692.472925333916	0.019756144	1.2
397.47551196539735	1200	37.08406000492252	0.0	581493	2153.4827953900563	0.018812055	1.2
400.2676359771099	1200	38.291935993209975	0.0	639204	2792.1240117125412	0.055893473	1.2
402.9966006854293	1200	39.56297128489057	0.0	586839	2728.964708319409	0.041768152	1.2
406.54763969322534	1200	40.011932277094566	0.0	601738	3551.039007796005	0.04373043	1.2
409.75466006876445	1200	40.804911901555435	0.0	616206	3207.02037553913	0.0072382707	1.2
413.41316302144367	1200	41.14640894887628	0.0	656471	3658.502952679162	0.008128274	1.2
417.6480830695565	1200	40.9114889007634	0.0	536667	4234.920048112873	0.008593314	1.2
424.7084934063149	1200	37.85107856400501	0.0	587236	7060.410336758394	0.004705182	1.2
429.6835977099512	1200	36.87597426036875	0.0	590335	4975.104303636261	0.022381745	1.2
437.6871513156955	1200	32.87242065462444	0.0	696376	8003.5536057443105	0.012203521	1.2
441.85748803271076	1200	32.70208393760919	0.0	487160	4170.336717015252	0.37175176	1.2
445.52704363774006	1200	33.03252833257987	0.0	622896	3669.5556050293108	0.051039137	1.2
448.81240652641816	1200	33.747165443901785	0.0	641447	3285.362888678089	0.007555743	1.2
451.63469446814986	1200	34.92487750217011	0.0	570392	2822.2879417316685	0.004705182	1.2
454.70165967562775	1200	35.857912294692206	0.0	620283	3066.9652074779065	0.004705182	1.2
457.1447881639267	1200	37.41478380639328	0.0	584349	2443.1284882989253	0.004705182	1.2
460.8407784529733	1200	37.71879351734661	0.0	670129	3695.9902890466706	0.035661742	1.2
464.8621585344965	1200	37.697413435823435	0.0	690253	4021.3800815231734	0.009495835	1.2
468.6124516358919	1200	37.94712033442809	0.0	598727	3750.2931013953425	0.009756541	1.2
471.64937220860475	1200	38.91019976171519	0.0	487812	3036.9205727129042	0.050650828	1.2
475.87173787836446	1200	38.6878340919555	0.0	575591	4222.365669759689	0.11195094	1.2
484.11563791420457	1200	34.44393405611541	0.0	605884	8243.900035840094	0.07495281	1.2
488.42432922652085	1200	34.13524274379912	0.0	587506	4308.691312316289	0.0057800245	1.2
491.84314765606285	1200	34.71642431425712	0.0	566904	3418.818429541999	0.005799802	1.2
497.00509804010125	1200	33.55447393021872	0.0	641452	5161.9503840383995	0.0713978	1.2
501.5399058924608	1200	33.01966607785918	0.0	599477	4534.807852359544	0.042035397	1.2
506.6313078352112	1200	31.928264135108737	0.0	634861	5091.401942750439	0.04040899	1.2
512.4435942686449	1200	30.11597770167506	0.0	630203	5812.2864334336755	0.011868015	1.2
519.7862675643917	1200	26.773304405928204	0.0	638661	7342.673295746856	0.009056068	1.2
523.6326044123279	1200	26.92696755799208	0.0	538612	3846.336847936124	0.004705182	1.2
527.1933414978766	1200	27.366230472443224	0.0	550906	3560.737085548854	0.1010604	1.2

