11867.554455805068	750	4.0	1.5823407749373364	450283	1582.3407749373364	0.6256188	-6.537180123432138
11869.143007808165	750	6.411447996900855	0.0	398865	1588.5520030991447	0.3885243	0.49836873984193303
11872.583082875992	1850	6.9713729290753585	0.0	877771	3440.0750678254976	0.22961779	-0.6740552989580201
11876.319329332833	1850	7.235126472234145	0.0	933276	3736.2464568412124	0.021036934	0.4217141451883607
11880.35040801841	1850	7.2040477866570285	0.0	996749	4031.0786855771175	0.029153105	0.3892395629458093
11883.659962688416	1850	7.8944931166511685	0.0	801058	3309.554670005859	0.024531964	0.5278481246744577
11887.574971324888	1850	7.97948448017967	0.0	905515	3415.008636471499	0.015675576	0.5254832448950209
11892.031897071656	1850	7.52255873341037	0.0	1060487	4456.9257467693	0.01348433	0.37731190319114966
11895.656929857736	1850	7.599933270533893	0.0	852833	3422.625462876477	0.027010169	0.4881893201120076
11899.818983580788	1850	7.43787954748254	0.0	913888	4162.053723051353	0.013330661	0.3986486361503093
11903.788568844177	1850	7.468294284093981	0.0	939819	3969.5852633885584	0.10945863	0.42082293563103534
11908.158733534106	1850	7.098129594164046	0.0	917428	4370.164689929935	0.0629685	0.345136214194319
11912.051351327827	1850	7.205511800444075	0.0	946851	3892.617793719972	0.5040438	0.4032265651488168
11916.081012438759	1850	7.175850689511868	0.0	1036454	4029.661110932207	0.10570684	0.38666731725487785
11920.359535211237	1850	6.8973279170339135	0.0	821631	4278.522772477954	0.058351412	0.3349730126784406
11923.659820528868	750	7.597042599402499	0.0	366214	2800.285317631415	0.70451564	-0.6086897422820785
11926.741122697937	750	7.82404052633582	0.0	360831	2273.002073066679	0.1306212	0.5658873947241339
11928.713528451346	750	7.981987669031536	0.0	372963	1842.0528573042857	0.059891976	0.6241849111440663
11931.0576515859	750	7.985102645158035	0.0	405596	1996.8850238735015	0.049629726	0.6090015145357426
11934.168227187338	750	7.503433837778686	0.0	350713	2481.668807379348	0.045089282	0.5141619573600364
11938.195911614448	750	7.475749410668655	0.0	386472	4027.684427110031	0.09463971	0.35689573731433466
11940.009674627894	300	7.8871635670300835	0.0	157812	1088.585843638571	0.3810047	0.21633588237834747
11942.040241297384	300	7.844468793339415	0.0	163927	1542.6947736906693	0.6105623	0.6168155681117931
11944.111594852453	300	7.637727963703211	0.0	137654	1706.7408296362016	0.15683341	0.5805119189703545
11946.335831319622	300	7.922916088036021	0.0	146754	1214.811875667189	0.034173273	0.6571545006006874
11948.759280583294	300	7.54590375675082	0.0	153938	1377.012331285202	0.12715632	0.6046465828698598
11951.2031757024	300	7.612174610941598	0.0	181901	1433.7291458092227	0.049204305	0.6053535476469042
11955.05989368558	300	7.503898624848581	0.0	111155	1608.2759860930169	0.10256458	0.5774771749461021
11958.59203111506	300	7.971761195368556	0.0	153605	3532.137429480026	0.007758038	0.4301233431946984
11962.602908002693	300	7.960884307736447	0.0	149029	3010.876887632109	0.004705182	0.4812024843868956
11966.362557257891	300	7.571787870738554	0.0	157421	1889.096436997895	0.004705182	0.5559295481546361
11968.248066709497	300	7.974309482535327	0.0	157488	1597.4783882032261	0.004705182	0.623834522904327
11972.078871576612	300	7.822922666677697	0.0	143881	2651.3868158576292	0.0054660933	0.5038725243276411
11974.268912745887	300	7.6926110691704075	0.0	163444	1630.3115975072901	0.004705182	0.5934374044502241
11976.29103256446	300	7.971415898266769	0.0	179328	1221.1951709036373	0.004705182	0.6611843338076245
11977.583330987156	300	7.590729101255729	0.0	159914	880.6867970110402	0.016014554	0.6585936274593601
11979.594655653536	300	7.555872528405769	0.0	131610	1034.8565728499607	0.34581053	0.6398216644947038
11982.32178560098	300	7.575541663450298	0.0	124011	980.330864955471	0.082809426	0.6471674122413575
11984.14470703016	300	7.522480466603	0.0	144254	1053.061196847299	0.08151453	0.6347871775933617
11985.706671814418	300	7.636428142642017	0.0	149991	886.0523239609818	0.16045843	0.6624556602600169
11988.99112170066	750	7.827159515668833	0.0	345516	2309.2686269731835	0.57663286	0.11256094565784183
11991.536174650077	750	7.807223618094311	0.0	384505	2519.935897574521	0.4470209	0.5395753654389985
11993.764279131594	750	7.590729855758396	0.0	372093	2216.4937623359137	0.5262376	0.5490818043832945
11997.666763442145	750	7.688245545206998	0.0	438281	3902.4843105513983	0.30094725	0.38986874725875087
11999.588589104584	300	7.9343802718527225	0.0	167025	1253.8652733542763	0.066479735	0.204352601760408
12002.27823345622	300	7.828538342576689	0.0	160064	1105.8419292760325	0.04802321	0.6589675282747056
12004.513894323914	300	7.902609057909603	0.0	137507	1425.9292846670855	0.06936193	0.634088184605374
12006.202675170078	300	7.528084445842112	0.0	118421	874.5246120674916	0.009545028	0.6531802255432293

