1652.134487743814	750	4.0	4.948165992489615	450283	4948.165992489616	0.0065811416	0.00120326586731756
1653.5412735504085	300	6.593214193405611	0.0	155580	1406.7858065943897	0.03089441	0.22425107136900838
1656.0915141110554	300	7.580569855539265	0.0	139857	1012.6443378663465	0.008237235	0.8355759101631588
1658.4482831417565	300	7.585983494513897	0.0	155432	1494.5863610253682	0.009814667	0.7880501402050389
1660.86640663524	300	7.923013053959893	0.0	163442	1662.9704405540053	0.009644633	0.8128254165260049
1662.766829076045	300	7.510378288522417	0.0	126289	1412.6347654374738	0.010401377	0.786910180385104
1666.6641178652953	300	7.613089499272004	0.0	153295	3897.288789250413	0.008437199	0.5511267276302521
1670.4702678531662	300	7.607552823495409	0.0	173849	2005.5366757765948	0.007571875	0.7396183150306053
1672.1340055990563	300	7.840990530297364	0.0	150710	1266.5622931980456	0.008084424	0.8423387533969119
1673.6258290988465	300	7.958666549648402	0.0	139105	1382.3239806489626	0.009741186	0.8452922678164798
1676.056925350441	300	7.977868212021783	0.0	141840	1480.7983376266181	0.009992395	0.837815698095135
1679.4087806469201	300	7.942089444465965	0.0	156148	1535.7787675558193	0.0092185335	0.8278999822452049
1682.6000556009951	300	7.524490293890227	0.0	160746	2417.5991505757374	0.008376626	0.6881561781632515
1685.8568890625656	300	7.682911402854681	0.0	179801	2341.5788910355463	0.008037772	0.7153187614214825
1689.1972441149283	300	7.970361243040943	0.0	140051	3212.5501598137375	0.007540321	0.6637136160592806
1691.3912652450133	300	7.9872530384226135	0.0	138313	1483.1082046183292	0.006874959	0.8387434738601549
1693.64180307967	300	7.762440621977887	0.0	143509	1224.8124164447265	0.007915785	0.8368150336653383
1695.5656239080422	300	7.578392983647504	0.0	150616	1184.0476383303842	0.008846449	0.8181667975810119
1698.1785352164686	300	7.90182387675538	0.0	165384	1676.5691068921237	0.009210586	0.8088492816584503
1699.8393892546499	300	7.599567982281889	0.0	140881	1302.2558944734897	0.008801328	0.8089604895452737
1701.8955887938225	300	7.835767284549372	0.0	157671	1763.8006977325174	0.008327116	0.7919699888015027
1704.368470143485	300	7.680526054288375	0.0	157812	1655.241230260997	0.008621638	0.7836580039494765
1706.783291235918	300	7.881935529622362	0.0	163927	1798.5905246660132	0.008488469	0.7941914876240839
1710.8472063797667	300	7.818020385773816	0.0	137654	2063.9151438485464	0.009198802	0.7597673006571379
1713.9104041027067	300	7.921494380111669	0.0	146754	1896.5260056621464	0.0082235895	0.7892823464506868
1716.7832142529555	300	7.693425125476202	0.0	153938	2228.069254635467	0.008122273	0.7279678745010643
1722.0481694181722	300	6.428469960259415	0.0	181901	5264.9551652167875	0.0071570715	0.268092849966862
1724.2570924707231	300	7.888856521599038	0.0	111155	1539.613438660377	0.0061673904	0.8209437443404048
1726.6495682758973	300	7.862273425957344	0.0	153605	1526.5830956416946	0.0062965164	0.8189645129832226
1728.9573746716135	300	7.926316511365388	0.0	149029	1435.9569145919565	0.006962098	0.8359346533259284
1730.7657243171773	300	7.543066429145773	0.0	157421	1383.2500822196168	0.007966287	0.7938847159457243
1733.2624526207574	300	7.577252073527588	0.0	157488	1465.8143556181835	0.008176246	0.7898492554977353
1734.9097264816044	300	7.919072174085084	0.0	143881	1158.1798994425048	0.00777197	0.8628178826620795
1736.8416289144275	300	7.652667943375802	0.0	163444	1266.4042307092823	0.009487186	0.8191020096716355
1738.8794235882178	300	7.8565196550374825	0.0	179328	1296.14828833832	0.009388456	0.841297564613998
1741.320985899123	300	7.581561701811108	0.0	159914	1274.9579532263738	0.011531872	0.8094670137832465
1742.4621847404333	300	7.5342644789951665	0.0	131610	1047.2972228159424	0.012199398	0.8263932082672667
1743.8255444808149	300	7.7395354130516045	0.0	124011	794.729065943562	0.012048985	0.8769952187631145
1746.1229705232315	300	7.6601377770623476	0.0	144254	1079.397635989256	0.013658253	0.8387249837949727
1747.2687372137175	300	7.581268587032985	0.0	149991	1078.8691900293634	0.013456713	0.8290396986607107
1749.578762553909	300	7.914704672165659	0.0	147968	1166.5639148673247	0.014304288	0.8614402173047586
1752.0293269826007	300	7.796153098981853	0.0	161857	1118.551573183806	0.013815424	0.8516036620022224
1753.4775703134937	300	7.858037947289187	0.0	145210	1438.115151692666	0.014967308	0.8272883447266152
1756.2727173803444	300	7.580528474464038	0.0	172312	1777.50947282515	0.013456924	0.7590842872667789
1759.1660950992318	300	7.752658388533033	0.0	167025	1827.8700859310059	0.012809368	0.7753014356447527
1762.6018009599843	300	7.532559269635094	0.0	160064	1720.0991188979388	0.012535433	0.7589024731981661
1764.4672654936394	300	7.812630354734847	0.0	137507	1219.9289149002466	0.012048107	0.8435004061111521
1765.8865384000335	300	7.910761806415232	0.0	118421	901.8685483196153	0.012479726	0.8874229207845936

