8277.318087960875	750	4.0	2.7039540741785544	450283	2703.9540741785545	0.012458645	0.22562445769842365
8278.178314837489	300	7.139773123385195	0.0	155580	860.2268766148045	0.004705182	0.3463916407454998
8279.327089167535	300	7.882476524359732	0.0	139857	757.2965990254636	0.004705182	0.8983876778430143
8280.475733932595	300	7.638892959638957	0.0	155432	743.5835647207746	0.004705182	0.8696832526838416
8283.073741939346	300	7.70741959938308	0.0	163442	1431.4733602558763	0.004705182	0.8093553883967368
8284.993662497702	300	7.880726557603299	0.0	126289	826.6930417797812	0.004705182	0.8912319618253542
8287.534668376173	300	7.671837443406074	0.0	153295	2208.889114197226	0.004705182	0.7272204161532476
8289.350166209446	300	7.980146823105504	0.0	173849	1191.690620300569	0.004705182	0.8670078142960905
8290.979616619945	300	7.977325305391839	0.0	150710	1002.8215177136642	0.004705182	0.8855463463665222
8291.959223149259	300	7.5708364298779545	0.0	139105	906.4888755138852	0.004705182	0.8449896517168263
8293.099210557439	300	7.897401528888648	0.0	141840	673.4349009893057	0.004705182	0.9086166664998865
8294.047738085887	300	7.6114140230096	0.0	156148	785.9875058790477	0.004705182	0.8620499817089213
8296.734842642767	300	7.994131817854362	0.0	160746	1117.282205155237	0.004705182	0.8761754098585678
8300.291000881069	300	7.960963874565372	0.0	179801	2033.1679432889898	0.004705182	0.7804915266536092
8301.687901845267	300	7.939008582872284	0.0	140051	1021.955291693089	0.004705182	0.8789019299583585
8303.416960851935	300	7.901951863342314	0.0	138313	1037.056719529971	0.004705182	0.8728163231433287
8305.083999681781	300	7.664433553836747	0.0	143509	737.518309505567	0.004705182	0.8734433242173498
8308.939249677831	300	7.8091835577872155	0.0	150616	3355.2499960495325	0.004705182	0.6295427153851003
8313.212879545661	300	7.535553689958033	0.0	165384	3273.629867829183	0.004705182	0.6039191251091438
8315.772269528516	300	7.850058952640784	0.0	140881	1685.4947373172488	0.004705182	0.8015652044350913
8318.869581416015	300	7.543350660259577	0.0	157671	1306.7082923812063	0.004705182	0.8015739894887788
8321.870858586784	300	7.8130138342848845	0.0	157812	1730.3368259746928	0.004705182	0.7925069639571551
8323.255522126203	300	7.6611521702222944	0.0	163927	1151.8616640625899	0.004705182	0.8316038300511249
8324.475740919455	300	7.707443754173777	0.0	137654	953.7084160485175	0.004705182	0.8571348652556761
8326.746361755733	300	7.850388586637473	0.0	146754	1357.0551675363038	0.004705182	0.834449861953182
8328.30080628311	300	7.9299490953199925	0.0	153938	920.4394913174798	0.004705182	0.887934917741568
8329.644087789864	300	7.785310859871879	0.0	181901	1144.6382354481148	0.004705182	0.8476562837771007
8330.698086170873	300	7.85263327152126	0.0	111155	932.6775883506207	0.004705182	0.8771647754073113
8333.326153174743	300	7.68926016141547	0.0	153605	2163.3731101057892	0.004705182	0.7339232328759596
8334.457248138506	300	7.781059659915384	0.0	149029	908.2005015000879	0.004705182	0.8707751533828548
8336.265802311951	300	7.523229851823872	0.0	157421	1257.829808091513	0.004705182	0.8039774832191454
8337.617364584728	300	7.502810855112649	0.0	157488	1020.4189967112205	0.004705182	0.8251973917819089
8340.63535960034	300	7.60438499983998	0.0	143881	898.4258552726693	0.0047154324	0.8499382598357994
8344.387604835785	300	7.852139764393634	0.0	163444	3252.245235446346	0.004741179	0.6451470764288585
8348.461371840516	300	7.606163402420336	0.0	179328	3245.976361973299	0.004744158	0.6154027919335279
8352.12046463289	300	7.947070610046932	0.0	159914	2159.0927923734043	0.0047368878	0.7661836138042077
8355.470324682647	300	7.740582369734501	0.0	131610	1706.4882403124323	0.004762037	0.7859485710701695
8357.643708137115	300	7.970576513722	0.0	124011	1770.0058560124994	0.0048188297	0.8079946263220996
8360.133993714406	300	7.822122586305246	0.0	144254	1648.4539274167541	0.0048401635	0.8018199288453913
8362.181271543457	300	7.52439940621653	0.0	149991	1297.723180088717	0.004880923	0.8001325531370593
8363.463359632708	300	7.54813272907138	0.0	147968	976.2666771451499	0.0048915297	0.8352086021942844
8364.945880196781	300	7.599783100588198	0.0	161857	948.349628483182	0.005221824	0.8443776772129982
8366.923736843166	300	7.802940278691612	0.0	145210	796.8428218965859	0.006128749	0.8846125631901894
8368.80827831772	300	7.956176529658509	0.0	172312	846.763749033104	0.008124369	0.8985408434477504
8370.489317298605	300	7.589545787475101	0.0	167025	866.6307421834075	0.011182759	0.8512855452140403
8372.523807232787	300	7.6645049637359755	0.0	160064	925.0408237391256	0.014534641	0.8546998899108231
8373.891500623116	300	7.800382890792327	0.0	137507	864.1220729436477	0.017541701	0.8775688725105542
8375.576514021019	300	7.8746617740344425	0.0	118421	925.7211167578839	0.0203419	0.8805803239013987

