7556.999037653649	750	4.0	2.3226168467032533	450283	2322.6168467032535	0.057018794	0.10494761765525606
7558.014884942897	300	6.984152710752376	0.0	155580	1015.8472892476235	0.2717831	-0.08019146357250631
7559.159492723978	300	7.846080878652669	0.0	139857	1138.0718320997075	0.013263116	0.4114565926360536
7560.838328537283	300	7.864930927415087	0.0	155432	981.1499512375821	0.010365113	0.4283269087699173
7563.625749781905	300	7.910063231348077	0.0	163442	1454.8676960670107	0.014275439	0.3837759032827863
7566.986606790392	300	7.660911568182022	0.0	126289	1249.1516631660538	0.011348316	0.38877552762500356
7569.874274096674	300	7.712930487552389	0.0	153295	2447.981080629634	0.010090462	0.27214376833929343
7575.006551829115	300	6.580652755111442	0.0	173849	5132.277732440946	0.0076998253	-0.06705325511939692
7577.853094246732	300	7.6283635110485335	0.0	150710	1452.2892440629075	0.007866893	0.3664275159644751
7580.095125669034	300	7.954474467724631	0.0	139105	1173.8890433239021	0.0074528214	0.41464947083063175
7582.542490194754	300	7.774863346654145	0.0	141840	1179.6111210704862	0.008354124	0.40285156798906796
7585.070842118424	300	7.634564058543839	0.0	156148	2140.299288110306	0.00923348	0.29801404577819185
7587.424196496359	300	7.84691320165548	0.0	160746	1787.650856888361	0.005774879	0.34655071034486395
7589.561581809113	300	7.746072329652281	0.0	179801	1600.8408720031985	0.0057980292	0.3589291543331803
7591.446475231431	300	7.6868978102689685	0.0	140051	1059.1745193833115	0.007526239	0.4093973821337119
7593.1142328985825	300	7.505878518760212	0.0	138313	1181.019291508757	0.008693945	0.3858991992018701
7595.236365882634	300	7.528181209756127	0.0	143509	977.6973090040839	0.008100421	0.40762531563958204
7597.48269641792	300	7.512233708136708	0.0	150616	1015.9475016194185	0.008902669	0.40280357752683493
7599.187737944785	300	7.864904456787299	0.0	165384	1647.3292513494084	0.009411839	0.3617073243444978
7601.086242740097	300	7.894508206389284	0.0	140881	1470.396250398015	0.008143049	0.3812508587897613
7603.625944351666	300	7.8437117493623685	0.0	157671	1550.7964570269155	0.007667347	0.370036059562689
7605.981755255522	300	7.6202588747046445	0.0	157812	2223.452874657723	0.0077964896	0.2888046131335005
7608.435802388679	300	7.614414255975482	0.0	163927	2005.8446187291631	0.0071915817	0.31020015005578383
7610.993458043411	300	7.7646876905731075	0.0	137654	1349.7265654023736	0.0065745665	0.3852040450508144
7613.909960279567	300	7.65040108855994	0.0	146754	1614.2866020131682	0.006737793	0.3516051287639119
7616.100957067444	300	7.741010559392935	0.0	153938	1909.3905291670055	0.006590836	0.3277578279755904
7618.193109590801	300	7.610737364869232	0.0	181901	1630.2731945237024	0.005732673	0.34752748678218925
7619.117388857383	300	7.9095374484952625	0.0	111155	701.1999163739704	0.0062788604	0.4591098198237894
7621.141815459909	300	7.898863769836698	0.0	153605	1010.6736786585641	0.007820569	0.4274953386791697
7623.242816050637	300	7.850240022405898	0.0	149029	1048.6237474307993	0.008401575	0.4206613475875213
7626.127159981992	300	7.554256444877082	0.0	157421	1795.9835775288159	0.008344539	0.32742639098216864
7627.984188004496	300	7.77992258703834	0.0	157488	1274.333857838743	0.0069771903	0.3936954968362545
7630.371322642935	300	7.967702345151214	0.0	143881	1312.2202418871261	0.008041227	0.40164309331347087
7633.07069394433	300	7.6354738737302466	0.0	163444	1332.2284714209677	0.008046234	0.37887799089627616
7634.909034909047	300	7.8148748493581115	0.0	179328	1320.5990243721349	0.008480033	0.39125349657790104
7637.017189446213	300	7.829668574447356	0.0	159914	985.2062749107554	0.008843074	0.4257173793421168
7638.787598855145	300	7.780937939109179	0.0	131610	1048.7306353381773	0.009950932	0.4163192785907385
7640.687226934842	300	7.871963315057827	0.0	124011	908.9746240513515	0.008840772	0.43598396571621156
7641.89641094873	300	7.842698040436892	0.0	144254	1029.2652746209346	0.009164207	0.42212582099544477
7643.227488144694	300	7.662118874088028	0.0	149991	680.5791663488632	0.010800429	0.44570823392584796
7644.477253572976	300	7.6274851222542965	0.0	147968	1034.6337518337307	0.018132279	0.40813816588775303
7646.60920631108	300	7.7790745679272275	0.0	161857	848.4105543270687	0.015276761	0.4362348259929774
7648.003019017713	300	7.853939382498371	0.0	145210	925.1351854288574	0.020123126	0.43324141379349496
7651.256227049474	300	7.651674027220746	0.0	172312	1702.2653552776244	0.02022599	0.3428868121037667
7654.87097993802	300	7.549768949688525	0.0	167025	2101.9050775322203	0.016789474	0.29655377253254334
7657.774643291571	300	7.60936125492055	0.0	160064	1940.4076947679741	0.014535049	0.3164280298859695
7658.932849843642	300	7.611885793776532	0.0	137507	997.4754611440196	0.014258672	0.4108790369268638
7662.658429831133	300	7.509461254994936	0.0	118421	602.4245387815952	0.021796744	0.44398259548925656

