6193.78645252299	750	4.0	7.229722006325715	450283	7229.722006325715	0.004705182	-31.03593541291102
6196.269020489734	300	5.517432033254713	0.0	155580	2482.567966745287	0.011314979	-0.389578693510392
6200.019698465738	300	5.766754057251941	0.0	139857	2250.6779760027725	0.010375476	0.06664658454000673
6204.090331355187	300	5.69612116780253	0.0	155432	3570.632889449411	0.02216455	0.04200935930524347
6207.812202023787	300	5.97425049920257	0.0	163442	3721.8706685999605	0.0095427185	0.04030231390507313
6212.0560226789075	300	5.730429844082222	0.0	126289	2743.820655120347	0.059542123	0.054668296092924056
6215.3958114183615	300	5.565181522077304	0.0	153295	2165.2483220049185	0.004705182	0.0692761188061363
6217.925151114337	300	5.832781897164138	0.0	173849	2232.399624913166	0.0068293647	0.06719227074132597
6219.447136028647	300	5.825259456439408	0.0	150710	1507.5224407247306	0.0104035055	0.09950100638494547
6220.738149572321	300	5.721983969095993	0.0	139105	1103.2754873434158	0.022218864	0.1359587897318248
6223.041863551737	300	5.778995978953072	0.0	141840	1442.9879901429217	0.046111334	0.10395096911731272
6225.603752676875	300	5.983414439619771	0.0	156148	1795.5815393333007	0.043213256	0.08353839506263525
6228.200343273874	300	5.753272838623689	0.0	160746	1230.141600996082	0.036076948	0.12193718176715639
6230.108443113661	300	5.667447440580582	0.0	179801	1585.8253980431064	0.060768176	0.09458796673650112
6231.942274534634	300	5.701668993916966	0.0	140051	1465.7784466636147	0.05958339	0.10233470163340715
6235.920551673643	300	5.626556892466057	0.0	138313	2075.112101450909	0.039083436	0.07228525143057124
6239.758441766593	300	5.788666799516605	0.0	143509	2337.890092949452	0.012713618	0.06416041560395251
6243.083472388732	300	5.941679029851638	0.0	150616	2346.9877696649673	0.006835654	0.06391170927209924
6247.030518920959	300	5.994632497625322	0.0	165384	3947.0465322263167	0.0061698714	0.03800309896914062
6249.651249691978	300	5.726811890316197	0.0	140881	1767.8206073091237	0.004705182	0.08485023841209856
6252.727751014237	300	5.945016196591978	0.0	157671	1281.7956937242195	0.004705182	0.11702332964169931
6256.132695382682	300	5.784896888635801	0.0	157812	2160.119307956176	0.0072980244	0.06944060888096242
6260.05725992159	300	5.860332349727613	0.0	163927	2924.564538908189	0.0048155375	0.05128968706431715
6264.219279043246	300	5.698313228071196	0.0	137654	3662.0191216564167	0.004705182	0.04096100949143911
6268.230874892109	300	5.686717379208528	0.0	146754	3511.5958488626675	0.004705182	0.042715621744621284
6270.935052359346	300	5.986130916149043	0.0	153938	2200.5864630594865	0.004705182	0.06816364751760504
6275.206469532103	300	5.7147137433909085	0.0	181901	3271.4171727581347	0.004705182	0.0458516881457631
6277.859219074059	300	5.715843041880229	0.0	111155	1498.8707015106797	0.004705182	0.1000753432893299
6279.8835682513245	300	5.725607887970345	0.0	153605	1490.2351539098843	0.004705182	0.10065525538466168
6281.979393849336	300	5.53475209564267	0.0	149029	1690.855792327676	0.004705182	0.08871247369564622
6285.870106729069	300	5.526880534617063	0.0	157421	2007.8715610256065	0.004705182	0.07470597368458223
6288.856212011562	300	5.96524864372544	0.0	157488	1561.6318908916226	0.004705182	0.09605336627337743
6292.2584678862695	300	5.961357378171697	0.0	143881	1003.8912655537436	0.004705182	0.14941857265513753
6295.364311006966	300	5.852618089020502	0.0	163444	2608.7392891511954	0.0060302615	0.05749903818438118
6298.487527043538	300	5.78956194833719	0.0	179328	3063.056140683311	0.004705182	0.04897069890679111
6302.210396684434	300	5.553207066333683	0.0	159914	3236.3548820035076	0.004705182	0.04634843997922149
6305.884803139955	300	5.878800610813224	0.0	131610	3174.4064555204586	0.004705182	0.04725292809909146
6310.177991047654	300	5.585612703113913	0.0	124011	2793.1879076993105	0.004705182	0.05370207983019367
6313.921109625363	300	5.581107965765258	0.0	144254	3004.504737348655	0.004705182	0.0499250336121515
6315.87293441656	300	5.669502504646674	0.0	149991	1911.6054611185837	0.004705182	0.0784680746372355
6319.318746986724	300	5.741705941854061	0.0	147968	1927.7965627926135	0.004705182	0.07780904006940931
6321.825954349055	300	5.852110245274606	0.0	161857	1389.5956965794567	0.004705182	0.10794506658967841
6323.554665225827	300	5.686560587314063	0.0	145210	1165.5496579605428	0.004705182	0.12869464546235398
6326.206513740215	300	5.537217001525878	0.0	172312	2649.3435857881855	0.004705182	0.05661779801028513
6328.500161434842	300	5.6616455612625	0.0	167025	1375.5714402633787	0.004705182	0.10904559051566214
6330.346230234345	300	5.8226493697929165	0.0	160064	1338.9961914695834	0.004705182	0.11202421706320992
6331.540605745321	300	5.658997946921323	0.0	137507	1163.6514228715935	0.004705182	0.12890458177745226
6334.897949141675	300	5.500688249896535	0.0	118421	1658.3096970247884	0.004705182	0.09045355054554553

