10311.068118051247	750	4.0	4.492096968258112	450283	4492.096968258112	0.004705182	-19.23253702025625
10312.867168774847	300	5.6015231604739535	0.0	155580	1398.4768395260464	0.07398903	-0.3427404474922616
10315.306878110548	300	5.906955444200165	0.0	139857	1194.5677162737884	0.17941049	0.12556843614349011
10316.81930465422	300	5.973312991593606	0.0	155432	1433.6424526065582	0.40796584	0.10462859810497344
10319.469929629855	300	5.967392482558696	0.0	163442	1505.9205090349092	0.41718167	0.0996068511585181
10321.608473350601	300	5.8404728221354745	0.0	126289	1126.9196604232213	0.76712096	0.13310620558671113
10324.057208525013	300	5.856917360440883	0.0	153295	1483.5554616945908	0.16387564	0.10110845456944531
10327.343994359802	300	5.721114237405069	0.0	173849	1635.8031230358138	0.36016065	0.0916980765519152
10329.920599107481	300	5.503303186091954	0.0	150710	1717.8110513131146	0.24240142	0.08732043019826789
10333.74850074163	300	5.675401551943434	0.0	139105	1827.90163414852	0.11237662	0.0820613085505958
10337.12504350808	300	5.790477915025791	0.0	141840	1884.9236369176438	0.04916305	0.07957882062813446
10340.733595895214	300	5.692011286225208	0.0	156148	2098.4666288005824	0.036025282	0.07148076502209391
10344.520461758591	300	5.9051454228471645	0.0	160746	3286.8658633780437	0.01845956	0.045636179337674276
10348.819305758116	300	5.606301423322628	0.0	179801	3298.8439995245376	0.0065923007	0.04547047390589537
10350.542568976662	300	5.53256763896769	0.0	140051	1573.733784354938	0.004705182	0.0953147231705926
10353.903871712693	300	5.911680964196466	0.0	138313	1620.8866747712236	0.006219132	0.09254194160191452
10357.39217615536	300	5.972736797344929	0.0	143509	1938.944166851537	0.0077222316	0.07736169125672682
10359.995109181777	300	5.895950431592322	0.0	150616	2076.7863657526073	0.00748969	0.07222697648327514
10364.36852237184	300	5.52253724152866	0.0	165384	2373.413190063662	0.0051842816	0.06320012066503117
10367.344177408342	300	5.774489534191956	0.0	140881	2248.047707336704	0.004705182	0.06672456261068732
10371.19484412849	300	5.9238228140429525	0.0	157671	2850.6667201490036	0.004705182	0.052619269358909676
10375.584104988799	300	5.534561953733677	0.0	157812	2889.2608603092754	0.004705182	0.05191639220279457
10378.880159357097	300	5.725302248246834	0.0	163927	2309.259705486843	0.004705182	0.0649558815942604
10381.715661461494	300	5.715948570353246	0.0	137654	1509.353677893588	0.004705182	0.09938028587794998
10383.78748994236	300	5.788108557472755	0.0	146754	1427.8400128804915	0.004705182	0.10505378659153378
10385.26688248011	300	5.925406550990443	0.0	153938	1362.7020064823107	0.0049371226	0.11007542315668202
10388.557639192544	300	5.763373374907205	0.0	181901	1662.0331760832382	0.0055150418	0.09025090603395253
10389.849630413328	300	5.511739537191417	0.0	111155	1251.6338377157876	0.0053023677	0.11984335632356159
10392.374281689381	300	5.59959259546804	0.0	153605	1412.1469417233777	0.004705182	0.10622124055796961
10395.313367666045	300	5.611301807676682	0.0	149029	1488.290787791358	0.00528744	0.10078675567333306
10397.38670838229	300	5.775029029694682	0.0	157421	1336.2727779819993	0.005145596	0.11225252992620689
10400.184196674978	300	5.794818885832369	0.0	157488	1480.210143862314	0.006347752	0.10133696260762329
10402.45865863578	300	5.591226917894502	0.0	143881	1203.591967937866	0.005235374	0.1246269533162451
10404.749869060848	300	5.586056682692848	0.0	163444	1505.170235201655	0.0057527083	0.09965650163146082
10407.243919084916	300	5.5020518275912265	0.0	179328	1584.0048551016216	0.0050709285	0.0946966794431806
10409.590559405571	300	5.818754180197912	0.0	159914	1683.297647393314	0.004705301	0.08911080000158253
10412.656907112061	300	5.837251654081763	0.0	131610	1481.5025261161481	0.004705182	0.10124856175118001
10415.027760941704	300	5.729247377098707	0.0	124011	1608.004276983056	0.004705182	0.0932833339731102
10417.69115127399	300	5.893976958685127	0.0	144254	1835.2704184135803	0.004705182	0.08173182463740737
10421.917405416478	300	5.6677228161985855	0.0	149991	2226.2541424865417	0.004705182	0.06737775222394979
10425.592838728135	300	5.992289504540244	0.0	147968	3175.4333116583425	0.004705182	0.0472376476776531
10428.850410141606	300	5.833407505664203	0.0	161857	2658.8819988760406	0.004705182	0.05641468860348365
10431.426278685623	300	5.749817993401813	0.0	145210	1583.58951226239	0.004705182	0.09472151642738717
10434.336187983268	300	5.781002831857563	0.0	172312	1968.8151615442503	0.004705182	0.07618795452710082
10437.065921511583	300	5.5216830880508345	0.0	167025	2259.319743806729	0.004705182	0.06639166519532332
10440.859421093206	300	5.72818350642758	0.0	160064	2293.499581623254	0.004705182	0.0654022356061803
10443.746459931108	300	5.5316208229930615	0.0	137507	2196.562683434518	0.004705182	0.06828851328998355
10447.536803010464	300	5.651687279497452	0.0	118421	1879.9335434956101	0.004705182	0.07979005455750583

