12688.196465634528	750	4.0	4.2446647119615655	450283	4244.664711961565	0.037719123	0.07155339392012255
12689.611253768062	300	6.5852118664659365	0.0	155580	1414.7881335340633	0.0359503	0.2224627760633492
12691.418089411753	300	7.821520534123352	0.0	139857	1263.6913323425845	0.008522803	0.8402218518184851
12693.226369881297	300	7.90395245027067	0.0	155432	1417.5680838526823	0.008788563	0.8350122030052243
12694.535084305298	300	7.799951412014789	0.0	163442	1104.001038255881	0.009393299	0.853527700469465
12695.841351562027	300	7.72417446222283	0.0	126289	1075.776949791958	0.013187498	0.8469937844016278
12697.143939013135	300	7.558125856788132	0.0	153295	1166.048605434698	0.010335563	0.8174642799563737
12699.137952876903	300	7.649388409690426	0.0	173849	1408.7374470977077	0.011676431	0.8044637577365513
12700.992318416182	300	7.809843886536319	0.0	150710	1339.5445231541075	0.011645894	0.8311947947281733
12702.37011269739	300	7.553357168194126	0.0	139105	1256.486718342192	0.01208802	0.8078316695648056
12704.489358854073	300	7.904387856987301	0.0	141840	1148.969311206826	0.01197582	0.8619258407698277
12706.826236488047	300	7.556087462736861	0.0	156148	1348.30039425044	0.012154158	0.7989874166628604
12709.115173348635	300	7.680907709504936	0.0	160746	1375.1797532319254	0.012297136	0.811711275351888
12710.80292914069	300	7.578908295656369	0.0	179801	1101.9994138485677	0.0115008745	0.8264352465884622
12712.32129673651	300	7.537602720198843	0.0	140051	1041.3055754575248	0.013338652	0.8274045520289127
12714.610423590935	300	7.941570327017882	0.0	138313	1096.0323931809605	0.012403963	0.871810523258564
12715.894804557642	300	7.660927021836689	0.0	143509	1280.643305181193	0.012092831	0.8186978664374976
12717.701713024537	300	7.8793417050015195	0.0	150616	1281.585316835169	0.011741786	0.8455717439205432
12719.57476111682	300	7.505479148039087	0.0	165384	1373.8625569624332	0.0116815055	0.7901824949875251
12721.999716565855	300	7.50259419118336	0.0	140881	1502.8849568557273	0.011787465	0.7769240438577392
12723.624131005707	300	7.581422245946643	0.0	157671	1421.171945236717	0.010829937	0.7948283956999175
12725.32469128573	300	7.542763353243119	0.0	157812	1538.658892703525	0.011172598	0.7783064135360002
12728.243198905404	300	7.9794602561654	0.0	163927	2063.303097077721	0.0104418835	0.7797617948852213
12732.668915986558	300	7.55374317501202	0.0	137654	2425.7170811533806	0.009496804	0.69095629428373
12736.58565830802	300	7.560832787505976	0.0	146754	3492.9103875060423	0.0079833055	0.5851123316619765
12740.438838434118	300	7.707652661407745	0.0	153938	2353.1801260982324	0.006874974	0.7172134884264177
12744.185239549344	300	7.96125154618136	0.0	181901	3246.4011152263856	0.0067734206	0.6592037288244679
12747.728165561806	300	7.781495175340222	0.0	111155	1679.7563708411385	0.00637371	0.793673340371178
12750.76902797087	300	7.847648724619372	0.0	153605	2933.846450720851	0.006205783	0.6764324376313663
12752.899041119137	300	7.686150234655681	0.0	149029	1661.4984899636902	0.005667988	0.7837267062854034
12754.860951156055	300	7.969452478849908	0.0	157421	1216.6977558057733	0.006104241	0.8631866496073982
12756.874510418093	300	7.580278954887679	0.0	157488	1389.1735239622283	0.007555797	0.7978870734937719
12758.735565306328	300	7.61694443230692	0.0	143881	963.3345225807593	0.0077365516	0.8449981302515981
12760.102767888095	300	7.632203286250224	0.0	163444	984.7411460566963	0.009828506	0.8447415077829421
12762.372860203099	300	7.628387865604153	0.0	179328	1503.8154206460722	0.010308354	0.7923629830398422
12763.559998913595	300	7.517956943034787	0.0	159914	1110.430922569366	0.0112080835	0.8180663156387338
12765.36476498769	300	7.583927828451788	0.0	131610	934.0291145829995	0.012144128	0.8438520478291259
12767.089737566286	300	7.516809995406866	0.0	124011	1067.117833044922	0.012937589	0.8222560087740215
12769.10451937695	300	7.668346467352329	0.0	144254	1848.463528054537	0.013493519	0.7628319372776688
12772.371905337712	300	7.887812690276387	0.0	149991	1780.5337770759415	0.011641405	0.7967228266491133
12774.570137021388	300	7.9121228972800655	0.0	147968	1475.6897929963213	0.011440014	0.8302088528090903
12776.788537865446	300	7.624193420592137	0.0	161857	1287.9294766879282	0.011767496	0.813433681288147
12779.508590832185	300	7.689402620907396	0.0	145210	1434.7907996847418	0.0122102555	0.8067990536639862
12782.808006683648	300	7.772325774202818	0.0	172312	1917.0768467045789	0.011703699	0.7688091292899188
12786.017997179344	300	7.513500081234177	0.0	167025	2258.825692968641	0.010659603	0.7026765413485369
12788.960211054613	300	7.877975520963548	0.0	160064	1635.5245602706286	0.009507363	0.8100091342210018
12790.379676363194	300	7.926587505172234	0.0	137507	951.3880157913133	0.010000714	0.8844250033295997
12791.93782873551	300	7.566549989409539	0.0	118421	860.0375157626951	0.0121021615	0.8491055326894927

