15502.080176783817	750	4.0	5.259051639025879	450283	5259.051639025879	0.1823673	-22.439503443160117
15503.625402846466	300	6.454773937350686	0.0	155580	1545.2260626493135	0.029958807	-0.3802325581395349
15505.73550200552	300	7.991863270652231	0.0	139857	1462.9106666984549	0.14298679	0.06976744186046512
15507.273686773424	300	7.706365061337427	0.0	155432	1285.4982093148042	0.62780714	0.06976744186046512
15509.317918989342	300	7.8055921993221276	0.0	163442	1400.7728620152986	0.44807643	0.06976744186046512
15512.486131650729	750	7.573215598030915	0.0	318564	2732.3766012912124	0.6075829	-0.2755813953488372
15516.375734568092	750	7.683612680668895	0.0	352642	3389.60291736202	0.35537612	0.1744186046511628
15519.378465500566	750	7.939966655459979	0.0	437162	2243.6460252089146	0.16093476	0.1744186046511628
15522.57707575381	750	7.9852040492204575	0.0	374758	2454.7626062395216	0.081197664	0.1744186046511628
15524.846227487677	750	7.562552001039905	0.0	362795	1922.652048180554	0.117826946	0.1744186046511628
15528.836856336271	750	7.530487343285311	0.0	353220	2032.0646577545936	0.106420286	0.1744186046511628
15531.909402570685	750	7.773496354898318	0.0	405134	2256.990988386993	0.08063867	0.1744186046511628
15534.67902689767	750	7.776461795320374	0.0	386351	1997.0345595779445	0.06557661	0.1744186046511628
15537.812570279537	750	7.720985069139311	0.0	434409	2555.476726181062	0.04378981	0.1744186046511628
15540.043585164212	750	7.819510868844998	0.0	337059	1901.474200294313	0.05809863	0.1744186046511628
15542.619946321369	750	7.561100723056726	0.0	366214	1758.4101457882707	0.04524526	0.1744186046511628
15544.530829568832	750	7.7796345525592185	0.0	360831	1781.4661704975072	0.048326842	0.1744186046511628
15547.263702078704	750	7.832906817006235	0.0	372963	1946.727735552985	0.043203887	0.1744186046511628
15550.482081011389	750	7.9967898141236615	0.0	405596	2836.1170028825736	0.03810284	0.1744186046511628
15553.488849183532	750	7.64953668820358	0.0	350713	2347.2531259200828	0.047277663	0.1744186046511628
15556.650284343377	750	7.978576636142625	0.0	386472	2670.960052060955	0.059899382	0.1744186046511628
15558.418098166785	300	7.584907244930453	0.0	157812	1393.669391212172	0.06311436	-0.3802325581395349
15561.413717965277	750	7.889169533181634	0.0	401853	2695.7377117488195	0.38620648	-0.2755813953488372
15564.334247550933	750	7.978845840975711	0.0	343800	2910.323692205923	0.065092266	0.1744186046511628
15567.580661152217	750	7.755741929808381	0.0	359903	2723.1039111673317	0.09560407	0.1744186046511628
15570.467404540323	750	7.704025037914807	0.0	379700	2551.716891893573	0.09035462	0.1744186046511628
15573.626014910347	750	7.622233105958069	0.0	425781	2081.79193195674	0.14832991	0.1744186046511628
15575.931690816551	750	7.717804371889433	0.0	277716	1904.4287340686344	0.079324976	0.1744186046511628
15579.152637197263	750	7.787954867601398	0.0	400396	2929.8495042880354	0.10352853	0.1744186046511628
15582.688593989771	750	7.54052487156011	0.0	400508	3247.4299960412877	0.110089675	0.1744186046511628
15586.612433644776	750	7.616685216556176	0.0	358218	2923.8396550039347	0.14207771	0.1744186046511628
15591.220991875975	750	7.008126985356992	0.0	400322	4608.558231199184	0.17588577	0.1744186046511628
15594.467559687999	750	7.76155917333348	0.0	369834	3246.567812023512	0.60690504	0.1744186046511628
15598.648390294275	750	7.580728567056887	0.0	412837	3680.830606276593	0.34169668	0.1744186046511628
15602.378196788108	750	7.850922073222635	0.0	401088	3729.8064938342527	0.46008787	0.1744186046511628
15604.893502170487	300	7.667334226933433	0.0	159914	1683.5878462892017	0.576539	-0.3802325581395349
15607.501105237492	300	7.854391351978549	0.0	131610	1312.9428749548836	0.68521667	0.06976744186046512
15609.48639720939	300	7.61407556205312	0.0	124011	1240.3157899254286	0.68634546	0.06976744186046512
15613.609679331805	750	7.490793439636585	0.0	378327	4123.282122416535	0.6656872	-0.2755813953488372
15617.90198903174	750	7.198483739702097	0.0	390680	4292.309699934488	0.31134877	0.1744186046511628
15622.608601484115	750	6.491871287327572	0.0	345516	4706.612452374526	0.5767655	0.1744186046511628
15625.430158104331	300	7.67031466711116	0.0	161857	1821.5566202164114	0.54707503	-0.3802325581395349
15628.376519911917	300	7.796502225275339	0.0	145210	1373.8124418358225	0.26833147	0.06976744186046512
15632.637811625806	300	7.535210511387466	0.0	172312	1761.2917138878734	0.56606734	0.06976744186046512
15636.355934823647	300	7.817087313545216	0.0	167025	1718.1231978422481	0.49852788	0.06976744186046512
15640.48512369861	750	7.687898438581111	0.0	393804	3629.1888749641057	0.62595785	-0.2755813953488372
15644.605448611157	750	7.56757352603466	0.0	331053	4120.324912546451	0.3207154	0.1744186046511628
15649.034315356752	750	7.138706780440035	0.0	314107	4428.866745594625	0.49209824	0.1744186046511628

