20547.569855201324	750	4.0	4.2446647119615655	450283	4244.664711961565	0.6345742	-18.251405446338744
20548.984643334858	300	6.5852118664659365	0.0	155580	1414.7881335340633	0.24052814	0.05840129902997948
20550.791478978554	300	7.821520534123352	0.0	139857	1263.6913323425845	0.61074823	0.6425071158019456
20554.173689472995	750	7.866987437821008	0.0	382355	2954.5330963023434	0.22702473	0.05186798221574229
20557.137089826676	750	7.954125940950582	0.0	411561	2912.861496870426	0.26409078	0.5144223236916629
20559.837257322037	750	7.854311607377124	0.0	318564	2599.8143335734576	0.5903071	0.536119795173418
20561.00970762799	300	7.688263001942425	0.0	153295	1166.048605434698	0.40554744	0.18944519716669161
20565.22399715116	750	7.473973478772686	0.0	437162	4214.2895231697385	0.14932255	-0.1119357077870406
20568.90582369932	750	7.792146930614407	0.0	374758	3181.8265481582807	0.1474199	0.47193515180376266
20572.825395603406	750	7.872575026525253	0.0	362795	3419.571904089152	0.27994943	0.45590191330104357
20575.781516884235	750	7.620559247881123	0.0	353220	2752.0157786441314	0.17138311	0.4984007161840661
20579.56828793461	750	7.833788197505619	0.0	405134	3286.771050375505	0.31358266	0.4654487215976019
20583.956245436428	1200	7.44583069568678	0.0	624282	4387.957501818839	0.2679511	-0.10794248018179214
20586.698100247853	750	7.934320279061198	0.0	434409	2511.510416625582	0.738727	0.10265111389249698
20589.3108592131	750	7.918113027189673	0.0	337059	2516.207251871526	0.6242786	0.5506214636630463
20592.263523152276	750	7.540056947686718	0.0	366214	2878.0560795029546	0.7023798	0.4780482467598501
20595.918541921772	750	7.885038178189814	0.0	360831	2655.0187694969045	0.38425326	0.5335568194974212
20600.875635390777	1200	6.927944709184001	0.0	581493	4957.093469005813	0.6128061	-0.21470320103109636
20604.287057581783	750	7.516522518179989	0.0	405596	3411.422191004013	0.41696826	-0.02755358040215622
20607.889892777916	750	7.9136873220466475	0.0	350713	3602.8351961333415	0.2042321	0.4415326900071128
20611.436385879315	750	7.575929480603338	0.0	386472	3337.7578414433106	0.14216371	0.43553084327598013
20615.813537737435	750	7.198777622486481	0.0	399894	4377.151858116857	0.14442438	0.2952901398209606
20621.639810241257	750	5.372505118665049	0.0	401853	5826.272503821432	0.14266786	-0.025402761780916605
20628.782657789776	750	4.0	1.7703424298532946	343800	7142.8475485183435	0.5439443	-7.901637916928859
20631.490859957587	300	5.291797832186567	0.0	146754	2708.2021678134333	0.023494978	-0.1954326985196304
20634.28254093925	300	6.5001168505253295	0.0	153938	2791.680981661237	0.008655054	0.36252152068579707
20636.98048240488	300	7.802175384892889	0.0	181901	2697.94146563244	0.010910271	0.4972201095244198
20640.50398638674	300	7.661839262925413	0.0	111155	1640.3361219674764	0.05044882	0.5894731301252716
20643.321454332643	300	7.654689219919994	0.0	153605	2507.150043005418	0.080259606	0.5021035381270622
20645.657308784812	300	7.811920983283176	0.0	149029	1342.7682366368174	0.15134075	0.6336754575209116
20647.79786495505	300	7.77818604893114	0.0	157421	1033.7349343520368	0.6352676	0.6613317613690479
20651.55877712405	750	7.896140596872867	0.0	400322	2882.045452058274	0.18409629	0.06192277185792089
20654.60334013377	750	7.543292431483406	0.0	369834	2352.8481653894614	0.36866948	0.5308804572221861
20659.572239831206	1200	6.574392734050442	0.0	670129	4968.899697432963	0.6420008	-0.2499136096768863
20662.304569599484	750	7.842062965771967	0.0	401088	2732.329768278476	0.36159617	0.07168930580664556
20664.98900037117	750	7.921319763450476	0.0	365161	2420.743202321491	0.7022259	0.5604765206855171
20668.00980602534	750	7.507760716046109	0.0	321064	1913.5590474043672	0.705217	0.5713894003864085
20674.324992200636	1200	5.192574540752116	0.0	575591	6315.186175293992	0.75125206	-0.5175438539580177
20678.37248510273	750	5.145081638658783	0.0	378327	4047.4929020933328	0.3951486	-0.3194145741324422
20679.82023731717	300	7.697329424214032	0.0	149991	1447.7522144447514	0.68358946	0.1621474898770442
20682.596944011868	750	7.542814969166353	0.0	345516	2654.514455047678	0.4140869	0.050667871957089994
20686.606755431992	750	7.5330035490413465	0.0	384505	3009.8114201250055	0.15001108	0.46419381493446604
20690.69869576504	750	7.4410632159918535	0.0	372093	4091.940333049493	0.13983735	0.3471315604355022
20696.150104095454	750	5.98965488557807	0.0	438281	5451.408330413783	0.07260452	0.07148503316079124
20698.197840237368	300	7.941918743667054	0.0	167025	1547.7361419110168	0.6968421	0.1756911015204708
20700.214738324972	300	7.905013994437319	0.0	160064	1536.904749229737	0.6965669	0.6232221160665415
20702.35938980971	750	7.842684863757499	0.0	331053	2062.3291306798205	0.70661473	0.13874922796563616
20704.746722070387	750	7.830179857946578	0.0	314107	1512.5050058109205	0.40792176	0.6425280192054632

