12665.064245457781	750	4.0	4.751626329382562	450283	4751.626329382562	0.039367855	-20.257574611693855
12666.708700374482	300	6.35554508329921	0.0	155580	1644.4549167007901	0.11658135	-0.3802325581395349
12668.614501561735	300	7.920685050724276	0.0	139857	1434.860032574934	0.31871045	0.06976744186046512
12670.802648740533	300	7.542082138803949	0.0	155432	1378.6029119203265	0.73638105	0.06976744186046512
12673.78098456326	300	7.6876863417799175	0.0	163442	1354.3957970240328	0.7170858	0.06976744186046512
12677.5853206181	750	7.883350286938681	0.0	318564	3304.3360548412365	0.7255777	-0.2755813953488372
12681.190176063823	300	7.670060528099468	0.0	153295	2213.2897588392125	0.6707482	-0.3802325581395349
12684.222809421959	300	7.65952671627348	0.0	173849	2510.5338118259874	0.14625844	0.06976744186046512
12686.98655569172	300	7.813703411797749	0.0	150710	1845.8233044757317	0.20270695	0.06976744186046512
12688.436128052399	300	7.892878704551016	0.0	139105	920.8247072467329	0.23359749	0.06976744186046512
12692.508360234677	750	7.8206465222729245	0.0	353220	4072.2321822780914	0.646549	-0.2755813953488372
12695.129007583317	300	7.605812765807649	0.0	156148	1714.8337564652757	0.42545205	-0.3802325581395349
12697.225887225963	300	7.565279769171941	0.0	160746	1540.5329966357078	0.1689018	0.06976744186046512
12699.900247584288	300	7.731272898714859	0.0	179801	1834.006870457082	0.23691542	0.06976744186046512
12702.734848134905	300	7.734149329190687	0.0	140051	1497.1235695241717	0.24589473	0.06976744186046512
12705.689072031922	300	7.790775842627716	0.0	138313	1443.37348656297	0.28766322	0.06976744186046512
12708.077628251724	300	7.516922980855339	0.0	143509	1273.8528617723773	0.22091012	0.06976744186046512
12709.937611205827	300	7.584283201917555	0.0	150616	1432.6397789377852	0.27179176	0.06976744186046512
12712.428190219678	300	7.677665244424614	0.0	165384	1406.6179574929406	0.38192147	0.06976744186046512
12715.95244152026	750	7.787520127062773	0.0	350713	3390.1451173618407	0.4927103	-0.2755813953488372
12718.305735119302	300	7.742926438251536	0.0	157671	1544.5936888112385	0.5954459	-0.3802325581395349
12721.402396008903	300	7.823945934266054	0.0	157812	1418.9805039854814	0.2979412	0.06976744186046512
12730.729695786307	750	4.0	1.5033538431379547	401853	9327.299777404009	0.36066002	-6.740002920842042
12735.369840339856	300	4.0	0.6401445535502326	137654	4640.144553550233	0.00660408	-3.132854138405535
12739.327759525471	300	4.042080814385337	0.0	146754	3957.9191856146626	0.004705182	0.06976744186046512
12742.35784438692	300	5.01199595293817	0.0	153938	3030.084861447168	0.004705182	0.06976744186046512
12744.778003778803	300	6.591836561052007	0.0	181901	2420.1593918861618	0.004705182	0.06976744186046512
12746.737900468386	300	7.738532327269709	0.0	111155	1353.304233782297	0.0047341464	0.06976744186046512
12750.868686169244	300	7.60774662641164	0.0	153605	2630.78570085807	0.004768235	0.06976744186046512
12754.205120800983	300	7.808218312871129	0.0	149029	3299.5283135405107	0.004722107	0.06976744186046512
12757.690766322843	300	7.948848801540317	0.0	157421	2859.3695113308127	0.0062302453	0.06976744186046512
12761.833815733662	300	7.805799390722919	0.0	157488	2143.049410817397	0.0070011215	0.06976744186046512
12765.661147118852	300	7.581796399302311	0.0	143881	1724.0029914206089	0.011147355	0.06976744186046512
12769.45178883655	300	7.791154681604401	0.0	163444	3290.6417176979107	0.016799657	0.06976744186046512
12773.551898918427	300	7.6910445997272845	0.0	179328	3600.1100818771165	0.009342504	0.06976744186046512
12777.085614592925	300	7.716226820650609	0.0	159914	1974.8177790766758	0.0055938144	0.06976744186046512
12779.627777061061	300	7.534594558292014	0.0	131610	1181.6322623585943	0.007939398	0.06976744186046512
12780.787617785414	300	7.87493927050519	0.0	124011	1159.655287786823	0.019922152	0.06976744186046512
12782.895312282877	300	7.591184682557374	0.0	144254	1283.7545879478178	0.044645775	0.06976744186046512
12784.993725441514	300	7.968948124996003	0.0	149991	1622.2365575613712	0.044920083	0.06976744186046512
12786.971049167923	300	7.708374533828377	0.0	147968	1260.5735911676256	0.037370272	0.06976744186046512
12790.322788356378	300	7.515879968722744	0.0	161857	1692.4945651056323	0.06435716	0.06976744186046512
12792.613383914704	300	7.695204587233842	0.0	145210	1320.6753814889012	0.05696463	0.06976744186046512
12795.365166735062	300	7.669273236972222	0.0	172312	2025.93135026162	0.090369195	0.06976744186046512
12797.086229107626	300	7.7116678287396425	0.0	167025	1457.6054082325784	0.046886478	0.06976744186046512
12800.891093809687	300	7.790963945374531	0.0	160064	1420.7038833651109	0.0615792	0.06976744186046512
12803.093576914027	300	7.691802826552817	0.0	137507	1599.1611188217134	0.06978276	0.06976744186046512
12804.936515142525	300	7.861994628563258	0.0	118421	1329.8081979895585	0.0355847	0.06976744186046512

