1261.7698827903441	750	4.0	2.4304790559882594	450283	2430.4790559882595	0.011816504	0.09416139672675544
1262.839770632776	300	6.930112157568032	0.0	155580	1069.8878424319682	0.25228608	-0.08897305346496229
1264.0504158099195	300	7.79997304681631	0.0	139857	1130.1391107517218	0.012207638	0.40936812528107974
1266.1632730346207	300	7.718797491501577	0.0	155432	1081.1755553147332	0.010118656	0.4091910086176078
1268.5280770621418	300	7.742236331534448	0.0	163442	976.5611599671278	0.013067942	0.42111737565442275
1270.1245059133348	300	7.763143301564924	0.0	126289	1479.0930299695244	0.014509762	0.3721708742810878
1271.7332682938156	300	7.702430045736285	0.0	153295	1060.7132558286403	0.010196257	0.4102142732058863
1275.9208972914023	300	7.514801048149709	0.0	173849	2687.6289975865743	0.010739036	0.235795886680932
1279.0968892280948	300	7.714644140922723	0.0	150710	1800.1569072269874	0.010072237	0.337033289015204
1283.498389425744	300	7.313143943273414	0.0	139105	4401.500197649309	0.008735402	0.05180519761989005
1286.8989733991518	300	7.91255996986577	0.0	141840	3400.5839734076444	0.0065930625	0.1893603217060787
1291.0713916699171	300	7.740141699100344	0.0	156148	3172.4182707654254	0.005735714	0.2014007500474615
1294.8860805413738	300	7.9254528276437455	0.0	160746	3814.6888714565985	0.0052551003	0.14875563551230675
1298.9816108576515	300	7.829922511365924	0.0	179801	4095.530316277822	0.004921088	0.11470084626282057
1302.238647205259	300	7.976682657573398	0.0	140051	2353.2398537925274	0.0047671627	0.29810240164931723
1306.3284547429057	300	7.886875119926603	0.0	138313	1589.8075376467946	0.0047318814	0.3688326621609658
1308.2092260495783	300	7.508291463221067	0.0	143509	1378.5836567055364	0.004829414	0.3662935717109955
1312.203595047788	300	7.513922465011412	0.0	150616	1994.368998209655	0.0051644724	0.3050669751724802
1314.512447053011	300	7.532774781738393	0.0	165384	1981.1476832730177	0.0048904885	0.3075673764615803
1315.8133370849494	300	7.8511819553442805	0.0	140881	681.5928263941141	0.005111497	0.45742331049983864
1317.818440691535	300	7.603278769123401	0.0	157671	1247.9031862208785	0.008908913	0.38529832537835723
1319.0652605372322	300	7.503468999257193	0.0	157812	1099.8097698662073	0.008305478	0.3938695563971864
1319.8892764080206	300	7.79996605407859	0.0	163927	703.502945178603	0.008165186	0.4520313047922841
1321.0984825048704	300	7.670619511358571	0.0	137654	629.3465427200185	0.012571082	0.4513627861181414
1321.9315156499567	300	7.584032758830165	0.0	146754	586.5867525284066	0.014882619	0.4502270931042772
1322.9210373192586	300	7.66749512520827	0.0	153938	916.537633621894	0.018309256	0.42244840289356006
1324.4529381984269	300	7.828036651014037	0.0	181901	839.4584741942333	0.013451139	0.44019016419918655
1326.7228911587324	300	7.724281397348385	0.0	111155	603.7552536656533	0.019825725	0.45727578289794124
1329.0771942101744	300	7.51022868194717	0.0	153605	1714.0527154012148	0.017847989	0.3328677420118092
1333.0554303265312	300	7.531992565590377	0.0	149029	1978.2361163567928	0.01200395	0.3078096446439518
1334.5926779830897	300	7.6126119680100235	0.0	157421	1419.3805975803523	0.010200461	0.3687339091728238
1337.2595287485906	300	7.633120153248834	0.0	157488	979.4918147611887	0.009869869	0.41400454903216577
1340.3242464980392	300	7.72944080139422	0.0	143881	2403.6793518546156	0.012906422	0.27760583583190973
1342.7967042358719	300	7.888731031274989	0.0	163444	2340.70977011923	0.007318025	0.29385843337299633
1343.8785421565728	300	7.968686083280974	0.0	179328	920.0449479940147	0.0062646116	0.44092210633589196
1345.2055674033027	300	7.586069955769682	0.0	159914	882.6161275112906	0.009442606	0.42075148041470856
1346.2988249625437	300	7.6266457072585	0.0	131610	959.4242485111834	0.011301374	0.4156066527827704
1348.130662002028	300	7.862643842881403	0.0	124011	1764.001864377097	0.008680764	0.34989877467261055
1349.7907548016583	300	7.691515111619796	0.0	144254	671.1287312616082	0.006613766	0.448490542280309
1351.3274134065607	300	7.917667805352823	0.0	149991	1273.8473062669739	0.013810247	0.4023532281380866
1353.7852236768053	300	7.820168281048187	0.0	147968	1597.4995243046349	0.012558523	0.3638942860652808
1356.144110067663	300	7.630880482589451	0.0	161857	1189.2877984587353	0.010013295	0.39288497124619975
1358.1477081442179	300	7.9488807165114155	0.0	145210	1181.9997660780355	0.013077712	0.41348878910439246
1360.4678204197935	300	7.939623705462101	0.0	172312	1509.2570110493145	0.013645555	0.3801845014166824
1361.912839904573	300	7.782541643335386	0.0	167025	1157.082062126717	0.014306688	0.4055843674260225
1364.4607251945285	300	7.917567776184145	0.0	160064	1364.9738671512403	0.014274065	0.39323432022661764
1366.1056536932567	300	7.736559152222118	0.0	137507	1181.0086239620261	0.017205618	0.40031780554791235
1366.8022642416995	300	7.570213824883743	0.0	118421	666.3453273383756	0.016552914	0.44138755225162896

