23361.977197841064	750	4.0	4.838144007766586	450283	4838.144007766587	0.030925948	-20.86271434788084
23363.56803716727	300	6.409160673793575	0.0	155580	1590.8393262064255	0.14149565	0.023851049206611713
23366.363143127903	750	7.614054713159464	0.0	350812	2795.1059606341105	0.67643905	0.043465629008242024
23369.981904721233	750	7.995293119827118	0.0	382355	3118.761593332346	0.1482273	0.4977947025422575
23373.40103111243	750	7.967155287149155	0.0	411561	3028.1378326779623	0.23369205	0.5041487797256654
23376.713682174417	750	7.521324102163098	0.0	318564	2945.831184986056	0.37819842	0.4694676782017238
23379.693902011935	750	7.694624102806579	0.0	352642	2326.6999993565187	0.15166824	0.548061121911617
23383.87914628403	750	7.509379830709099	0.0	437162	3685.2442720974805	0.537304	0.3943767195727727
23387.32696530011	750	7.969852406448681	0.0	374758	2539.527424260419	0.23421767	0.5532694214139814
23389.792377046484	750	7.681292300520858	0.0	362795	1788.560105927824	0.7238043	0.6005919098921388
23392.878495226236	1200	7.696659021370148	0.0	607410	2484.6332791507098	0.48286477	0.10653245802804295
23396.693269689975	1850	7.881884557631331	0.0	917428	3814.774463738817	0.41321567	-0.17388744306181758
23401.072547402964	1850	7.502606844643133	0.0	946851	4379.277712988197	0.049388878	0.3831563142397889
23405.541662065665	1850	7.03349218193974	0.0	1036454	4469.114662703394	0.073273875	0.3290197913627041
23408.969267132503	1850	7.605887115103967	0.0	821631	2927.605066835772	0.069376506	0.5382644241300101
23412.941177328335	1850	7.633976919267214	0.0	923170	3471.9101958367537	0.021587143	0.48653758731194907
23418.37149862617	1850	6.203655621436242	0.0	966699	5430.321297830971	0.020519337	0.1530264008065556
23424.756350575513	1200	4.0	0.18119632790998003	581493	6384.851949346223	0.21280128	-1.6184413178207262
23426.560265853743	750	6.1960847217715305	0.0	405596	1803.9152782284687	0.68087995	0.006103448448283838
23430.610549067005	1200	6.1458015085081605	0.0	586839	4050.28321326337	0.6769987	-0.19930436155205256
23433.808491784188	750	6.947858791326321	0.0	386472	3197.9427171818397	0.7040824	-0.06094017328519502
23437.11354520863	750	7.642805366887078	0.0	399894	3305.053424439243	0.40039495	0.4452381662433259
23439.727940508117	750	7.678875129988443	0.0	401853	2463.9302368986346	0.48714852	0.5328222413405479
23442.818039228583	1200	7.774058320146611	0.0	536667	2904.816809841832	0.55363005	0.07196387682819055
23446.34103213835	1200	7.910202849180013	0.0	587236	3363.8554709665964	0.50714517	0.48916407882201457
23453.16139127416	1200	5.089843713371452	0.0	590335	6820.359135808562	0.5330088	-0.12794911075362303
23454.27853068876	750	7.972704298769651	0.0	425781	1117.1394146018004	0.4484489	0.24578272030841342
23456.29130658984	1850	7.8346344001825035	0.0	758197	1638.0698985871472	0.14113325	-0.41076486875417556
23458.29768689586	1850	7.923797181416461	0.0	972798	1910.8372187660425	0.6227286	0.6705404198653584
23461.570643570645	2850	7.925090383153829	0.0	1561263	2998.7067982626327	0.19122222	-0.38463584184695976
23465.664825153737	2850	7.830908800062647	0.0	1341201	4094.1815830911823	0.06464307	0.49675159355950327
23467.928080234837	1850	7.753497036820885	0.0	954453	2077.4117632417615	0.34133035	-0.3625086201210324
23470.014534307735	1850	7.513191659299375	0.0	885062	1740.3053775215103	0.6382382	0.6480723484179095
23474.583223649457	2850	6.9445023175745115	0.0	1587293	4568.689341724863	0.60834616	-0.6360168296515663
23478.8801165448	1850	6.647609422232919	0.0	1026056	4296.8928953415925	0.0069929343	-0.6908996930471523
23482.831899801462	1850	6.695826165569779	0.0	943942	3951.78325666314	0.008348025	0.348252188035921
23486.37944671309	1850	7.14827925394399	0.0	728962	3547.546911625789	0.015708262	0.43222495467927363
23490.379603203764	1850	7.148122763268784	0.0	938587	4000.156490675206	0.032737803	0.3869489343661658
23494.370985821934	1850	7.156740145103495	0.0	908665	3991.3826181652894	0.036699776	0.38865575456802054
23499.69405663866	1850	5.833669328377629	0.0	930577	5323.070816725866	0.038577892	0.12813984103932174
23504.09399318307	1850	5.433732783965419	0.0	858450	4399.9365444122095	0.6480484	0.18195891412083942
23508.465509077192	1850	5.062216889841764	0.0	1025005	4371.515894123655	0.76960814	0.14904214540342625
23512.7400524465	1850	4.787673520534794	0.0	886255	4274.54336930697	0.5141585	0.1323142816128935
23516.824903048528	1200	4.7028229185072545	0.0	634861	4084.85060202754	0.7902427	-0.5416494557193829
23519.072103118375	750	6.455622848660517	0.0	398987	2247.2000698467373	0.40103942	-0.013244186348504217
23522.04612362189	1200	7.48160234514491	0.0	638661	2974.020503515607	0.7197037	0.03689428220934121
23524.97459813841	1200	7.631234106152198	0.0	538612	2850.3682389927117	0.6947403	0.5136617384172172
23530.553605956662	1850	6.052226287899615	0.0	846370	5579.007818252583	0.6342851	-0.5264174994225438

