3562.0101469395004	750	4.0	3.4733118074124745	450283	3473.3118074124745	0.0056420425	-14.185240771873639
3563.6032763841936	300	5.565091162284653	0.0	155580	1434.9088377153469	0.00477634	-0.15000000000000002
3566.923217514712	300	5.739230886209242	0.0	139857	1825.8602760754109	0.0054126997	0.3
3568.904942643452	300	5.835408772891035	0.0	155432	1403.8221133182076	0.004705182	0.3
3571.868512118149	300	5.537575514653556	0.0	163442	1297.8332582374794	0.004708877	0.3
3575.433632907577	300	5.972454725225132	0.0	126289	2065.120789428423	0.011277277	0.3
3578.9055601212162	300	5.816919635649019	0.0	153295	2155.5350895761126	0.004705182	0.3
3581.609452830425	300	5.823169381226406	0.0	173849	1493.7502544226124	0.004705182	0.3
3585.193152679935	300	5.56639062186432	0.0	150710	1756.7787593620849	0.0055943336	0.3
3588.781350838403	300	5.9781924633968355	0.0	139105	3088.198158467485	0.004705182	0.3
3591.806010099316	300	5.658422452497943	0.0	141840	2319.770010898893	0.004705182	0.3
3593.4972807656636	300	5.68023183968143	0.0	156148	1478.1906128165133	0.004705182	0.3
3595.536797404486	300	5.982013451685792	0.0	160746	1198.2183879956378	0.004705182	0.3
3598.2242158219838	300	5.538953377900489	0.0	179801	1443.0600737853044	0.0047787833	0.3
3599.666834272808	300	5.854823395844249	0.0	140051	1184.1299820562397	0.005714968	0.3
3600.894767847803	300	5.82510075693102	0.0	138313	1029.722638913229	0.008324008	0.3
3603.8114067822444	300	5.540886795900904	0.0	143509	1284.2139610301176	0.013722915	0.3
3607.360592242524	300	5.682506566766776	0.0	150616	1858.3802291341283	0.005008149	0.3
3609.7471555113816	300	5.779627590810815	0.0	165384	1402.878975955962	0.004705182	0.3
3611.7412468492284	300	5.704424006338173	0.0	140881	1075.2035844726427	0.0049762884	0.3
3614.673254085634	300	5.757864317272389	0.0	157671	1446.5596890657823	0.009913908	0.3
3616.6010062856735	300	5.911711981372855	0.0	157812	1346.1523358995348	0.0052747643	0.3
3619.4221335602865	300	5.876948304786168	0.0	163927	1534.7636765866853	0.006639217	0.3
3620.711174210847	300	5.715609683119022	0.0	137654	1161.338621667145	0.004961975	0.3
3622.084630876259	300	5.562732383959515	0.0	146754	1152.877299159508	0.0047267564	0.3
3623.4757945776983	300	5.822440235436414	0.0	153938	1240.2921485231013	0.0049411803	0.3
3626.7346446330203	300	5.65845096038843	0.0	181901	1663.9892750479835	0.0077461055	0.3
3629.1854548460124	300	5.885476205884413	0.0	111155	1272.9747545040175	0.004707208	0.3
3631.1798036473356	300	5.992219629836866	0.0	153605	1393.2565760475477	0.004705182	0.3
3633.026596523442	300	5.7893692519713245	0.0	149029	1702.850377865541	0.004705182	0.3
3636.8458693931498	300	5.970096382263999	0.0	157421	2819.2728697073253	0.004705182	0.3
3638.7131345019334	300	5.638071497546334	0.0	157488	1832.024884717664	0.004705182	0.3
3640.3497869106905	300	5.927365429050975	0.0	143881	1210.7060684953592	0.004705182	0.3
3643.5775579046367	300	5.70145316415872	0.0	163444	2225.9122648922553	0.004705182	0.3
3647.363118332139	300	5.915892736656006	0.0	179328	3785.5604275027144	0.004705182	0.3
3650.02634796289	300	5.842987490058529	0.0	159914	2072.905246597476	0.004705182	0.3
3651.5265987668877	300	5.878024280136839	0.0	131610	1464.963209921691	0.004705182	0.3
3653.772409724475	300	5.8977625888309015	0.0	124011	980.2616913059375	0.004705182	0.3
3656.3000987619203	300	5.671692665098868	0.0	144254	1226.0699237320327	0.004705182	0.3
3658.1070254800584	300	5.859038910586616	0.0	149991	1312.6537545122526	0.004705182	0.3
3659.4304402616576	300	5.724467963449752	0.0	147968	1134.5709471368637	0.004705182	0.3
3661.760356999482	300	5.97893154991902	0.0	161857	1245.5364135307323	0.004705182	0.3
3664.7434563483894	300	5.839571970861844	0.0	145210	1639.3595790571767	0.004705182	0.3
3667.1942617277086	300	5.9510392376274215	0.0	172312	1388.5327332344223	0.004705182	0.3
3669.7070045815162	300	5.5058040956161785	0.0	167025	1445.2351420112436	0.004705182	0.3
3671.51538639362	300	5.505367040712382	0.0	160064	1500.4370549037965	0.004705182	0.3
3673.792696080508	300	5.580684509118166	0.0	137507	1424.6825315942165	0.004705182	0.3
3675.2426682574946	300	5.552012088872306	0.0	118421	1028.672420245858	0.004705182	0.3

