4257.154991424868	750	4.0	3.5013497766476167	450283	3501.3497766476166	0.004705182	-14.980819730957373
4258.12324971517	300	7.031741709697546	0.0	155580	968.258290302454	0.02885713	0.1460332963090491
4259.386340213712	300	7.845000417606482	0.0	139857	686.7412920910647	0.5072826	0.7024620857212501
4261.23393896723	750	7.61437569651848	0.0	382355	1730.6247210880017	0.5596235	0.14994464798175233
4265.357624487025	1850	7.4906901767238105	0.0	996749	4123.68551979467	0.39501312	-0.6924314594865846
4270.171259935645	1850	6.677054728103472	0.0	801058	4813.635448620339	0.03720061	0.2602601963113447
4276.3652165135545	1850	4.483098150194451	0.0	905515	6193.956577909021	0.7182246	-0.08894277029267972
4277.623142250152	300	7.225172413596881	0.0	173849	1257.9257365975702	0.3907452	-0.964315519743071
4279.067072558092	300	7.526295945902135	0.0	150710	1198.8764676947458	0.6974164	0.620572894796353
4280.485494297963	300	7.6296118959892265	0.0	139105	896.6840499129075	0.6303558	0.6607364160547371
4282.964545359592	750	7.590955229203895	0.0	353220	2038.6566667853313	0.25686425	0.11688720639268882
4286.453671234692	750	7.521589493826048	0.0	405134	2569.3657353778476	0.05780744	0.5071397674165138
4291.061618343918	750	6.913642384599835	0.0	386351	4607.947109226213	0.14877346	0.24476601885809707
4293.683944635859	300	7.831332939403132	0.0	179801	2082.3094451967045	0.15645368	0.11158975985370934
4296.458039697953	300	7.544293836528259	0.0	140051	1287.039102874873	0.03525678	0.613488949030724
4299.146604997288	300	7.87853907107059	0.0	138313	1665.7547654576676	0.19975396	0.6077888725028506
4301.954228845013	300	7.576132409396629	0.0	143509	1802.4066616739617	0.062812865	0.5650166925488935
4304.770627607237	300	7.5655416833105225	0.0	150616	2010.5907260861052	0.027044155	0.5431789164942777
4306.040676225999	300	7.883421425347622	0.0	165384	1182.1202579629005	0.008710537	0.6566222554884558
4307.004172493731	300	7.590637414682172	0.0	140881	792.7840106654495	0.17650126	0.6673750811553568
4309.231516837535	750	7.597321419012589	0.0	386472	1993.3159956695831	0.6952814	0.12203402662348958
4312.371187341252	750	7.97450034597153	0.0	399894	2122.82107304106	0.07122083	0.5953874260813099
4316.41565487312	750	7.930032814104355	0.0	401853	4044.467531867175	0.07510564	0.39894272891611204
4319.86021932588	300	7.87840897839568	0.0	137654	2551.623835708675	0.37237906	0.06918944390759024
4321.523835971164	300	7.588071073930157	0.0	146754	1290.3379044655233	0.009578877	0.6173726785149773
4323.253637695936	300	7.984809472302481	0.0	153938	1103.2616016276766	0.047056135	0.6742668376998239
4324.206666392129	300	7.5715652668791495	0.0	181901	913.2442054233308	0.30533677	0.6534933454336157
4326.757357998336	750	7.991111623159195	0.0	277716	1580.453643719954	0.31953794	0.2012230236214262
4329.062526554259	750	7.753646354941844	0.0	400396	1737.4652682173514	0.0611145	0.6126655549382012
4331.095061518308	750	7.686230559769782	0.0	400508	1567.4157951720622	0.1389766	0.6231816541219336
4335.146432748805	1850	7.634859329273433	0.0	873429	4051.3712304963487	0.6649918	-0.6713235831721179
4339.158532653803	1850	7.62275942427506	0.0	954453	4012.0999049983725	0.54894096	0.4314389195515372
4343.0306573872795	1850	7.575992214722493	0.0	885062	3546.7672095525663	0.38223237	0.4734707911811998
4346.890240412432	1850	7.716409189570718	0.0	1035329	3859.5830251517755	0.16219556	0.4557045055700449
4350.73074382691	1850	7.713627728370464	0.0	1026056	3502.781461200254	0.07956424	0.4911169431133128
4354.716919106335	1850	7.727452448945623	0.0	943942	3486.1752794248414	0.024160443	0.49410820660766297
4357.64966627223	1850	7.903027544348273	0.0	728962	2824.4249045973497	0.03584047	0.5771825497346517
4361.09188395483	1850	7.596079809698182	0.0	938587	2806.9477346500917	0.025376646	0.5493861928801625
4364.624761548549	1850	7.907275939314024	0.0	908665	3188.803870384157	0.005670622	0.5411535660764455
4368.735430484057	1850	7.6289783137264715	0.0	930577	3778.297625587553	0.010237191	0.45541772278238973
4372.15570362023	1850	7.58002748660056	0.0	858450	3048.95082712591	0.14158937	0.5236408290010871
4375.732673710875	1850	7.807203600801431	0.0	1025005	3272.823885799129	0.024438271	0.5231194864137332
4378.738130401714	1850	7.556548343304587	0.0	886255	2750.655257496845	0.008815808	0.5512104913137097
4382.633506219933	1850	7.53126106986704	0.0	973972	3525.287273437547	0.0059245094	0.4713133604556368
4384.279938070926	750	7.648089492761088	0.0	398987	1383.1715771059517	0.035993416	-0.4620650458071387
4388.058799300854	1850	7.8692282628332775	0.0	982064	3278.86122992781	0.5147284	-0.5715143026674636
4391.575691788334	1850	7.646842680501095	0.0	830730	3222.3855823321824	0.010654589	0.5127283930354424
4396.060479957902	1850	7.162054510932828	0.0	846370	4484.788169568267	0.0522308	0.33982671327454284

