4556.131498778265	750	4.0	2.7857807865153212	450283	2785.7807865153213	0.021348625	0.07142192134846786
4558.531720889506	750	5.599777888758914	0.0	398865	2400.222111241086	0.78155315	0.20996390692332356
4559.3316169957	300	7.97283123685524	0.0	139857	626.9466519036746	0.7725017	-0.014392712886914988
4560.341448528061	300	7.7993901644548025	0.0	155432	673.4410724004375	0.051905863	0.4201177780383814
4561.672613897187	300	7.532002690771749	0.0	163442	767.387473683053	0.05946163	0.394011420804929
4562.341951706096	300	7.904222767439103	0.0	126289	627.7799233326452	0.057484254	0.4312359306316794
4563.086913023872	300	7.6825211276393315	0.0	153295	721.7016397997729	0.046570964	0.40798740649748094
4564.01890056617	300	7.763157123928175	0.0	173849	919.3640037111567	0.047335267	0.39326091987439526
4565.174762984241	300	7.891537693735953	0.0	150710	871.6194301922221	0.040158864	0.40605916283927485
4566.122049382817	300	7.515015993137615	0.0	139105	876.5217005983367	0.032496564	0.38203632951126726
4567.857074415748	300	7.767885825661142	0.0	141840	747.1301674764725	0.03326795	0.4107798473561741
4569.082902643348	300	7.948919177988872	0.0	156148	818.9666476722713	0.037513528	0.41491078385707736
4570.088603367753	300	7.519499572349138	0.0	160746	929.4196056397328	0.036125597	0.37702676270784785
4571.4288842786455	300	7.602499671536092	0.0	179801	916.9999008130452	0.030192621	0.38345623938970125
4573.158856368735	300	7.849154188731736	0.0	140051	753.3454828043555	0.033412598	0.415237588515298
4575.2930118965805	300	7.650389685550356	0.0	138313	698.764503181382	0.031182889	0.408272905028759
4576.395620706578	300	7.896780797634078	0.0	143509	753.608887916279	0.03332392	0.41818791106050196
4577.433895352381	300	7.507143440573065	0.0	150616	889.6373570610114	0.031140894	0.3802327293297154
4579.423661780318	300	7.691578851875878	0.0	165384	815.5645886971862	0.028525542	0.39916721937252375
4581.676694440193	300	7.902163403408115	0.0	140881	1289.4154484677638	0.03447535	0.3649436678662308
4583.699617315151	300	7.597510557333033	0.0	157671	804.652846075081	0.018928008	0.3943791252258064
4585.439736282769	300	7.716586164264551	0.0	157812	880.9243930684827	0.02844233	0.3941941959596862
4587.134683839202	300	7.7037096065738355	0.0	163927	1512.8765576907151	0.027993651	0.3301941946417932
4588.318409391178	300	7.727882387156522	0.0	137654	975.827219417314	0.017442785	0.38540992725555123
4589.921721082621	300	7.530175669564191	0.0	146754	1197.7067175923314	0.01743467	0.35086530758852874
4591.079504291039	300	7.889086528480958	0.0	153938	1141.089141083233	0.01618404	0.3789589939217366
4592.442405052038	300	7.870983233998936	0.0	181901	1018.1032944820237	0.017786419	0.3901261226767311
4593.153168211735	300	7.9080003779090005	0.0	111155	462.98285608993444	0.019118953	0.44795173801031907
4594.223690491982	300	7.561629408588668	0.0	153605	846.3709693203331	0.036124557	0.3879647411047584
4595.255798363348	300	7.832651161868806	0.0	149029	728.978246719863	0.030680686	0.41664287294481406
4597.0545595794065	300	7.539835371162137	0.0	157421	792.815790706669	0.03066781	0.39195813162696663
4598.750451986275	300	7.729861808404918	0.0	157488	809.9735627572186	0.038357083	0.4021190067495855
4600.040403587031	300	7.967845449582266	0.0	143881	762.0163588226523	0.03864885	0.42178870471662644
4601.521099047739	300	7.51646539719417	0.0	163444	951.3800523880952	0.035614982	0.37464108208582614
4603.78389813124	300	7.549723497604595	0.0	179328	1466.7418995895755	0.032827444	0.3251835286413296
4605.8719965899	300	7.778702822229981	0.0	159914	1271.020675374614	0.026800293	0.3590668588519124
4607.534088024486	300	7.821195991579661	0.0	131610	957.50683065032	0.021763837	0.3930740664086968
4609.502352944717	300	7.929355923932144	0.0	124011	891.8400676475181	0.023560159	0.4064007384810072
4612.894141620427	300	7.776673969868542	0.0	144254	1652.6819540636016	0.024985895	0.3207739277104237
4616.746253622522	300	7.780171353144737	0.0	149991	1996.5026167238043	0.019908722	0.2866104478991656
4618.822168957913	300	7.900018359134409	0.0	147968	1880.1529940103285	0.018664151	0.3057358480448677
4621.34969880294	300	7.629134550311437	0.0	161857	1770.8838088229709	0.019781094	0.2997325285121677
4624.414465848609	300	7.5500740550790635	0.0	145210	1579.0604952323733	0.021284953	0.31397357891920413
4627.297975378928	300	7.861172636637671	0.0	172312	2188.901418441392	0.023677051	0.27243314794571527
4629.354013278214	300	7.750457756933564	0.0	167025	1610.714879704107	0.024521858	0.323332121837937
4631.739525105982	300	7.515363329340848	0.0	160064	1235.0944275927156	0.033323526	0.3462007653245314
4634.401783404062	750	7.554442918387771	0.0	331053	1960.9204109530763	0.046672788	-0.07393935869607196
4635.992646612679	300	7.78968016714337	0.0	118421	764.7627512444012	0.92860174	-0.03962126467797951

