4021.0636616638762	750	4.0	2.2982937896467757	450283	2298.2937896467756	0.12778494	0.20357062103532245
4021.952696917477	300	7.11096474639953	0.0	155580	889.0352536004698	0.73358953	0.15263779622730728
4022.790526791741	300	7.8357142879763995	0.0	139857	775.2504584231306	0.13683277	0.6844981686633919
4023.9966713351278	300	7.688931757582999	0.0	155432	646.7825303934002	0.10489343	0.6830703603856066
4025.0858396812573	300	7.644028581499952	0.0	163442	544.9031760830474	0.1651068	0.6888914619425657
4025.665301249611	300	7.681430291746874	0.0	126289	462.59828975307886	0.19498074	0.7007592668970757
4026.9763862502646	300	7.554319540369796	0.0	153295	627.1107513770785	0.14791451	0.6719465001632547
4028.684480870002	300	7.557259302689594	0.0	173849	997.0602376802015	0.13443053	0.6352374434185428
4029.4706310615343	300	7.864701388401961	0.0	150710	692.557914287632	0.1148573	0.6955864185933276
4030.4134847428036	300	7.875070710239854	0.0	139105	489.6306781621076	0.11564909	0.7168875587546151
4031.1482425051904	300	7.899303373499799	0.0	141840	475.76733674005493	0.1313211	0.7206305193988499
4032.3954730544374	300	7.785183268799858	0.0	156148	614.1201046999412	0.1433289	0.6956970624207921
4033.4278615032417	300	7.615544199921133	0.0	160746	669.6390688787259	0.13639799	0.6736477665544576
4034.633012232451	300	7.9943435586292075	0.0	179801	621.2006412919262	0.1315673	0.7153298469474979
4035.847869930567	300	7.718889796480271	0.0	140051	775.4537621489358	0.1460727	0.6731166564928128
4036.5313291753496	300	7.626862075322175	0.0	138313	592.0277211580961	0.0968259	0.6825095647092719
4037.1682150700344	300	7.589134985142265	0.0	143509	537.7270901799088	0.10094636	0.6842706682870944
4038.145554864608	300	7.550044428107482	0.0	150616	539.0905570347836	0.120419584	0.6803327649299743
4039.3189463975737	300	7.947473347144278	0.0	165384	602.5710809632033	0.11952751	0.7126346749134608
4039.917845834438	300	7.893433854713254	0.0	140881	554.0394924310231	0.11565562	0.7122324931277616
4040.873565348477	300	7.7330039888609114	0.0	157671	660.4298658523419	0.11165986	0.6859916513314894
4041.916908932115	300	7.528977059284647	0.0	157812	704.0269295762641	0.10925861	0.6617903260578055
4042.9086198351283	300	7.947779901408823	0.0	163927	581.197157875825	0.092653684	0.7148018796244255
4044.085611418612	300	7.939540944135797	0.0	137654	508.2389572730261	0.106818065	0.7212964610899036
4045.287891101031	300	7.632777416032069	0.0	146754	806.7635281037279	0.10504253	0.661611250898746
4046.171072123083	300	7.858945091813697	0.0	153938	773.8323242183722	0.0832858	0.6868991777570449
4047.268668221173	300	7.9098213106852215	0.0	181901	949.1237811284758	0.08196163	0.6743177443512902
4048.257342898933	300	7.794720158785967	0.0	111155	615.1011518992541	0.0792361	0.69652642025201
4049.7796202476275	300	7.850368204369035	0.0	153605	944.3519544169316	0.06646329	0.6690131124331955
4051.3916986198533	300	7.74829175839488	0.0	149029	1102.0764459741545	0.062236127	0.6433137289064866
4054.2269373358245	300	7.965673320534966	0.0	157421	2282.6184378599146	0.060067426	0.546399886636034
4058.218946751557	300	7.973663904802884	0.0	157488	1992.0094157320816	0.049235553	0.5762378731688724
4060.6719841250565	300	7.679460074475123	0.0	143881	1294.2038303277623	0.039070852	0.6174071092099295
4064.7060758582143	300	7.645368341316791	0.0	163444	2534.091733158331	0.039349895	0.49010289787722483
4068.261743313518	300	7.518997242329937	0.0	179328	3126.3710989868546	0.036437877	0.418585371917901
4070.5283993408475	300	7.825317392823638	0.0	159914	1693.6798495063	0.031307302	0.5916441315014688
4072.750254515399	300	7.905877946959641	0.0	131610	1419.4394458639956	0.027966777	0.6269026857554255
4077.098321876153	300	7.523052078426015	0.0	124011	1882.8258685336268	0.02936124	0.5433342277735673
4079.756341306686	300	7.596663147269838	0.0	144254	2426.3889311561775	0.028747644	0.496136597956374
4083.5303081738634	300	7.550494948869661	0.0	149991	3546.1681984001766	0.02709828	0.37966881393755686
4085.806550715952	300	7.606273017213616	0.0	147968	1444.2219316560445	0.02528963	0.5952878577584197
4088.3560119678095	300	7.9275527250017115	0.0	161857	1678.7202922119056	0.026684333	0.603082473285226
4089.667610388628	300	7.837123951415164	0.0	145210	1090.4287735865485	0.030137911	0.6531174269164699
4091.636675536465	300	7.678176196612223	0.0	172312	1158.9477548029413	0.039568108	0.6308078596402446
4093.057841817896	300	7.652651804914014	0.0	167025	1025.5243916982095	0.046511784	0.641667948858067
4094.222071415818	300	7.663357893319572	0.0	160064	989.2939115944428	0.052360952	0.646332163965884
4095.3623586466447	300	7.9906821450697665	0.0	137507	672.6757482498052	0.05950803	0.7098262637830544
4096.307143718162	300	7.962095350600086	0.0	118421	528.5867944696802	0.07651001	0.7214550933988905

