3108.7430400632384	750	4.0	5.8396300502769165	450283	5839.630050276916	0.4723458	-25.26925293492629
3110.9832584389837	300	5.759781624254254	0.0	155580	2240.2183757457465	0.071586	-0.10359033901163983
3112.91135027319	300	7.831689790048644	0.0	139857	1428.0918342056093	0.11073987	0.6270458682394544
3116.8902809486967	750	7.526194615809241	0.0	382355	3305.495174239402	0.6036773	-0.01602992816187615
3120.9599291866334	750	7.456546377872579	0.0	411561	4069.648237936663	0.1228655	0.3508510421540226
3124.9065194742616	750	7.5099560902442555	0.0	318564	2946.590287628324	0.17476885	0.4682975836652726
3128.8118470335207	750	7.582129276330898	0.0	352642	3427.8268139133575	0.122601785	0.42712068352578053
3132.819784466505	750	7.574191843346772	0.0	437162	4007.9374329841257	0.102563575	0.36834563452975017
3137.2164299521164	750	7.1775463577358245	0.0	374758	4396.645485610948	0.13188569	0.2912972433265617
3140.6152677658883	750	7.778708543963437	0.0	362795	3398.8378137723876	0.16374594	0.44894056501179147
3144.711951332809	750	7.68202497704292	0.0	353220	3096.6835669205166	0.10172005	0.4698500847540361
3150.3042008541693	750	6.089775455682514	0.0	405134	5592.249521360406	0.121639125	0.0670376345337459
3152.721963588926	300	7.672012720925687	0.0	160746	2417.762734756827	0.65064275	0.06270967592471624
3155.492187028302	300	7.7407097326633725	0.0	179801	2431.3029882623155	0.63122785	0.5179678172686446
3160.1721828870045	750	7.0607138739607835	0.0	337059	4679.9958587025885	0.6625663	-0.19828305543589791
3164.364959052086	750	6.867937708879542	0.0	366214	4192.776165081242	0.5083478	0.2818839854657901
3169.70167589795	750	5.531220863015764	0.0	360831	5336.716845863778	0.5587928	0.03882937765523109
3174.2936285104165	750	4.939268250549047	0.0	372963	4591.952612466717	0.5322339	0.05632967860104199
3180.4187201681343	750	4.0	1.1858234071686575	405596	6125.091657717704	0.30264932	-5.286430530304856
3182.7903061451107	300	5.628414023023697	0.0	140881	2371.5859769763024	0.027372291	-0.12937138242472895
3184.758757938946	300	7.6599622291879825	0.0	157671	1968.4517938357149	0.017076237	0.5564808962740746
3186.3477199611543	300	7.9732268989627135	0.0	157812	1186.735330225269	0.20172179	0.6648046287833524
3189.7942708694595	750	7.901064800351614	0.0	401853	3072.1620986111	0.4115219	0.04338506747274906
3192.7498290323947	750	7.945480123730995	0.0	343800	2455.584676620619	0.17665225	0.5593178358271558
3196.862819468028	1200	7.832489688097166	0.0	587236	4112.990435633829	0.5311705	-0.04322939912333046
3201.3183899921682	1200	7.376919163957214	0.0	590335	4455.570524139952	0.62238985	0.3286634030947249
3206.469905749949	1200	6.225403406176673	0.0	696376	5151.515757780541	0.71422803	0.14823415855187927
3209.0181763678534	750	7.677132788271888	0.0	277716	2048.2706179047846	0.17668647	0.12422050083807887
3212.764708817443	750	7.878026960063811	0.0	400396	3299.105828208076	0.48468477	0.46847327578681397
3216.93179236272	750	7.71094341478704	0.0	400508	3667.083545276772	0.2179589	0.41559351993931276
3220.533476691232	750	7.852356367360275	0.0	358218	3358.5870474267654	0.13156825	0.4600543296790265
3226.216638229592	750	6.1691948290007765	0.0	400322	5683.161538359498	0.12878492	0.06559063921003916
3229.4937955419928	750	6.892037516599598	0.0	369834	3277.1573124011784	0.6835976	0.37576550505149175
3232.4029066050052	750	7.982926453587084	0.0	412837	2909.1110630125136	0.14357561	0.5175694496705967
3236.2181887634974	750	7.7565489382703525	0.0	401088	2726.3775153167326	0.27146775	0.5140537072248345
3242.0116352815844	1200	5.96310242018332	0.0	598727	5793.446518087032	0.42252502	-0.39120569022248647
3245.0349363437217	750	6.9398013580459805	0.0	321064	3023.3010621373405	0.13006283	-0.044251545036756657
3249.0077311541813	750	6.967006547586258	0.0	361565	3972.794810459722	0.08800554	0.31341761103424215
3252.8589058593834	750	7.1158318423845595	0.0	378327	3851.1747052016985	0.2017449	0.33990422801190356
3256.090311915733	750	7.884425786034984	0.0	390680	3231.406056349575	0.21093567	0.47585914736020907
3260.0543556139037	750	7.920382087864327	0.0	345516	3464.0436981706575	0.11043708	0.45605621874283225
3264.186559317963	750	7.788178383804694	0.0	384505	3632.2037040596333	0.082231216	0.42651545900127286
3267.6366564632517	750	7.926767381480915	0.0	372093	3361.411002323779	0.08353223	0.46693408021031235
3272.7075989796517	750	6.855824865080701	0.0	438281	5070.942516400213	0.10712992	0.1929014751332666
3275.623288864251	300	7.940134980481387	0.0	167025	2415.689884599314	0.38112518	0.0887240379855615
3278.38721491847	300	7.815831258853961	0.0	160064	2624.3037216274265	0.17572707	0.5058982775601809
3281.8001425910143	300	7.809178545877714	0.0	137507	3006.6527129762476	0.05618486	0.4670230471203881
3285.182988086232	300	7.950893235052681	0.0	118421	1858.285310825032	0.016026225	0.595499989786512

