1536.2604617872764	750	4.0	3.5388403668140223	450283	3538.840366814022	0.016834373	-15.145778327689555
1537.7128608574267	300	6.5476009298498035	0.0	155580	1452.399070150196	0.47842515	0.05102010929503353
1540.7858493444528	750	7.474612442823701	0.0	350812	3072.988487026103	0.5567681	0.002255896854954531
1543.9112028570046	300	7.799049634238039	0.0	155432	1675.5628085856608	0.13922162	0.1491571181197062
1548.3884771561775	750	7.321775335065113	0.0	411561	4477.2742991729265	0.28065023	-0.15288343244088753
1551.6313623453389	750	7.868865208658964	0.0	318564	2952.9101264061474	0.18420109	0.5022110168165116
1555.7946528589507	750	7.705574695046986	0.0	352642	3663.2905136119793	0.14216106	0.4154560776323103
1559.9317617711297	750	7.568465782868044	0.0	437162	4137.108912178942	0.110976726	0.35487734667811865
1563.426195398595	750	7.776436304008337	0.0	374758	2792.029478859707	0.106563486	0.509402692783947
1567.5326627517018	750	7.669968950901653	0.0	362795	3106.4673531066846	0.26043245	0.46771129969993386
1571.3333506336683	750	7.869281068935164	0.0	353220	3300.687881966489	0.19614244	0.46747326829219676
1575.3946999136972	750	7.807931788906248	0.0	405134	4061.3492800289173	0.13930152	0.38550218945183246
1579.598067344901	750	7.604564357702395	0.0	386351	3703.3674312038534	0.10698752	0.4017260242813534
1582.9381534335168	750	7.596659313200236	0.0	434409	3007.9050445021585	0.09893696	0.47051139329135316
1585.5417062029283	750	7.995973498201436	0.0	337059	2100.6858149988007	0.26449928	0.5996677675796768
1588.1913548379266	750	7.702582591158476	0.0	366214	2293.390907042959	0.71444166	0.5521580448353841
1592.4919159040019	1200	7.402021525083202	0.0	617242	4300.561066075274	0.704436	-0.10341951985828418
1596.1266844120314	1200	7.767253017053483	0.0	581493	3634.7685080297197	0.6692675	0.4483136887295671
1600.0490215379773	1200	7.844915891107758	0.0	639204	3422.3371259457244	0.47936043	0.4770319682320289
1608.5584177310618	1850	4.0	0.6644803019767551	923755	8509.396193084513	0.60494375	-3.8742507850316104
1610.231461719283	300	6.3269560117786705	0.0	157671	1673.0439882213293	0.6525885	-1.092281710623912
1615.4375232651012	750	5.120894465960532	0.0	399894	5206.061545818138	0.63625383	-0.43759948180263736
1621.385941718934	750	4.0	0.8275239878721122	401853	5948.418453832644	0.5566951	-3.7280757069412056
1623.3620479109068	300	6.0238938080269255	0.0	137654	1976.1061919730741	0.110043	-0.05175801801326241
1625.6521122301197	300	7.7338294888140755	0.0	146754	1790.0643192128498	0.033648077	0.5814294527594517
1630.8881069383674	750	6.49783478056642	0.0	379700	5235.994708247656	0.65623343	-0.3080607030065044
1633.4381638080672	300	7.947777910866771	0.0	181901	2550.0568696996493	0.6656238	0.07602298034933214
1635.2000063963374	300	7.858389994629563	0.0	111155	1589.3879162372086	0.13931559	0.6134861855541585
1640.0248636635738	750	7.033532727393338	0.0	400396	4824.857267236224	0.483006	-0.21538541302860426
1644.8357960311982	750	6.222600359768907	0.0	400508	4810.932367624431	0.6819818	0.15795390027979267
1647.4425393687516	300	7.615857022215765	0.0	157421	2606.743337553142	0.40068635	0.03840656480921045
1651.3554282114947	300	7.702968179472578	0.0	157488	2412.888842743187	0.14108334	0.5161765637511091
1654.47460648468	300	7.517317252974986	0.0	143881	2685.650926497591	0.07819511	0.47103123935540353
1657.125237605054	300	7.563765418631807	0.0	163444	1453.5518343431797	0.01164075	0.5987118381424422
1659.6964874714017	300	7.6566800614734785	0.0	179328	1407.085357158328	0.42807013	0.6123016275098374
1661.122623479028	300	7.650694393255031	0.0	159914	1005.9856682184479	0.37353998	0.6518354689269952
1663.9851355950198	750	7.874513519463031	0.0	321064	2276.180873792	0.13298853	0.12042759851412355
1668.2077853091994	1200	7.556354245472951	0.0	575591	3818.15927399008	0.61918485	-0.04032463812608339
1676.05596243985	1850	4.0	0.29182288517749655	908665	7848.177130650448	0.6294548	-2.2057019865513925
1679.3589848725962	750	4.696977567253621	0.0	390680	3303.0224327463784	0.6649407	-0.9380980614328984
1681.855929245434	750	6.200033194415857	0.0	345516	2496.944372837764	0.6951447	0.3871805840381137
1684.497437274527	750	7.558525165322815	0.0	384505	2641.508029093042	0.12723543	0.5034806390709551
1686.834943100499	750	7.606843507595608	0.0	372093	1951.681657727208	0.36648834	0.5771139724376518
1689.2531386951136	750	7.90565769391072	0.0	438281	2201.185813684888	0.74252826	0.5809247672731989
1693.322909814775	1200	7.835886574249378	0.0	630203	4069.7711196613423	0.33011162	-0.038580513312027276
1697.4894888363497	1200	7.669307552674592	0.0	638661	4166.579021574786	0.29317787	0.3857052733448149
1701.7716695236797	1200	7.387126865344738	0.0	538612	4282.180687329854	0.41199422	0.34698488981967324
1705.3078232558657	750	7.691820313499555	0.0	314107	2195.306551845184	0.73469085	0.11093059870481031

