13922.425233305281	750	4.0	6.3928079957343495	450283	6392.80799573435	0.02462865	-0.14326093445715588
13923.494320915019	300	6.93091239026107	0.0	155580	1069.0876097389298	0.004705182	0.29971713326809946
13925.907765982069	300	7.9451376737770625	0.0	139857	1485.7747164840077	0.004705182	0.8332767580551659
13929.002421266783	300	7.771645254399002	0.0	155432	2173.4924193780603	0.004705182	0.7430835469408995
13931.013395801534	300	7.991739367240846	0.0	163442	1279.9058871581562	0.004705182	0.859617641205463
13933.154702210386	300	7.521620462762221	0.0	126289	970.1189044786244	0.004705182	0.8325498592350358
13935.76735173316	300	7.815889520310277	0.0	153295	1705.7309424519449	0.004705182	0.7953226187627347
13938.102555324944	300	7.991746962131343	0.0	173849	1324.1425581789335	0.004705182	0.8551949118590403
13939.814953372517	300	7.866078440845593	0.0	150710	1125.6685212857506	0.004705182	0.85952578288416
13942.397511307234	300	7.943164246181573	0.0	139105	1422.914194664019	0.004705182	0.8393191473577695
13943.929178861128	300	7.6371524155602275	0.0	141840	1306.0118306213458	0.004705182	0.8132255177875931
13945.067087842122	300	7.686025743751066	0.0	156148	951.1266718091622	0.004705182	0.8547485169707745
13947.057118180224	300	7.994401729291186	0.0	160746	1191.62401445988	0.004705182	0.8687745554094137
13951.195855876105	300	7.855664033411745	0.0	179801	2638.7376958794407	0.004705182	0.7069329786213797
13953.426051997209	300	7.679137934970713	0.0	140051	1676.5260984410313	0.004705182	0.7813581233845431
13955.387284431325	300	7.710356824594621	0.0	138313	968.7811103760926	0.004705182	0.8559872781990273
13956.392204460091	300	7.744122395781049	0.0	143509	966.2344288135718	0.004705182	0.8604110460063226
13958.889952489248	300	7.759591147779221	0.0	150616	984.5312480018285	0.004705182	0.8604913204806994
13961.42838735393	300	7.736982196615027	0.0	165384	1522.608951164195	0.004705182	0.8038919797246006
13962.954221415406	300	7.656978036837278	0.0	140881	1080.004159777749	0.004705182	0.838274192247531
13964.437076119979	300	7.8134656687497355	0.0	157671	1343.5123680875424	0.004705182	0.8312451986113788
13965.887071736805	300	7.888139009528171	0.0	157812	925.3266592215629	0.004705182	0.8822838296966544
13969.139682658692	300	7.594168041688361	0.0	163927	1293.9709678398094	0.004705182	0.8091222412161725
13969.926807945327	300	7.969925418293347	0.0	137654	624.2426233950134	0.004705182	0.9224905575860525
13974.27900299414	300	7.600269211206274	0.0	146754	1369.656207087073	0.004705182	0.8023070403603094
13976.074445920924	300	7.8438171066791185	0.0	153938	1256.4521045271565	0.004705182	0.8436987750556832
13978.931749100755	300	7.689661004290498	0.0	181901	2154.156102388621	0.004705182	0.734894426484068
13980.658853011164	300	7.532682568807642	0.0	111155	1156.9784354828541	0.004705182	0.8152297655243187
13983.010942840867	300	7.621700372420184	0.0	153605	910.982196387458	0.004705182	0.8508205878924483
13985.060387460575	300	7.9725319312229335	0.0	149029	1149.168441197252	0.004705182	0.8703198069422006
13987.087198327976	300	7.634264572778078	0.0	157421	1338.2673584448548	0.004705182	0.809643397533931
13989.648817889796	300	7.677726527345822	0.0	157488	1456.5380454322567	0.004705182	0.8031826594866582
13993.76378030307	300	7.562764114072125	0.0	143881	3114.962413273698	0.004705182	0.6231455936699952
13998.053404317041	300	7.273140100101419	0.0	163444	4289.624013970705	0.004708996	0.4699190026894049
14002.760813522753	300	6.565730894390601	0.0	179328	4707.409205710818	0.004711261	0.34079531596617285
14006.183982028515	300	7.142562388628769	0.0	159914	3423.1685057618315	0.0047308085	0.5404418737448908
14009.351794725768	300	7.974749691375555	0.0	131610	2167.8126972532145	0.0047750287	0.7687292124241148
14011.331409655208	300	7.7789713978351465	0.0	124011	1195.7782935404075	0.004807031	0.8417595324659749
14014.066748342118	300	7.8582204008290555	0.0	144254	1420.750997006091	0.0048498176	0.8290472880827826
14015.398763724685	300	7.614506501999833	0.0	149991	1243.7138988292227	0.004823001	0.8166591767091939
14017.85753871829	300	7.854269780563378	0.0	147968	1260.2367214364554	0.0048334897	0.8446109249999818
14019.005940170759	300	7.789338238415405	0.0	161857	1064.931542147973	0.0049345396	0.8561242212382454
14020.393733321022	300	7.542176551443805	0.0	145210	747.161686971601	0.005687274	0.8573836805687728
14022.087547405796	300	7.615585226201947	0.0	172312	926.5913252418569	0.007500739	0.8485046262082255
14023.969031018725	300	7.878454814003648	0.0	167025	1237.130412198299	0.010475987	0.849907728256544
14025.718875727533	300	7.630709088465701	0.0	160064	1247.7457255379468	0.01326145	0.8182565583767089
14028.096175688626	300	7.808108571053762	0.0	137507	1322.6005174119384	0.015315902	0.832674932580968
14029.597424588153	300	7.89483386713055	0.0	118421	913.2747039232137	0.018297553	0.8843156520985702

