5219.127410339626	750	4.0	2.943433872988283	450283	2943.4338729882834	0.004705182	-12.5293634371933
5220.508471001958	300	5.68618661963313	0.0	155580	813.8133803668703	0.47038883	-0.2656825586569007
5221.72912902169	300	5.9444812507497335	0.0	139857	741.7053688833967	0.77992827	0.20223663774447004
5224.166935985204	750	5.925054094411879	0.0	382355	2019.4271563378556	0.76160526	-0.26430377479916317
5225.365442136037	300	5.529990889233446	0.0	163442	895.0632051784319	0.5959915	-0.28241406960741133
5226.341247825066	300	5.858809560446531	0.0	126289	671.1813287869161	0.73219466	0.22348655060340838
5227.5218871770685	300	5.71080198826575	0.0	153295	648.0075721807815	0.66276383	0.2314787765445323
5228.702890062401	300	5.901616502260682	0.0	173849	809.1854860050685	0.72884685	0.1853715898199643
5231.212613452885	750	5.972663454232421	0.0	374758	1928.9530480282613	0.7218803	-0.25559402397931985
5233.587302646435	750	5.830703985785822	0.0	362795	1641.9594684466003	0.6566317	0.22838566189138287
5236.402598960302	750	5.689420748603271	0.0	353220	2141.2832371825507	0.60598445	0.17512863010753124
5239.330219322623	750	5.627617124885846	0.0	405134	2561.8036237174247	0.6775682	0.14638124348338563
5242.68366888994	750	5.7038007248284535	0.0	386351	2423.8164000573925	0.7118461	0.15471468878217035
5246.153537490562	750	5.613682917547673	0.0	434409	3090.1178072807807	0.7221595	0.12135459661649269
5247.186273645101	300	5.91719031324856	0.0	140051	696.4926042991129	0.61938924	-0.23463518625449525
5248.328066148924	300	5.754415807806741	0.0	138313	662.7745054418187	0.44056547	0.2263213185908637
5249.4771068388445	300	5.594404495437189	0.0	143509	660.0113123695521	0.43601915	0.2272688318954332
5250.17408526918	300	5.900429897495021	0.0	150616	693.9745979421667	0.49049333	0.21614623999897536
5252.014507149826	750	5.7767209115183835	0.0	405596	1623.7089859766393	0.5415677	-0.2190472841877866
5253.282760366151	300	5.600950736391536	0.0	140881	675.7701751268471	0.7234225	-0.22803104439783264
5254.334132659322	300	5.786506153354729	0.0	157671	814.4445830368078	0.45588237	0.18417459348884999
5255.602253493113	300	5.9009095485760374	0.0	157812	885.5966047786904	0.33706674	0.16937734312733146
5256.61757068772	300	5.554513056277999	0.0	163927	846.3964922980385	0.29339504	0.17722190647640473
5257.4926291662805	300	5.816444258753378	0.0	137654	738.0687975246221	0.2796464	0.20323308681125485
5259.324272711194	300	5.96911728866379	0.0	146754	847.3269700895861	0.1848123	0.17702729323503158
5261.261894126639	300	5.502464820653532	0.0	153938	966.6524680102584	0.17216463	0.1551746930401549
5264.549729480649	300	5.614031679315463	0.0	181901	2388.4331413380673	0.08889231	0.06280267904671838
5265.234552148705	300	5.971321413623997	0.0	111155	642.7102656914669	0.011545293	0.23338665648761786
5266.553727168561	300	5.827790071378319	0.0	153605	1143.5313422456782	0.05283477	0.13117261806347041
5269.065252179403	300	5.514849385762122	0.0	149029	1312.9406856161957	0.026954714	0.1142473545403167
5271.104240529456	300	5.6546473973487705	0.0	157421	1860.2019884133508	0.011158802	0.08063640450569655
5273.779484144364	300	5.921418837214363	0.0	157488	1733.228560134408	0.006969664	0.08654369276511796
5277.799099814137	300	5.901803167441158	0.0	143881	1519.615669773204	0.004705182	0.09870916902455135
5280.63668814451	300	5.5838242930280595	0.0	163444	1317.9788744130988	0.0052382527	0.11381062542963415
5284.695914357057	300	5.509015929234607	0.0	179328	2574.808363793452	0.0047717653	0.05825676275923144
5288.336126288926	300	5.8688039973664665	0.0	159914	3140.2119318681407	0.004705182	0.04776747660810385
5291.064045865933	300	5.772159065673746	0.0	131610	1596.64493169272	0.004705182	0.09394699912457934
5294.666148558779	300	5.776745132407459	0.0	124011	2995.4139332662867	0.004705182	0.0500765514689436
5298.271735474796	300	5.92229599719006	0.0	144254	2854.449135217399	0.004705182	0.052549543850454974
5302.192475502765	300	5.967494949604841	0.0	149991	3454.801047585219	0.004705182	0.04341784025590839
5306.220087975252	300	5.939882477117753	0.0	147968	2527.612472487088	0.004705182	0.059344540206515486
5309.2466569709895	300	5.503373672183885	0.0	161857	2936.5088049338688	0.004705182	0.05108106597466104
5313.225997405011	300	5.5240332381626045	0.0	145210	3479.34043402128	0.004705182	0.04311161924061455
5316.821966255721	300	5.928064387452566	0.0	172312	2595.968850710039	0.004705182	0.057781895171420336
5319.761296653824	300	5.981083869169442	0.0	167025	1946.9805182831235	0.004705182	0.0770423733526991
5321.029271766961	300	5.618271309510448	0.0	160064	862.8125596589937	0.004705182	0.1738500423073164
5324.797333477077	300	5.681821698191361	0.0	137507	1936.449611319087	0.004705182	0.0774613494320783
5327.374695688177	300	5.563946599040175	0.0	118421	2117.8750991511865	0.004705182	0.07082570641683157

