6308.990281565071	750	4.0	2.2982937896467757	450283	2298.2937896467756	0.008767506	-9.687373388153672
6311.044476949694	750	5.94580461537696	0.0	398865	2054.19538462304	0.56833935	0.4069856886053026
6312.676988196614	750	7.60579353613712	0.0	350812	1340.0110792398405	0.69416213	0.6381799693212555
6315.5148330222955	1200	7.7581212405164095	0.0	617681	2347.6722956207104	0.5843632	0.12614436593560363
6318.985146517489	1850	7.738050748434833	0.0	996749	3020.070492081577	0.13835916	-0.10826121609581651
6323.042904225404	2850	7.68029304052068	0.0	1224260	4057.757707914153	0.64040136	-0.5141029596734271
6329.057327423768	2850	5.665869842155645	0.0	1388403	6014.423198365035	0.6697019	0.09633993266924257
6333.591548434525	1850	5.131648831398718	0.0	1060487	4534.221010756926	0.0100609185	-0.8605454617217996
6336.204403960692	1850	6.518793305231535	0.0	852833	2612.8555261671836	0.0986634	0.46510534388315106
6339.012424511406	1850	7.710772754517258	0.0	913888	2808.020550714276	0.012188435	0.560318239632305
6342.181609972709	1850	7.849940546180302	0.0	939819	2860.832208336957	0.008013851	0.568432134494974
6345.4436200649425	1850	7.683112031197366	0.0	917428	3166.8285149829353	0.010839456	0.5217750666499736
6348.987871434331	1850	7.558577120827289	0.0	946851	3124.5349103700764	0.008917028	0.5140177982052891
6353.022111141624	1850	7.524337413534638	0.0	1036454	4034.2397072926515	0.009107161	0.4197517071543657
6357.010177736368	1850	7.536270818790588	0.0	821631	3488.06659474405	0.01689341	0.47551762244292667
6360.319432206897	1850	7.962654983104309	0.0	923170	3073.6158356862807	0.027854677	0.5580026664493987
6363.82674010559	1850	7.57182043702951	0.0	966699	3390.8345460747983	0.010439759	0.48866251910946523
6367.017613525713	1850	7.68462034127613	0.0	885714	2887.20009575338	0.011847273	0.5498830851594425
6370.606250675357	1850	7.717138462039655	0.0	987708	3467.481879236475	0.008745955	0.49498481347869794
6373.787154557098	1850	7.737264189722586	0.0	923755	2979.8742723170694	0.011012775	0.5456826986964525
6378.017409599031	1850	7.50700914778886	0.0	891604	3730.255041933726	0.00811246	0.44848230810572914
6381.779800248029	1850	7.5564561060688735	0.0	955231	3450.553041719986	0.022177994	0.4812118349509648
6385.2171730085365	1850	7.988688496053779	0.0	968026	3067.7676100150948	0.015762031	0.5610932446951198
6389.227891453031	1850	7.97797005156017	0.0	874175	3510.718444493608	0.007737993	0.5157664985896865
6393.267471727749	1850	7.938389776842038	0.0	897976	4039.5802747181333	0.016188769	0.45907066842786753
6397.226782826685	1850	7.979078677905327	0.0	905935	3959.3110989367106	0.03356505	0.4710139397110716
6402.92932752248	1850	6.276533982110336	0.0	1076599	5702.544695794991	0.03571819	0.13281868736737246
6407.061562659048	1850	6.144298845543152	0.0	758197	4132.235136567184	0.23755899	0.27712185872234885
6414.765745677726	1850	4.0	1.5598841731358952	972798	7704.183018679048	0.43010858	-6.993966113575366
6419.56287739911	750	4.0	0.7971317213843513	400508	4797.131721384351	0.7013462	-4.582260287799005
6421.563910277097	300	5.998967122012814	0.0	157421	2001.032877987186	0.5031521	-0.05664990892285138
6423.777967964337	300	7.755109497469879	0.0	157488	1243.857624542935	0.43316785	0.6380983476285811
6428.9635413556	750	6.569536106207336	0.0	369834	5185.573391262544	0.15136974	-0.29611723593167355
6431.860474543135	300	7.672602918672165	0.0	163444	2896.93318753517	0.5912206	0.014849437861398307
6435.066917952445	300	7.760734501264429	0.0	179328	2411.8684174077353	0.30924696	0.5218386814517229
6438.125510128464	300	7.568725928205484	0.0	159914	1692.0085730589446	0.5549865	0.5753436190445311
6440.608412011221	300	7.755566755308038	0.0	131610	1813.1591728974452	0.5188866	0.5812122043879838
6444.520714385386	300	7.843264381143446	0.0	124011	2412.3023741645925	0.081681944	0.5297388819999742
6448.69759748969	300	7.66638127683874	0.0	144254	2676.883104304707	0.06729457	0.4862556059747274
6451.686567862723	300	7.831360279486715	0.0	149991	2335.020997352025	0.045073766	0.5363212361527878
6454.32600574998	300	7.843615981198247	0.0	147968	1487.7442982884681	0.03813685	0.6222285314988042
6456.607528287192	300	7.888701483076727	0.0	161857	1454.91449812152	0.2920307	0.6298510431251562
6457.737736848138	300	7.971901198148745	0.0	145210	916.8002849279811	0.703891	0.6916705330791375
6460.561472661706	750	7.686737491374163	0.0	438281	2785.163706774584	0.17598741	0.051455655713885384
6463.055575482974	750	7.823972105636378	0.0	398987	2362.7653857377845	0.5746592	0.5569044778857064
6466.202708536776	1200	7.786074286999967	0.0	638661	3037.8978186364116	0.81479836	0.059812326631505874
6468.47662442769	1200	7.5187339781268125	0.0	538612	2267.3403088731543	0.71331954	0.5611362642187404
6472.793361031376	1850	7.201997374441081	0.0	846370	4316.736603685732	0.38326937	-0.2895235834081582

