4925.864122810578	750	4.0	2.943433872988283	450283	2943.4338729882834	0.014946009	0.2016764778174508
4926.677936190945	300	7.18618661963313	0.0	155580	813.8133803668703	0.057522845	0.3567637535178372
4928.1065385095	300	7.530509039347869	0.0	139857	655.6775802852611	0.014719601	0.8650914812048047
4929.559714831491	300	7.660383237972395	0.0	155432	870.1258013754738	0.016322298	0.8596824747843586
4931.134493100153	300	7.714519397299028	0.0	163442	945.8638406733687	0.01607596	0.8587929659820331
4932.434589502557	300	7.593928405341554	0.0	126289	620.590991957473	0.017352052	0.8764306504463614
4933.840230385204	300	7.810860673991207	0.0	153295	783.0677313503462	0.016601661	0.8869680186002104
4935.091706111943	300	7.976409367220789	0.0	173849	834.4513067704183	0.018539367	0.9022702748231355
4936.058692502734	300	7.846428443758654	0.0	150710	629.9809234621342	0.02021283	0.906668319945578
4937.126184085268	300	7.646185309906701	0.0	139105	700.2431338519534	0.023807133	0.874917696204902
4938.733985018396	300	7.5359091391835555	0.0	141840	610.2761707231458	0.02240397	0.8702983828154194
4940.387393825839	300	7.537967121414439	0.0	156148	997.9420177691176	0.023532031	0.8317859011127604
4942.242315825598	300	7.978239440121884	0.0	160746	1059.7276812925538	0.020119138	0.8799685999720346
4944.642233656051	300	7.805877760379219	0.0	179801	1172.3616797426648	0.019145565	0.8474233738874841
4945.5707290248565	300	7.880408065530941	0.0	140051	925.4696948482784	0.019376265	0.8813149716932144
4947.661912596639	300	7.716329192917996	0.0	138313	664.0788726129445	0.017716516	0.8871949217143837
4948.432008017043	300	7.534833803701394	0.0	143509	681.4953892166011	0.019710783	0.8630436872375123
4949.637256409854	300	7.901509656239155	0.0	150616	633.3241474622387	0.019028181	0.9131349801933539
4951.178234891938	300	7.576982466371945	0.0	165384	824.5271898672112	0.020344421	0.8539446831617016
4952.202880976227	300	7.897885055985316	0.0	140881	679.097410386628	0.018533371	0.9081101175755255
4953.725321669759	300	7.669439141570412	0.0	157671	728.4459144149047	0.019200694	0.8749686132170783
4954.738668510786	300	7.944763062915644	0.0	157812	724.6760786547671	0.020336278	0.9093403679185874
4955.960653653617	300	7.513105920386708	0.0	163927	931.6571425289366	0.020851273	0.8353447285988376
4956.9966194640865	300	7.720287020052547	0.0	137654	792.8189003341615	0.020728745	0.8748095994279094
4957.906347927098	300	7.826996143464443	0.0	146754	893.2908765881031	0.019326814	0.8779379813513806
4958.911437188496	300	7.512670334627624	0.0	153938	814.3258088368184	0.018860258	0.8470240793613175
4961.370403393683	300	7.733568939214731	0.0	181901	1279.1013954128941	0.018139213	0.8278212938806614
4963.473485685922	300	7.761960288481761	0.0	111155	1471.60865073297	0.017509669	0.8120761025411094
4965.685625230938	300	7.626627270226913	0.0	153605	1135.3330182548484	0.013842757	0.8289938392005981
4967.4477152226655	300	7.898985508744347	0.0	149029	1227.6417614825668	0.014335066	0.853391557472705
4969.304485017942	300	7.9228247502276865	0.0	157421	1476.1607585166607	0.013482039	0.8314831345077929
4971.802121810441	300	7.6193109488585815	0.0	157488	2303.5138013691053	0.01257863	0.7112724006973599
4975.24039210334	300	7.717237288473938	0.0	143881	1402.073660384644	0.010351981	0.8135075672322386
4977.493423265292	300	7.5188199522552495	0.0	163444	1698.4173362186887	0.010472002	0.7593742316727572
4980.7350390434085	300	7.575319033063386	0.0	179328	1443.5009191918632	0.010037961	0.7918419229373124
4984.773548730634	300	7.536809345838801	0.0	159914	3038.509687224585	0.010377457	0.6275861814026439
4988.031030615512	300	7.75638066697431	0.0	131610	1780.4286788644915	0.008972971	0.7805051731894062
4992.093749347886	300	7.693661934599714	0.0	124011	2562.7187323745966	0.008043889	0.6945321660025285
4996.186522807068	300	7.600888475417905	0.0	144254	3092.7734591818075	0.007220238	0.6300717768873889
4999.983785949611	300	7.803625332874699	0.0	149991	3297.263142543207	0.006566475	0.6346551160756793
5003.92477584158	300	7.862635440904791	0.0	147968	2940.9898919699085	0.0065240543	0.6775685320283161
5007.668701818957	300	7.59607167325857	0.0	161857	2266.563767646221	0.005833314	0.7120980062662003
5011.319516092439	300	7.945257399776116	0.0	145210	3150.814273482454	0.00654764	0.6667875851534004
5015.418993753608	300	7.84577973860657	0.0	172312	3599.4776611695456	0.0054520825	0.6096385493090605
5018.6121087462925	300	7.663049271455362	0.0	167025	2182.7304671512084	0.0055218358	0.7287511884597161
5020.123823510749	300	7.882384142493364	0.0	160064	1280.6651289619983	0.005786866	0.84603941828364
5023.233393141172	300	7.858124187529805	0.0	137507	1024.2599549635574	0.0075400355	0.8686845126469697
5025.475240818052	300	7.689855115319144	0.0	118421	2168.2690722106613	0.009423441	0.7335070967618084

