4684.613060230586	750	4.0	5.84241140162946	450283	5842.41140162946	0.03544505	-24.947950422355515
4686.346340976317	300	6.266719254268797	0.0	155580	1733.2807457312028	0.024377208	-0.3802325581395349
4688.734609118788	300	7.565431185188647	0.0	139857	1201.2880690801505	0.07676512	0.06976744186046512
4690.856859284638	300	7.802796143734529	0.0	155432	1262.6350414541164	0.527549	0.06976744186046512
4693.061191007849	300	7.655437901525991	0.0	163442	1147.358242208539	0.4304537	0.06976744186046512
4695.443461620372	750	7.657789378716281	0.0	318564	1997.6485228097101	0.564297	-0.2755813953488372
4697.689775254983	750	7.551943496566983	0.0	352642	2105.8458821492986	0.20208257	0.1744186046511628
4700.663037800423	750	7.655546162078454	0.0	437162	2896.3973344885294	0.069162115	0.1744186046511628
4703.374290749698	750	7.943352273816272	0.0	374758	2212.193888262181	0.07869598	0.1744186046511628
4707.3032039985765	750	7.7334251369835805	0.0	362795	2209.9271368326927	0.07718311	0.1744186046511628
4711.590864687902	750	7.445764447658431	0.0	353220	4287.660689325149	0.079161316	0.1744186046511628
4717.65255712769	750	5.384072007869997	0.0	405134	6061.692439788434	0.259564	0.1744186046511628
4723.124336508775	750	4.0	0.08770737321532761	386351	5471.7793810853245	0.43249187	-0.2027231001747459
4726.992179602712	300	4.132156906062301	0.0	179801	3867.8430939377	0.027433606	-0.3802325581395349
4729.7000007367615	300	5.424335772012819	0.0	140051	2707.8211340494818	0.004909165	0.06976744186046512
4731.432941846706	300	7.6913946620688165	0.0	138313	1732.9411099440017	0.009379387	0.06976744186046512
4733.8437041977895	300	7.620375476164962	0.0	143509	1571.0191859038541	0.31702816	0.06976744186046512
4736.383889188875	300	7.695154596561908	0.0	150616	1425.220879603053	0.5453499	0.06976744186046512
4739.348223939655	300	7.835469296013533	0.0	165384	1859.6853005483754	0.696282	0.06976744186046512
4742.258422309024	300	7.902694826894869	0.0	140881	1432.7744691186645	0.6403372	0.06976744186046512
4745.319929126332	750	7.750653315916443	0.0	386472	2652.0415109784262	0.56488836	-0.2755813953488372
4748.114789378553	750	7.722955885870306	0.0	399894	2527.697430046138	0.12482079	0.1744186046511628
4750.754729929114	750	7.671566974026824	0.0	401853	2551.3889118434818	0.13199383	0.1744186046511628
4752.991134425321	750	7.57264065018186	0.0	343800	2098.926323844965	0.12329095	0.1744186046511628
4756.22404675085	750	7.639923544999196	0.0	359903	1932.717105182665	0.1486645	0.1744186046511628
4760.043893544282	750	7.820076751567674	0.0	379700	3319.8467934315217	0.08758815	0.1744186046511628
4764.177311504514	750	7.51338874959006	0.0	425781	3306.6880019776154	0.15207876	0.1744186046511628
4766.010345722487	300	7.645236572230697	0.0	111155	868.1521773593631	0.16343994	-0.3802325581395349
4769.871776843969	750	7.651962036297176	0.0	400396	3493.274535933521	0.43150672	-0.2755813953488372
4773.636771029654	750	7.886967850611687	0.0	400508	3264.9941856854903	0.1923078	0.1744186046511628
4777.726238225933	750	7.728809733588546	0.0	358218	3158.1581170231393	0.1373921	0.1744186046511628
4779.56726215537	300	7.518952274997946	0.0	157488	1209.857458590601	0.17209464	-0.3802325581395349
4783.074744470038	750	7.5257943675873555	0.0	369834	2493.1579074105903	0.68451566	-0.2755813953488372
4786.777482315572	750	7.82305652205383	0.0	412837	3202.7378455335265	0.14623252	0.1744186046511628
4789.754862237998	750	7.812897615736253	0.0	401088	2510.1589063175775	0.20034651	0.1744186046511628
4792.905948311849	750	7.510965129865373	0.0	365161	2801.932485870879	0.09303276	0.1744186046511628
4796.42775253143	750	7.9891609102844265	0.0	321064	3021.8042195809458	0.23585114	0.1744186046511628
4800.642237185447	750	7.774676256267653	0.0	361565	4214.484654016774	0.17176759	0.1744186046511628
4803.09175122651	300	7.737640452024454	0.0	144254	2037.0358042431994	0.3956523	-0.3802325581395349
4806.295517973032	750	7.876996245173623	0.0	390680	2360.644206850832	0.63199544	-0.2755813953488372
4809.160520928644	750	7.726056013203339	0.0	345516	2150.9402319702845	0.17920786	0.1744186046511628
4811.830445660549	750	7.933125033071561	0.0	384505	2292.930980131778	0.2037019	0.1744186046511628
4814.181910977418	750	7.770889260023987	0.0	372093	2162.2357730475737	0.080101416	0.1744186046511628
4818.007364225027	750	7.945436012413997	0.0	438281	2825.453247609991	0.11704423	0.1744186046511628
4821.204033476816	750	7.764442791734788	0.0	398987	3180.9932206792096	0.08647543	0.1744186046511628
4827.255717450289	750	5.712758818262542	0.0	393804	6051.683973472245	0.18652138	0.1744186046511628
4829.6308196640975	300	7.337656604454065	0.0	137507	2375.102213808477	0.34651977	-0.3802325581395349
4833.18736121661	300	7.781115051941004	0.0	118421	2056.541552513062	0.36820176	0.06976744186046512

