12259.027025845788	750	4.0	2.855960794164828	450283	2855.9607941648283	0.08454792	-12.106212810257599
12259.836037829991	300	7.1909880157968455	0.0	155580	809.011984203154	0.45293587	-0.3802325581395349
12261.836478431489	750	7.518254113766275	0.0	350812	1172.7339020305694	0.31583628	-0.2755813953488372
12264.322273573189	750	7.944209849716066	0.0	382355	2074.0442640502106	0.09035818	0.1744186046511628
12266.947170164327	750	7.8926370216213675	0.0	411561	2551.572828094699	0.08613929	0.1744186046511628
12269.71496054625	750	7.980403735981163	0.0	318564	2412.2332856402045	0.090880245	0.1744186046511628
12271.28855257179	750	7.501386228452791	0.0	352642	1479.0175075283719	0.22258744	0.1744186046511628
12273.73858027108	750	7.93365961396401	0.0	437162	2067.7266144887817	0.10021591	0.1744186046511628
12275.619346094516	750	7.759427254197637	0.0	374758	1174.232359766373	0.06455912	0.1744186046511628
12278.20669784134	750	7.544018098318648	0.0	362795	1715.409155878989	0.04198144	0.1744186046511628
12280.992031095791	750	7.602322833315615	0.0	353220	1941.6952650030335	0.052892577	0.1744186046511628
12283.826033660604	750	7.757140483634557	0.0	405134	2345.182349681058	0.080272555	0.1744186046511628
12286.540759641612	750	7.76918768179558	0.0	386351	1987.9528018389774	0.13269961	0.1744186046511628
12288.825561917167	750	7.5901731192529915	0.0	434409	2179.0145625425885	0.16742446	0.1744186046511628
12291.911796084098	750	7.5799498732432715	0.0	337059	2510.2232460097207	0.1269778	0.1744186046511628
12295.63391892742	750	7.85782702992108	0.0	366214	2722.122843322192	0.45202306	0.1744186046511628
12298.090200240096	750	7.9187532843052555	0.0	360831	2439.0737456158245	0.5687016	0.1744186046511628
12299.512915398056	300	7.685999479305414	0.0	150616	1232.7538049998418	0.6762911	-0.3802325581395349
12302.29490679164	750	7.539984397042059	0.0	405596	2146.0150822633545	0.48127124	-0.2755813953488372
12305.909324525943	750	7.925566662740021	0.0	350713	3114.4177343020383	0.51958656	0.1744186046511628
12307.986098013813	300	7.607377013117344	0.0	157671	1818.1896496226775	0.6722629	-0.3802325581395349
12309.636282226113	300	7.5365767879421295	0.0	157812	1070.800225175215	0.1869911	0.06976744186046512
12312.831703296122	300	7.543558265597571	0.0	163927	1493.0185223445578	0.3804885	0.06976744186046512
12315.179417444755	300	7.625902517565348	0.0	137654	1417.6557480322222	0.27385733	0.06976744186046512
12319.003064163808	750	7.802255798512204	0.0	359903	3323.6467190531444	0.28882533	-0.2755813953488372
12322.063346699593	300	7.9489670856451	0.0	153938	1853.2887128671043	0.33198357	-0.3802325581395349
12324.319118516743	300	7.544578055330654	0.0	181901	1904.3890303144449	0.11051658	0.06976744186046512
12325.508703055228	300	7.555477208005834	0.0	111155	989.1008473248204	0.12917179	0.06976744186046512
12327.351985458763	300	7.629077794316985	0.0	153605	926.3994136888485	0.17049763	0.06976744186046512
12331.910842199059	750	7.070221054021356	0.0	400508	4558.856740295629	0.48724037	-0.2755813953488372
12336.605497152837	300	6.375566100242773	0.0	157421	4694.654953778583	0.15059572	-0.3802325581395349
12339.28111097668	300	7.6999522763994355	0.0	157488	2175.613823843337	0.0068775015	0.06976744186046512
12341.123826361563	300	7.696598809340987	0.0	143881	1003.3534670584478	0.01745448	0.06976744186046512
12342.939298898184	300	7.728543561942908	0.0	163444	968.0552473980789	0.0803491	0.06976744186046512
12344.510237622997	300	7.701782844146557	0.0	179328	1026.7607177963505	0.27533367	0.06976744186046512
12345.389101282653	300	7.544439970327216	0.0	159914	657.3428738193413	0.33607462	0.06976744186046512
12346.102869412582	300	7.543316264782257	0.0	131610	501.12370554495783	0.7040965	0.06976744186046512
12347.46404699226	750	7.854049758635192	0.0	361565	1189.2665061470643	0.3826069	-0.2755813953488372
12348.588161711144	750	7.732947916957259	0.0	378327	1121.1018416779336	0.030903807	0.1744186046511628
12350.023679227696	750	7.5416956542859115	0.0	390680	1191.2522626713483	0.019870806	0.1744186046511628
12351.71192370638	750	7.724705975382431	0.0	345516	1316.9896789034815	0.01859491	0.1744186046511628
12353.479274324054	750	7.656658023437061	0.0	384505	1568.047951945369	0.02478109	0.1744186046511628
12355.037672917548	750	7.667110078553953	0.0	372093	1489.547944883109	0.0499772	0.1744186046511628
12358.430183424074	750	7.780280207096293	0.0	438281	2886.829871457659	0.08208597	0.1744186046511628
12361.096501690243	750	7.70996134354594	0.0	398987	2570.3188635503543	0.582993	0.1744186046511628
12363.648498004237	750	7.666962911858329	0.0	393804	2542.9984316876107	0.6988292	0.1744186046511628
12364.554755180396	300	7.598333221931587	0.0	137507	568.6296899267417	0.53038466	-0.3802325581395349
12365.656650192906	300	7.891199492292235	0.0	118421	707.1337296393511	0.6804645	0.06976744186046512

