4511.439713792764	750	4.0	3.5333118074124745	450283	3533.3118074124745	0.12241508	-15.121452666322746
4512.93462263048	300	6.5050911622846534	0.0	155580	1494.9088377153469	0.48057693	0.04267751833035538
4516.938868387636	750	6.50084540512849	0.0	350812	4004.245757156163	0.59598464	-0.18459603180731338
4520.408096605601	750	7.031617187163648	0.0	382355	3469.228217964842	0.31803197	0.36999311893982284
4523.900013134698	750	7.5397006580657875	0.0	411561	3491.9165290978613	0.14112265	0.4166279085129876
4528.721139899334	750	6.7185738934298245	0.0	318564	4821.126764635963	0.15254074	0.2046724858240065
4533.448699792209	750	5.991014000555843	0.0	352642	4727.559892873981	0.41864067	0.14400069330055998
4535.515108229172	300	7.924605563591165	0.0	173849	1566.408436964678	0.6373085	0.1721574584437196
4539.801654299961	750	7.638059492801842	0.0	374758	3786.546070789323	0.23377784	-0.053367894251775794
4546.489450434343	750	4.950263358420449	0.0	362795	6687.796134381392	0.0865357	-0.15219638176330663
4548.649776803096	300	6.789936989667444	0.0	141840	2160.326368753005	0.20491068	0.0035525049833800004
4551.052932930418	300	7.555046382579024	0.0	156148	1734.89060708842	0.30294305	0.5697387435812
4554.69937924319	750	7.525955986309473	0.0	386351	3529.0903962695525	0.6112407	-0.03841241872975565
4558.573472087444	750	7.651863142055559	0.0	434409	3374.092844253914	0.13113697	0.4392060455795572
4562.079621186424	750	7.864512925244295	0.0	337059	2787.350216811265	0.14423433	0.5183480954723717
4566.8546039349185	1200	7.0895301767493875	0.0	587876	4774.982748494907	0.28392652	-0.18093934116694776
4570.370285457986	750	7.573848653681512	0.0	360831	3015.681523067875	0.32493812	0.01753819311986138
4574.232529363865	750	7.6024583253073255	0.0	372963	2971.390328374187	0.17386699	0.4747210265147569
4578.313301747494	750	7.521685941679277	0.0	405596	4080.772383628047	0.16919406	0.35600838580872185
4581.542384147296	750	7.807957727094854	0.0	350713	2713.7282145844238	0.082570866	0.5202667925768822
4585.388393003781	750	7.961948870609711	0.0	386472	3346.008856485142	0.24867952	0.47186055374191305
4589.64058793828	750	7.709753936111243	0.0	399894	3752.1949344984682	0.20319363	0.40696789232127484
4593.596486135596	750	7.7538557387944405	0.0	401853	3955.8981973168025	0.11235288	0.3908424154658144
4597.147005034724	750	7.6933242901391825	0.0	343800	3060.531448655259	0.10045795	0.4745528685117962
4601.122178711057	750	7.550731162909586	0.0	359903	3142.5931272295975	0.1232172	0.45262194752639373
4604.950857017057	750	7.722052856909174	0.0	379700	3328.678306000411	0.10275132	0.45050334049770624
4608.751578185115	750	7.907321738601971	0.0	425781	3314.731118307204	0.114308044	0.46973040303373736
4613.033070619209	750	7.625829304508214	0.0	277716	2781.492434093757	0.21727741	0.49596029967405014
4616.795796309359	750	7.863103614358791	0.0	400396	3762.725690149423	0.10335641	0.42067490033869415
4621.042846821186	750	7.616053102531441	0.0	400508	3247.0505118273504	0.09437688	0.4484635211732284
4626.549535273689	750	6.109364650028889	0.0	358218	5506.6884525025525	0.12696174	0.07747922399224239
4631.354732590298	750	5.304167333420019	0.0	400322	4805.197316608869	0.6812424	0.07012716621052856
4632.878047491878	300	7.507082076726731	0.0	143881	1297.0852566932883	0.46866983	0.15890265880482857
4637.3235016345425	750	7.061627934061109	0.0	412837	4445.454142665622	0.6984249	-0.17474090449220897
4644.7967231632365	750	4.0	0.41159359463306466	401088	7473.221528694174	0.23077668	-2.092055323499454
4646.821396862954	300	5.975326300282525	0.0	159914	2024.6736997174746	0.015152339	-0.061289447482134274
4648.809114085325	300	7.826257273378256	0.0	131610	1149.0690269042686	0.028387196	0.6544252629679047
4652.64630866704	750	7.536984080254228	0.0	361565	3289.273193124029	0.58075595	-0.013369231640440071
4655.9834296662975	750	7.5973842796717	0.0	378327	2939.599800582528	0.13725811	0.47741169654321086
4659.693423087787	750	7.887390858182504	0.0	390680	3209.993421489196	0.1343382	0.47828580246379526
4663.0328629809055	750	7.946428216954541	0.0	345516	2940.962641227962	0.18524192	0.5108712944338168
4666.221120976226	750	7.801537807089997	0.0	384505	3144.8904098645444	0.2033923	0.47653264833622905
4670.214264138895	750	7.80839464442222	0.0	372093	2993.143162667776	0.15939134	0.49236735156575273
4674.492568416351	750	7.530090366965609	0.0	438281	4278.304277456611	0.15700574	0.33706413206307634
4678.467530323671	750	7.555128459645217	0.0	398987	2974.961907320392	0.07099301	0.4698083144050555
4682.451334831192	750	7.5713239521242235	0.0	393804	3483.8045075209934	0.159137	0.42048288923474464
4686.041039258351	750	7.981619524965839	0.0	331053	3089.7044271583836	0.09653246	0.4993843198672892
4689.328353798292	750	7.849605122035547	0.0	314107	3132.0144029302924	0.11970371	0.4824467835896948

