5917.246564801278	750	4.0	1.6438931885945212	450283	1643.8931885945212	0.004705182	-6.840623700312571
5919.457489536482	750	5.789075264795886	0.0	398865	1710.924735204114	0.67411387	0.2191797174264725
5921.161085383878	750	5.60468631730216	0.0	350812	1684.3889474937273	0.5553076	0.22263266483550498
5923.713343438037	750	5.558160730618725	0.0	382355	2046.5255866834352	0.5916268	0.18323738654434255
5926.461241618425	750	5.842077807412519	0.0	411561	2216.082923206205	0.6227483	0.1692174945590276
5927.959561719249	750	5.968825480991876	0.0	318564	1373.2523264206427	0.528938	0.27307435988652623
5929.982814356931	750	5.94473296350204	0.0	352642	1524.0925174898375	0.5975351	0.24604805528316653
5931.956333045919	750	5.5175537029547606	0.0	437162	1927.179260547279	0.572481	0.19458490846020612
5933.661323355899	300	5.843228314634267	0.0	150710	674.325388320494	0.6204397	-0.22755546120902115
5934.900816401515	300	5.623814204956496	0.0	139105	1219.4141096777712	0.68459105	0.12300989369365041
5936.287722737256	300	5.670400486004766	0.0	141840	953.4137189517297	0.5576458	0.1573293912373358
5938.2868169924295	300	5.562599700163715	0.0	156148	1107.8007858410522	0.6121539	0.13540340638603057
5940.72735546243	300	5.822977247528492	0.0	160746	1239.6224526352235	0.48876834	0.12100458464682201
5942.613988454683	300	5.6001187266849595	0.0	179801	1222.8585208435336	0.27197385	0.12266341317761706
5944.905850513781	300	5.941074866090933	0.0	140051	1659.0438605940265	0.3482014	0.09041352285062071
5947.627835143283	300	5.821491683991418	0.0	138313	1119.5831820995143	0.07196216	0.1339784326866275
5949.414574022031	300	5.789322992168746	0.0	143509	1532.1686918226721	0.11721072	0.09790044712476116
5953.2087481538	300	5.8095210626473595	0.0	150616	1979.8019295213862	0.03912908	0.0757651549699531
5954.678369380924	300	5.801896445308739	0.0	165384	1007.6246173386199	0.015317209	0.14886496163242444
5955.402217192227	300	5.710970887450069	0.0	140881	590.92555785867	0.078389764	0.25383908007559064
5957.216858679392	300	5.6151112372392635	0.0	157671	595.8596502108045	0.27411225	0.251737132975748
5959.59508335683	300	5.915389893248188	0.0	157812	2199.721343991076	0.49922806	0.06819045530914689
5960.619506957776	300	5.5574297785986	0.0	163927	857.9601146495877	0.05346419	0.17483330219990909
5962.091758846417	300	5.609535582176234	0.0	137654	947.894196422367	0.1026687	0.1582455094314791
5963.03275593935	300	5.546215824619099	0.0	146754	563.319757557135	0.086254	0.2662786064001779
5964.664593983745	750	5.924135427209104	0.0	379700	1622.0803974099952	0.27447256	-0.21881540483519238
5967.0862794654195	750	5.738171572064715	0.0	425781	1685.963855144389	0.7191935	0.2224246972174171
5968.699001065969	750	5.534671561054492	0.0	277716	1203.500011010224	0.6280037	0.31159118950503634
5969.403598875355	300	5.51198341313165	0.0	153605	522.6881479228434	0.68359387	-0.16302199868870526
5970.226394257702	300	5.9165406571898	0.0	149029	595.4427559418493	0.2780795	0.2519133846254214
5971.269447271174	300	5.89869041115656	0.0	157421	517.8502460332393	0.36158428	0.2896590300941403
5972.176055388224	300	5.7779877508506265	0.0	157488	620.7026603059329	0.34281218	0.2416616031999408
5973.027254884175	300	5.750340688247099	0.0	143881	527.6470626035292	0.2372751	0.2842809344182952
5974.271482657497	300	5.915003099259879	0.0	163444	835.3375889872202	0.21501286	0.1795681194974872
5976.13802631137	300	5.781176354990795	0.0	179328	1133.8267442690833	0.12533368	0.13229534473249427
5978.646076871281	300	5.923509463337106	0.0	159914	2357.66689165369	0.045948043	0.06362221929272993
5981.6607060077995	300	5.841386714706821	0.0	131610	2582.122748630285	0.006902246	0.05809173869815799
5984.9438652384415	300	5.826060341329681	0.0	124011	3015.3263733771387	0.004705182	0.04974585879803165
5988.823136233843	300	5.946789345927487	0.0	144254	3879.270995402194	0.004705182	0.038667058882399206
5994.392442386981	300	4.377483192789735	0.0	149991	5569.3061531377525	0.004705182	0.02693333709361441
6000.571269797133	300	4.0	1.8013442173622078	147968	6178.827410151943	0.004705182	-7.72150368379668
6007.4919667240965	300	4.0	2.92069692696322	161857	6920.69692696322	0.004705182	-12.537322668207315
6013.703548455235	300	4.0	2.211581731138418	145210	6211.581731138418	0.004705182	-9.485653005302165
6020.714961035373	300	4.0	3.011412580136944	172312	7011.412580136944	0.004705182	-12.927680402763484
6027.37828055467	300	4.0	2.6633195192970334	167025	6663.319519297033	0.004705182	-11.429762630680303
6033.117173523549	300	4.0	1.7388929688788222	160064	5738.892968878822	0.004705182	-7.451102321063052
6038.271001950883	300	4.0	1.1538284273339887	137507	5153.828427333989	0.004705182	-4.932357659819816
6043.191343536932	300	4.0	0.9203415860485202	118421	4920.34158604852	0.004705182	-3.926983131692744

