10978.88947790768	750	4.0	1.7227784527213061	450283	1722.7784527213062	0.6257695	-7.233528742050453
10980.685700762024	750	6.20377714565615	0.0	398865	1796.22285434385	0.39007732	0.1744186046511628
10982.809103583544	750	7.956576459953192	0.0	350812	1747.2006857029573	0.35953632	0.1744186046511628
10984.882740508056	750	7.56285907037702	0.0	382355	1393.7173895761719	0.08939429	0.1744186046511628
10987.271106299364	750	7.658635832494736	0.0	411561	1904.2232378822855	0.0819584	0.1744186046511628
10989.740914393511	750	7.550803133683952	0.0	318564	1607.8326988107826	0.07106193	0.1744186046511628
10991.966045890247	750	7.9492250877339625	0.0	352642	2101.5780459499892	0.068158835	0.1744186046511628
10994.600896507081	750	7.958576452261552	0.0	437162	2490.6486354724116	0.044788364	0.1744186046511628
10998.465824972009	1200	7.613213277227081	0.0	584846	2845.363175034471	0.041464407	-0.17093023255813955
11001.161884184548	750	7.654966273004404	0.0	362795	2458.2470042226773	0.05005406	-0.2755813953488372
11004.130917163811	750	7.8243559352311385	0.0	353220	2330.6103377732647	0.065860406	0.1744186046511628
11007.659772904379	750	7.874139352292332	0.0	405134	2450.216582938806	0.055660307	0.1744186046511628
11010.772006173851	750	7.532342329771352	0.0	386351	2841.797022520979	0.061402835	0.1744186046511628
11013.96569052057	750	7.940718246487502	0.0	434409	3091.6240832838503	0.09217936	0.1744186046511628
11017.07638901194	750	7.68639909436969	0.0	337059	2754.319152117812	0.08024117	0.1744186046511628
11020.798728493628	750	7.964059612682737	0.0	366214	2722.3394816869527	0.110567205	0.1744186046511628
11023.891937731694	750	7.891814389818823	0.0	360831	3072.2452228639145	0.09841075	0.1744186046511628
11027.46251797524	750	7.5370063137973755	0.0	372963	2854.8080760214475	0.14317058	0.1744186046511628
11031.758893710516	750	7.240630578522292	0.0	405596	4296.375735275084	0.17083582	0.1744186046511628
11035.201614704176	750	7.797909584861683	0.0	350713	3442.720993660609	0.41651982	0.1744186046511628
11043.504987175998	750	4.0	0.5054628869607495	386472	8303.372471822433	0.32667783	-1.99907180928006
11046.390279368297	300	5.114707807700939	0.0	157812	2885.2921922990613	0.010416099	-0.3802325581395349
11048.670397327354	300	6.834589848644328	0.0	163927	2280.1179590566107	0.0063668354	0.06976744186046512
11051.555830573681	300	7.949156602316723	0.0	137654	2885.433246327605	0.07379068	0.06976744186046512
11054.79978990754	300	7.576719318370365	0.0	146754	2872.437283946357	0.05025983	0.06976744186046512
11058.241856258313	300	7.911447134588856	0.0	153938	2665.27218378151	0.4651567	0.06976744186046512
11060.519533576891	300	7.986005568297032	0.0	181901	1425.4415662918238	0.22410558	0.06976744186046512
11062.68053410642	750	7.756623213225757	0.0	277716	1729.3823550712748	0.69208515	-0.2755813953488372
11065.321514535255	750	7.696942124035588	0.0	400396	2559.681089190169	0.23171982	0.1744186046511628
11068.728074068154	750	7.979312041909159	0.0	400508	2217.630082126428	0.1840586	0.1744186046511628
11072.903310921478	750	7.7411582976347635	0.0	358218	3238.153744274395	0.080058575	0.1744186046511628
11075.695507292157	750	7.518601671318218	0.0	400322	2222.5566263165447	0.20803401	0.1744186046511628
11079.357064767102	750	7.8570441963731845	0.0	369834	3161.557474945033	0.14314188	0.1744186046511628
11081.985021143633	750	7.628664570261979	0.0	412837	2228.3796261112057	0.17024317	0.1744186046511628
11083.777889073866	750	7.84201902785644	0.0	401088	1786.6455424055382	0.14028133	0.1744186046511628
11085.791283600565	750	7.583432925419747	0.0	365161	1758.5861024366939	0.048338138	0.1744186046511628
11087.221890029685	750	7.850533903490257	0.0	321064	1232.8990219294892	0.070953846	0.1744186046511628
11089.541793336224	750	7.999435953816972	0.0	361565	1851.097949673285	0.031608667	0.1744186046511628
11093.791492362816	750	7.749736927224843	0.0	378327	3249.6990265921295	0.036654133	0.1744186046511628
11097.251157129287	750	7.844156812218385	0.0	390680	2405.5801150064585	0.0620659	0.1744186046511628
11100.087942601831	750	7.68280638267848	0.0	345516	2161.3504295399052	0.059652485	0.1744186046511628
11103.095064209214	750	7.686963138489809	0.0	384505	2995.8432441886716	0.08318563	0.1744186046511628
11107.617839892187	750	7.164187455514967	0.0	372093	4522.775682974842	0.12501192	0.1744186046511628
11117.472574901665	750	4.0	2.6905475539614225	438281	9854.73500947639	0.37674418	-11.394935877382954
11121.418409061642	300	4.054165840023109	0.0	167025	3945.834159976891	0.009305054	-0.3802325581395349
11126.18912967011	300	4.0	0.7165547684451149	160064	4770.720608468224	0.004705182	-3.0114180624535285
11129.604999413192	300	4.584130256919834	0.0	137507	3415.8697430801653	0.004705182	0.06976744186046512
11132.01497350647	300	6.1741561636436835	0.0	118421	2409.974093276151	0.004705182	0.06976744186046512

