9481.67342671419	750	4.0	6.275717151967713	450283	6275.717151967713	0.006494676	-0.13155185008049225
9483.848109432547	300	5.825317281643536	0.0	155580	2174.6827183564637	0.024215762	0.05264767989469388
9485.934033936946	300	7.7393927772440305	0.0	139857	2085.924504399506	0.0066533154	0.7478580634015679
9489.860999772747	300	7.812426941441434	0.0	155432	3926.9658358025963	0.006116403	0.5727715981925514
9491.974977780692	300	7.5070829521331905	0.0	163442	1805.343989308242	0.0055223666	0.7472323765117185
9495.731411888013	300	7.733182917340295	0.0	126289	1773.9000347928968	0.007292022	0.7782937670835576
9499.663043242223	300	7.8015515631304355	0.0	153295	2931.63135420986	0.0060332604	0.6709622425926052
9502.700060953508	300	7.645125435156469	0.0	173849	2656.4261279739653	0.006240328	0.6791685320302792
9506.612483858686	300	7.732702529977243	0.0	150710	2412.422905179226	0.0058859037	0.7143821656984679
9509.294093666613	300	7.9734048559588375	0.0	139105	1759.297674018406	0.005899762	0.8094146653466958
9510.860364090842	300	7.51142568694825	0.0	141840	1461.9791690105872	0.0066863075	0.7821050643145797
9512.465804743855	300	7.930851026202609	0.0	156148	1580.574660745642	0.0069470843	0.8220327639297712
9516.855351718694	300	7.541304051363595	0.0	160746	2889.5469748390133	0.0077891354	0.6430374225284717
9521.091471509808	300	7.305184260249211	0.0	179801	4236.119791114384	0.006618218	0.47922597871294126
9524.465566422195	300	7.931089347861605	0.0	140051	3374.0949123876067	0.005719113	0.6427101647966011
9527.459636451673	300	7.661368168426181	0.0	138313	2769.7211794354243	0.0055438746	0.669844548225172
9530.396169743868	300	7.9952759663998805	0.0	143509	2666.0922020263	0.0054792203	0.7214356803805607
9534.25463922397	300	7.891261790533175	0.0	150616	3604.014175866706	0.005750332	0.6148006537751467
9538.190245284823	300	7.95565572968067	0.0	165384	3935.6060608525063	0.005152439	0.5895923080965164
9542.47169908317	300	7.674201931333124	0.0	140881	3281.4537983475457	0.0047758413	0.6202558955846516
9546.232792677863	300	7.913108336640041	0.0	157671	2761.093594693083	0.004705182	0.701790146721843
9549.025494345351	300	7.743061862860219	0.0	157812	2670.0464737798234	0.0047063734	0.6898988954816933
9553.057554139994	300	7.711002068216687	0.0	163927	3532.0597946435314	0.004877859	0.5997390792363284
9556.881321169181	300	7.8872350390306805	0.0	137654	2823.7670291860068	0.0047543407	0.6923281777340413
9560.915716032654	300	7.852840175557396	0.0	146754	3534.394863473284	0.0047147633	0.6170185947320908
9564.830357253863	300	7.906957967308148	0.0	153938	2945.8822082492475	0.004705182	0.6825518875022364
9568.966683735081	300	7.770631486088065	0.0	181901	4136.326481220083	0.0047081616	0.5466749688445139
9570.978748240028	300	7.647142066555114	0.0	111155	1623.4894195329505	0.004712095	0.7827112002099789
9573.74955737026	300	7.521024944144511	0.0	153605	1626.117122410604	0.0049808007	0.7668765076191797
9576.352531676253	300	7.651883890060082	0.0	149029	1869.1410540844279	0.005782529	0.7587315187717271
9580.00474797154	300	7.999667594773986	0.0	157421	2152.216295286097	0.005878602	0.773365513808921
9584.004436332252	300	7.9999792340628755	0.0	157488	3499.688360711111	0.006010378	0.638656785965429
9587.339452475431	300	7.545340102426062	0.0	143881	2954.639131636814	0.0051892516	0.6370265457923221
9590.90022395823	300	7.98456861962772	0.0	163444	2560.7714827983414	0.0056450544	0.7306456957195973
9593.884810901753	300	7.752849399536935	0.0	179328	2731.719220090784	0.005696241	0.6849401067227354
9597.733418587819	300	7.904241713470137	0.0	159914	3848.6076860667977	0.0062620295	0.5919439586642669
9601.057784791567	300	7.552796230845423	0.0	131610	2351.4454826247147	0.005823061	0.6982665331293161
9604.792202833156	300	7.818378189256471	0.0	124011	2234.4180415889514	0.0053813197	0.7427611895634
9607.812269222411	300	7.522014432982929	0.0	144254	2296.363756273542	0.005476294	0.6999740183121629
9609.807390360953	300	7.5813051947048695	0.0	149991	1940.709238278059	0.005630254	0.7428602138551009
9611.63178408659	300	7.936314253517463	0.0	147968	1644.9909411874057	0.0061221197	0.8162656910105821
9614.196717921917	300	7.988548694579835	0.0	161857	1947.7655589376282	0.006502748	0.7924377155718996
9616.246948188258	300	7.797017756602312	0.0	145210	1691.5309379775222	0.007105158	0.7944124864529064
9620.394123833803	300	7.649842111056352	0.0	172312	2147.17564554596	0.00710092	0.7306759572670809
9623.200220432263	300	7.92973128928243	0.0	167025	2220.1108217739215	0.0075904243	0.757940891767912
9627.365886893325	300	7.569890975593944	0.0	160064	2359.8403136884863	0.007718831	0.6995377708507382
9629.708541434467	300	7.951476716709265	0.0	137507	2118.4142588846785	0.00774505	0.7707954975693575
9633.5808559744	300	7.652439645371269	0.0	118421	1799.0370713379957	0.0075617433	0.7658105372175245

