13279.882293491832	750	4.0	3.9127276647253035	450283	3912.7276647253034	0.006238387	-0.05406346414694896
13281.313886511936	300	6.568406979893699	0.0	155580	1431.593020106301	0.12407143	-0.14775014483704138
13283.431208531705	300	7.901906226594865	0.0	139857	1166.500753298834	0.0077232597	0.4121027847625282
13285.022049444358	300	7.816896379683487	0.0	155432	1085.0098469113782	0.008233965	0.4149387599693127
13286.535148872437	300	7.648262198515906	0.0	163442	1168.6341811675818	0.012566242	0.3960366902207185
13288.316102716144	300	7.870017919167367	0.0	126289	1278.244279348538	0.010207413	0.3989354129433391
13291.072470317993	300	7.648188952871212	0.0	153295	1721.8289662961554	0.008352883	0.3407126338550677
13294.052123894298	300	7.755631487245668	0.0	173849	2392.557465625544	0.007727765	0.28035494232053243
13295.748014704373	300	7.766234156648336	0.0	150710	989.3973305973319	0.008522887	0.4213336226610203
13296.941440962204	300	7.842767781771029	0.0	139105	923.4663748773077	0.010807186	0.43271006980319104
13298.037918314336	300	7.904509032882679	0.0	141840	938.2587488883488	0.011795365	0.43508966059656506
13300.019110244033	300	7.953022369655144	0.0	156148	951.4866632275347	0.011636281	0.43679895271092556
13301.254689944555	300	7.900085066778818	0.0	160746	1052.9373028763257	0.011263688	0.42334530731627606
13303.957856731819	300	7.864822976870302	0.0	179801	1535.262089908515	0.011044772	0.3729089479937749
13307.119497448468	300	7.997954924322595	0.0	140051	1366.8680525477064	0.011072871	0.3980690984456241
13311.422117022767	300	7.695335350025863	0.0	138313	2302.619574296732	0.009291468	0.2855802228771758
13313.924057182578	300	7.528061398869349	0.0	143509	1167.2739511565137	0.008175338	0.38866016324391545
13317.531672019835	300	7.9204465616121436	0.0	150616	3107.6148372572056	0.009242679	0.21915014730527094
13320.236505243864	300	7.654170405804542	0.0	165384	2266.2761558076013	0.006753417	0.28664175571225625
13322.444328241423	300	7.844537450634865	0.0	140881	1309.6329551696767	0.006364086	0.3942040160779439
13324.180263495778	300	7.845664882802776	0.0	157671	1498.8725678320902	0.006387608	0.375350519322197
13326.96062633122	300	7.524014817893425	0.0	157812	1321.6500649093493	0.006697719	0.37296964055763665
13330.42496744372	300	7.596200656459566	0.0	163927	1427.8141614338585	0.006694156	0.3668648458155696
13333.67499385581	300	7.694450930697234	0.0	137654	1401.749725762333	0.0062345513	0.3756119315225764
13337.431803577758	300	7.7701843461364986	0.0	146754	3424.266584560736	0.0066836006	0.1780935841076901
13341.545501349574	300	7.656486574320827	0.0	153938	3113.6977718156722	0.0054722046	0.20204435464371695
13345.268552283746	300	7.933435640149952	0.0	181901	3223.0509341708744	0.005170864	0.2084183550225171
13349.409023761345	300	7.792964162549806	0.0	111155	2640.4714776001456	0.005263749	0.25789683332958085
13353.220028450947	300	7.981959472947335	0.0	153605	3311.0046896024705	0.0049873623	0.20265571902919394
13357.472344705388	300	7.729643218505871	0.0	149029	3252.316254441465	0.004752621	0.19275479664270306
13361.306544406278	300	7.895443517615517	0.0	157421	3834.199700890355	0.004740225	0.14492897069216681
13366.483547041662	300	6.7184408822323745	0.0	157488	5177.002635383142	0.0047229417	-0.06291398746855814
13371.55490212958	300	5.647085794314219	0.0	143881	5071.355087918156	0.0047314046	-0.11930892571694429
13375.834447289413	300	5.367540634480159	0.0	163444	4279.54515983406	0.0047306893	-0.05759950539816344
13378.597148520843	300	6.604839403050395	0.0	179328	2762.701231429765	0.004733789	0.17141606047790575
13381.538056264077	300	7.663931659815701	0.0	159914	2440.9077432346944	0.004729021	0.26978867534524437
13384.258387133916	300	7.5081641703509705	0.0	131610	1655.7674894647291	0.004723776	0.3385672326306953
13386.125589310745	300	7.566844772123164	0.0	124011	941.3193982278061	0.004722465	0.4136795793651497
13388.410347116867	300	7.902407205863165	0.0	144254	1664.43756626	0.0050279982	0.36234041467068034
13392.759498087613	300	7.553256235117404	0.0	149991	1849.1509707457603	0.005411323	0.3220471385504942
13396.759559469756	300	7.553194852975101	0.0	147968	4000.061382142303	0.005853256	0.10695226102694605
13401.531180747817	300	6.781573574912838	0.0	161857	4771.621278062263	0.0053592343	-0.0184300584439413
13404.633212280776	300	7.679542041955068	0.0	145210	3102.03153295777	0.005496436	0.20465194525664726
13410.180959265432	300	6.1317950573001685	0.0	172312	5547.7469846549	0.005310366	-0.1366537864539969
13415.906957784218	300	4.405796538511959	0.0	167025	5725.998518788209	0.005532744	-0.2623538472915909
13420.282409230886	300	4.030345091844526	0.0	160064	4375.451446667433	0.005631882	-0.1507648554962278
13424.152868856441	300	4.159885466288457	0.0	137507	3870.4596255560687	0.0051785214	-0.09216939998234575
13426.967976539096	300	5.344777783634389	0.0	118421	2815.1076826540675	0.0054088663	0.08742156414197516

