22053.198004535345	750	4.0	3.9127276647253035	450283	3912.7276647253034	0.004705182	-16.074728958318804
22054.62959755545	300	6.568406979893699	0.0	155580	1431.593020106301	0.004705182	-0.15000000000000002
22055.79609830875	300	9.401906226594866	0.0	139857	1166.500753298834	0.004705182	0.3
22056.94454363651	300	12.253460898835879	0.0	155432	1148.4453277589848	0.004705182	0.3
22058.077812272568	300	15.120192262777211	0.0	163442	1133.2686360586692	0.14095938	0.3
22059.912938551333	750	17.28506598401304	0.0	318564	1835.1262787641672	0.5867619	0.3
22062.18996377576	750	19.008040759585654	0.0	352642	2277.0252244273875	0.22691248	0.75
22066.083128571034	750	19.11487596431319	0.0	437162	3893.1647952724666	0.14350332	0.75
22069.794602798895	750	19.40340173645145	0.0	374758	3711.4742278617355	0.012320731	0.75
22074.084529111602	750	19.11347542374349	0.0	362795	4289.926312707962	0.005476825	0.75
22077.579275395772	750	19.61872913957158	0.0	353220	3494.7462841719102	0.005986198	0.75
22080.04262414978	750	21.15538038556525	0.0	405134	2463.348754006334	0.004705182	0.75
22082.333271040025	750	22.864733495321353	0.0	386351	2290.6468902438946	0.045886796	0.75
22084.89649586184	750	24.30150867350399	0.0	434409	2563.2248218173654	0.13991357	0.75
22087.94542315022	1200	25.252581385127613	0.0	526950	3048.9272883763733	0.35135037	0.75
22091.25537468942	1200	25.94262984592905	0.0	587876	3309.951539198561	0.038166672	1.2
22095.075259154622	1200	26.122745380725558	0.0	617242	3819.8844652034936	0.020238714	1.2
22099.441393620393	1200	25.7566109149515	0.0	581493	4366.134465774057	0.025009423	1.2
22106.23970334332	1200	22.958301192026596	0.0	639204	6798.309722924907	0.11321455	1.2
22110.96462831715	750	22.23337621819692	0.0	350713	4724.924973829676	0.45897102	0.3
22114.340995081406	750	22.857009453942876	0.0	386472	3376.3667642540468	0.004705182	0.75
22120.554047218222	750	20.643957317127576	0.0	399894	6213.052136815298	0.007347907	0.75
22123.822286248793	750	21.375718286559167	0.0	401853	3268.23903056841	0.0059654736	0.75
22126.91964049233	750	22.278364043020677	0.0	343800	3097.354243538491	0.0051569277	0.75
22130.13077735139	750	23.067227183960892	0.0	359903	3211.136859059784	0.004705182	0.75
22133.429494752345	750	23.768509783006653	0.0	379700	3298.7174009542396	0.004705182	0.75
22137.292953852615	750	23.90505068273597	0.0	425781	3863.4591002706848	0.004705182	0.75
22140.165921639364	750	25.032082895988257	0.0	277716	2872.9677867477094	0.004705182	0.75
22148.607722159777	750	20.590282375576965	0.0	400396	8441.80052041129	0.004705182	0.75
22151.262780777754	300	21.93522375760042	0.0	149029	2655.0586179765437	0.68799937	-0.15000000000000002
22159.147521339142	750	18.050483196212873	0.0	358218	7884.740561387545	0.6134626	0.3
22167.54950329606	750	13.648501239291596	0.0	400322	8401.981956921278	0.18841538	0.75
22171.40626168919	300	13.791742846165244	0.0	143881	3856.758393126353	0.004705182	-0.15000000000000002
22177.262062913374	300	11.93594162198205	0.0	163444	5855.801224183194	0.004705182	0.3
22183.151771463243	300	10.046233072113889	0.0	179328	5889.70854986816	0.004705182	0.3
22185.517567001563	300	11.680437533792155	0.0	159914	2365.795538321734	0.004705182	0.3
22187.67529420599	300	13.522710329366179	0.0	131610	2157.727204425978	0.004705182	0.3
22189.48703744127	300	15.710967094084497	0.0	124011	1811.743235281682	0.004705182	0.3
22191.31923375625	300	17.87877077910675	0.0	144254	1832.1963149777491	0.015603824	0.3
22194.678476870133	750	18.519527665223613	0.0	390680	3359.2431138831357	0.67015016	0.3
22197.382769336687	750	19.815235198669512	0.0	345516	2704.2924665540972	0.005026465	0.75
22201.766307091344	750	19.43169744401313	0.0	384505	4383.537754656388	0.046612386	0.75
22208.68642940169	750	16.511575133669794	0.0	372093	6920.122310343332	0.0068969615	0.75
22220.10636645571	750	9.09163807964519	0.0	438281	11419.937054024604	0.009804768	0.75
22226.15694599371	300	7.041058541644466	0.0	167025	6050.579538000725	0.004705182	-0.15000000000000002
22230.931389765166	300	6.266614770188433	0.0	160064	4774.443771456033	0.004705182	0.3
22234.7471457772	300	6.450858758155245	0.0	137507	3815.756012033188	0.004705182	0.3
22238.091488823866	300	7.10651571148871	0.0	118421	3344.3430466665345	0.004705182	0.3

