3300.070480672001	750	4.0	7.947206251782381	450283	7947.2062517823815	0.052703626	-34.54258822155033
3302.828873196169	300	5.241607475832228	0.0	155580	2758.392524167771	0.004705182	-0.20528261390187635
3305.9959218381528	300	6.07455883384848	0.0	139857	3167.048641983749	0.004705182	0.2840243042167355
3310.5218008306365	300	5.548679841364558	0.0	155432	4525.878992483921	0.004705182	0.09752480898203275
3313.2362408499494	300	6.834239822051922	0.0	163442	2714.4400193126367	0.004705182	0.4024053386946385
3316.2774692584135	300	7.793011413587552	0.0	126289	2541.2284084643697	0.0051538264	0.5120093724227464
3320.536824375416	300	7.5336562965852645	0.0	153295	3259.355117002287	0.004705182	0.4152334721168063
3324.093917306986	300	7.606884841798623	0.0	173849	2926.7714547866426	0.004705182	0.45554017036180244
3327.7638061970397	300	7.93699595174524	0.0	150710	3669.8888900533816	0.004705182	0.41300200230010803
3332.162762224191	300	7.538039924594078	0.0	139105	4398.956027151163	0.004705182	0.3016953103589224
3336.181399826672	300	7.519402322113207	0.0	141840	4018.637602480872	0.004705182	0.33793326206896357
3340.8561566598833	300	6.844645488901763	0.0	156148	4674.756833211443	0.004705182	0.20737521475300724
3345.7670242100876	300	5.933777938697566	0.0	160746	4910.867550204197	0.004705182	0.09609208969662353
3350.0048321271074	300	5.695970021677562	0.0	179801	4237.807917020004	0.004705182	0.14050876643869398
3352.4977458688386	300	7.203056279946319	0.0	140051	2492.913741731243	0.004705182	0.46005697634532317
3354.5346796259823	300	7.786664392042304	0.0	138313	1416.3918879040136	0.004705182	0.6238821163270437
3358.4619606431747	300	7.533294875316311	0.0	143509	2753.369516725993	0.0056197504	0.46579724493001684
3362.1337389212754	300	7.861516597215592	0.0	150616	3171.77827810072	0.004705182	0.4555480884765585
3365.6427646378297	300	7.534848666371637	0.0	165384	3326.6679308439548	0.004705182	0.4086169577012386
3368.75253299775	300	7.696143341116755	0.0	140881	2338.705325254883	0.004705182	0.5229380169285157
3371.2446280114264	300	7.97062730391156	0.0	157671	1725.516037205194	0.004705182	0.6106763440603017
3372.8258211553552	300	7.953320286932578	0.0	157812	1517.3070169789828	0.005642603	0.6298314257167306
3375.2707266059047	300	7.927810548832862	0.0	163927	1525.5097380997156	0.009609507	0.6265558118600725
3377.9146777631754	300	7.960532888422295	0.0	137654	1467.2776604105682	0.01624955	0.6355285825943282
3380.892612188717	300	7.574902371631539	0.0	146754	2385.630516790756	0.009592973	0.5065759144821735
3382.9763004804777	300	7.784210184826516	0.0	153938	1790.6921868050224	0.004705182	0.5862158661588972
3387.216649172632	300	7.54386149267178	0.0	181901	3740.348692154735	0.0059932796	0.36811637650738543
3390.72274630907	300	7.627485299008163	0.0	111155	2416.3761936636165	0.004705182	0.5085625142649581
3393.39109608001	300	7.823170980425448	0.0	153605	1804.3143185827162	0.004705182	0.5886036745400463
3395.138817192545	300	7.621328121836246	0.0	149029	1701.8428585892018	0.004705182	0.5794232123607808
3396.9485181557943	300	7.789416800684812	0.0	157421	1331.9113211514334	0.004705182	0.6325950955119601
3400.747849470235	300	7.99008548624417	0.0	157488	1799.3313144406432	0.009991634	0.605167688851882
3404.7401826264486	300	7.9977523300303925	0.0	143881	2992.3331562137773	0.004705182	0.48660544724081284
3406.595810148346	300	7.774665563457576	0.0	163444	1723.086766572817	0.004705182	0.5920577273555327
3408.819520092475	300	7.564080969055581	0.0	179328	2210.5845944019943	0.004705182	0.5230389342291706
3410.880412382069	300	7.84519752762208	0.0	159914	1718.8834414335024	0.004705182	0.5992668428535828
3413.0129136959586	300	7.819951261257585	0.0	131610	1525.2462663644944	0.004705182	0.6162005780746072
3414.362427861134	300	7.868821740932308	0.0	124011	951.1295203252763	0.004705182	0.6783160927710531
3418.2693738155876	300	7.884541028630556	0.0	144254	984.2807123017527	0.013129162	0.6765139731632005
3421.0752170334636	300	7.722952093218746	0.0	149991	2661.5889354118094	0.06230787	0.49323002925491466
3424.004166994753	300	7.595604201355674	0.0	147968	2627.3478918630717	0.004705182	0.48439675198736537
3427.9944608900983	300	7.60531030601045	0.0	161857	3990.293895345224	0.004705182	0.3490363754184389
3431.7881466319077	300	7.8116245642011926	0.0	145210	3793.6857418092573	0.004705182	0.3885551763247935
3435.7346552256013	300	7.865115970507986	0.0	172312	2946.508593693207	0.004705182	0.4784215007523901
3439.741857839149	300	7.857913356959947	0.0	167025	3507.2026135480396	0.004705182	0.4216588388970687
3443.8832560430105	300	7.716515153098484	0.0	160064	3141.398203861463	0.004705182	0.4446295394915497
3447.9040226313737	300	7.695748564734986	0.0	137507	3020.7665883634972	0.004705182	0.45469389293511653
3451.872732591516	300	7.72703860459287	0.0	118421	3468.7099601421155	0.004705182	0.4129112582197604

