21673.116744022747	750	4.0	3.3429362672757508	450283	3342.9362672757507	0.4572618	-13.624625949285727
21674.304865679864	300	6.811878342882704	0.0	155580	1188.1216571172963	0.015805928	-0.15000000000000002
21675.40802651243	300	9.708717510318698	0.0	139857	1103.160832564006	0.004705182	0.3
21676.722115890898	300	12.394628131848688	0.0	155432	1314.0893784700106	0.007993098	0.3
21678.070622069936	300	15.046121952810232	0.0	163442	1348.5061790384545	0.1397585	0.3
21679.01538510922	300	18.101358913527168	0.0	126289	944.7630392830617	0.6954248	0.3
21681.602557898073	750	19.514186124672584	0.0	352642	2587.1727888545875	0.33962816	0.3
21684.794471490466	750	20.32227253228228	0.0	437162	3191.9135923902995	0.04425703	0.75
21686.729567117924	750	22.387176904825235	0.0	374758	1935.0956274570442	0.07433479	0.75
21688.661219568457	750	24.45552445428984	0.0	362795	1931.6524505353943	0.6655849	0.75
21692.126147506533	1200	24.99059651621543	0.0	607410	3464.9279380744133	0.6500919	0.75
21694.678799200323	1200	26.437944822422853	0.0	594078	2552.651693792573	0.0076509365	1.2
21697.55514951708	1200	27.561594505661894	0.0	624282	2876.35031676096	0.004705182	1.2
21700.53971422364	1200	28.577029799104604	0.0	687371	2984.5647065572916	0.004705182	1.2
21702.742276753033	1200	30.37446726971018	0.0	526950	2202.562529394422	0.004705182	1.2
21705.611470009935	1200	31.505274012811842	0.0	587876	2869.193256898339	0.004705182	1.2
21709.664508316175	1200	31.452235706571766	0.0	617242	4053.0383062400765	0.004705182	1.2
21714.2923191426	1200	30.82442488014173	0.0	581493	4627.810826430036	0.004705182	1.2
21722.008349985186	1200	27.108394037559634	0.0	639204	7716.030842582095	0.008385105	1.2
21728.035968783937	1200	25.080775238806936	0.0	586839	6027.618798752701	0.6916933	1.2
21735.61525174546	1200	21.501492277280764	0.0	601738	7579.28296152617	0.6138524	1.2
21741.45914361838	750	19.657600404364267	0.0	399894	5843.891872916498	0.09970988	0.3
21748.22134489087	750	16.89539913187424	0.0	401853	6762.201272490031	0.0065153074	0.75
21749.320595662553	300	19.796148360191694	0.0	137654	1099.2507716825423	0.6625757	-0.15000000000000002
21750.23800738009	300	22.878736642657667	0.0	146754	917.4117175340302	0.6918589	0.3
21752.480637124045	750	24.636106898700966	0.0	379700	2242.6297439566997	0.053705074	0.3
21755.19510720427	750	25.92163681847583	0.0	425781	2714.470080225138	0.035811566	0.75
21757.00633878002	750	28.11040524272616	0.0	277716	1811.2315757496692	0.113101155	0.75
21759.70184053233	750	29.414903490416435	0.0	400396	2695.501752309724	0.121590726	0.75
21762.414231733554	750	30.70251228919105	0.0	400508	2712.3912012253886	0.2856865	0.75
21765.51350783103	1200	31.603236191716142	0.0	570392	3099.2760974749044	0.6214416	0.75
21768.61552225793	1200	32.50122176481751	0.0	620283	3102.014426898637	0.004705182	1.2
21771.384749302295	1200	33.731994720451155	0.0	584349	2769.227044366354	0.004705182	1.2
21774.270889338484	1200	34.845854684260146	0.0	670129	2886.140036191003	0.004705182	1.2
21777.812974756438	1200	35.303769266309175	0.0	690253	3542.085417950974	0.009668561	1.2
21780.434223071916	1200	36.682520950832036	0.0	598727	2621.24831547714	0.013343194	1.2
21788.561364512516	2850	32.55537951023241	0.0	1139291	8127.141440599619	0.60333747	1.2000000000000002
21808.47199862464	2850	16.64474539811022	0.0	1499009	19910.634112122196	0.0061394684	2.85
21810.745832719007	300	18.37091130374273	0.0	144254	2273.834094367487	0.016303377	-2.25
21815.52389650516	750	17.59284751758529	0.0	390680	4778.063786157439	0.466507	0.3
21820.269032727607	750	16.847711295139117	0.0	345516	4745.136222446175	0.0109343175	0.75
21824.336512183367	750	16.780231839379223	0.0	384505	4067.479455759892	0.010940661	0.75
21827.168054691385	750	17.94868933136059	0.0	372093	2831.542508018633	0.015427628	0.75
21830.50751086536	750	18.609233157387564	0.0	438281	3339.4561739730248	0.03196132	0.75
21835.089791215327	1200	18.02695280741925	0.0	630203	4582.280349968316	0.62364507	0.75
21839.76759334307	1200	17.34915067967891	0.0	638661	4677.802127740339	0.033878274	1.2
21845.06572986917	1200	16.051014153578055	0.0	538612	5298.136526100855	0.013724878	1.2
21851.619289358296	1200	13.497454664452253	0.0	550906	6553.559489125803	0.06995653	1.2

