13842.949544541372	750	4.0	4.997202366246414	450283	4997.202366246414	0.119848125	-0.06632023662464143
13845.102906291659	300	5.846638249714482	0.0	155580	2153.3617502855177	0.5510057	-0.09675060524381837
13848.221058405146	300	6.728486136226441	0.0	139857	3118.1521134880413	0.05576036	0.3425300653992173
13852.592675161522	300	6.35686937985117	0.0	155432	4371.6167563752715	0.034244716	0.1810438715529991
13857.020897652594	300	5.928646888778943	0.0	163442	4428.222491072226	0.035675872	0.1337386608265297
13860.072254692623	300	6.877289848750208	0.0	126289	3051.3570400287354	0.028144076	0.36368073378808424
13863.193634861978	300	7.755909679394988	0.0	153295	2621.38016935522	0.019720066	0.49212419938564067
13866.536553714204	300	7.555096673007367	0.0	173849	1700.8130063876204	0.01969055	0.5646518508112044
13868.645707912085	300	7.916572487437436	0.0	150710	1638.5241855699305	0.026692688	0.6060342558462976
13870.306944539163	300	7.676269161001939	0.0	139105	1240.3033264354972	0.027267119	0.6224868432638889
13871.887906656766	300	7.611254700072921	0.0	141840	1065.0144609290187	0.032002665	0.6336930734891897
13873.772025532036	300	7.522169081224042	0.0	156148	1089.0856188488801	0.041893344	0.62262238126415
13874.663762100974	300	7.788817444016288	0.0	160746	733.3516372077537	0.049131967	0.6841273327098085
13875.903826297374	300	7.922977845080519	0.0	179801	865.839598935769	0.068433166	0.6839256355405036
13877.274593254175	300	7.994706679713819	0.0	140051	928.2711653666996	0.07224573	0.684658108065499
13879.16502589499	300	7.8957382168722505	0.0	138313	1098.96846284157	0.0624386	0.6579636953066694
13881.288244425801	300	7.634861092903104	0.0	143509	1260.8771239691469	0.056965463	0.6164025288879122
13882.82781980656	300	7.991244120245039	0.0	150616	1143.616972658065	0.054852467	0.6627867934280236
13884.71111536168	300	7.827575551535258	0.0	165384	1163.6685687097822	0.053480953	0.6448648655158256
13887.055089504223	300	7.6404019353201145	0.0	140881	1687.173616215143	0.05332364	0.5743117265883668
13890.77489655848	300	7.92059488106376	0.0	157671	2719.8070542563546	0.04685704	0.4982971467578152
13893.594692224255	300	7.534000800317901	0.0	157812	2386.5940807458596	0.0383511	0.49402216975632984
13897.140692262732	300	7.9880007618409365	0.0	163927	3046.0000384769637	0.031711657	0.47223307024133476
13901.200050451931	300	7.928642572641194	0.0	137654	2559.3581891997414	0.026931897	0.515124671269382
13905.307475161766	300	7.821217862806089	0.0	146754	3607.424709835106	0.022848107	0.39987096617438145
13909.493740311984	300	7.634952712588984	0.0	153938	3686.2651502171047	0.01999292	0.3738726362775682
13913.132191185676	300	7.9965018388973395	0.0	181901	3638.450873691644	0.017177198	0.4138147164636019
13917.245115947004	300	7.735389802907681	0.0	111155	1761.1120359896584	0.014724658	0.5761554547338062
13921.203775250198	300	7.776730499714159	0.0	153605	3458.6593031935217	0.014230935	0.4104211107778497
13925.113938037919	300	7.86656771199376	0.0	149029	3910.1627877203982	0.015059499	0.3740074312193533
13929.248828338934	300	7.731677410979346	0.0	157421	3634.8903010144145	0.013708625	0.38841659811629997
13933.17833325277	300	7.802172497143322	0.0	157488	2929.5049138360237	0.012459227	0.46581078396358566
13937.270025663793	300	7.7104800861201435	0.0	143881	2091.6924110231776	0.013051732	0.5406749472728662
13940.170061451909	300	7.9488234226260825	0.0	163444	2261.656663494061	0.015931088	0.5468574115009806
13943.556453060983	300	7.599817118399536	0.0	179328	1849.0063042265472	0.017772555	0.5541815843417002
13947.366762050222	300	7.7895081291604615	0.0	159914	2310.308989239074	0.021608256	0.5264987666369475
13951.186774600937	300	7.853348996345885	0.0	131610	1936.1591328145767	0.021236587	0.5701222766131797
13953.601589053316	300	7.662868488607157	0.0	124011	2190.480507738728	0.021824807	0.5261659097431732
13955.380197443257	300	7.500731237455839	0.0	144254	1162.1372511513173	0.023264876	0.6132323877274486
13956.692253023924	300	7.847939030517777	0.0	149991	1152.7922069380627	0.03164554	0.6479328500240475
13957.957259258948	300	7.875067604869964	0.0	147968	972.8714256478117	0.03793277	0.6685631820088228
13959.46778516077	300	7.8258720821470416	0.0	161857	1049.1955227229237	0.04461547	0.6561465077165075
13962.805947327799	300	7.542456240683057	0.0	145210	2283.4158414639837	0.05218476	0.5051622852600289
13964.67648631515	300	7.634559871788735	0.0	172312	1407.8963688943227	0.042613056	0.6016713106420223
13967.653536278282	300	7.6173561709519415	0.0	167025	2017.2037008367934	0.045141004	0.539067517541397
13969.693404223071	300	7.602345386704456	0.0	160064	2015.0107842474865	0.041869078	0.5378270104322596
13973.282260614242	300	7.615345690389873	0.0	137507	2986.999696314583	0.04330831	0.44189239875895686
13974.45857781192	300	7.6181154819799755	0.0	118421	997.230208409897	0.03654839	0.641138709781563

