15159.773970786948	750	4.0	1.7041197936685797	450283	1704.1197936685796	0.004705182	-6.577715112774892
15161.614478830696	750	6.159491956252071	0.0	398865	1840.5080437479282	0.23960333	0.75
15163.170301571297	750	8.60366921565108	0.0	350812	1555.8227406009928	0.38433337	0.75
15166.277384726876	1200	9.4965860600703	0.0	617681	3107.0831555807795	0.5693815	0.75
15169.115071697104	1200	10.65889908984243	0.0	652874	2837.686970227869	0.106293745	1.2
15171.188739969999	1200	12.585230816948075	0.0	520315	2073.668272894355	0.016159164	1.2
15173.454094611663	1200	14.31987617528357	0.0	561791	2265.3546416645063	0.004939066	1.2
15176.598185557255	1200	15.175785229690586	0.0	709534	3144.090945592983	0.004705182	1.2
15179.371598494534	1200	16.40237229241204	0.0	584846	2773.4129372785465	0.004705182	1.2
15181.456181794938	1200	18.317788992007685	0.0	560821	2084.5833004043507	0.004705182	1.2
15184.117532214377	1200	19.656438572568067	0.0	607410	2661.3504194396187	0.004705182	1.2
15188.03010181571	1200	19.74386897123508	0.0	594078	3912.5696013329843	0.004705182	1.2
15190.7106414915	1200	21.063329295446398	0.0	624282	2680.5396757886842	0.0054433644	1.2
15193.382409289577	1200	22.3915614973673	0.0	687371	2671.7677980790972	0.004705182	1.2
15196.1242651112	1200	23.649705675744208	0.0	526950	2741.855821623092	0.004705182	1.2
15197.19979030842	1200	26.574180478524806	0.0	587876	1075.5251972194026	0.004705182	1.2
15199.173373785596	1200	28.600597001347744	0.0	617242	1973.5834771770617	0.036730055	1.2
15200.931747848059	1200	30.842222938886493	0.0	581493	1758.3740624612508	0.027115347	1.2
15202.967767587776	1200	32.8062031991684	0.0	639204	2036.0197397180948	0.13574012	1.2
15205.011293906166	1200	34.762676880777725	0.0	586839	2043.5263183906727	0.14732082	1.2
15207.157396840883	1200	36.616573946059425	0.0	601738	2146.1029347183007	0.28070492	1.2
15209.992247775204	1200	37.78172301173855	0.0	616206	2834.8509343208802	0.67464644	1.2
15213.336469081101	1200	38.437501705840724	0.0	656471	3344.2213058978236	0.1063294	1.2
15215.21861010527	1200	40.5553606816723	0.0	536667	1882.1410241684257	0.32886156	1.2
15220.02808691397	2850	39.74588387297333	0.0	1383735	4809.4768086989625	0.6756143	1.2000000000000002
15225.88859906077	2850	37.88537172617213	0.0	1480464	5860.5121468012	0.004705182	2.85
15231.988229723562	2850	35.78574106338122	0.0	1547572	6099.6306627909125	0.004705182	2.85
15235.398357115397	2850	36.37561367154641	0.0	1141971	3410.127391834807	0.004705182	2.85
15240.884662013654	2850	34.88930877328975	0.0	1498470	5486.304898256663	0.004705182	2.85
15247.958156411616	2850	31.815814375327832	0.0	1561263	7073.4943979619175	0.004705182	2.85
15257.628009403457	2850	26.145961383485627	0.0	1341201	9669.852991842201	0.004705182	2.85
15270.791713285944	2850	16.982257500999264	0.0	1497683	13163.703882486363	0.36267382	2.85
15274.548540534797	1200	17.225430252144605	0.0	584349	3756.8272488546604	0.061070777	-0.44999999999999996
15278.454686929988	1200	17.319283856954076	0.0	670129	3906.146395190528	0.011203051	1.2
15281.79114918247	1200	17.982821604471603	0.0	690253	3336.4622524824713	0.007150204	1.2
15284.718153004173	1200	19.055817782769235	0.0	598727	2927.0038217023675	0.004705182	1.2
15290.551363155066	1200	17.222607631877086	0.0	487812	5833.21015089215	0.004705182	1.2
15295.959279509418	750	15.814691277524085	0.0	361565	5407.916354353002	0.6915616	0.3
15299.043647231587	750	16.73032355535486	0.0	378327	3084.3677221692224	0.027949937	0.75
15301.747837983257	750	18.026132803682856	0.0	390680	2704.1907516720034	0.030044265	0.75
15305.881643138602	1200	17.89232764833767	0.0	566904	4133.805155345188	0.6932114	0.75
15308.914940940815	1200	18.85902984612599	0.0	641452	3033.297802211682	0.008179804	1.2
15310.85759023738	1200	20.91638054956038	0.0	599477	1942.649296565607	0.004705182	1.2
15316.311861051896	2850	19.462109735042922	0.0	1587250	5454.270814517459	0.6164996	1.2000000000000002
15320.45477208734	2850	19.319198699601017	0.0	1464921	4142.911035441908	0.004705182	2.85
15324.087590138877	2850	19.686380648064297	0.0	1483527	3632.818051536721	0.004705182	2.85
15327.937848341571	2850	19.8361224453694	0.0	1231456	3850.2582026948944	0.035017423	2.85
15333.420395272726	2850	18.353575514214377	0.0	1364537	5482.546931155028	0.059028063	2.85

