18243.400784054404	750	4.0	2.100206826790785	450283	2100.2068267907853	0.05715639	-8.856470750549214
18244.463469802587	300	6.937314251812226	0.0	155580	1062.6857481877737	0.24197403	-0.3802325581395349
18245.437364156835	300	7.516813262044605	0.0	139857	920.5009897676201	0.6884794	0.06976744186046512
18246.897029984924	300	7.553677120836193	0.0	155432	963.1361412084111	0.6030054	0.06976744186046512
18249.003081552735	750	7.778916113607524	0.0	411561	1774.7610072286686	0.56572354	-0.2755813953488372
18251.490748440097	750	7.755727978818617	0.0	318564	1523.1881347889073	0.0647732	0.1744186046511628
18253.594974992808	750	7.910854064450816	0.0	352642	1844.8739143678017	0.059690747	0.1744186046511628
18255.855554622744	750	7.5102405543531425	0.0	437162	1900.613510097673	0.042550027	0.1744186046511628
18257.501905837136	750	7.602047983225289	0.0	374758	1408.1925711278523	0.04762555	0.1744186046511628
18259.120232958372	750	7.871963744240691	0.0	362795	1230.0842389845984	0.04665286	0.1744186046511628
18260.81560808861	750	7.798397625046471	0.0	353220	1573.5661191942197	0.047890063	0.1744186046511628
18262.685130148886	750	7.734541124231622	0.0	405134	1563.8565008148494	0.042101547	0.1744186046511628
18264.58960294893	750	7.620137527788708	0.0	386351	1614.4035964429147	0.044247907	0.1744186046511628
18266.814834053348	750	7.552556634630689	0.0	434409	2067.580893158018	0.042729545	0.1744186046511628
18268.617366765055	750	7.885115317655665	0.0	337059	1167.4413169750242	0.043793198	0.1744186046511628
18270.79032165969	750	7.5861835581565575	0.0	366214	1798.931759499108	0.044088393	0.1744186046511628
18272.89803302457	750	7.60933951003274	0.0	360831	1976.844048123818	0.044377133	0.1744186046511628
18274.89536932113	750	7.816104967680567	0.0	372963	1793.234542352174	0.044016432	0.1744186046511628
18276.340272891273	750	7.510704078764374	0.0	405596	1305.4008889161914	0.037598424	0.1744186046511628
18277.96698842074	750	7.5620976927935155	0.0	350713	1448.6063859708595	0.04615508	0.1744186046511628
18280.21574712064	750	7.796772857391823	0.0	386472	1765.3248354016928	0.041380685	0.1744186046511628
18281.85454125696	750	7.689092711933381	0.0	399894	1607.6801454584422	0.03871508	0.1744186046511628
18285.634872003582	750	7.908761965307321	0.0	401853	3280.33074662606	0.038540497	0.1744186046511628
18289.718342389715	750	7.825291579173744	0.0	343800	4083.4703861335784	0.046049163	0.1744186046511628
18295.200188104358	750	6.3434458645290785	0.0	359903	5481.845714644664	0.10211657	0.1744186046511628
18297.70130227233	300	7.842331696557034	0.0	153938	2501.114167972045	0.6839159	-0.3802325581395349
18302.111076744808	750	7.432557224077696	0.0	425781	4409.774472479337	0.65666676	-0.2755813953488372
18304.686267571906	750	7.918786554884653	0.0	277716	2013.7706691930441	0.6195706	0.1744186046511628
18307.69490437802	750	7.900178235283595	0.0	400396	2018.6083196010588	0.43130708	0.1744186046511628
18311.274290014986	750	7.535499688554439	0.0	400508	3364.6785467291566	0.09345384	0.1744186046511628
18313.293894220587	750	7.808051164372297	0.0	358218	1727.448524182141	0.47111607	0.1744186046511628
18315.641082473056	750	7.735534764348405	0.0	400322	2072.51640002389	0.060657255	0.1744186046511628
18317.506812576525	750	7.8450056913343	0.0	369834	1390.5290730141053	0.10111037	0.1744186046511628
18319.24434663113	750	7.993839231757514	0.0	412837	1351.1664595767852	0.041453652	0.1744186046511628
18320.97151616241	750	7.558438239635403	0.0	401088	1435.4009921221116	0.03013926	0.1744186046511628
18322.41753237914	750	7.7363143578471805	0.0	365161	1322.1238817882227	0.03853081	0.1744186046511628
18324.07519749985	750	7.679427964964394	0.0	321064	1556.8863928827873	0.03139842	0.1744186046511628
18326.146070260776	750	7.6793809249135085	0.0	361565	1500.0470400508855	0.035671372	0.1744186046511628
18328.68230147565	750	7.99167821591778	0.0	378327	1687.7027089957278	0.033749074	0.1744186046511628
18330.919600711994	750	7.632292850681526	0.0	390680	1859.3853652362545	0.03184554	0.1744186046511628
18332.888468051424	750	7.616816169021451	0.0	345516	1515.4766816600745	0.04019186	0.1744186046511628
18334.919162398295	750	7.74816424347033	0.0	384505	1868.6519255511216	0.037554964	0.1744186046511628
18336.11065764258	750	7.633437888988317	0.0	372093	1114.7263544820128	0.039208174	0.1744186046511628
18338.005948851733	750	7.5941766963120605	0.0	438281	1539.261192676256	0.033478104	0.1744186046511628
18339.984557747794	750	7.6228872515217665	0.0	398987	1971.2894447902947	0.03389059	0.1744186046511628
18341.56204529683	750	7.7278032696381125	0.0	393804	1395.0839818836541	0.038676612	0.1744186046511628
18343.22430303354	750	7.912876098857334	0.0	331053	1314.9271707807795	0.03090526	0.1744186046511628
18345.108290517514	750	7.5295477113381235	0.0	314107	1383.328387519209	0.03161941	0.1744186046511628

