3535.4595331602495	750	4.0	3.974865311257283	450283	3974.865311257283	0.7053282	-16.917502233755155
3538.0476963274627	750	5.411836832786868	0.0	398865	2588.163167213131	0.19215131	0.1744186046511628
3539.2491362498895	300	7.9776311060386575	0.0	139857	934.2057267482097	0.7118932	-0.3802325581395349
3541.473826635605	750	7.648903068240317	0.0	382355	1828.72803779834	0.32923448	-0.2755813953488372
3543.5084860759025	750	7.829554483899905	0.0	411561	1819.3485843404135	0.09838837	0.1744186046511628
3546.787275373071	750	7.767815253744109	0.0	318564	3061.739230155795	0.09261587	0.1744186046511628
3548.63332751775	750	7.803314200611419	0.0	352642	1464.5010531326893	0.467014	0.1744186046511628
3550.9638623157084	750	7.533822352205132	0.0	437162	2269.4918484062878	0.10684429	0.1744186046511628
3553.046764759742	750	7.807892652614388	0.0	374758	1725.9296995907446	0.13514444	0.1744186046511628
3555.334208664926	750	7.692657057943951	0.0	362795	2115.2355946704374	0.061680526	0.1744186046511628
3557.790981092526	750	7.740375018500454	0.0	353220	1952.2820394434957	0.13249478	0.1744186046511628
3560.280024721308	750	7.973098383887731	0.0	405134	2267.2766346127232	0.19755767	0.1744186046511628
3562.226693490826	750	7.87564744376357	0.0	386351	1597.4509401241605	0.16648917	0.1744186046511628
3564.426745731918	750	7.845230299864572	0.0	434409	2030.417143898997	0.06918414	0.1744186046511628
3566.9948488602527	750	7.950996312943531	0.0	337059	1894.2339869210414	0.06771042	0.1744186046511628
3569.297636357704	750	7.896537087224777	0.0	366214	2054.459225718755	0.116528295	0.1744186046511628
3571.9670757812814	750	7.5859815685022856	0.0	360831	1810.5555187224907	0.17274867	0.1744186046511628
3574.234290214165	750	7.906816242488134	0.0	372963	1679.1653260141518	0.20686188	0.1744186046511628
3575.770123040976	750	7.517924382517266	0.0	405596	1388.8918599708688	0.09171446	0.1744186046511628
3577.856524672333	750	7.608194074109106	0.0	350713	1409.73030840816	0.038929477	0.1744186046511628
3580.274729665974	750	7.807427253062488	0.0	386472	1800.7668210466177	0.04134591	0.1744186046511628
3582.3689965942895	750	7.83401282275232	0.0	399894	1473.4144303101664	0.05043977	0.1744186046511628
3585.484076787183	750	7.841899051608092	0.0	401853	1992.1137711442275	0.036186773	0.1744186046511628
3587.5901262548387	750	7.66035743330506	0.0	343800	1681.5416183030318	0.08203114	0.1744186046511628
3589.469961850272	750	7.582693617464368	0.0	359903	1577.6638158406915	0.09928047	0.1744186046511628
3591.5975073477657	750	7.695006696563907	0.0	379700	1887.686920900462	0.096772365	0.1744186046511628
3594.9350050986427	750	7.741187099972152	0.0	425781	2453.8195965917553	0.15602693	0.1744186046511628
3599.8605435163963	750	6.815648682218265	0.0	277716	4925.538417753887	0.28995797	0.1744186046511628
3601.326554230104	300	7.652251615883894	0.0	153605	1163.3970663343714	0.15395276	-0.3802325581395349
3602.9275667500947	300	7.73805227507533	0.0	149029	914.1993408085644	0.21847859	0.06976744186046512
3605.1653374774705	300	7.60757344397829	0.0	157421	1130.478831097041	0.39389515	0.06976744186046512
3606.651699869268	300	7.653038172219025	0.0	157488	954.5352717592638	0.33442017	0.06976744186046512
3608.2010166167815	300	7.759293448981451	0.0	143881	893.7447232375747	0.55189955	0.06976744186046512
3610.371753161017	300	7.9867111650019	0.0	163444	1272.58228397955	0.50596213	0.06976744186046512
3614.3599862286933	750	7.691671723291422	0.0	401088	3795.0394417104776	0.48288572	-0.2755813953488372
3618.1152167221244	300	7.6356532755590125	0.0	159914	2556.01844773241	0.48732978	-0.3802325581395349
3621.8685479591973	300	7.882322038486165	0.0	131610	2253.3312370728468	0.056051597	0.06976744186046512
3624.1280174657873	300	7.918858907076637	0.0	124011	963.4631314095274	0.035869256	0.06976744186046512
3625.9130855976414	300	7.574328086240023	0.0	144254	1344.5308208366152	0.100367405	0.06976744186046512
3629.2596895982874	300	7.516294683925565	0.0	149991	1558.0334023144565	0.063049234	0.06976744186046512
3633.09711152597	300	7.678872756243176	0.0	147968	2337.421927682389	0.037815493	0.06976744186046512
3634.8787046556467	300	7.571072525911965	0.0	161857	1607.8002303312103	0.014608899	0.06976744186046512
3637.323192130896	300	7.8557251569598705	0.0	145210	1715.3473689520933	0.026970506	0.06976744186046512
3638.764100807616	300	7.604840972248858	0.0	172312	1250.8841847110114	0.03229545	0.06976744186046512
3639.927341979228	300	7.97823260844716	0.0	167025	1126.6083638016971	0.08591023	0.06976744186046512
3641.637445619378	300	7.816497225777057	0.0	160064	1161.7353826701049	0.21577397	0.06976744186046512
3644.55558803927	300	7.691610049071438	0.0	137507	1124.8871767056187	0.19333664	0.06976744186046512
3645.9987217163784	300	7.971670813110122	0.0	118421	1219.9392359613164	0.14574572	0.06976744186046512

