5412.336568391534	750	4.0	4.3779972098671385	450283	4377.997209867139	0.023239072	-18.739732397360054
5414.594846155446	300	5.741722236087304	0.0	155580	1258.2777639126964	0.08321875	-0.3307894375137289
5416.781003893281	300	5.666780787304609	0.0	139857	1074.9414487826948	0.28695822	0.13954248407656603
5418.592274224181	300	5.92175386653618	0.0	155432	1245.0269207684285	0.51669276	0.12047932257353942
5420.636775916634	300	5.587624658574894	0.0	163442	1334.1292079612865	0.62556547	0.11243288813773776
5423.532501825861	750	5.9049479939077125	0.0	318564	2182.6766646671813	0.7550104	-0.2781926012815184
5424.786662358502	300	5.8793923165168	0.0	153295	1025.5556773909134	0.7858238	-0.3037378288601447
5426.76535170916	300	5.924350106912627	0.0	173849	1455.0422096041725	0.73710763	0.10308979286642535
5431.044382168098	750	5.645319647974233	0.0	374758	3279.0304589383936	0.5217691	-0.3356369269221706
5433.281621890234	300	5.688038501102654	0.0	139105	1457.2811468715793	0.76192296	-0.34706859220541436
5435.682435434857	300	5.892611083173488	0.0	141840	1295.4274179291667	0.17381078	0.11579189842977518
5437.844378553124	300	5.7593325301867955	0.0	156148	1633.278552986693	0.09482014	0.0918398149083037
5442.027988698173	300	5.575722385138089	0.0	160746	2183.6101450487063	0.086346306	0.06869358082994902
5445.360039500211	300	5.740834406033453	0.0	179801	2334.8879791046365	0.034516454	0.06424291072735779
5448.304717537745	300	5.822076827333569	0.0	140051	1418.7575786998843	0.0084144445	0.10572630747633181
5450.780787607743	300	5.677002026501226	0.0	138313	1145.0748008323424	0.019216068	0.13099580908685324
5452.385155838723	300	5.775315521744249	0.0	143509	1401.6865047569777	0.029159173	0.10701394319695386
5454.85499300379	300	5.966737811872623	0.0	150616	1308.5777098716273	0.02764465	0.11462827073121637
5456.917783619061	300	5.955972131683915	0.0	165384	1510.765680188708	0.031239739	0.09928740238609582
5458.522235057079	300	5.689758951766482	0.0	140881	1266.2131799174324	0.019863773	0.11846346443004269
5460.020512045813	300	5.934739596000323	0.0	157671	1255.019355766158	0.019641642	0.11952006900198663
5461.409497522514	300	5.726875645532993	0.0	157812	1207.8639504673292	0.030428905	0.12418617174721058
5464.379406970644	300	5.8124816654856515	0.0	163927	1414.3939800473427	0.028817134	0.10605248757844628
5465.960043695155	300	5.734921061120805	0.0	137654	1577.560604364846	0.024856191	0.09508351031648174
5468.127001831301	300	5.672979995871214	0.0	146754	1061.9410652495912	0.009324143	0.14125077643997602
5470.291527996009	300	5.5482255014646595	0.0	153938	1124.7544944065535	0.018363185	0.13336243664369038
5473.066180081158	300	5.92578526059167	0.0	181901	1622.4402408729895	0.018758394	0.09245332815419396
5474.62595634764	300	5.807003049488579	0.0	111155	1118.782211103092	0.013834876	0.13407435201539686
5476.801012293148	300	5.864972137924142	0.0	153605	1442.0309115644368	0.008812217	0.10401996156744472
5479.529631019463	300	5.662175329738271	0.0	149029	1702.7968081858703	0.0071105896	0.08809036949030187
5482.602037514599	300	5.543882974734457	0.0	157421	1618.2923550038142	0.0054277214	0.09269029760673031
5484.28549519266	300	5.619211224770492	0.0	157488	1424.6717499639649	0.004853852	0.10528741094486786
5486.780741279767	300	5.665981188265072	0.0	143881	1453.2300365054202	0.00488645	0.1032183455006922
5489.236617200598	300	5.539051257651056	0.0	163444	1626.929930614016	0.0048605585	0.09219819315967027
5491.952953343302	300	5.720356143407074	0.0	179328	1818.695114243981	0.004705182	0.08247671576461785
5494.144510891593	300	5.803397864491609	0.0	159914	1416.9582789154647	0.004705182	0.10586056218593078
5496.739587938386	300	5.663159037783196	0.0	131610	1140.2388267084134	0.004705182	0.13155138773252686
5498.587819924198	300	5.716462116419227	0.0	124011	1446.6969213639698	0.004705182	0.10368446755148793
5500.954314868413	300	5.878982119535523	0.0	144254	1337.479996883703	0.004705182	0.11215120999902539
5504.133424418413	300	5.793934908701236	0.0	149991	1585.0472108342872	0.004705182	0.09463440519292024
5507.0957541817215	300	5.844801172630174	0.0	147968	1949.1337360710622	0.004705182	0.07695726425748513
5511.306515013919	300	5.6340403404320805	0.0	161857	3210.760832198094	0.004705182	0.04671789891535137
5513.663269264824	300	5.9526416781974545	0.0	145210	2181.398662234626	0.004705182	0.06876322177915885
5516.418092367548	300	5.767907902170564	0.0	172312	1684.7337760268913	0.004705182	0.08903483869940869
5518.245538403309	300	5.849229547637781	0.0	167025	1418.6783545327837	0.004705182	0.10573221161846781
5519.929340935978	300	5.866712055417525	0.0	160064	1482.5174922202548	0.004705182	0.1011792446208215
5522.452469149077	300	5.695790559592913	0.0	137507	1170.9214958246125	0.004705182	0.12810423289254216
5524.444642320965	300	5.575807341786478	0.0	118421	1119.9832178064355	0.004705182	0.1339305782579362

