16063.847495544938	750	4.0	6.275717151967713	450283	6275.717151967713	0.5415466	-26.235583753461167
16066.022178263296	300	5.825317281643536	0.0	155580	2174.6827183564637	0.004705182	-0.15000000000000002
16068.108102767696	300	7.7393927772440305	0.0	139857	2085.924504399506	0.004705182	0.3
16072.035068603496	300	7.812426941441434	0.0	155432	3926.9658358025963	0.004705182	0.3
16073.840412592806	300	10.00708295213319	0.0	163442	1805.343989308242	0.004705182	0.3
16075.327918261302	300	12.519577283635904	0.0	126289	1487.5056684972856	0.004705182	0.3
16077.34157794675	300	14.505917598187823	0.0	153295	2013.6596854480813	0.004705182	0.3
16080.66292675064	300	15.184568794298952	0.0	173849	3321.3488038888718	0.0057199425	0.3
16083.406257875442	300	16.441237669495035	0.0	150710	2743.3311248039176	0.004705182	0.3
16085.361183328785	300	18.48631221615171	0.0	139105	1954.9254533433261	0.0061110076	0.3
16087.665614358672	300	20.18188118626581	0.0	141840	2304.4310298859023	0.030549347	0.3
16090.225598321384	300	21.621897223552516	0.0	156148	2559.9839627132924	0.08986916	0.3
16092.44118919568	300	23.406306349255672	0.0	160746	2215.5908742968422	0.47673675	0.3
16097.348683031236	750	22.49881251369983	0.0	434409	4907.493835555845	0.5937112	0.3
16100.598977533486	750	23.248518011450532	0.0	337059	3250.294502249298	0.0050603542	0.75
16104.642151985221	750	23.205343559715423	0.0	366214	4043.1744517351053	0.004705182	0.75
16112.096075019246	750	19.75142052568996	0.0	360831	7453.923034025464	0.004705182	0.75
16115.774100337037	300	20.073395207897576	0.0	150616	3678.0253177923832	0.5792038	-0.15000000000000002
16119.12090262622	300	20.72659291871461	0.0	165384	3346.802289182963	0.014303503	0.3
16121.765260571054	300	22.082234973880873	0.0	140881	2644.357944833736	0.04410752	0.3
16124.920720084323	300	22.92677546061165	0.0	157671	3155.459513269221	0.19574904	0.3
16134.40690979902	750	17.440585745915385	0.0	399894	9486.189714696264	0.31386623	0.3
16137.615634100182	300	18.231861444752408	0.0	163927	3208.724301162977	0.004705182	-0.15000000000000002
16139.748891026542	300	20.0986045183932	0.0	137654	2133.256926359211	0.004705182	0.3
16142.006525115403	300	21.840970429532632	0.0	146754	2257.6340888605678	0.01619646	0.3
16145.115296734184	300	22.73219881075083	0.0	153938	3108.771618781806	0.13402091	0.3
16148.952740556162	300	22.89475498877235	0.0	181901	3837.443821978484	0.37266368	0.3
16151.2470338058	300	24.600461739135778	0.0	111155	2294.293249636568	0.19254184	0.3
16159.960416088832	750	19.88707945610287	0.0	400396	8713.382283032908	0.68079275	0.3
16163.741718977675	300	20.105776567261003	0.0	149029	3781.3028888418658	0.03658253	-0.15000000000000002
16166.007654364406	300	21.839841180528094	0.0	157421	2265.93538673291	0.015298691	0.3
16167.886564292383	300	23.960931252553088	0.0	157488	1878.9099279750037	0.53013456	0.3
16171.376418054633	750	24.47107749030222	0.0	369834	3489.853762250868	0.19220026	0.3
16176.23185512061	750	23.615640424325097	0.0	412837	4855.437065977124	0.004705182	0.75
16182.85304577556	750	20.994449769375645	0.0	401088	6621.190654949453	0.004705182	0.75
16189.830613580669	750	18.016881964267906	0.0	365161	6977.56780510774	0.013814736	0.75
16194.62281587427	750	17.2246796706649	0.0	321064	4792.202293603004	0.2878735	0.75
16201.895971252921	750	13.951524292013369	0.0	361565	7273.155378651531	0.009385893	0.75
16204.444110562552	300	15.403384982384127	0.0	144254	2548.139309629244	0.15722924	-0.15000000000000002
16210.86415701194	750	12.983338532996935	0.0	390680	6420.046449387191	0.04121051	0.3
16212.879816826762	300	14.967678718173383	0.0	147968	2015.6598148235523	0.19190042	-0.15000000000000002
16214.984725288263	300	16.862770256673244	0.0	161857	2104.9084615001398	0.20305341	0.3
16219.290329097565	750	16.557166447369816	0.0	372093	4305.60380930343	0.5882585	0.3
16224.321198633594	750	15.526296911341152	0.0	438281	5030.869536028662	0.004705182	0.75
16229.437519607112	750	14.409975937824129	0.0	398987	5116.320973517025	0.004705182	0.75
16234.503711488122	750	13.343784056813151	0.0	393804	5066.191881010978	0.006214846	0.75
16239.292962650034	750	12.55453289490211	0.0	331053	4789.25116191104	0.004719247	0.75
16244.094437967877	750	11.753057577059288	0.0	314107	4801.475317842822	0.004829211	0.75

