13464.490124765345	750	4.0	5.460500454044817	450283	5460.500454044817	0.004705182	-23.601082711505054
13465.789679390944	300	6.700445374400823	0.0	155580	1299.5546255991767	0.010846702	0.08101600800603748
13468.364713847925	300	7.562955671427937	0.0	139857	1137.489702972886	0.143455	0.6302401121761986
13470.561674414042	300	7.9982477844272655	0.0	155432	1064.7078870006708	0.26345056	0.6794156622198536
13474.229367039998	750	7.960527791958459	0.0	411561	3037.7199924688066	0.5818764	0.05255265968264494
13477.310649540232	750	7.984872939633899	0.0	318564	2475.6548523245606	0.19154647	0.56110242226873
13480.951119678888	750	7.547451579811381	0.0	352642	2937.4213598225183	0.23655006	0.4728234606074285
13484.949154793348	750	7.549416465352098	0.0	437162	3498.0351144592823	0.53106797	0.41695120764562166
13489.930178592735	750	6.5683926659665435	0.0	374758	4981.023799385555	0.48394832	0.17422766581268023
13492.601458810454	300	7.897112448245884	0.0	139105	2171.2802177206604	0.04307296	0.1090240362737255
13495.642631034108	300	7.818220363168808	0.0	141840	2078.892085077075	0.008623782	0.560669395263881
13498.420068860303	300	7.68564145735923	0.0	156148	2632.5789058095775	0.0051592495	0.4925398404363443
13501.224587889463	300	7.770811445872155	0.0	160746	1414.830011487075	0.004705182	0.6225124395967055
13504.926947158283	300	7.689476329848652	0.0	179801	2581.335116023504	0.014659	0.49803333031964364
13507.497369015124	300	7.999777525526766	0.0	140051	1689.6988043218864	0.0055545447	0.6170638098347347
13511.896170373388	300	7.600976167263105	0.0	138313	1898.8013582636618	0.00901928	0.5577684632681459
13514.180718581569	300	7.638464273313588	0.0	143509	1462.5118939495167	0.004705182	0.6050056831891342
13517.07718548563	300	7.726248940248792	0.0	150616	1412.2153330647973	0.011921808	0.6184847148226609
13520.81218484997	300	7.595875010226817	0.0	165384	2630.373930021976	0.020837586	0.48412021383798715
13524.667592660271	300	7.565483812685368	0.0	140881	3030.391197541448	0.0053704362	0.4411932992342573
13527.40711978746	300	7.718228531620735	0.0	157671	1847.255281064635	0.004705182	0.574208746432195
13530.558252925437	300	7.67879788094421	0.0	157812	1539.4306506765245	0.0047695073	0.6011959638183941
13533.982447534996	300	7.767551905614673	0.0	163927	1911.245975329537	0.009074179	0.5725571086993464
13535.272157038979	300	7.684171380137166	0.0	137654	1083.3805254775068	0.00787141	0.6473181818396375
13537.26478312678	300	7.626022825490302	0.0	146754	1058.1485546468657	0.08169387	0.6442445134020276
13539.488943388778	300	7.596181551668097	0.0	153938	1029.8412738222055	0.27657682	0.6442029844256074
13540.989171300189	300	7.748226999650927	0.0	181901	1347.9545520171698	0.48832265	0.6270262065198364
13543.568617922585	750	7.884640472649884	0.0	277716	1863.5865270010431	0.4934772	0.16266176412961458
13547.26922034985	750	7.74226929271562	0.0	400396	2642.371179934263	0.056299828	0.521079908391751
13550.497552829102	750	7.6472186482538875	0.0	400508	2595.0506444617326	0.055586506	0.5166632276680242
13553.733404979272	750	7.745933428564018	0.0	358218	1901.28521968987	0.05567032	0.5955411817220582
13557.695494376756	750	7.783844031079292	0.0	400322	3462.0893974847263	0.12365686	0.4431097032046794
13559.003501185105	300	7.813168800387328	0.0	143881	970.6752306919652	0.12407002	0.22100486195234942
13560.70931168799	300	7.758929413773449	0.0	163444	1054.239386613879	0.6385598	0.6574278427760224
13563.461117317815	750	7.7088121189963275	0.0	401088	2550.11729477712	0.67757666	0.07708500530871604
13566.874945403806	750	7.587742219524385	0.0	365161	2121.0698994719432	0.041272722	0.5583366272327669
13569.416454712127	750	7.533366673123963	0.0	321064	2054.375546400423	0.048783906	0.559772353419124
13573.498894767234	750	7.450926618017037	0.0	361565	4082.440055106927	0.05619638	0.3490309520625582
13575.217609011945	300	7.97635647067524	0.0	144254	1474.5701473417962	0.6872525	0.1863223719623043
13577.490548638334	300	7.976958654165133	0.0	149991	1499.3978165101066	0.047788054	0.6338975659016317
13580.42018051077	300	7.993913612887797	0.0	147968	1483.0450412773375	0.0400216	0.6371647777774581
13582.226539244119	300	7.969027714290987	0.0	161857	1524.8858985968086	0.07162467	0.6305853955733401
13584.865482033021	300	7.970292646716249	0.0	145210	1498.735067574738	0.066553235	0.6333222298819172
13586.560802134041	300	7.832736523870375	0.0	172312	1137.5561228458748	0.08175546	0.6562001887142849
13587.801338185369	300	7.831350482293558	0.0	167025	1001.3860415768168	0.51782376	0.6696837887391558
13591.168166501786	750	7.717511338460172	0.0	393804	2613.8391438333856	0.66628075	0.07155013032024304
13593.93272306408	750	7.866727577105677	0.0	331053	1850.7837613544932	0.040297933	0.6122179038166523
13597.99926674849	750	7.800183892695226	0.0	314107	2566.543684410451	0.044534642	0.5342370050579681

