24421.750984242015	750	4.0	1.8710689380755445	450283	1871.0689380755446	0.25174275	-7.295596433724841
24423.35399815381	750	6.396986088206931	0.0	398865	1603.0139117930696	0.10552165	0.75
24425.050407307874	1200	8.700576934142545	0.0	571051	1696.4091540643856	0.70132196	0.75
24426.740495473292	1200	11.01048876872646	0.0	617681	1690.0881654160844	0.004705182	1.2
24428.39847885526	1200	13.352505386758954	0.0	652874	1657.9833819675055	0.004705182	1.2
24429.9609697599	1200	15.790014482120108	0.0	520315	1562.4909046388457	0.004705182	1.2
24431.68114543595	1200	18.069838806072095	0.0	561791	1720.175676048015	0.004705182	1.2
24434.29942747509	1200	19.45155676693276	0.0	709534	2618.282039139332	0.004705182	1.2
24437.648990734513	1200	20.101993507506887	0.0	584846	3349.563259425876	0.004705182	1.2
24439.407143496002	1200	22.34384074601949	0.0	560821	1758.1527614873962	0.004705182	1.2
24441.29735499385	1200	24.453629248171186	0.0	607410	1890.2114978483041	0.004705182	1.2
24443.014469061916	1200	26.73651518010695	0.0	594078	1717.1140680642386	0.007902916	1.2
24444.67637781555	1200	29.07460642646931	0.0	624282	1661.9087536376405	0.07749571	1.2
24446.798247720515	1200	30.952736521506413	0.0	687371	2121.8699049628963	0.13272342	1.2
24448.7039255461	1200	33.047058695922324	0.0	526950	1905.6778255840898	0.2714749	1.2
24453.45424370603	2850	32.29674053599019	0.0	1471065	4750.318159932134	0.19400091	1.2000000000000002
24457.625993915848	2850	32.12499032616912	0.0	1491626	4171.75020982107	0.004705182	2.85
24462.361687277687	2850	31.389296964331947	0.0	1358801	4735.693361837173	0.004705182	2.85
24468.36010342978	2850	29.390880812240173	0.0	1537156	5998.416152091776	0.004705182	2.85
24474.036276936033	2850	27.71470730598828	0.0	1336050	5676.17350625189	0.004705182	2.85
24480.914593374895	2850	24.836390867123423	0.0	1415116	6878.316438864857	0.004705182	2.85
24491.85798334108	2850	17.893000900939445	0.0	1468126	10943.389966183979	0.015047214	2.85
24500.81460898449	1200	12.936375257530234	0.0	656471	8956.625643409212	0.004705182	-0.44999999999999996
24503.689339471082	750	14.061644770935033	0.0	343800	2874.7304865952015	0.24330151	0.3
24506.49503731091	750	15.25594693110959	0.0	359903	2805.6978398254437	0.039099243	0.75
24510.201045169546	750	15.549939072470766	0.0	379700	3706.0078586388217	0.025311664	0.75
24513.756891340316	750	15.994092901703771	0.0	425781	3555.846170766996	0.092362486	0.75
24516.15962834957	750	17.591355892446746	0.0	277716	2402.737009257024	0.045252543	0.75
24519.291330733195	750	18.459653508824456	0.0	400396	3131.7023836222884	0.008070873	0.75
24523.76997604906	750	17.981008192958146	0.0	400508	4478.64531586631	0.0052620387	0.75
24525.066439406615	300	20.68454483540521	0.0	157421	1296.4633575529363	0.016204044	-0.15000000000000002
24529.058896591207	750	20.692087650814624	0.0	400322	3992.4571845905853	0.062462848	0.3
24533.836768735437	750	19.914215506584817	0.0	369834	4777.872144229807	0.004705182	0.75
24537.787314095618	750	19.9636701464028	0.0	412837	3950.5453601820163	0.004705182	0.75
24541.117326616415	750	20.63365762560672	0.0	401088	3330.012520796082	0.004705182	0.75
24543.810977679233	750	21.94000656278795	0.0	365161	2693.651062818772	0.0066717006	0.75
24546.49923104364	750	23.251753198381913	0.0	321064	2688.2533644060336	0.09454766	0.75
24549.3691640806	750	24.381820161423924	0.0	361565	2869.9330369579875	0.06519738	0.75
24552.37886522964	750	25.372119012382406	0.0	378327	3009.701149041519	0.30620793	0.75
24555.712594542678	750	26.038389699343	0.0	390680	3333.729313039406	0.56013477	0.75
24560.10090235882	1200	25.65008188320376	0.0	566904	4388.307816139238	0.6886883	0.75
24565.266746911013	1200	24.48423733100927	0.0	641452	5165.844552194491	0.0058185775	1.2
24570.249169892177	1200	23.50181434984337	0.0	599477	4982.422981165899	0.0058107637	1.2
24576.922454251817	1200	20.82852999020178	0.0	634861	6673.2843596415905	0.0054642884	1.2
24582.148416110107	1200	19.60256813191587	0.0	630203	5225.96185828591	0.03170979	1.2
24586.096264176853	1200	19.654720065169794	0.0	638661	3947.848066746076	0.008460314	1.2
24590.09197589149	1200	19.659008350532638	0.0	538612	3995.7117146371556	0.004705182	1.2
24594.209957798	1200	19.54102644402252	0.0	550906	4117.9819065101165	0.0049022567	1.2

