7748.86799316221	750	4.0	1.9120480482224669	450283	1912.0480482224668	0.025751017	-8.047388002705445
7750.717418804001	750	6.150574358208762	0.0	398865	1849.425641791238	0.6932505	0.1744186046511628
7753.141679632916	750	7.624180741073291	0.0	350812	1526.3936171354708	0.13739842	0.1744186046511628
7758.345074293084	750	6.420786080906273	0.0	382355	5203.394660167018	0.08836065	0.1744186046511628
7764.130480562528	750	4.635379811462187	0.0	411561	5785.406269444086	0.60470474	0.1744186046511628
7765.174921080051	300	7.590939293938787	0.0	126289	1044.4405175233992	0.12863845	-0.3802325581395349
7767.104508061181	300	7.506700180515932	0.0	153295	1084.2391134228542	0.4110307	0.06976744186046512
7769.621038674681	300	7.991108821919428	0.0	173849	2015.5913585965054	0.43252763	0.06976744186046512
7770.632328111875	300	7.605933697423705	0.0	150710	885.1751244957235	0.35967064	0.06976744186046512
7771.910849493684	300	7.699730200968828	0.0	139105	906.2034964548774	0.55936563	0.06976744186046512
7773.183096640076	300	7.914765494199599	0.0	141840	784.9647067692293	0.62334704	0.06976744186046512
7776.294505975454	750	7.762702093971757	0.0	405134	2152.0634002278425	0.4712435	-0.2755813953488372
7780.3552121396415	750	7.701995929784289	0.0	386351	4060.7061641874684	0.09270553	0.1744186046511628
7783.501662355458	300	7.5337968953954295	0.0	179801	1668.1990343888601	0.64912677	-0.3802325581395349
7785.737799068034	300	7.969854148921036	0.0	140051	2063.942746474393	0.6163647	0.06976744186046512
7789.7261781348625	300	7.936761560408091	0.0	138313	2033.092588512945	0.30901805	0.06976744186046512
7794.04905046054	300	7.613889234731074	0.0	143509	3822.8723256770177	0.19949931	0.06976744186046512
7798.046898649282	300	7.616041045988111	0.0	150616	3497.8481887429625	0.030469708	0.06976744186046512
7802.1320653524535	300	7.530874342817111	0.0	165384	2585.1667031709994	0.01181518	0.06976744186046512
7804.194318932856	300	7.605334438719306	0.0	140881	1425.539904097805	0.0152260335	0.06976744186046512
7806.394401015852	300	7.563650206722523	0.0	157671	1041.6842319967825	0.048087213	0.06976744186046512
7809.363447288221	300	7.923325943587161	0.0	157812	1640.3242631353623	0.19786528	0.06976744186046512
7812.292090128667	300	7.72336551368262	0.0	163927	2699.960429904541	0.121039465	0.06976744186046512
7816.261871702002	300	7.637815979984734	0.0	137654	2085.549533697885	0.03850461	0.06976744186046512
7818.220244555725	300	7.780745601542172	0.0	146754	1857.0703784425623	0.033716742	0.06976744186046512
7820.259856830509	300	7.571590654090032	0.0	153938	1209.15494745214	0.056514584	0.06976744186046512
7821.985294432002	300	7.684100540859937	0.0	181901	887.4901132300943	0.20704202	0.06976744186046512
7823.321975207393	300	7.9897339258460995	0.0	111155	694.3666150138384	0.7101899	0.06976744186046512
7824.626044506633	300	7.728856370914044	0.0	153605	760.8775549320553	0.7063972	0.06976744186046512
7826.437555500838	750	7.609696693465759	0.0	400508	1619.159677448284	0.52008194	-0.2755813953488372
7828.215030278689	750	7.572134919918782	0.0	358218	1537.5617735469757	0.09936912	0.1744186046511628
7830.381644717728	750	7.6787842170508505	0.0	400322	1893.350702867932	0.08107836	0.1744186046511628
7832.591902297015	750	7.535287304993737	0.0	369834	1643.496912057114	0.085701376	0.1744186046511628
7834.853474325392	750	7.817881700419284	0.0	412837	2217.405604574453	0.10690077	0.1744186046511628
7838.775354737588	300	7.896001288223866	0.0	179328	3421.880412195417	0.22209361	-0.3802325581395349
7842.9265228664135	300	7.744833159398455	0.0	159914	4151.168128825411	0.1664233	0.06976744186046512
7846.776737091124	300	7.558333481955571	0.0	131610	2186.4996774428837	0.021879949	0.06976744186046512
7849.699579552142	300	7.628769534580036	0.0	124011	1429.563947375534	0.012564252	0.06976744186046512
7851.770060330935	300	7.94016838750444	0.0	144254	1188.601147075596	0.018298589	0.06976744186046512
7852.896971263299	300	7.562652704181704	0.0	149991	877.5156833227354	0.04167869	0.06976744186046512
7853.986750410392	300	7.717460764655574	0.0	147968	845.1919395261297	0.11682256	0.06976744186046512
7855.131155832276	300	7.902551728997132	0.0	161857	814.9090356584409	0.32238987	0.06976744186046512
7857.671049144281	750	7.5973531801071	0.0	372093	1805.198548890031	0.67598	-0.2755813953488372
7861.304263787923	750	7.964138536464828	0.0	438281	2633.2146436422713	0.460595	0.1744186046511628
7863.9586253577645	750	7.8409124789229026	0.0	398987	2123.226057541925	0.6050007	0.1744186046511628
7865.518482528122	300	7.8565517023939995	0.0	160064	984.360776528903	0.5853007	-0.3802325581395349
7867.228411556596	300	7.859335399071349	0.0	137507	997.2163033226495	0.57484406	0.06976744186046512
7869.241776949156	750	7.534008955867015	0.0	314107	1825.3264432043336	0.37978506	-0.2755813953488372

