13150.32460646085	750	4.0	9.971750996673139	450283	9971.75099667314	0.013926057	-0.6599657973417326
13153.808230370083	300	4.516376090767351	0.0	155580	3483.623909232648	0.04888694	-0.4812051643200728
13156.093228585632	300	6.23137787521933	0.0	139857	2284.998215548021	0.005663966	0.19584501657663858
13158.085773107394	300	7.930292189365249	0.0	155432	1801.085685854082	0.005399418	0.35041841418015246
13160.738978129726	300	7.97441915340288	0.0	163442	1455.8730359623705	0.008042583	0.3876976144216755
13162.16294647305	300	7.5561008699752055	0.0	126289	918.3182834276734	0.0055899424	0.41530819696091553
13164.401868594485	300	7.559464925057331	0.0	153295	996.6359449178739	0.006700442	0.40768668425452836
13166.081027693115	300	7.991028401999536	0.0	173849	1068.4365230577946	0.008573607	0.42747934374942403
13167.772614007403	300	7.6255965660429865	0.0	150710	865.4318359565499	0.014333876	0.4249403227122642
13169.92536166929	300	7.792299979014681	0.0	139105	1833.296587028306	0.012629661	0.3385728109158195
13171.643413167261	300	7.8429997293084	0.0	141840	949.3002497062806	0.0092739165	0.4301411790413795
13173.307276859901	300	7.9604435262198585	0.0	156148	1382.5562030885417	0.011551598	0.3941558210101195
13177.476838121072	300	7.790882265048287	0.0	160746	2169.561261171571	0.011014318	0.30485773637859337
13180.119139621991	300	7.66516584225141	0.0	179801	2125.716422796877	0.008922155	0.30138494379125796
13183.084250304588	300	7.665903144915079	0.0	140051	999.2626973363309	0.008020181	0.4140763977537919
13185.3945694535	300	7.958667558337356	0.0	138313	1207.235586577723	0.009211938	0.41157688466854503
13189.007147983197	300	7.583920031707127	0.0	143509	1374.7475266302301	0.009204299	0.3714039702489049
13192.033019749992	300	7.9648997070931165	0.0	150616	2119.02032461401	0.0074017863	0.32078792016215135
13196.111661373307	300	7.886258083779416	0.0	165384	2578.641623313701	0.006349383	0.26991068883507596
13199.09855918286	300	7.730555664050047	0.0	140881	2655.7024197293676	0.0060573556	0.2524732079604237
13203.00332987749	300	7.825784969419583	0.0	157671	3404.7706946304647	0.0055051	0.18351821205591
13207.074031047045	300	7.7550837998649005	0.0	157812	2070.701169554682	0.0051863045	0.3125063414663206
13210.622861725864	300	7.559002044559508	0.0	163927	3196.081755305392	0.0052817566	0.18771317318466252
13214.343454274873	300	7.5300802842621195	0.0	137654	3028.9217602973877	0.004966479	0.2026215626668762
13216.959007924632	300	7.953138806037921	0.0	146754	1576.9414782241981	0.004762514	0.3742607484851828
13219.102376598938	300	7.850760564202895	0.0	153938	1102.3782418350256	0.004790155	0.4153184320094109
13220.905706795686	300	7.689590672563556	0.0	181901	1161.1698916393398	0.005760924	0.39936614880152077
13224.601455524127	300	7.9938419441209	0.0	111155	1195.7487284426554	0.0071141003	0.41492396959352323
13227.72306904421	300	7.871989724855604	0.0	153605	1621.8522192652968	0.0055896044	0.3646978568071781
13229.760772152777	300	7.548018834981969	0.0	149029	1323.9708898736349	0.0058972063	0.3742378091292421
13231.356503560062	300	7.842019217184395	0.0	157421	1205.9996177975745	0.007161024	0.40440996022449976
13234.583926412506	300	7.5781737377066545	0.0	157488	1763.8454794777413	0.007990209	0.3321350315891243
13237.695305676736	300	7.96427279207486	0.0	143881	1613.900945631794	0.0073023317	0.37126067587173184
13240.832096045866	300	7.92461670030863	0.0	163444	2039.6560917662293	0.0066280616	0.326206655522899
13242.479766792096	300	7.869348456375936	0.0	179328	1555.2682439326943	0.006425336	0.3711911750604591
13243.327428802693	300	7.646718754725256	0.0	159914	722.6297016506796	0.006974108	0.44054067293549304
13244.750308042157	300	7.947795298967707	0.0	131610	698.9234557575498	0.011477407	0.4617285815399592
13246.026873920004	300	7.516490242396925	0.0	124011	931.3050565707827	0.010940594	0.41153385542296206
13248.818368015538	300	7.7383736192668655	0.0	144254	1278.1166231300606	0.009378243	0.3907204098214056
13250.65395861393	300	7.677267042274407	0.0	149991	1561.1065769924585	0.0088212425	0.35860225337313706
13253.074604354866	300	7.624186125005675	0.0	147968	1553.0809172687311	0.010042438	0.3560872620162141
13254.627955004698	300	7.501293202423687	0.0	161857	1122.8929225819895	0.010646161	0.391425253823514
13256.6667097712	300	7.717144744797733	0.0	145210	1784.1484576259527	0.013891693	0.3387904217174956
13258.81027914968	300	7.752663190995885	0.0	172312	1464.4815538018477	0.011673704	0.37297701498729063
13263.236854791287	300	7.326087549388693	0.0	167025	4426.575641607192	0.012273827	0.05010662860630666
13268.445085275702	300	6.117857064973045	0.0	160064	5208.230484415649	0.00858418	-0.10357326095051694
13272.460091468787	300	6.102850871888931	0.0	137507	4015.006193084114	0.0073536923	0.014811281114879393
13275.969565827105	300	6.593376513570221	0.0	118421	3509.474358318709	0.0064297654	0.09602231719650045

