11445.914869431752	750	4.0	3.791441730238546	450283	3791.441730238546	0.019380966	0.11687569209242449
11447.301915686325	300	6.6129537454278156	0.0	155580	1387.046254572185	0.004705182	0.22866230681130367
11448.874855943139	300	7.595727680951124	0.0	139857	1017.2260644766923	0.004705182	0.8369893031950676
11450.041261681434	300	7.500381907997402	0.0	155432	1095.3457729537217	0.004705182	0.8174048074119777
11451.760889548632	300	7.726097871219312	0.0	163442	1274.28403677809	0.004705182	0.8273805626903299
11452.654245081494	300	7.61709211059814	0.0	126289	609.0057606211711	0.004705182	0.8804492405686085
11454.040908699093	300	7.510935202218785	0.0	153295	606.1569083793548	0.004705182	0.8676267292901038
11455.926789920613	300	7.558247931769063	0.0	173849	1452.6872704497216	0.004705182	0.7888154862862353
11457.753931130583	300	7.716274283219916	0.0	150710	841.9736485491469	0.004705182	0.8693986643153268
11458.997785985672	300	7.566930617335212	0.0	139105	649.3436658847029	0.004705182	0.8702219145352258
11461.257566757356	300	7.704295816543752	0.0	141840	1362.6348007914594	0.004705182	0.8158535449017719
11462.374765177545	300	7.644269625297605	0.0	156148	1060.026191246147	0.004705182	0.8387028572230507
11464.930386968583	300	7.800044777498682	0.0	160746	1344.224847798924	0.004705182	0.8295168475300185
11468.511942480325	300	7.679965512296907	0.0	179801	1620.0792652017751	0.004705182	0.7871049892636757
11472.31193146059	300	7.5307092074349455	0.0	140051	1649.256304861962	0.004705182	0.7657583238836674
11475.438428453499	300	7.842826962832763	0.0	138313	1687.8822446021825	0.004705182	0.8004335060938211
11477.529988309725	300	7.716354418423105	0.0	143509	1626.4725444096587	0.004705182	0.7909586691760718
11480.13307792981	300	7.977353269038097	0.0	150616	1239.0011493850095	0.004705182	0.8619318359242716
11481.863596785339	300	7.584138119573117	0.0	165384	1393.215149464979	0.004705182	0.7979594093878603
11484.347159212482	300	7.711008768533655	0.0	140881	873.1293510394628	0.004705182	0.8656329508976857
11487.052494336522	300	7.723557768417171	0.0	157671	1487.451000116483	0.004705182	0.8057502350055636
11488.20243615759	300	7.627528886493868	0.0	157812	1096.0288819233033	0.004705182	0.8330355771185747
11489.525504377869	300	7.717951231626592	0.0	163927	909.5776548672764	0.004705182	0.8628453197104499
11491.32051500187	300	7.872191192782084	0.0	137654	845.7600388445071	0.004705182	0.888271384300521
11493.505662549313	300	7.994242683037866	0.0	146754	1377.9485097442175	0.004705182	0.8501224681359065
11495.518410651479	300	7.561468188955375	0.0	153938	1432.7744940824907	0.004705182	0.7912043752364942
11498.070128032186	300	7.930596283743082	0.0	181901	2130.871905212294	0.004705182	0.7669715859444333
11500.982724602136	300	7.744720760015593	0.0	111155	1185.8755237274881	0.004705182	0.8385208176913417
11504.48491271764	300	7.521987268375711	0.0	153605	1722.7334916398815	0.004705182	0.7573336907095234
11506.479964350085	300	7.799188716585555	0.0	149029	1222.798551790155	0.004705182	0.8415537776527352
11508.32278662319	300	7.5189040773588385	0.0	157421	1280.2846392267174	0.004705182	0.8011978884593837
11510.827288629353	300	7.542921977216463	0.0	157488	1975.982100142375	0.004705182	0.7345936783974724
11514.706891377153	300	7.663319229417379	0.0	143881	1879.6027477990858	0.004705182	0.7590972926207931
11518.078685123417	300	7.916483621195086	0.0	163444	1746.8356082222917	0.004705182	0.8036326982081654
11521.633088466328	300	7.736761066262226	0.0	179328	2179.722554932859	0.004725445	0.7381533159601621
11524.075231184506	300	7.843030048660563	0.0	159914	2393.731017601664	0.00473796	0.7298737041894332
11527.685919888561	300	7.971891594422628	0.0	131610	1871.1384542379342	0.0047595343	0.7980437420287545
11531.984966336611	300	7.672845146372087	0.0	124011	2299.046448050542	0.0047960654	0.7183291057803615
11535.062224545658	300	7.553514410283	0.0	144254	2619.3307360890867	0.0048134667	0.6715666827715547
11539.147414551153	300	7.4683244047876975	0.0	149991	4085.1900054953016	0.004834443	0.5144621829265427
11543.068935931859	300	7.546803024082943	0.0	147968	3921.521380704755	0.004840879	0.5405189506203408
11547.06107753223	300	7.554661423711468	0.0	161857	3492.1416003714753	0.0048806844	0.5844272202849919
11549.060792166189	300	7.60319423599535	0.0	145210	1951.467187716117	0.0050148824	0.7444871007022221
11551.29139438469	300	7.777016916865276	0.0	172312	1826.1773191300738	0.0055184406	0.7784783064037135
11554.041380075203	300	7.509236454295969	0.0	167025	1767.780462569307	0.005663786	0.7512546262162232
11557.03294294667	300	7.834557637534923	0.0	160064	1674.6788167610462	0.006321827	0.8007328194683259
11558.8179532405	300	7.780494546471514	0.0	137507	1054.063091063408	0.0071805236	0.856119118788829
11561.790616718532	300	7.579636446838242	0.0	118421	1200.8580996332732	0.00914479	0.8166392842290067

