2491.163038858521	750	4.0	2.600378850967279	450283	2600.378850967279	0.011095317	-11.007210454508137
2491.951244792681	300	7.21179406583987	0.0	155580	788.2059341601297	0.55398613	-0.3802325581395349
2493.89101157982	750	7.95620316973898	0.0	350812	1755.5908961008906	0.25195515	-0.2755813953488372
2497.205720126113	750	7.750936818266306	0.0	382355	2705.2663514726746	0.09624918	0.1744186046511628
2501.4263660886368	750	7.53029085574289	0.0	411561	4220.645962523416	0.11316344	0.1744186046511628
2503.058478461114	300	7.964278710016242	0.0	126289	1066.0121457266487	0.6067746	-0.3802325581395349
2506.339963270053	300	7.636586471372353	0.0	153295	1327.692238643889	0.721598	0.06976744186046512
2509.3428248581818	300	7.5520518623554995	0.0	173849	2084.534609016853	0.58331245	0.06976744186046512
2511.6366730802642	300	7.854291331470326	0.0	150710	1197.7605308851737	0.43356603	0.06976744186046512
2513.641567957795	300	7.554887671503609	0.0	139105	1299.4036599667156	0.5720995	0.06976744186046512
2515.638272114056	300	7.554281264154882	0.0	141840	1000.606407348727	0.40706167	0.06976744186046512
2523.691003238895	750	4.0	0.4984498606843072	405134	8052.73112483919	0.6952135	-2.418915796291358
2527.0731596857777	300	4.617843553117698	0.0	160746	3382.156446882301	0.025106393	-0.3802325581395349
2529.3001706656405	300	6.390832573254834	0.0	179801	2227.0109798628637	0.007356017	0.06976744186046512
2531.130753359108	300	7.894539376769493	0.0	140051	1496.2931964853412	0.028522402	0.06976744186046512
2533.5824083734396	300	7.935856603794689	0.0	138313	1458.6827729748036	0.08723707	0.06976744186046512
2537.6950773038016	300	7.823187673432519	0.0	143509	2112.6689303621697	0.09558546	0.06976744186046512
2540.1132755080125	300	7.776909095186602	0.0	150616	1546.2785782459177	0.020692278	0.06976744186046512
2541.615001789061	300	7.647005791495123	0.0	165384	1129.9033036914784	0.034084756	0.06976744186046512
2543.3146790159694	300	7.878078728719091	0.0	140881	768.9270627760316	0.37333158	0.06976744186046512
2547.518308417237	750	7.511639052951323	0.0	386472	3366.4396757677687	0.6714035	-0.2755813953488372
2549.2520020744087	300	7.648387087115851	0.0	157812	1363.251965835472	0.7109713	-0.3802325581395349
2550.943911359457	300	7.967653271159359	0.0	163927	1180.7338159564918	0.4860012	0.06976744186046512
2552.953104048431	750	7.5436446707685825	0.0	343800	1924.0086003907768	0.6194082	-0.2755813953488372
2555.69821072064	750	7.548683378955658	0.0	359903	2494.961291812925	0.5317243	0.1744186046511628
2556.9789140995927	300	7.913404455977308	0.0	153938	1135.2789229783502	0.6547619	-0.3802325581395349
2558.222782773695	300	7.71918232776329	0.0	181901	1194.222128214019	0.5988098	0.06976744186046512
2560.9932392418395	750	7.9387773716352985	0.0	277716	2280.4049561279917	0.6177658	-0.2755813953488372
2563.1484855196472	300	7.531179902739537	0.0	153605	1407.597468895761	0.71176314	-0.3802325581395349
2565.0895796037325	300	7.544457360652932	0.0	149029	986.722542086605	0.28863436	0.06976744186046512
2566.8546001117616	300	7.97413287763772	0.0	157421	1570.3244830152134	0.41133502	0.06976744186046512
2568.5517076215456	300	7.957927111252589	0.0	157488	1016.2057663851311	0.29651445	0.06976744186046512
2572.9058865276224	750	7.603748205175687	0.0	369834	3854.1789060769024	0.62645817	-0.2755813953488372
2574.9215391319008	300	7.548462213274399	0.0	163444	1055.2859919012876	0.32063898	-0.3802325581395349
2576.2066706720516	300	7.741079730387759	0.0	179328	807.38248288664	0.32151127	0.06976744186046512
2577.643355224203	300	7.856611973444138	0.0	159914	884.4677569436213	0.65515316	0.06976744186046512
2579.358183574002	750	7.990306191648362	0.0	321064	1366.3057817957756	0.6909925	-0.2755813953488372
2581.1845726352058	750	7.621373030547878	0.0	361565	1368.9331611004834	0.1326556	0.1744186046511628
2582.9527165078775	750	7.64102895876388	0.0	378327	1480.3440717839983	0.1291668	0.1744186046511628
2584.7173108020806	750	7.86763170710635	0.0	390680	1273.3972516575293	0.10065147	0.1744186046511628
2585.9085428302906	750	7.67761426227399	0.0	345516	1190.01744483236	0.027298065	0.1744186046511628
2587.483690652548	750	7.540647580834211	0.0	384505	1136.9666814397797	0.032252137	0.1744186046511628
2589.5801571700285	750	7.846504964002517	0.0	372093	1194.1426168316948	0.02051638	0.1744186046511628
2592.2341852376053	750	7.650652909038498	0.0	438281	2195.852054964019	0.021607623	0.1744186046511628
2593.480860636447	750	7.561403125424428	0.0	398987	1089.2497836140703	0.13743378	0.1744186046511628
2594.8521019030813	750	7.514495323220682	0.0	393804	1046.907802203744	0.023194425	0.1744186046511628
2595.9152950488633	750	7.750065463545124	0.0	331053	764.4298596755575	0.018753553	0.1744186046511628
2597.040691079156	750	7.931749081951739	0.0	314107	818.3163815933857	0.010316325	0.1744186046511628

