8989.617233817567	750	4.0	7.528019682657206	450283	7528.0196826572055	0.20474108	-31.62048463542598
8991.913588070638	300	5.7036457469296495	0.0	155580	2296.3542530703508	0.004705182	-0.15000000000000002
8993.918793742092	300	7.698440075476701	0.0	139857	2005.2056714529485	0.004705182	0.3
8996.316638495837	300	9.300595321732349	0.0	155432	2397.844753744352	0.004705182	0.3
8999.680253451988	300	9.936980365581523	0.0	163442	3363.614956150826	0.004705182	0.3
9001.931045473058	300	11.686188344512361	0.0	126289	2250.792021069161	0.004705182	0.3
9004.616665523803	300	13.000568293767628	0.0	153295	2685.6200507447343	0.004705182	0.3
9007.464205716376	300	14.153028101193177	0.0	173849	2847.5401925744527	0.004705182	0.3
9009.736193828108	300	15.881039989461582	0.0	150710	2271.988111731594	0.004705182	0.3
9011.528507838959	300	18.088725978610956	0.0	139105	1792.3140108506266	0.005755054	0.3
9013.095190358905	300	20.522043458665642	0.0	141840	1566.6825199453172	0.03406887	0.3
9014.431290143744	300	23.185943673824937	0.0	156148	1336.0997848407035	0.4577021	0.3
9018.632820441166	750	22.984413376403783	0.0	386351	4201.530297421155	0.2251429	0.3
9023.08746470333	750	22.529769114238857	0.0	434409	4454.644262164925	0.004705182	0.75
9026.74722715651	750	22.87000666106026	0.0	337059	3659.7624531785987	0.004705182	0.75
9030.974341832029	750	22.64289198554109	0.0	366214	4227.11467551917	0.004705182	0.75
9035.289510355631	750	22.327723461939343	0.0	360831	4315.168523601747	0.004705182	0.75
9040.106590820707	750	21.51064299686245	0.0	372963	4817.080465076893	0.004705182	0.75
9046.449297953564	750	19.16793586400534	0.0	405596	6342.707132857113	0.004920317	0.75
9050.803862345692	750	18.813371471879094	0.0	350713	4354.564392126246	0.23585123	0.75
9056.310183833682	750	17.307049983888028	0.0	386472	5506.321487991066	0.03750056	0.75
9060.642478099686	750	16.974755717885305	0.0	399894	4332.294266002723	0.6315062	0.75
9065.527936885273	750	16.089296932297202	0.0	401853	4885.458785588103	0.24686997	0.75
9067.089340014081	300	18.527893803489015	0.0	137654	1561.4031288081844	0.68285155	-0.15000000000000002
9068.70463320311	300	20.912600614461233	0.0	146754	1615.293189027782	0.07158151	0.3
9070.670509075235	300	22.946724742336208	0.0	153938	1965.8758721250217	0.41717988	0.3
9075.818507619022	750	21.798726198550728	0.0	425781	5147.998543785483	0.5103784	0.3
9079.046071152636	750	22.571162664936395	0.0	277716	3227.563533614334	0.004705182	0.75
9084.186845734286	750	21.43038808328468	0.0	400396	5140.774581651712	0.004705182	0.75
9088.495716946858	750	21.121516870713208	0.0	400508	4308.871212571474	0.004832872	0.75
9092.390044591984	750	21.227189225588276	0.0	358218	3894.32764512493	0.004705182	0.75
9097.07671447841	750	20.540519339162465	0.0	400322	4686.669886425814	0.004705182	0.75
9102.098349042373	750	19.51888477519946	0.0	369834	5021.634563963002	0.004705182	0.75
9106.74478219256	750	18.87245162501311	0.0	412837	4646.433150186352	0.0057182964	0.75
9110.365813400078	750	19.251420417495023	0.0	401088	3621.031207518085	0.0049109086	0.75
9114.27282434805	750	19.344409469522915	0.0	365161	3907.010947972108	0.004705182	0.75
9117.547323208364	750	20.069910609211128	0.0	321064	3274.4988603117845	0.004705182	0.75
9121.245033895335	750	20.37219992223991	0.0	361565	3697.710686971219	0.004705182	0.75
9125.747775889291	750	19.8694579282829	0.0	378327	4502.741993957011	0.0052316776	0.75
9129.21615409628	750	20.40107972129188	0.0	390680	3468.3782069910203	0.004705182	0.75
9132.271154270979	750	21.346079546593547	0.0	345516	3055.000174698332	0.026558015	0.75
9135.805660017024	750	21.81157380054806	0.0	384505	3534.50574604549	0.13299604	0.75
9140.012702631437	750	21.604531186137244	0.0	372093	4207.042614410817	0.43084913	0.75
9145.198810844448	750	20.418422973125814	0.0	438281	5186.108213011429	0.12885824	0.75
9148.356664809557	750	21.26056900801729	0.0	398987	3157.853965108524	0.04375555	0.75
9152.815518616077	1200	20.80171520149767	0.0	638661	4458.853806519618	0.56666684	0.75
9156.750239349787	1200	20.86699446778768	0.0	538612	3934.7207337099912	0.004705182	1.2
9161.245264855741	1200	20.371968961833485	0.0	550906	4495.025505954197	0.005363619	1.2

