10268.513298711467	750	4.0	4.010168074006698	450283	4010.168074006698	0.049722593	0.0950030577156093
10269.687216804114	300	6.8260819073535774	0.0	155580	1173.9180926464226	0.03830632	0.2762904647644634
10270.751331465484	300	7.821067726748995	0.0	139857	1005.0141806045834	0.009690967	0.8660336579997793
10271.799094361735	300	7.951736480852442	0.0	155432	869.3312458965538	0.010887564	0.8957358724437269
10273.407382097255	300	7.586808423969687	0.0	163442	864.9280568827552	0.0142157655	0.8511178262368843
10274.784922978532	300	7.864717813100556	0.0	126289	722.0906108691312	0.016504025	0.8997155746159418
10275.730124269501	300	7.989842364819174	0.0	153295	874.875448281382	0.013679225	0.8998864585761197
10277.697512698212	300	7.671311028906983	0.0	173849	818.5313359121915	0.015623497	0.8661911965767805
10279.01691020825	300	7.651040839338	0.0	150710	1020.270189568982	0.017331365	0.8435145121382815
10279.961060139316	300	7.803529519739812	0.0	139105	847.5113195981876	0.017348245	0.8796184681391741
10281.499493474415	300	7.50263219607423	0.0	141840	800.8973236655823	0.01768319	0.8471274997133136
10282.412194098433	300	7.770049870731138	0.0	156148	732.5823253430924	0.018671677	0.8869775712717538
10283.41281300167	300	7.529799606600855	0.0	160746	740.2502641302838	0.019870806	0.8565466178022385
10284.660460796997	300	7.741160033240307	0.0	179801	788.639573360548	0.020202901	0.8778047629832012
10286.190735634933	300	7.520526625106113	0.0	140051	720.6334081341934	0.02118824	0.8573633506421147
10287.139081187674	300	7.741174606586388	0.0	138313	779.3520185197249	0.020379422	0.8787353178661957
10288.67147886522	300	7.874472553971838	0.0	143509	866.7020526145492	0.01855464	0.8864588669527191
10290.958411984833	300	7.838853744633541	0.0	150616	1035.618809338297	0.018915124	0.8651692687703719
10292.256918983894	300	7.5452575003895	0.0	165384	1293.5962442440418	0.017494839	0.8031206355001685
10293.710063851368	300	7.6561404440606715	0.0	140881	889.1170563288297	0.016889736	0.8572594834103991
10294.809393357467	300	7.578489496434824	0.0	157671	1077.6509476258466	0.016841374	0.8288183832698967
10295.858634564496	300	7.559708258005376	0.0	157812	1018.7812384294475	0.015672157	0.8323863987615342
10296.904775968535	300	7.6218675545867605	0.0	163927	937.8407034186148	0.014991844	0.8481553794911756
10298.488351669252	300	7.629230021138163	0.0	137654	992.6375334485984	0.015400622	0.8435847543139963
10301.119610854343	300	7.909069545626584	0.0	146754	1220.1604755115784	0.013870239	0.8553847813893742
10304.565079653667	300	7.836884395854466	0.0	153938	2072.185149772118	0.013159117	0.761269475466858
10306.069270576105	300	7.521430840711753	0.0	181901	1315.4535551427118	0.010704526	0.7979929811714036
10309.304797802937	300	7.893035853442985	0.0	111155	1128.3949872687685	0.013016971	0.86258161957531
10312.71111522502	300	7.913443300182309	0.0	153605	1979.5925532606752	0.011282021	0.7799816094542655
10317.016939015382	300	7.607619509820175	0.0	149029	3305.823790362135	0.010083392	0.6095978374601078
10319.437736197404	300	7.9534952294027335	0.0	157421	2154.1242804174417	0.008404258	0.7674737250387493
10322.00796465332	300	7.806717409246788	0.0	157488	1646.7778201559454	0.007784619	0.8000854328976634
10323.852351885826	300	7.516249149373072	0.0	143881	1290.4682598737168	0.008464174	0.7998517173587314
10327.569815920995	300	7.798785114202677	0.0	163444	2217.464035170394	0.008658187	0.7420373957566078
10330.100293818545	300	7.6042376548300945	0.0	179328	1694.5474593725835	0.008074617	0.77030790645564
10331.585625601956	300	7.6745370442120855	0.0	159914	1429.700610618009	0.008194698	0.8054725913856741
10333.264221542797	300	7.738054622189984	0.0	131610	1436.482422022102	0.009142408	0.8126370470755638
10335.094929386343	300	7.5287574598242175	0.0	124011	1209.297162365766	0.008532646	0.8095132521230732
10338.402534493944	300	7.920660222615006	0.0	144254	1608.0972372092106	0.0095095	0.8180222282745412
10340.946953507606	300	7.833204650979899	0.0	149991	2087.455571635108	0.009295434	0.7592880881433841
10345.152682994736	300	7.627475163849382	0.0	147968	1705.7294871305166	0.009239079	0.772058883360194
10347.290342025703	300	7.709992088944877	0.0	161857	1417.4830749045047	0.008738179	0.8110720471379553
10349.3673117897	300	7.80159524697833	0.0	145210	1908.3968419665482	0.010373227	0.773291087545181
10351.83200397837	300	7.573535652156345	0.0	172312	2228.059594821986	0.009537751	0.7131658579229917
10354.364064666044	300	7.660821581244025	0.0	167025	1412.7140709123184	0.008788544	0.8054777709127537
10356.741956334408	300	7.581549088942971	0.0	160064	2079.2724923010546	0.010101803	0.7290340025408275
10360.604604626546	300	7.718900796805519	0.0	137507	2362.6482921374527	0.009499162	0.7176555006121178
10362.095311143228	300	7.579181172064538	0.0	118421	1139.7196247409822	0.008208532	0.8226969180712135

