7442.314392328145	750	4.0	7.528019682657206	450283	7528.0196826572055	0.005367104	-32.69816731739956
7444.610746581216	300	5.7036457469296495	0.0	155580	2296.3542530703508	0.004766551	-0.11460706974875276
7446.615952252669	300	7.698440075476701	0.0	139857	2005.2056714529485	0.0064786803	0.5565090456425683
7450.5137970064125	300	7.80059532173235	0.0	155432	2397.844753744352	0.008435082	0.5270776978097512
7454.588569910112	300	7.725822418032702	0.0	163442	3074.772903699649	0.012921455	0.45218790450343227
7456.994202727041	300	7.999104579880152	0.0	126289	2226.7178381525496	0.004705182	0.5632971346562266
7461.111314666905	300	7.550006161337351	0.0	153295	2449.098418542801	0.004892188	0.49783283532202005
7464.094099903331	300	7.987620294233952	0.0	173849	2062.3858671033986	0.004705182	0.5786249560084142
7466.974544702021	300	7.9425974842006015	0.0	150710	1545.02281003335	0.004705182	0.626027764268237
7468.852912154083	300	7.791124838348087	0.0	139105	1651.4726458525147	0.012482616	0.6008033636389718
7471.193764337816	300	7.789146178186092	0.0	141840	1501.9786601619955	0.011298761	0.6155623138829526
7474.534304090808	300	7.568312996725508	0.0	156148	1720.8331814605847	0.016149867	0.5724214130726658
7478.076921848833	300	7.676857417779174	0.0	160746	1891.4555789463348	0.011286231	0.5658066991713999
7481.180427181633	300	7.810685817068552	0.0	179801	2366.1716007106234	0.012674829	0.5312162349393016
7483.794255139152	300	7.997438666203227	0.0	140051	1813.2471508653248	0.008113079	0.6044838572701501
7487.8446963045235	300	7.822508496394474	0.0	138313	2174.9301698087534	0.012764792	0.5514783245645847
7490.881407104361	300	7.731908684857215	0.0	143509	2090.5998115372586	0.0058897464	0.5511910239284823
7494.68842831452	300	7.924887474697622	0.0	150616	2307.021210159594	0.0053417687	0.5481233153937073
7498.438398170081	300	7.8864686079969974	0.0	165384	2038.4188667006233	0.004855591	0.5712856894628368
7501.84167812992	300	7.7506041225075295	0.0	140881	1635.8644854894683	0.0057596928	0.5984640139920823
7505.370702884623	300	7.709799477530689	0.0	157671	2040.8046449768408	0.006244474	0.5540425038529706
7508.412919710901	300	7.972801162204589	0.0	157812	1736.9983153261012	0.005129353	0.6097373526187617
7511.4144504773485	300	7.899644972457401	0.0	163927	2073.1561897471865	0.008416431	0.5690801974503791
7513.964814947447	300	7.6986500019083834	0.0	137654	1700.9949705490178	0.0056574177	0.5869503213943832
7516.794100377694	300	7.5386920413096865	0.0	146754	1659.957960598697	0.0057656523	0.5756578840009533
7519.098705622957	300	7.916053167851947	0.0	153938	2122.6388734577404	0.005815978	0.5657112368302717
7521.4897515523535	300	7.911513374556036	0.0	181901	2004.539793295911	0.005845219	0.5770841845002659
7523.602007524127	300	7.658638552219818	0.0	111155	1252.874822336218	0.007743461	0.6279111879875758
7526.087978361227	300	7.770343622388402	0.0	153605	1888.294929831415	0.008212715	0.5751209192118307
7529.887947294185	300	7.970374689430588	0.0	149029	2299.9689329578146	0.006908678	0.5532067400495878
7531.908644556291	300	7.688848492991274	0.0	157421	1781.5261964393148	0.004705182	0.5779537922556653
7534.957448700846	300	7.6390319345464555	0.0	157488	1549.8165584448177	0.005747636	0.5963298547886658
7537.212283767284	300	7.546108241883021	0.0	143881	1592.9236926634348	0.00892373	0.5830751286621011
7540.916617478472	300	7.841774530694471	0.0	163444	1704.3337111885494	0.0075630164	0.600392348471745
7544.26057690381	300	7.577917308007116	0.0	179328	1763.857222687355	0.012691516	0.5690434349995837
7547.389812312062	300	7.618350724206271	0.0	159914	1959.566583800844	0.01383064	0.5533642618801515
7548.716631152804	300	7.899775692560839	0.0	131610	1218.5750316454328	0.0063210544	0.6545508952214344
7550.906309447725	300	7.804058463648462	0.0	124011	1095.7172289123773	0.021137204	0.6576237817007748
7552.273666037454	300	7.942360759288411	0.0	144254	1361.6977043600507	0.06370304	0.6443374897894559
7555.9108755953075	300	7.6965854370462115	0.0	149991	2245.7753222422	0.08685759	0.5322735694734197
7559.328512799096	300	7.5434839294577705	0.0	147968	2153.101507588441	0.0064809634	0.5268047540687476
7561.4198417832895	300	7.805087318960308	0.0	161857	1238.396610497462	0.0048235967	0.6434548720539053
7562.971084645195	300	7.760931983856326	0.0	145210	1044.1553351039815	0.053122837	0.6586289976095736
7564.651164046963	300	7.9294361228730015	0.0	172312	1331.4958609833236	0.28328636	0.6461136629498955
7566.441434011592	300	7.963592867950773	0.0	167025	1465.843254922229	0.5158844	0.6359665497057039
7568.315509338186	300	7.533768550007139	0.0	160064	1429.8243179436333	0.29549608	0.5981973565441303
7572.143584326609	300	7.705693561583152	0.0	137507	2328.0749884239863	0.098611906	0.5249202703577852
7574.334354840669	300	7.756471336590337	0.0	118421	1949.2222249928145	0.005306731	0.5676929661712602

