9668.280971339944	750	4.0	6.819045761582508	450283	6819.045761582508	0.07023056	-29.578682064670893
9670.227947007057	300	6.053024332886424	0.0	155580	1946.975667113577	0.0428352	-0.04604111887668827
9672.763064211364	300	7.517907128580474	0.0	139857	1535.1172043059482	0.18007451	0.586141387782642
9675.104935557285	300	7.537540700570771	0.0	155432	1980.3664280097041	0.69871134	0.5435062193844415
9676.939545972891	300	7.840987994673256	0.0	163442	1196.5527058975144	0.6935499	0.6510947440007048
9678.395604551	750	7.631987570023135	0.0	318564	1209.0004246501203	0.3134629	0.2038022407843033
9682.607130447137	1850	7.420461673887604	0.0	905515	4211.525896135531	0.7474549	-0.7079750716015769
9686.879180830261	1850	7.148411290763034	0.0	1060487	4272.05038312457	0.10433905	0.35978731622567284
9690.32384550691	1850	7.703746614113687	0.0	852833	3444.6646766493477	0.05351542	0.4959775529128632
9694.3867335979	1850	7.640858523125083	0.0	913888	4062.8880909886025	0.032151222	0.42810216011329905
9698.406278809003	1850	7.621313312020654	0.0	939819	4019.5452111044287	0.046637766	0.43055519896682365
9702.518403051297	1850	7.509189069726397	0.0	917428	4112.124242294258	0.039751925	0.4105052080730114
9715.886958026758	1850	4.0	5.859365905733576	946851	13368.554975459972	0.04765502	-26.048174759423485
9717.996321405064	300	5.89063662169265	0.0	179801	2109.36337830735	0.06915775	-1.1779098946845932
9720.147130072055	300	7.739827954701199	0.0	140051	1650.8086669914521	0.6468258	0.5959323772488073
9721.649917169161	300	7.917726286306052	0.0	138313	1322.1016683951475	0.39645514	0.6459259969194517
9725.818166493222	750	7.749476962245855	0.0	360831	4168.249324060196	0.22414559	-0.08081415950688037
9731.116752293137	750	6.450891162330614	0.0	372963	5298.585799915241	0.29416624	0.13116181037238306
9735.589539768744	750	5.978103686724019	0.0	405596	4472.787475606595	0.23862852	0.16823530241527174
9737.393772164769	300	7.791141440856671	0.0	140881	1186.9622458673487	0.67913616	0.19725600164810808
9739.132065124099	300	7.640630083971455	0.0	157671	1150.5113568852157	0.5942632	0.6364141986719395
9741.355403415677	750	7.902851744204967	0.0	399894	1737.7783397664875	0.226845	0.17699543876622692
9744.55014098877	1200	7.848262966914681	0.0	656471	3054.588777290287	0.6701269	0.06412896300838417
9748.516384983392	1850	7.882018972291023	0.0	874175	3466.243994623657	0.59352684	-0.13902145858411663
9752.65533487027	1850	7.743069085414503	0.0	897976	3638.94988687652	0.047936905	0.4803338651529465
9756.68818845754	1850	7.710215498145022	0.0	905935	4032.853587269481	0.040728778	0.4377812994075715
9761.216959329431	1850	7.1814446262518725	0.0	1076599	4528.77087189315	0.046085514	0.3372947640285367
9764.787242670482	1850	7.6111612852015424	0.0	758197	3570.2833410503304	0.038317975	0.4745042416697843
9779.058090741839	1850	4.0	6.659686786156457	972798	14270.848071358	0.052867994	-29.579783854831675
9780.68941027646	300	6.368680465379502	0.0	149029	1631.3195346204975	0.029786007	-1.0840932384314224
9783.526326455487	300	7.51993141761257	0.0	157421	1848.7490477669323	0.69921404	0.5549730435930431
9785.557693530047	300	7.813331465062041	0.0	157488	1206.599952550528	0.66716576	0.6474280464292401
9791.53718742969	750	5.833837565419402	0.0	369834	5979.49389964264	0.15915476	-0.44632112072759184
9793.577404636884	300	7.793620358226162	0.0	163444	2040.217207193239	0.20572245	0.11216910417438805
9798.025178124342	750	7.345846870768481	0.0	401088	4447.773487457681	0.32669452	-0.14761643816591546
9801.715054420432	750	7.562034509325147	0.0	365161	2783.812361443335	0.3702672	0.4895879842478934
9803.550950048033	750	7.947118767798262	0.0	321064	1614.915741526885	0.19323999	0.6435424507199141
9808.191877450396	1850	7.30619136543607	0.0	938587	4640.927402362192	0.8825475	-0.7619138713444693
9811.511914700286	1200	7.986154115544369	0.0	605884	2820.037249891701	0.31245172	-0.09914370199273975
9815.309908677933	1850	7.928129400635087	0.0	930577	3558.0247149092806	0.55445755	-0.14376134864737172
9819.258725277745	1850	7.773705622398713	0.0	858450	3654.423778236374	0.0336701	0.48173527807336824
9823.672126956839	1850	7.360303943304262	0.0	1025005	4413.401679094451	0.04156943	0.3660470990782601
9827.400428670133	1850	7.632002230011259	0.0	886255	3728.3017132930036	0.050486393	0.460708369445544
9834.191220937171	1850	4.841209962971306	0.0	973972	6790.792267039952	0.035388425	-0.11415766376493097
9848.57026428062	1850	4.0	9.537833380477942	958994	14379.043343449248	0.79984957	-41.966633737623184
9849.810070830736	300	6.7601934498839364	0.0	160064	1239.8065501160638	0.013896523	-1.0072583631977479
9852.625771305953	750	7.925212504509018	0.0	331053	1834.9809453749192	0.5517521	0.16942742720145654
9860.783987615981	1200	4.0	0.23300380552059413	550906	8158.216310029612	0.71336246	-1.8185499076147056

