6437.17076081057	750	4.0	6.865112348267744	450283	6865.112348267744	0.19635408	-0.25311123482677444
6442.136836568934	750	4.0	0.9660757583639552	398865	4966.075758363955	0.50502855	-0.06320757583639547
6443.765881282371	300	6.37095528656229	0.0	139857	1629.0447134377098	0.38502243	0.006670930274411707
6446.09662424311	300	7.70070028777736	0.0	155432	1670.2549987849313	0.034087665	0.5818676031078551
6449.121008956036	300	7.583751931341667	0.0	163442	1616.9483564356917	0.051816188	0.575825039679408
6451.806303092596	300	7.674823022256838	0.0	126289	1408.9289090848297	0.049920615	0.6054836480059946
6454.611032699934	300	7.880640822775255	0.0	153295	1794.1821994815841	0.04103014	0.5869741000667351
6458.700516746167	300	7.7911567765435015	0.0	173849	2589.4840462317534	0.03710224	0.4987415918956802
6462.631238406062	300	7.6908116545395115	0.0	150710	2100.3451220039897	0.040692113	0.5378969212035686
6465.248972802621	300	7.757132725205775	0.0	139105	2433.6789293337374	0.035104252	0.511013264592888
6469.218820805116	300	7.787284722711671	0.0	141840	3969.848002494103	0.03154455	0.3603286390342997
6475.166203552589	300	5.839901975238198	0.0	156148	5947.382747473473	0.028358554	-0.02680780765543256
6481.053738772586	300	4.0	0.04763324475930767	160746	5887.535219997506	0.02466847	-0.1997535219997506
6487.439012879475	300	4.0	2.385274106889298	179801	6385.274106889298	0.020748338	-0.2495274106889298
6491.841272173694	300	4.0	0.40225929421910406	140051	4402.259294219104	0.01695577	-0.0512259294219104
6495.42071809862	300	4.42055407507461	0.0	138313	3579.44592492539	0.014329542	0.07195429130846681
6500.498950474689	300	4.0	0.6576783009940272	143509	5078.232376068637	0.013849384	-0.11882323760686364
6504.6786568327325	300	4.0	0.17970635804370522	150616	4179.706358043705	0.013970048	-0.028970635804370537
6507.871564345508	300	4.807092487224771	0.0	165384	3192.9075127752294	0.012103508	0.14819899310508605
6510.295546302363	300	6.383110530370541	0.0	140881	2423.98195685423	0.012854366	0.3783593033931121
6513.255292977882	300	7.4233638548503915	0.0	157671	2959.746675520149	0.0137142	0.42594746733218575
6517.167228956942	300	7.511427875790723	0.0	157812	3411.935979059668	0.014733121	0.38929276301468096
6521.806548985999	300	6.872107846734429	0.0	163927	4639.3200290562945	0.013399117	0.2043804851892938
6525.27978737509	300	7.398869457643807	0.0	137654	3473.2383890906226	0.013013978	0.372216215846798
6529.003733358607	300	7.674923474127193	0.0	146754	3723.9459835166135	0.011870009	0.3739917095072083
6533.227928930627	300	7.4507279021064745	0.0	153938	4224.195572020719	0.012134215	0.3021637312777828
6535.929747668204	300	7.766324316533555	0.0	181901	2184.4035855729185	0.012095371	0.5368346812255964
6536.672462667432	300	7.908674349921312	0.0	111155	357.6499666122434	0.013516815	0.7333535838686233
6537.412007356667	300	7.536434550611953	0.0	153605	372.2397993093594	0.045216613	0.6956942801160765
6538.001888180547	300	7.635146583634383	0.0	149029	401.2879669775705	0.09113619	0.7023892085606868
6538.438913158556	300	7.740930503581712	0.0	157421	394.21608005267205	0.092031986	0.7133838834680544
6539.207916910458	300	7.822833091107965	0.0	157488	418.0974124737474	0.12497161	0.718960776862875
6539.896294005311	300	7.959097741896349	0.0	143881	363.7353492116171	0.14936131	0.7376487204782582
6540.359370001721	300	7.569880645511995	0.0	163444	389.21709638435374	0.16076584	0.6972491831376062
6540.9511579864375	300	7.620916126666114	0.0	179328	448.9645188458823	0.17440662	0.6962376414336914
6542.031470712211	750	7.647171463214849	0.0	365161	973.7446634512655	0.20431668	0.24071295845251747
6542.601639638578	300	7.70537095519273	0.0	131610	441.8005080221195	0.8568932	0.255167274590281
6543.843537176257	300	7.868606505025469	0.0	124011	336.7644501672593	0.16990675	0.7315455375970009
6544.599898639194	300	7.982992241313288	0.0	144254	385.61426371218187	0.20005237	0.7377845690964991
6545.442731679266	300	7.596949306388786	0.0	149991	386.0429349245021	0.20583624	0.7001990265538592
6546.031949257577	300	7.620735564807794	0.0	147968	476.21374158099286	0.21554202	0.6934951595194587
6546.850145482754	300	7.653139442584072	0.0	161857	467.596122223722	0.19589998	0.6975081985689288
6548.22152636539	750	7.7227490572422	0.0	372093	930.3903853418717	0.21986347	0.25239830728261675
6549.506749301107	750	7.79563280453103	0.0	438281	927.11625271117	0.86082566	0.7098136649695257
6551.452138328088	750	7.526991570543589	0.0	398987	1268.6412339874396	0.8647269	0.64953580683662
6553.178405081256	750	7.827232099957353	0.0	393804	1699.7594705862361	0.84863853	0.6356223746622289
6554.948699728458	300	7.940338513145601	0.0	137507	886.8935868117526	0.8160988	0.23350856172223447
6556.566731285897	300	7.648023274121869	0.0	118421	792.3152390237321	0.11451831	0.6645387395059786

