18176.700142137255	750	4.0	6.33280799573435	450283	6332.80799573435	0.004705182	-26.481074381657702
18178.5311253334	300	5.99091239026107	0.0	155580	1009.0876097389298	0.004705182	-0.15000000000000002
18180.336342729053	300	5.809251538069295	0.0	139857	1681.660852191775	0.006381409	0.3
18182.2006778917	300	5.693862214180079	0.0	155432	1115.3893238892156	0.004705182	0.3
18183.960782313072	300	5.973282879970793	0.0	163442	1220.5793342092863	0.005834748	0.3
18185.810158010932	300	5.998357631820449	0.0	126289	974.925248150344	0.101273686	0.3
18188.019473928052	300	5.695924898117837	0.0	153295	1302.4327337026118	0.015378252	0.3
18190.5637327886	300	5.87723705005299	0.0	173849	1318.6878480648475	0.0093427785	0.3
18193.040095058008	300	5.9618414501902555	0.0	150710	915.3955998627355	0.051740162	0.3
18196.850834209643	750	5.741955170993835	0.0	362795	3219.8862791964198	0.6387565	0.3
18198.138928113873	300	5.853334683697496	0.0	141840	888.6204872963385	0.694433	-0.15000000000000002
18200.648513130964	300	5.548278874071182	0.0	156148	805.0558096263138	0.42670342	0.3
18203.803514116873	300	5.688042984847273	0.0	160746	2360.235889223909	0.63576967	0.3
18206.83224604986	300	5.551059576246851	0.0	179801	2136.983408600422	0.009460443	0.3
18207.814370729317	300	5.595871522561338	0.0	140051	955.1880536855132	0.0047178166	0.3
18209.102880261198	300	5.650085002757099	0.0	138313	945.786519804239	0.02729157	0.3
18210.758346281662	300	5.653713455612568	0.0	143509	996.3715471445327	0.09069751	0.3
18212.474646939638	300	5.645110453885418	0.0	150616	1508.6030017271494	0.071554534	0.3
18214.08791756107	300	5.8973238854933445	0.0	165384	1247.7865683920745	0.017460002	0.3
18215.353711894775	300	5.567168740363352	0.0	140881	830.1551451299929	0.045778885	0.3
18217.134164922627	300	5.789761911321433	0.0	157671	777.4068290419185	0.093029074	0.3
18221.19767462487	750	5.55953010240771	0.0	399894	2730.231808913722	0.6639364	0.3
18224.001753389777	750	5.9041297000169415	0.0	401853	1655.4004023907694	0.08062948	0.75
18233.61478654876	1850	4.0	3.708903458968778	874175	9613.03315898572	0.3704269	-15.198284873565745
18236.92909344408	750	4.685693104681089	0.0	359903	3314.3068953189104	0.25705826	-0.3500000000000001
18239.11166170043	300	5.822418213515262	0.0	153938	1363.2748911658275	0.007216844	-0.15000000000000002
18240.697601701195	300	5.864094838727686	0.0	181901	958.323374787577	0.004705182	0.3
18242.1006475971	300	5.911380255762778	0.0	111155	952.7145829649063	0.43316716	0.3
18243.49490974098	300	5.694414826294114	0.0	153605	1216.9654294686638	0.17888725	0.3
18245.176956789182	300	5.952039640399986	0.0	149029	1242.3751858941287	0.010512705	0.3
18249.423166928194	300	5.705829501385644	0.0	157421	3246.2101390143416	0.039699156	0.3
18253.431906666185	300	5.6970897633940965	0.0	157488	4008.7397379915474	0.004705182	0.3
18257.257667779984	300	5.871328649595134	0.0	143881	3825.761113798963	0.004705182	0.3
18261.14852932118	300	5.980467108399653	0.0	163444	3890.861541195481	0.004705182	0.3
18265.161918057347	300	5.967078372232678	0.0	179328	3013.388736166974	0.004705182	0.3
18267.644125140145	300	5.508291391069495	0.0	159914	1458.786981163183	0.004705182	0.3
18270.22641865164	300	5.813854714639521	0.0	131610	1194.4366764299737	0.004705182	0.3
18272.36897409516	300	5.836505377411519	0.0	124011	977.3493372280036	0.004705182	0.3
18273.658358074354	300	5.674416407460676	0.0	144254	1162.0889699508423	0.004705182	0.3
18274.890357335305	300	5.7620643771047195	0.0	149991	912.352030355956	0.004705182	0.3
18276.50695760755	300	5.548587789281762	0.0	147968	713.4765878229566	0.0058000754	0.3
18278.313095079906	300	5.727080880815305	0.0	161857	821.5069084664568	0.15851589	0.3
18279.45660383456	300	5.682641861932341	0.0	145210	1044.439018882964	0.5884702	0.3
18281.608972641676	300	5.555992292758292	0.0	172312	1126.6495691740488	0.097152725	0.3
18284.57345309833	300	5.731611654904791	0.0	167025	1324.3806378535005	0.08538228	0.3
18286.236148017808	300	5.585314104565196	0.0	160064	1146.297550339596	0.019410752	0.3
18288.918274719	300	5.5574494960393	0.0	137507	1027.8646085258956	0.012354664	0.3
18292.681847802734	300	5.793876412304266	0.0	118421	1763.5730837350336	0.012735324	0.3

