2869.3266094152664	750	4.0	2.600378850967279	450283	2600.378850967279	0.32688835	-11.007210454508137
2870.114815349426	300	7.21179406583987	0.0	155580	788.2059341601297	0.142126	-0.3802325581395349
2872.0545821365654	750	7.95620316973898	0.0	350812	1755.5908961008906	0.660501	-0.2755813953488372
2875.3692906828587	750	7.750936818266306	0.0	382355	2705.2663514726746	0.10579002	0.1744186046511628
2879.5899366453823	750	7.53029085574289	0.0	411561	4220.645962523416	0.22972256	0.1744186046511628
2881.2220490178597	300	7.964278710016242	0.0	126289	1066.0121457266487	0.2718909	-0.3802325581395349
2884.503533826798	300	7.636586471372353	0.0	153295	1327.692238643889	0.62899184	0.06976744186046512
2887.506395414927	300	7.5520518623554995	0.0	173849	2084.534609016853	0.50980973	0.06976744186046512
2889.8002436370093	300	7.854291331470326	0.0	150710	1197.7605308851737	0.53774846	0.06976744186046512
2893.3434415296424	750	7.785736163952435	0.0	362795	3068.55516751789	0.19778258	-0.2755813953488372
2896.7954066803077	750	7.692075013177083	0.0	353220	2593.661150775351	0.101674534	0.1744186046511628
2904.658548670046	750	4.0	0.17106697656127925	405134	7863.141989738363	0.08702973	-0.561169394562338
2908.04844454169	300	4.610104128356062	0.0	160746	3389.895871643937	0.041489206	-0.3802325581395349
2910.418981443497	300	6.239567226548496	0.0	179801	2370.5369018075676	0.0064743552	0.06976744186046512
2912.110975471969	300	7.724509593852596	0.0	140051	1515.0576326959	0.07498686	0.06976744186046512
2914.4052773850954	300	7.765826820877792	0.0	138313	1458.6827729748036	0.13421166	0.06976744186046512
2918.4766040075883	300	7.694500198384827	0.0	143509	2071.3266224929657	0.62720335	0.06976744186046512
2922.393152001214	750	7.777952204759453	0.0	372963	3416.5479936253737	0.62607557	-0.2755813953488372
2923.551758346793	300	7.655395871954246	0.0	165384	1122.5563328052078	0.16475731	-0.3802325581395349
2926.2340851843196	750	7.727257521578384	0.0	350713	1928.138350375862	0.59665024	-0.2755813953488372
2929.597771836191	750	7.9425083820177385	0.0	386472	3284.749139560645	0.10941802	0.1744186046511628
2933.0260249373055	750	7.602850587615902	0.0	399894	3339.6577944018377	0.16164291	0.1744186046511628
2935.91350641727	750	7.9334074818900895	0.0	401853	2669.443105725811	0.16802913	0.1744186046511628
2938.4323778187772	750	7.977990982555774	0.0	343800	1955.4164993343165	0.17348553	0.1744186046511628
2942.595111906855	750	7.815256894478061	0.0	359903	2162.7340880777124	0.09638411	0.1744186046511628
2946.3933604095323	750	7.809227152564661	0.0	379700	2506.029741913401	0.097621664	0.1744186046511628
2949.743757111696	750	7.705138215464791	0.0	425781	2604.088937099871	0.08976053	0.1744186046511628
2952.4249707516046	750	7.562685287542361	0.0	277716	2142.4529279224307	0.07375961	0.1744186046511628
2955.1965924534607	750	7.871254706607322	0.0	400396	2691.4305809350385	0.10862171	0.1744186046511628
2958.099101273411	750	7.820095952592801	0.0	400508	2551.158754014521	0.08703757	0.1744186046511628
2961.9276691049004	750	7.991528121103704	0.0	358218	3328.5678314890965	0.08783846	0.1744186046511628
2965.481845113706	750	7.624399041413244	0.0	400322	2867.129079690459	0.12014923	0.1744186046511628
2969.334701902162	750	7.77154225295717	0.0	369834	3852.8567884560744	0.16876313	0.1744186046511628
2972.082738336946	750	7.852475879850899	0.0	412837	2419.0663731062714	0.26136628	0.1744186046511628
2974.203314741971	750	7.561672689177243	0.0	401088	1790.803190673656	0.17502366	0.1744186046511628
2976.5148115809275	750	7.665810867374547	0.0	365161	1895.8618218026966	0.096906185	0.1744186046511628
2978.121351262105	750	7.785358530863085	0.0	321064	1380.4523365114615	0.09874453	0.1744186046511628
2980.121770297942	750	7.9031927612770305	0.0	361565	1382.1657695860533	0.03808035	0.1744186046511628
2982.1917710603916	750	7.76231901317795	0.0	378327	1640.8737480990799	0.033101596	0.1744186046511628
2983.5147807128506	750	7.985377613123939	0.0	390680	1276.9414000540107	0.03170726	0.1744186046511628
2984.6649368747667	750	7.873333677368079	0.0	345516	1112.04393575586	0.028088821	0.1744186046511628
2985.9831281237653	750	7.603294132949092	0.0	384505	1270.039544418987	0.030393139	0.1744186046511628
2987.5845124151524	750	7.961677911045137	0.0	372093	1141.6162219039543	0.033130452	0.1744186046511628
2989.9436157937516	750	7.692010284987424	0.0	438281	2269.6676260577133	0.029802721	0.1744186046511628
2991.4140304845228	750	7.581520820372465	0.0	398987	1110.4894646149585	0.035883546	0.1744186046511628
2992.8640574162914	750	7.5514699150661615	0.0	393804	1030.0509053063029	0.032835454	0.1744186046511628
2993.9171327386966	750	7.7749203100947994	0.0	331053	776.5496049713621	0.035857257	0.1744186046511628
2994.984956364938	750	7.5592712651908185	0.0	314107	715.6490449039815	0.036978632	0.1744186046511628

