9406.029345541852	750	4.0	1.7041197936685797	450283	1704.1197936685796	0.0050860615	-7.1076601604216245
9408.369853585598	750	5.659491956252071	0.0	398865	1840.5080437479282	0.686745	0.20374809079147885
9409.770192103128	300	5.981636620965919	0.0	139857	677.8553352861526	0.57213277	-0.22871384616796092
9411.333373494148	300	5.656287507057299	0.0	155432	825.349113908621	0.7428881	0.18174127465848025
9412.289834921381	300	5.8819729319969225	0.0	163442	774.3145750603771	0.73566586	0.19371971654841155
9413.84705112718	750	5.834438202732432	0.0	318564	1547.5347292644906	0.7305254	-0.20767910541288512
9415.214563446565	300	5.570522824208061	0.0	153295	763.915378524371	0.58775425	-0.25364317276901815
9418.017146772052	750	5.966029598495016	0.0	437162	2104.493225713045	0.70076394	-0.271809832686469
9419.483616783782	300	5.826839609165918	0.0	150710	1139.1899893290986	0.5703551	-0.3183274946189272
9420.780304680802	300	5.772135700457049	0.0	139105	554.7039087088683	0.6856921	0.27041453583613784
9422.259032308406	300	5.543763947561562	0.0	141840	1228.371752895488	0.7159841	0.12211286985916409
9422.88593400427	300	5.510490970231627	0.0	156148	533.2729773299341	0.50393903	0.28128183196351153
9424.296936552359	750	5.646804093606754	0.0	386351	1363.686876624873	0.71041197	-0.17501018640868238
9426.656791474716	750	5.975534444309349	0.0	434409	1671.2696492974042	0.6723918	0.2243803088015442
9428.691328093997	750	5.567558718748214	0.0	337059	1907.975725561135	0.62983096	0.19654338101692181
9430.420308434963	750	5.736349104774931	0.0	366214	1331.209613973285	0.69107807	0.28169868671600923
9431.847494875705	750	5.916641143001085	0.0	360831	1319.707961773846	0.69117033	0.2841537755792236
9433.939641321278	750	5.8293072121488745	0.0	372963	1587.3339308522104	0.6099037	0.23624518616487294
9435.346199131325	300	5.578434574034512	0.0	165384	750.8726381143613	0.6944574	-0.25023243305723664
9436.200126277963	300	5.5743135771322105	0.0	140881	504.12099690230207	0.5215814	0.29754761440549515
9437.369530552169	300	5.544514471997181	0.0	157671	529.7991051350286	0.55327934	0.2831261860319108
9438.129358845408	300	5.879402971912446	0.0	157812	665.1115000847353	0.5925982	0.22552609597171297
9439.134850162554	300	5.609015733767659	0.0	163927	770.3872381447868	0.524527	0.1947072752155442
9441.276009896712	300	5.835987815588833	0.0	137654	773.0279181788268	0.33521795	0.19404215096575603
9443.247002859378	300	5.769557337595494	0.0	146754	1566.4304779933393	0.26451677	0.09575911737376054
9444.582009553202	300	5.639335233020918	0.0	153938	1130.2221045745757	0.04693318	0.13271727688998008
9448.562234984773	300	5.641614759408872	0.0	181901	1497.720473612046	0.03993554	0.10015219972138437
9450.973375595158	300	5.587296980845646	0.0	111155	1054.317778563227	0.0215598	0.14227209580437192
9454.00901800317	300	5.967887183251904	0.0	153605	1619.4097975937418	0.01320427	0.09262633844928127
9455.774929550465	300	5.63304770981237	0.0	149029	1334.839473439533	0.009352088	0.11237306281742562
9457.557176904747	300	5.767460093598789	0.0	157421	865.5876162135813	0.006581214	0.17329268255495459
9458.736340408966	300	5.826208110523787	0.0	157488	941.251983075003	0.02845217	0.15936221404810297
9460.180297138317	300	5.958185601921181	0.0	143881	868.0225086026048	0.02452926	0.17280657876197136
9462.856633337013	300	5.607984622445913	0.0	163444	1850.200979475269	0.034722053	0.08107227358756514
9466.961050232001	300	5.503567727459456	0.0	179328	4104.416894986457	0.006086156	0.03654599516516583
9469.50304367018	300	5.6828470034744845	0.0	159914	1320.7207239849718	0.004705182	0.11357435169746517
9470.574320603804	300	5.677844931759446	0.0	131610	1005.0020717150371	0.004705182	0.14925342367108244
9471.923160840517	300	5.641562225357766	0.0	124011	1036.2827064016806	0.0047324384	0.14474814553342308
9473.017548114081	300	5.745647320230124	0.0	144254	895.9149051276415	0.005193561	0.16742661511879792
9473.747970801114	300	5.694672156432444	0.0	149991	550.9751637976813	0.008476322	0.2722445762638408
9474.688282839381	300	5.639239908417501	0.0	147968	555.4322480149413	0.023029827	0.27005994076880635
9475.504457172066	300	5.643592627699738	0.0	161857	495.64728071776244	0.07358296	0.3026345666272602
9476.993203220423	300	5.684483210505364	0.0	145210	459.1094171943735	0.11797861	0.3267195016749011
9478.243693276405	300	5.549056483595162	0.0	172312	635.4267269102025	0.12251065	0.23606183631806496
9479.274192209828	300	5.811338671920261	0.0	167025	737.7178116749029	0.08728603	0.20332977952564593
9481.564518445008	300	5.5175661202045445	0.0	160064	793.7725517157166	0.05029431	0.18897100898208094
9483.22298634852	300	5.5416089906796735	0.0	137507	1475.9571295248718	0.022462584	0.10162896807733622
9484.636765339317	300	5.860974906275373	0.0	118421	680.6340844042998	0.0054536145	0.22038273344962153

