14725.534657057884	750	4.0	4.722418988271614	450283	4722.418988271614	0.12999985	0.023777966289117713
14727.010262876158	300	6.524394181725228	0.0	155580	1475.6058182747722	0.004705182	0.20887173174052093
14729.059209228832	300	7.823933437271	0.0	139857	1200.460744454228	0.004705182	0.8468428363736381
14731.301695931596	300	7.73193287094004	0.0	155432	1092.0005663309603	0.004705182	0.846329368309998
14732.935833506019	300	7.950107151944223	0.0	163442	1281.8257189958156	0.004705182	0.8542852487774115
14734.238407113557	300	7.9349762758888644	0.0	126289	1015.1308760553584	0.004705182	0.8790864948671017
14737.38138647627	300	7.527207903022758	0.0	153295	1407.768372866108	0.004705182	0.7894748043312354
14741.252389544617	300	7.61931191147378	0.0	173849	1907.895991548978	0.004705182	0.7508343005353122
14743.222822927795	300	7.505648705833202	0.0	150710	1613.663205640577	0.004705182	0.7662233657448294
14745.61979546796	300	7.820547524520331	0.0	139105	1685.1011813128716	0.004705182	0.7979607275648904
14749.612960140925	300	7.827382851554792	0.0	141840	2493.1646729655386	0.004705182	0.7179983493011316
14753.901271295721	300	7.539071696758994	0.0	156148	2788.3111547957983	0.004705182	0.6528853714403849
14756.975502223782	300	7.628629826034564	0.0	160746	2910.4418707244295	0.004705182	0.6517302133490988
14759.617916595384	300	7.834317183201748	0.0	179801	2294.312642832816	0.004705182	0.7387397475047628
14761.980261776602	300	7.927195442678236	0.0	140051	1407.121740523513	0.004705182	0.8389266940629263
14764.453636343485	300	7.723119908183042	0.0	138313	1204.0755344951938	0.004705182	0.834033718127177
14766.604990924428	300	7.9320921911554505	0.0	143509	1791.027717027592	0.004705182	0.8011407073120316
14770.57311683627	300	7.9639662793134045	0.0	150616	2468.1259118420467	0.004705182	0.7373664424546422
14773.569028472504	300	7.920236853826282	0.0	165384	2543.729425487124	0.004705182	0.7244067352927133
14776.090400054421	300	7.605642158690305	0.0	140881	1814.5946951359774	0.004705182	0.7584765996570344
14780.135187186639	300	7.560855026472425	0.0	157671	2044.7871322178798	0.004705182	0.7299274030785121
14783.717486849373	300	7.675487218905018	0.0	157812	1885.3678075674068	0.004705182	0.7600231915772797
14787.35361848788	300	7.835887284335457	0.0	163927	1839.5999345695623	0.004705182	0.7844048817208856
14790.759263570442	300	7.771330566422639	0.0	137654	1564.5567179128172	0.004705182	0.8039382619611415
14794.551583982211	300	7.51571453331328	0.0	146754	1755.616033109359	0.004705182	0.7532709299678113
14798.086273629628	300	7.981024885896178	0.0	153938	2534.6896474171017	0.004705182	0.732816327676497
14802.531438116985	300	7.5358603985391674	0.0	181901	2945.1644873570103	0.004705182	0.6368035330514539
14804.831474048733	300	7.649121689531248	0.0	111155	1886.738709007919	0.004705182	0.7566306990973742
14808.731264183289	300	7.585875262123935	0.0	153605	2063.2464274073136	0.004705182	0.7311707699066614
14811.108777514597	300	7.985390488043329	0.0	149029	2100.4847740806063	0.004705182	0.7767758442564694
14814.68267367987	300	7.656956698521309	0.0	157421	2328.43378952202	0.004705182	0.7134285945904217
14817.527585622562	300	7.532231829049975	0.0	157488	2124.7248694713344	0.004705182	0.7183994684255517
14821.275138607298	300	7.728548873293184	0.0	143881	2303.682955756791	0.004705182	0.7247433007060622
14825.302169457087	300	7.7015180235038825	0.0	163444	3027.030849789302	0.004705182	0.6490709605828259
14829.420008537461	300	7.583678943129622	0.0	179328	3617.83908037426	0.004717459	0.5754403209032789
14833.075602000114	300	7.928085480478931	0.0	159914	3655.5934626506914	0.0047279485	0.6141894165196575
14837.36425896095	300	7.6394285196424265	0.0	131610	3788.656960836505	0.0047490457	0.5652420396901554
14841.466423168924	300	7.5372643116679665	0.0	124011	3102.1642079744597	0.0047684736	0.6212769048287057
14845.201627586797	300	7.802059893794642	0.0	144254	2735.204417873326	0.0048131025	0.6906677007855504
14849.197785318562	300	7.805902162030794	0.0	149991	3496.157731763848	0.004873858	0.6150467816039539
14853.382917363684	300	7.620770116907542	0.0	147968	3685.1320451232523	0.0048271725	0.5732907425916092
14857.760446961138	300	7.243240519453203	0.0	161857	4377.529597454339	0.00482753	0.4574366859354584
14861.789940980403	300	7.213746500189027	0.0	145210	4029.4940192641757	0.004834562	0.48859856078861486
14865.945887446162	300	7.057800034429624	0.0	172312	4155.946465759403	0.004934985	0.456698307764163
14869.448358468971	300	7.555329011618612	0.0	167025	3002.4710228110116	0.0050873966	0.6334767063966953
14873.46876818604	300	7.534919294549896	0.0	160064	2520.409717068717	0.0056501403	0.6791628101708665
14876.506940129257	300	7.93458321280265	0.0	137507	2100.3360817472458	0.0058244	0.7705174420469247
14878.998451352918	300	7.702745450706523	0.0	118421	1731.8377620961282	0.006879538	0.7787418221363078

