3982.6926182804914	750	4.0	2.2982937896467757	450283	2298.2937896467756	0.06373293	0.10737992336090382
3983.581653534092	300	7.11096474639953	0.0	155580	889.0352536004698	0.27652863	-0.05958450777984381
3984.4194834083555	300	7.8357142879763995	0.0	139857	775.2504584231306	0.015607309	0.4470908180864444
3985.6256279517424	300	7.688931757582999	0.0	155432	646.7825303934002	0.015435481	0.4507637027398299
3986.7147962978725	300	7.644028581499952	0.0	163442	544.9031760830474	0.026505865	0.4581451896656748
3987.2942578662255	300	7.681430291746874	0.0	126289	462.59828975307886	0.03273047	0.46871328518910427
3988.6053428668793	300	7.554319540369796	0.0	153295	627.1107513770785	0.03115755	0.44431761706563694
3990.3134374866167	300	7.557259302689594	0.0	173849	997.0602376802015	0.028212033	0.407506403580312
3991.0995876781494	300	7.864701388401961	0.0	150710	692.557914287632	0.029144097	0.4571717662765919
3992.0424413594183	300	7.875070710239854	0.0	139105	489.6306781621076	0.033481356	0.4781125725040126
3992.7771991218056	300	7.899303373499799	0.0	141840	475.76733674005493	0.045830745	0.4810134480999645
3994.0244296710525	300	7.785183268799858	0.0	156148	614.1201046999412	0.049870778	0.46004566476022957
3995.0568181198564	300	7.615544199921133	0.0	160746	669.6390688787259	0.04046223	0.4438913265374308
3996.2619688490663	300	7.9943435586292075	0.0	179801	621.2006412919262	0.033547945	0.47241012921536535
3997.4768265471816	300	7.718889796480271	0.0	140051	775.4537621489358	0.044783503	0.4397689569953559
3998.1602857919647	300	7.626862075322175	0.0	138313	592.0277211580961	0.02923949	0.4523598285220589
3998.797171686649	300	7.589134985142265	0.0	143509	537.7270901799088	0.032291137	0.4554319484836333
3999.7745114812233	300	7.550044428107482	0.0	150616	539.0905570347836	0.039782103	0.45285244198347174
4000.947903014189	300	7.947473347144278	0.0	165384	602.5710809632033	0.03960941	0.47134369703042955
4001.5468024510533	300	7.893433854713254	0.0	140881	554.0394924310231	0.036817238	0.4728193876067086
4002.5025219650915	300	7.7330039888609114	0.0	157671	660.4298658523419	0.03157244	0.45215348364880525
4003.54586554873	300	7.528977059284647	0.0	157812	704.0269295762641	0.032059498	0.4350420941778966
4004.5375764517435	300	7.947779901408823	0.0	163927	581.197157875825	0.028226767	0.4735002489807015
4005.7145680352273	300	7.939540944135797	0.0	137654	508.2389572730261	0.036992073	0.48028113421141727
4006.916847717646	300	7.632777416032069	0.0	146754	806.7635281037279	0.036537055	0.4312559566218641
4007.8000287396976	300	7.858945091813697	0.0	153938	773.8323242183722	0.024729883	0.44868455674675145
4008.897624837788	300	7.9098213106852215	0.0	181901	949.1237811284758	0.0229972	0.4343351747352113
4009.886299515548	300	7.794720158785967	0.0	111155	615.1011518992541	0.024163075	0.4605436156644301
4011.4085768642426	300	7.850368204369035	0.0	153605	944.3519544169316	0.020834088	0.43109653826160405
4013.020655236468	300	7.74829175839488	0.0	149029	1102.0764459741545	0.017531756	0.40894431123249714
4015.8558939524396	300	7.965673320534966	0.0	157421	2282.6184378599146	0.015257407	0.30447645967767645
4019.847903368172	300	7.973663904802884	0.0	157488	1992.0094157320816	0.010065068	0.33403677340720467
4022.300940741671	300	7.679460074475123	0.0	143881	1294.2038303277623	0.0083318725	0.3854295925521515
4026.3350324748294	300	7.645368341316791	0.0	163444	2534.091733158331	0.008600749	0.25931006894669884
4029.890699930133	300	7.518997242329937	0.0	179328	3126.3710989868546	0.0071816873	0.1921839386771682
4032.1573559574626	300	7.825317392823638	0.0	159914	1693.6798495063	0.005855381	0.35459807303107993
4034.3792111320136	300	7.905877946959641	0.0	131610	1419.4394458639956	0.0057867663	0.3870571480288105
4038.7272784927677	300	7.523052078426015	0.0	124011	1882.8258685336268	0.0059272926	0.3167918889784958
4041.385297923301	300	7.596663147269838	0.0	144254	2426.3889311561775	0.0054473155	0.2670362745189797
4045.159264790478	300	7.550494948869661	0.0	149991	3546.1681984001766	0.005094292	0.15217283539456866
4047.4355073325673	300	7.606273017213616	0.0	147968	1444.2219316560445	0.0051329546	0.3658535913404791
4049.984968584424	300	7.9275527250017115	0.0	161857	1678.7202922119056	0.006041548	0.362483737021649
4051.2965670052427	300	7.837123951415164	0.0	145210	1090.4287735865485	0.006862046	0.41566109053502537
4053.2656321530803	300	7.678176196612223	0.0	172312	1158.9477548029413	0.008921681	0.39887495773820236
4054.6867984345113	300	7.652651804914014	0.0	167025	1025.5243916982095	0.0100073945	0.4106220195675375
4055.8510280324326	300	7.663357893319572	0.0	160064	989.2939115944428	0.012894071	0.4149141981032615
4056.99131526326	300	7.9906821450697665	0.0	137507	672.6757482498052	0.0180289	0.46703378017211244
4057.9361003347763	300	7.962095350600086	0.0	118421	528.5867944696802	0.02701095	0.47965600089576993

