15332.239998735076	750	4.0	1.384287999087403	450283	1384.287999087403	0.01993745	0.2949712000912597
15333.514219745392	750	6.725778989683334	0.0	398865	1274.2210103166653	0.8716205	0.5710599057150377
15334.172398304574	300	7.610944210024296	0.0	139857	614.83477965904	0.85095817	0.22868084645895878
15334.82358016004	300	7.552025138677862	0.0	155432	558.9190713464332	0.1488891	0.6785425376017787
15336.267930626324	300	7.955981302341141	0.0	163442	596.0438363367205	0.21322104	0.7141147980190039
15336.906848497116	300	7.870675705768215	0.0	126289	585.3055965729244	0.21032412	0.7068926527286664
15337.796343105783	300	7.827734619643465	0.0	153295	542.9410861247509	0.13528344	0.7069530831478519
15339.521515095268	300	7.6184253670731925	0.0	173849	709.3092525702713	0.14144646	0.6699609416908409
15340.584771343872	300	7.5647286016784525	0.0	150710	1053.6967653947404	0.14808777	0.6303001799737555
15341.8716727348	750	7.8310575810685314	0.0	362795	1233.6710206099215	0.10430629	0.2326032476979225
15343.147157693556	300	7.924930291650278	0.0	141840	906.1272894182537	0.7522446	0.23008674192116413
15346.305531873852	300	7.755422021820965	0.0	156148	1169.5082698293136	0.096417114	0.6372639646391575
15349.705817423392	300	7.549712283383822	0.0	160746	2705.7097384371436	0.074045055	0.4636385457153623
15352.350412292313	300	7.994702673375956	0.0	179801	1055.0096100078656	0.060374014	0.6719838739850252
15354.992069695252	300	7.678666601361205	0.0	140051	2316.0360720147505	0.061431725	0.5151467197809021
15358.480538883783	300	7.832242767960164	0.0	138313	1346.42383340104	0.04554645	0.627043225844022
15361.542979930031	300	7.942044817499289	0.0	143509	1390.1979504608748	0.039775494	0.6333440634557184
15365.328431857695	300	7.705440415860834	0.0	150616	1736.6044016384537	0.043296624	0.5756936402786208
15369.31360070747	300	7.542279782586627	0.0	165384	2163.1606332742067	0.037221715	0.5171706455291288
15371.175313415424	300	7.917427598859849	0.0	140881	1624.8521837267779	0.034104884	0.6074846156164425
15372.775712486935	300	7.740658282268527	0.0	157671	1176.769316591323	0.028839063	0.6351020862914819
15374.49311664199	300	7.9087711013004665	0.0	157812	1331.8871809680595	0.03835668	0.6359392715046646
15375.57773873408	300	7.834218480299302	0.0	163927	1074.5526210011653	0.035954267	0.6544224851089905
15376.947879028558	300	7.604183078154451	0.0	137654	730.0354021448516	0.041325964	0.6665032641360352
15378.485723248325	300	7.980313423986648	0.0	146754	1123.8696541678007	0.050129518	0.6636985150659215
15380.484751673855	300	7.932786460621783	0.0	153938	1047.5269633648654	0.044923406	0.6667107869589819
15382.806884472213	300	7.902470844974638	0.0	181901	1530.3156156471455	0.045953445	0.615483728109069
15384.187735279613	300	7.917954056331601	0.0	111155	984.5167886430361	0.044542853	0.6715693531139446
15386.879248239306	300	7.9503646148632905	0.0	153605	1967.5894414683098	0.041835863	0.5764140146486241
15389.326416715956	300	7.548742135650433	0.0	149029	1901.622479212858	0.037663393	0.5439529247707189
15390.865979046932	300	7.706733901880885	0.0	157421	1342.0082337695485	0.035439905	0.6152790485809613
15393.159582316113	300	7.5387092728933744	0.0	157488	1168.0246289875101	0.037152566	0.6163370138901296
15394.49554252999	300	7.713518538551638	0.0	143881	825.1907343417377	0.03931693	0.6676206044399731
15396.066759939795	300	7.808294535418019	0.0	163444	905.2240031336191	0.047329172	0.6688342432560405
15397.411378802784	300	7.773981835758565	0.0	179328	1034.3126996594558	0.052374717	0.6525884635615748
15398.47204848487	300	7.943800114380034	0.0	159914	830.1817213785304	0.057194572	0.6895163889856053
15400.20230856569	300	7.588913997323922	0.0	131610	854.886117056111	0.061609317	0.6525332745341403
15401.60975753931	300	7.687876582894165	0.0	124011	901.0374144297554	0.058181677	0.6575422562434821
15403.126300101803	300	7.982810995244712	0.0	144254	705.0655876494526	0.05836265	0.7058218105226031
15405.341225712422	300	7.681086734856803	0.0	149991	801.7242603879096	0.073522076	0.6668132589260332
15407.457398673581	300	7.884600957892363	0.0	147968	796.4857769644399	0.07791579	0.6871288654585883
15410.352059420735	300	7.502114109913033	0.0	161857	882.4868479793298	0.07791305	0.6413319123911094
15411.545920129916	300	7.891270685409785	0.0	145210	1110.8434245032472	0.08316957	0.6563417317057769
15413.230696909566	300	7.725391009423376	0.0	172312	1165.8796759864078	0.07343955	0.6347063080677826
15414.453258940122	300	7.943558560476707	0.0	167025	781.8324489466696	0.07180129	0.6943278251116928
15415.513131393678	300	7.998987096004348	0.0	160064	944.5714644723596	0.0857756	0.683444348639187
15416.473006565486	300	7.926699990143086	0.0	137507	572.2871058612623	0.08412268	0.7136428634552889
15417.36618197624	300	7.8889063132377775	0.0	118421	537.7936769053081	0.10293231	0.7134167712718431

