5423.971057051912	750	4.0	7.528019682657206	450283	7528.0196826572055	0.033640865	-0.31940196826572054
5426.2674113049825	300	5.7036457469296495	0.0	155580	2296.3542530703508	0.4939416	-0.12495587641812664
5428.2726169764355	300	7.698440075476701	0.0	139857	2005.2056714529485	0.04443071	0.5481527301948144
5432.170461730179	300	7.80059532173235	0.0	155432	2397.844753744352	0.033156697	0.5188234196640358
5436.245234633879	300	7.725822418032702	0.0	163442	3074.772903699649	0.045533575	0.4438589397837154
5438.650867450809	300	7.999104579880152	0.0	126289	2226.7178381525496	0.034393407	0.5552411365780898
5442.767979390672	300	7.550006161337351	0.0	153295	2449.098418542801	0.026928032	0.48932825733577734
5445.750764627098	300	7.987620294233952	0.0	173849	2062.3858671033986	0.026444497	0.570557486903912
5448.631209425788	300	7.9425974842006015	0.0	150710	1545.02281003335	0.032791376	0.6179153243351736
5450.50957687785	300	7.791124838348087	0.0	139105	1651.4726458525147	0.031450715	0.5925396259441
5452.850429061583	300	7.789146178186092	0.0	141840	1501.9786601619955	0.03197226	0.6072965998123979
5456.190968814575	300	7.568312996725508	0.0	156148	1720.8331814605847	0.034478214	0.5639351207854972
5459.7335865726	300	7.676857417779174	0.0	160746	1891.4555789463348	0.035713024	0.5574288259843911
5462.8370919054	300	7.810685817068552	0.0	179801	2366.1716007106234	0.034762576	0.5229720356388543
5465.450919862918	300	7.997438666203227	0.0	140051	1813.2471508653248	0.03353628	0.5964261952017313
5469.50136102829	300	7.822508496394474	0.0	138313	2174.9301698087534	0.030798703	0.5432459342934872
5472.538071828128	300	7.731908684857215	0.0	143509	2090.5998115372586	0.029361356	0.5428681384486383
5476.345093038287	300	7.924887474697622	0.0	150616	2307.021210159594	0.02819439	0.5399931858983844
5480.095062893848	300	7.8864686079969974	0.0	165384	2038.4188667006233	0.026049934	0.5631171854576457
5483.498342853687	300	7.7506041225075295	0.0	140881	1635.8644854894683	0.025886279	0.5901598023649104
5487.02736760839	300	7.709799477530689	0.0	157671	2040.8046449768408	0.02625309	0.5456975346921755
5490.069584434668	300	7.972801162204589	0.0	157812	1736.9983153261012	0.02615866	0.6016550814917861
5493.071115201115	300	7.899644972457401	0.0	163927	2073.1561897471865	0.027045976	0.5609248545967637
5495.621479671214	300	7.6986500019083834	0.0	137654	1700.9949705490178	0.026029719	0.5785942156306885
5498.450765101461	300	7.5386920413096865	0.0	146754	1659.957960598697	0.026099863	0.5671420049574973
5500.755370346724	300	7.916053167851947	0.0	153938	2122.6388734577404	0.027069796	0.5575722832278278
5503.14641627612	300	7.911513374556036	0.0	181901	2004.539793295911	0.026401103	0.5689406963459834
5505.2586722478945	300	7.658638552219818	0.0	111155	1252.874822336218	0.027525486	0.6195151169697555
5507.744643084994	300	7.770343622388402	0.0	153605	1888.294929831415	0.025965981	0.5668364242941306
5511.544612017952	300	7.970374689430588	0.0	149029	2299.9689329578146	0.027719844	0.5451220452513432
5513.565309280058	300	7.688848492991274	0.0	157421	1781.5261964393148	0.026159009	0.5695878962994699
5516.614113424613	300	7.6390319345464555	0.0	157488	1549.8165584448177	0.026159015	0.587914199790161
5518.868948491051	300	7.546108241883021	0.0	143881	1592.9236926634348	0.028857216	0.5745666572567804
5522.573282202239	300	7.841774530694471	0.0	163444	1704.3337111885494	0.029660594	0.5921792019911823
5525.917241627577	300	7.577917308007116	0.0	179328	1763.857222687355	0.030964255	0.5605667359349565
5529.0464770358285	300	7.618350724206271	0.0	159914	1959.566583800844	0.032946564	0.5449279495489754
5530.373295876571	300	7.899775692560839	0.0	131610	1218.5750316454328	0.031665795	0.6463956829369983
5532.562974171492	300	7.804058463648462	0.0	124011	1095.7172289123773	0.03254721	0.6493729626985753
5533.930330761221	300	7.942360759288411	0.0	144254	1361.6977043600507	0.037011273	0.6362248134047929
5537.567540319075	300	7.6965854370462115	0.0	149991	2245.7753222422	0.040072814	0.5239154015285241
5540.985177522863	300	7.5434839294577705	0.0	147968	2153.101507588441	0.036720503	0.5182936613809241
5543.076506507056	300	7.805087318960308	0.0	161857	1238.396610497462	0.03340422	0.6352050807191438
5544.627749368962	300	7.760931983856326	0.0	145210	1044.1553351039815	0.03999864	0.6503351019196296
5546.307828770729	300	7.9294361228730015	0.0	172312	1331.4958609833236	0.045830302	0.6379880768510671
5548.098098735359	300	7.963592867950773	0.0	167025	1465.843254922229	0.048773363	0.6278750809159898
5549.9721740619525	300	7.533768550007139	0.0	160064	1429.8243179436333	0.047069237	0.5896765596938309
5553.800249050376	300	7.705693561583152	0.0	137507	2328.0749884239863	0.04812246	0.5165712000215629
5555.991019564436	300	7.756471336590337	0.0	118421	1949.2222249928145	0.042463142	0.5593946149841288

