4274.154557968984	750	4.0	4.549356298858494	450283	4549.356298858494	0.012641989	0.0410842352304297
4275.641367044974	300	6.513190924009408	0.0	155580	1486.8090759905917	0.033487808	0.20636811831253637
4276.709418413566	300	7.592247960518019	0.0	139857	920.942963491389	0.008168484	0.8461879655567571
4278.026045827461	300	7.807488370290575	0.0	155432	1284.7595902274438	0.0105745	0.8363824479250528
4279.808271878887	300	7.897309251661218	0.0	163442	1410.1791186293574	0.010856722	0.8349308510901303
4282.351662023539	300	7.726637688634162	0.0	126289	1170.6715630270558	0.012008293	0.8378084623540456
4284.20750210383	300	7.9550769297509305	0.0	153295	1271.560758883232	0.009779386	0.855925372759164
4287.294816568657	300	7.933559338991192	0.0	173849	1521.5175907597381	0.011162985	0.8282728714880161
4288.808068593301	300	7.604831825652974	0.0	150710	1328.7275133382168	0.011200801	0.8069632644669293
4291.322382241819	300	7.564937218947376	0.0	139105	1539.8946067055992	0.011758706	0.7809206917418157
4293.396270548226	300	7.825202610448717	0.0	141840	1739.7346084986589	0.011268776	0.7930721572087415
4296.068444824235	300	7.996192316649598	0.0	156148	2329.0102937991205	0.009988946	0.755257014721131
4298.53493214526	300	7.7445306710911135	0.0	160746	1251.661645558485	0.008924627	0.8319187348651914
4300.531267782709	300	7.888775618550209	0.0	179801	1355.7550525409038	0.010210758	0.8393195936981862
4302.594332683236	300	7.767533455991248	0.0	140051	1621.2421625589602	0.011169934	0.7978008810095896
4304.955041158302	300	7.568090658941	0.0	138313	1699.4427970502472	0.009509196	0.7653552339743175
4307.396843257247	300	7.802822410377032	0.0	143509	1765.2682485639689	0.008666426	0.7877554670972269
4309.333602395357	300	7.547709728363449	0.0	150616	1255.1126820135833	0.008229088	0.8072717730010439
4311.105686715155	300	7.8774908775617964	0.0	165384	1170.2188508016518	0.009577149	0.8564798653202048
4312.730939573874	300	7.695797187450636	0.0	140881	1181.6936901111612	0.010292495	0.8328983139820466
4314.436550134527	300	7.509771505727836	0.0	157671	1186.0256817228003	0.010773111	0.8094961681244524
4316.275419744264	300	7.685129140325109	0.0	157812	1324.6423654027285	0.0109897405	0.8172862422716609
4317.888814617738	300	7.900545273304582	0.0	163927	1284.583867020527	0.010362308	0.8478899340322109
4320.045049983175	300	7.621833046163156	0.0	137654	1278.7122271414255	0.01106972	0.8140639662978347
4321.523901798918	300	7.84616876463927	0.0	146754	1275.6642815238868	0.010541683	0.842067921061896
4323.473103931242	300	7.503161518036882	0.0	153938	1343.0072466023862	0.011062557	0.7929818638146902
4326.629646201472	300	7.507987758832936	0.0	181901	1495.1737592039456	0.010933055	0.7783611177358085
4329.160778657596	300	7.548105772283358	0.0	111155	1459.8819865495793	0.011388028	0.7868437428476694
4332.542830795	300	7.737704928869216	0.0	153605	3310.400843414141	0.009706019	0.6252020276332562
4334.727375860959	300	7.926258128383528	0.0	149029	1811.446800485688	0.007921465	0.7983784560781275
4338.529370205756	300	7.9868100267226785	0.0	157421	2439.4481016608493	0.008410002	0.743054784654052
4341.20817063974	300	7.7986829217984575	0.0	157488	2188.12710492422	0.0076502683	0.7449584708896332
4343.679175349299	300	7.693517303049262	0.0	143881	1605.1656187491947	0.00758431	0.7902696194309267
4346.117038400663	300	7.787505280271993	0.0	163444	1906.0120227772693	0.0076475274	0.7717898543278162
4347.960528538267	300	7.611685706263497	0.0	179328	1675.8195740084955	0.0072954106	0.7731003201469293
4350.435176886374	300	7.933196800007388	0.0	159914	1178.4889062561092	0.008355328	0.8625309765566931
4352.881699550573	300	7.90301522683337	0.0	131610	1030.1815731740198	0.009095922	0.8736351333028473
4354.372137286929	300	7.575966904167974	0.0	124011	1327.048322665397	0.010147763	0.8035671764742959
4357.1905133771215	300	7.618473532416792	0.0	144254	1457.4933717511801	0.00954226	0.7957710462495258
4359.443688608247	300	7.8673272905752745	0.0	149991	1751.1462418415176	0.009735446	0.7971322086931323
4363.392115058973	300	7.918900839848866	0.0	147968	2448.4264507264093	0.010016786	0.7337720725678665
4366.925721508663	300	7.9323253255086	0.0	161857	1986.5755143402653	0.008937404	0.781614713125217
4371.263897951513	300	7.594148882658606	0.0	145210	3338.176442849994	0.009347554	0.6046993281131086
4374.954020636628	300	7.904026197543943	0.0	172312	3190.122685114664	0.007905746	0.6577658485958988
4378.213687751663	300	7.801857685683901	0.0	167025	2602.1685118600417	0.007384169	0.7039463243647226
4381.128313450001	300	7.548294100101973	0.0	160064	1753.563585581927	0.0068545872	0.757498836140376
4383.588799400443	300	7.7885822482589395	0.0	137507	1759.7118518430345	0.007635139	0.7865528467182893
4387.0043113346255	300	7.586213263467434	0.0	118421	2202.368984791505	0.0075605065	0.7173002478405517

