741.5253871623192	750	4.0	3.13772266060829	450283	3137.72266060829	0.08291164	0.18224759905545013
742.4952368202768	300	7.0301503420424005	0.0	155580	969.8496579575992	0.05242221	0.32189402814525614
743.5193776873358	300	7.726866043955881	0.0	139857	803.2842980865196	0.012251839	0.8745753843164015
744.1385337921199	300	7.667716342789992	0.0	155432	559.149701165888	0.0140918195	0.8916855172817089
745.1036168267937	300	7.690178012962275	0.0	163442	477.53832982771644	0.02020508	0.9026200397896419
745.7561158295978	300	7.552700878283173	0.0	126289	637.4771346791025	0.03146473	0.8696515945606544
747.8388881158482	300	7.938825588170459	0.0	153295	1113.8752901127139	0.018405218	0.8696873354105843
749.8466825106095	300	7.694376946058758	0.0	173849	1244.4486421117022	0.017827393	0.8264474588611257
753.6196727466146	300	7.921386710053757	0.0	150710	2272.990236004999	0.018383984	0.7516226291884321
755.3839090537533	300	7.667436608061611	0.0	139105	1753.9501019921465	0.016574724	0.772170937817177
756.9133686872318	300	7.682849831895717	0.0	141840	984.5867761658932	0.014977901	0.85101037062439
758.0458850000392	300	7.944028132748252	0.0	156148	738.8216991474665	0.016579228	0.9078350626359957
758.8073092323577	300	7.815163352069018	0.0	160746	628.8647806792337	0.017836357	0.9029195735584608
759.5027942039283	300	7.638700573003447	0.0	179801	676.4627790655695	0.017934654	0.8763715769035363
760.6932712679846	300	7.572973080027645	0.0	140051	565.7274929758028	0.018344555	0.8793296062509603
761.5150503976431	300	7.969458267338741	0.0	138313	603.5148126889037	0.019208824	0.924505658634872
762.1258319348823	300	7.538199723953923	0.0	143509	431.25854338481884	0.019032683	0.8884829684315927
762.8577674841085	300	7.936993479667986	0.0	150616	601.2062442859373	0.029218812	0.9207280260525541
764.0278987872302	300	7.732292380427301	0.0	165384	704.7010992406849	0.02806694	0.8851037043429797
764.8417254917139	300	7.768094130125968	0.0	140881	464.1982503013328	0.028349757	0.9135744997430556
765.2669639487391	300	7.865289200254516	0.0	157671	402.80492987145163	0.036636062	0.931714692980387
765.8353487427328	300	7.887313604984595	0.0	157812	477.975595269922	0.051382557	0.926917021814237
766.6963955297367	300	7.871994777444435	0.0	163927	515.3188275401588	0.047992602	0.9212912536535721
767.4668526583507	300	7.899630164269383	0.0	137654	472.364613175052	0.044825263	0.9289988691540364
768.2903649026825	300	7.511920261672927	0.0	146754	387.70990259645606	0.04580412	0.8895930570431229
768.8685075504741	300	7.565750189694849	0.0	153938	446.17007197807936	0.056039013	0.8903935242675646
769.5927962570328	300	7.9945921098722215	0.0	181901	571.1580798226289	0.053590525	0.9308446555275821
770.0917850980644	300	7.651663007724434	0.0	111155	342.92910214778874	0.055617888	0.9113254412009709
770.7979256151525	300	7.636622570622331	0.0	153605	515.0404371021037	0.05610512	0.8922572361717068
771.7789564277516	300	7.761657266315769	0.0	149029	374.96530430656065	0.04909985	0.9217030224573854
772.7893843249065	300	7.579476014884596	0.0	157421	682.1812514311741	0.0687928	0.8684871602090739
773.9052092715355	300	7.595686911931887	0.0	157488	483.78910295270884	0.043018654	0.89032796551869
774.7656519699202	300	7.886483418077689	0.0	143881	709.2034938541976	0.054462083	0.9036917271906812
777.2321954343738	300	7.553831297616231	0.0	163444	832.6521204614576	0.03885545	0.8502736710193987
778.7094220555496	300	7.59216365902438	0.0	179328	961.6676385918496	0.033188555	0.8421050891800648
779.8096275315373	300	7.939840478822445	0.0	159914	652.3231802019345	0.03281555	0.9159678568914412
780.460164480658	300	7.948513128655024	0.0	131610	491.32735016742106	0.033707414	0.9331382685561639
781.3118671352345	300	7.9572665818434105	0.0	124011	491.24654681161354	0.039012548	0.9342271544978941
781.9468967088229	300	7.969979905931636	0.0	144254	487.2866759117748	0.031282157	0.9361928800272834
782.6796806265626	300	7.832459329400112	0.0	149991	637.520576531524	0.039830543	0.9041895613728586
783.6166181669911	300	7.7366222392899475	0.0	147968	595.837090110165	0.03262477	0.8965247212106576
784.4767633466023	300	7.602099836143461	0.0	161857	634.5224031464868	0.034176983	0.8760464515164328
785.7235829993058	300	7.94150138402411	0.0	145210	660.5984521193515	0.03698249	0.9153454048414305
786.4413594073795	300	7.775723837279269	0.0	172312	665.777546744841	0.03556207	0.8943586246327377
787.2085647515711	300	7.6231206008479715	0.0	167025	652.6032364312987	0.04071036	0.87683384220823
788.157973491788	300	7.920717279619621	0.0	160064	702.4033212283496	0.0394815	0.9085986648101085
789.7541369180997	300	7.526138328408036	0.0	137507	894.5789512115834	0.03999545	0.8406616840734467
790.8761266200105	300	7.900935715002736	0.0	118421	625.2026134053013	0.029806655	0.9138762679769243

