9393.669301398306	750	4.0	2.0851274043719923	450283	2085.1274043719923	0.004705182	-8.216047838799566
9395.06758733594	300	5.993420809663337	0.0	155580	506.5791903366634	0.28861478	-0.15000000000000002
9405.783619882537	1850	4.0	4.722611736932561	877771	10716.032546595898	0.062844805	-20.00723046881001
9408.063375299076	300	5.720244583461641	0.0	155432	1279.755416538359	0.12567185	-1.25
9410.782828222093	300	5.509265491474801	0.0	163442	1210.9790919868387	0.0057421494	0.3
9412.20068976662	300	5.82457160612549	0.0	126289	1184.693885349311	0.0059992187	0.3
9413.44440157185	300	5.604299490148944	0.0	153295	1220.2721159765456	0.011931634	0.3
9414.90857106537	300	5.738934597566899	0.0	173849	1365.364892582045	0.080889	0.3
9417.049066773476	300	5.913089086932414	0.0	150710	1825.8455106344836	0.14779752	0.3
9419.311435589536	300	5.889229696539214	0.0	139105	1023.8593903932009	0.030595854	0.3
9423.015598475793	300	5.576403032993194	0.0	141840	1812.8266635460209	0.015817557	0.3
9425.787886864167	300	5.815926888212124	0.0	156148	1760.4761447810704	0.0047284253	0.3
9427.737136496695	300	5.942208212794232	0.0	160746	1373.7186754178906	0.004705182	0.3
9429.812339539812	300	5.617372231789484	0.0	179801	1324.8359810047475	0.005790538	0.3
9431.217578477608	300	5.989936212899418	0.0	140051	1127.4360188900655	0.014365547	0.3
9432.492830820833	300	5.801211553190073	0.0	138313	1188.7246597093454	0.017147537	0.3
9434.923962494664	300	5.613909562780755	0.0	143509	1187.3019904093178	0.008410966	0.3
9436.962038454792	300	5.846786410127665	0.0	150616	1267.1231526530903	0.01183338	0.3
9439.073907399317	300	5.556328327303654	0.0	165384	1290.4580828240096	0.0073736003	0.3
9440.547217653915	300	5.950378649904557	0.0	140881	1105.9496773990968	0.008354235	0.3
9443.129342321537	300	5.792996642843366	0.0	157671	1657.38200706119	0.019061469	0.3
9445.932670105476	300	5.66370401440472	0.0	157812	1629.2926284386444	0.004962273	0.3
9448.604849682833	300	5.6246318320756705	0.0	163927	1539.0721823290496	0.004705182	0.3
9450.748186431736	300	5.814517198088983	0.0	137654	810.1146339866872	0.004705182	0.3
9451.893879157036	300	5.69328185004646	0.0	146754	1121.2353480425218	0.048451707	0.3
9454.489005734047	300	5.567947207169898	0.0	153938	1125.3346428765617	0.01750363	0.3
9457.225719981949	300	5.569486031286139	0.0	181901	1498.4611758837593	0.021428443	0.3
9458.746425911948	300	5.763259630795277	0.0	111155	806.2264004908617	0.009020077	0.3
9461.565676069138	300	5.920874345454153	0.0	153605	1342.3852853411245	0.014389727	0.3
9464.183228757547	300	5.665530485175019	0.0	149029	1255.3438602791332	0.005719509	0.3
9467.73849523089	300	5.724001624069115	0.0	157421	1441.5288611059048	0.006008944	0.3
9471.746986400376	300	5.715510454583653	0.0	157488	2008.491169485462	0.005383091	0.3
9473.731065921504	300	5.994585104379928	0.0	143881	1720.9253502037252	0.004705182	0.3
9477.74574336217	300	5.979907663714025	0.0	163444	2014.6774406659026	0.004705182	0.3
9480.465629414839	300	5.66888039067395	0.0	179328	1811.027273040076	0.004705182	0.3
9483.733777584213	300	5.589235709802059	0.0	159914	1579.6446808718904	0.004705182	0.3
9486.36041340589	300	5.985169543215737	0.0	131610	1604.0661665863215	0.004705182	0.3
9488.842462578716	300	5.845429808347104	0.0	124011	1639.7397348686325	0.004705182	0.3
9492.750712587358	300	5.937179799704092	0.0	144254	1908.2500086430118	0.004705182	0.3
9496.241685862142	300	5.911972895113026	0.0	149991	2025.2069045910664	0.004705182	0.3
9500.259344294253	300	5.894314463003731	0.0	147968	3517.6584321092946	0.004705182	0.3
9505.611510074825	300	4.542148682431769	0.0	161857	5352.165780571962	0.004705182	0.3
9511.10628276173	300	4.0	0.9526240044746546	145210	5494.772686906424	0.004705182	-3.7962832192410145
9517.445729401266	300	4.0	2.339446639536618	172312	6339.446639536618	0.004705182	-9.759620550007456
9522.865299986439	300	4.0	1.4195705851729172	167025	5419.570585172917	0.004705182	-5.804153516243544
9527.006664116963	300	4.0	0.14136413052569605	160064	4141.364130525696	0.004705182	-0.307865761260493
9531.5645884575	300	4.0	0.5579243405371408	137507	4557.924340537141	0.004705182	-2.0990746643097054
9535.103426730511	300	4.461161726988846	0.0	118421	3538.8382730111543	0.004705182	0.3

