11549.460919919602	750	4.0	5.775321338143219	450283	5775.321338143219	0.004705182	-24.768950302059515
11551.380560823769	300	5.682840255133825	0.0	155580	1317.159744866175	0.024807595	-0.3361185967877874
11552.979993086099	300	5.559364665472298	0.0	139857	1123.475589661527	0.12324677	0.13351424933512882
11555.69975190663	300	5.697463663092502	0.0	155432	1361.9010023797962	0.35097617	0.11014016418072155
11558.505505237874	300	5.623515844545815	0.0	163442	2073.947818546687	0.39577514	0.07232583127627197
11560.00897107153	300	5.5526857031163726	0.0	126289	1070.8301414294424	0.606331	0.14007823855216311
11563.85730862419	300	5.704348150454806	0.0	153295	1848.3375526615662	0.060212426	0.08115400771033583
11566.458024899146	300	5.669476678371404	0.0	173849	1534.8714720834018	0.18876037	0.09772805262735987
11568.516814432833	300	5.873004322463946	0.0	150710	1796.4723559074585	0.18337935	0.08349697088671869
11570.726762127253	300	5.874189049844881	0.0	139105	998.8152726190647	0.1362883	0.15017791989371
11572.526560186854	300	5.589856183243844	0.0	141840	1284.332866601037	0.21015626	0.11679215248689555
11576.308616727612	300	5.807799642484103	0.0	156148	2782.0565407597414	0.21356805	0.053916948775971696
11580.338080984851	300	5.7783353852452715	0.0	160746	3029.464257238832	0.018185347	0.04951370515152262
11584.07593822735	300	5.752899831045205	0.0	179801	3025.435554200066	0.008627389	0.04957963814227087
11586.700145611834	300	5.637006978202883	0.0	140051	2115.8928528423235	0.0050341487	0.07089205854564036
11590.692613690815	300	5.644538899220768	0.0	138313	1492.4680789821139	0.006014454	0.10050466211800141
11594.169141091648	300	5.781666427815135	0.0	143509	1862.8724714056336	0.008701056	0.08052080982592288
11597.216086488079	300	5.755021213363703	0.0	150616	2026.645214451432	0.006886908	0.07401394133042753
11601.23509914151	300	5.736008559933122	0.0	165384	2519.012653430581	0.005572065	0.05954714034314942
11603.505805896271	300	5.570311571657567	0.0	140881	2165.6969882755557	0.004705182	0.0692617669101706
11605.40395047939	300	5.873744172891289	0.0	157671	1696.5673987662772	0.004705182	0.08841381728134004
11609.544174425044	300	5.733520227236653	0.0	157812	1640.223945654636	0.0052502644	0.09145092680629835
11613.42942310718	300	5.848271545098993	0.0	163927	2885.248682137661	0.005558488	0.05198858626247289
11617.055265527873	300	5.703875312324732	0.0	137654	2144.39623277426	0.004705182	0.06994975914779572
11619.455478389204	300	5.899491908869625	0.0	146754	2304.3834034551073	0.004705182	0.06509333463133589
11623.246309400767	300	5.721991170224368	0.0	153938	2677.5007386452567	0.004705182	0.056022393508618026
11627.002544947098	300	5.96575562389486	0.0	181901	2756.2355463295085	0.004705182	0.05442205409467115
11630.210818086283	300	5.756401925925904	0.0	111155	1709.3536979689568	0.004705182	0.08775246467611066
11634.001136926116	300	5.966083086092929	0.0	153605	2790.3188398329758	0.004705182	0.05375729750259607
11637.079152182861	300	5.636694578744475	0.0	149029	2329.388507348453	0.004705182	0.06439458232355806
11641.199523891906	300	5.516322869701089	0.0	157421	2120.371709043386	0.004705182	0.07074231341620431
11643.85817383499	300	5.766497151380642	0.0	157488	2249.8257183204473	0.004705182	0.06667183096830223
11646.755324530815	300	5.852333920848753	0.0	143881	2414.163230531889	0.004705182	0.06213332971977705
11650.96386005519	300	5.643798396474746	0.0	163444	2208.5355243740064	0.004705182	0.0679183098232103
11653.428622798776	300	5.62717856701621	0.0	179328	1516.6198294585352	0.004705182	0.09890415322708336
11656.253674993384	300	5.923723902775545	0.0	159914	1703.4546642406647	0.004705182	0.08805634992749531
11660.483885774012	300	5.693513122147504	0.0	131610	2230.210780628041	0.004705182	0.06725821671338127
11664.270581370945	300	5.906817525214808	0.0	124011	2786.6955969326964	0.004705182	0.05382719237978642
11667.382702254878	300	5.845008994713177	0.0	144254	3061.8085305016316	0.004705182	0.04899065323834105
11669.266971306177	300	5.7130306932794666	0.0	149991	1631.9783014337104	0.004705182	0.09191298675247299
11671.625200420165	300	5.920061463716865	0.0	147968	1292.9692295626	0.004705182	0.11601204156323477
11674.092650125725	300	5.81896653864991	0.0	161857	2101.0949250669555	0.004705182	0.07139134848713223
11677.755827212875	300	5.8155554473213025	0.0	145210	2503.4110913286077	0.004705182	0.059918245357134754
11680.128826842021	300	5.863938563659744	0.0	172312	1451.6168836615582	0.004705182	0.10333304998605419
11683.364285394442	300	5.896900679691138	0.0	167025	1967.0378839686055	0.004705182	0.07625679262331586
11685.480425486723	300	5.933040967776316	0.0	160064	1463.8597119148224	0.004705182	0.10246883548956368
11687.825393979754	300	5.961696992444231	0.0	137507	1471.3439753320863	0.004705182	0.10194760879497576
11692.193906106702	300	5.593184865495336	0.0	118421	1868.5121269488955	0.004705182	0.08027777708081343

