3448.535074552367	750	4.0	3.5013497766476167	450283	3501.3497766476166	0.011949528	-0.012925675339180265
3449.5033328426694	300	7.031741709697546	0.0	155580	968.258290302454	0.14469302	-0.07245825124391621
3450.766423341212	300	7.845000417606482	0.0	139857	686.7412920910647	0.011282182	0.4565221178215311
3451.713155696186	300	7.56480889579016	0.0	155432	780.1915218163209	0.016205104	0.4296651247354854
3452.563939390805	300	7.787687484159329	0.0	163442	777.1214116308312	0.022209045	0.4439020475271075
3453.7584873586684	300	7.597244608321715	0.0	126289	690.4428758376149	0.01824138	0.4406672213665782
3455.0008586689514	300	7.993111446743158	0.0	153295	1104.1331615785575	0.016960949	0.42403987019382416
3456.516883507166	300	7.559218178287983	0.0	173849	1433.893268455175	0.01504169	0.3639455302277139
3458.6846936004013	300	7.86137890700023	0.0	150710	1197.8392712877544	0.016309809	0.4064359754889714
3459.7907531433716	300	7.953334474988663	0.0	139105	908.044432011566	0.015167163	0.44116268241586737
3461.1947684334236	300	7.540334404492062	0.0	141840	913.0000704966026	0.017211407	0.4148546141613262
3462.9620604873785	300	7.60719599204252	0.0	156148	933.1384124495412	0.016240504	0.4170196291879359
3465.6136163001124	300	7.873494939828082	0.0	160746	1733.7010522144376	0.015542303	0.35360704944804394
3468.7028565846285	300	7.82780222072968	0.0	179801	2545.692719098403	0.010127847	0.2695520878159972
3471.48105594849	300	7.540476326308024	0.0	140051	1287.3258944216554	0.00856206	0.3774309018823185
3474.1720749530728	300	7.875403463336305	0.0	138313	1665.0728629717194	0.008687203	0.36058915109157963
3476.9835615471534	300	7.572633232351742	0.0	143509	1802.7702309845617	0.00804959	0.3278962748537603
3479.8011345825335	300	7.563204958209473	0.0	150616	2009.428274142269	0.0075018858	0.3066412034040977
3481.0729070583484	300	7.881391134271238	0.0	165384	1181.8138239382358	0.006134931	0.4092892844283613
3482.0381981450246	300	7.588724859671296	0.0	140881	792.6662745999428	0.0077992775	0.4299123971996943
3483.331288611661	300	7.563492080091008	0.0	157671	1025.232779580288	0.009583245	0.4050786979778917
3485.397291980968	300	7.744419243715922	0.0	157812	819.0728363750849	0.008917738	0.4370026400249692
3487.3665070934408	300	7.508276915795156	0.0	163927	1236.142327920766	0.010574594	0.3805367953753531
3490.7328274445103	300	7.95665308008648	0.0	137654	2551.623835708675	0.009522431	0.27701215486477004
3492.398309547875	300	7.62626039573492	0.0	146754	1330.3926843515592	0.0074106446	0.37848572722850915
3493.554610304522	300	7.515654641117557	0.0	153938	1110.605754617363	0.00788313	0.3935515605383435
3495.7482365119718	300	7.696689114658009	0.0	181901	818.9655264595464	0.009451589	0.4340302379504035
3497.4801494957505	300	7.963062858263394	0.0	111155	733.6262563946136	0.0163485	0.45921252393223333
3498.359654579397	300	7.6424537661320135	0.0	153605	820.6090921313802	0.0099718645	0.4304761721003454
3499.1705257045373	300	7.991466184819634	0.0	149029	650.9875813123808	0.011276573	0.46925159935022154
3500.071714853957	300	7.730813358523996	0.0	157421	760.6528262956368	0.015488202	0.44199427320841855
3501.23473800735	300	7.989570005389236	0.0	157488	741.2433531347608	0.015224867	0.4601075109535837
3502.565147305915	300	7.910255217736192	0.0	143881	579.3147876530438	0.017709795	0.4713431932734402
3503.9344426006433	300	7.641154868827856	0.0	163444	769.1003489083358	0.020552296	0.4355458653411399
3504.6764153133895	300	7.975265918864361	0.0	179328	665.8889499634953	0.02131294	0.4667489458629055
3505.987289660988	300	7.7478706929566465	0.0	159914	727.3952259077151	0.025388211	0.44638611664925143
3506.905516495081	300	7.670496832255854	0.0	131610	577.3738607007922	0.024019988	0.45655238687614424
3507.8689775904904	300	7.719192747247176	0.0	124011	451.30408500867844	0.024117146	0.47220285913231314
3508.7752848842283	300	7.572117519578489	0.0	144254	647.075227668687	0.032639913	0.4434335431370194
3509.633748374038	300	7.8375018267083325	0.0	149991	734.6156928701577	0.030457241	0.4512660158124876
3510.4267149735783	300	7.747942511407646	0.0	147968	589.5593153006863	0.03138605	0.46017419636314183
3511.520238437262	300	7.632884426685858	0.0	161857	615.058084721789	0.037966296	0.4504331891259198
3512.1436490854467	300	7.660411777574416	0.0	145210	472.4726491114409	0.05093806	0.4664121921174895
3512.6817597302943	300	7.761825373687276	0.0	172312	398.58640388714065	0.061305635	0.48013916639697324
3514.1597008808885	750	7.847616994870437	0.0	398987	1414.208378816839	0.109620735	-0.013735473376700169
3515.8209194907527	300	7.73887409532674	0.0	160064	608.7428995436959	0.67821455	0.0076890619337842345
3516.4337016194822	300	7.783720776122424	0.0	137507	455.1533192043166	0.07214297	0.47585093751745233
3517.796828052268	300	7.860971992991974	0.0	118421	422.7487831304486	0.096986696	0.483919592179186

