9115.657542650504	750	4.0	1.6438931885945212	450283	1643.8931885945212	0.18177855	-6.808010743523751
9117.368467385708	750	6.289075264795886	0.0	398865	1710.924735204114	0.25100332	0.4743529498798437
9121.34089760777	1850	6.316645042733542	0.0	877771	3972.4302220623445	0.93907213	-0.7903091293638098
9126.778992651149	1850	4.878549999355429	0.0	933276	5438.095043378113	0.12948804	0.024706080214484616
9131.090997913181	1850	4.566544737321524	0.0	996749	4312.005262033906	1.1474354	0.10728419164978664
9134.649013291699	1850	5.0085293588054425	0.0	801058	3558.0153785160805	0.3698581	0.22522471011653755
9138.136736485743	1850	5.520806164760105	0.0	905515	3487.7231940453376	0.24748585	0.281561162590335
9142.607043763675	1850	5.0504988868290415	0.0	1060487	4470.307277931064	0.087012574	0.13803513570358972
9147.691363949967	1850	4.0	0.03382129946320674	852833	5084.320186292248	0.12949228	-0.16990947354412644
9148.657887060406	300	7.033476889561414	0.0	139105	966.5231104385863	1.1682501	-0.9536261726393002
9152.78299739496	1200	6.908366555008252	0.0	607410	4125.110334553163	0.57793176	-0.5833893075293732
9155.77866292908	750	7.912701020885506	0.0	405134	2495.6655341227447	0.71931165	0.10215472358267008
9159.842416108597	1200	7.848947841368479	0.0	624282	4063.7531795170266	0.5258683	-0.03672155725738413
9164.01426354247	1200	7.677100407493879	0.0	687371	4171.8474338746	0.5162371	0.38592850338849743
9168.935869144021	1200	6.755494805945085	0.0	526950	4921.605601548795	0.46835476	0.22224708342434274
9171.864403905953	750	7.826960044013132	0.0	366214	2928.5347619319514	0.5230498	0.050615132784802064
9177.450054029248	1200	6.241309920717482	0.0	617242	5585.650123295651	0.540732	-0.3436482576100757
9180.855512223465	750	6.835851726501665	0.0	372963	3405.458194215816	0.15414996	-0.09247253029668467
9183.710465267859	750	7.98089868210756	0.0	405596	2354.9530443941067	0.12991273	0.5727900761863521
9185.954073849902	750	7.7425023322118545	0.0	350713	1738.3963498957046	0.70903325	0.6114998217161771
9188.101102494797	1200	7.821594063837394	0.0	601738	1920.9082683744612	0.3834737	0.1749301011879667
9195.008675609839	1850	4.914020948795307	0.0	955231	6907.573115042087	0.10926718	-0.7688276071150353
9197.005965471788	750	6.916731086846021	0.0	401853	1997.2898619492864	0.7567489	-0.5938709652569273
9200.003313171499	1200	7.919383387135315	0.0	536667	2997.347699710707	0.5295849	0.07669849332527023
9202.443061670965	1200	7.668674721263739	0.0	587236	1750.708665871576	0.69507885	0.6272313981612003
9206.140209374671	1850	7.971527017556809	0.0	905935	3697.1477037069294	0.060045768	-0.15349657679332945
9210.35279954938	1850	7.758936842849051	0.0	1076599	4212.590174707758	0.0181639	0.4244971263431537
9213.716831804264	1850	7.731309476011099	0.0	758197	3027.6273668379517	0.020877227	0.5403342411745677
9217.133424465577	1850	7.566215670376887	0.0	972798	3165.0938056342134	0.022235557	0.5106971278921772
9220.230114068594	1850	7.6036202967097015	0.0	975811	2962.595373667185	0.0110736955	0.5345472095592461
9223.935450365065	1850	7.6329992821479795	0.0	873429	2470.621014561723	0.006620354	0.5865724067379865
9227.734017888926	1850	7.834431758287534	0.0	954453	3298.567523860446	0.006336993	0.5231658642021418
9230.669070986698	1850	7.608546559787085	0.0	885062	2725.885198500449	0.0072398623	0.5586923855847772
9235.68950112163	1850	6.588116424856357	0.0	1035329	5020.430134930728	0.00641801	0.23102031330828898
9243.841469165705	1850	4.0	1.5638516192197112	1026056	8151.968044076068	0.03905644	-7.055804634275478
9246.774647813416	300	5.066821352290738	0.0	159914	2933.178647709262	0.66291714	-1.3395845924477143
9249.696581360571	300	6.144887805135073	0.0	131610	2921.9335471556656	0.27202415	0.31530505838479633
9252.775242973023	300	7.066226192684506	0.0	124011	3078.6616124505676	0.2561803	0.38831213539608866
9256.654513968424	300	7.186955197282312	0.0	144254	3879.270995402194	0.09255475	0.31987150318217406
9262.425801038122	300	5.415668127584722	0.0	149991	5771.287069697591	0.018225065	-0.039818529760460075
9268.604628448275	300	4.0	0.7631592825672214	147968	6178.827410151943	0.0057510715	-3.4984171705967744
9275.541761490982	300	4.0	2.937133042708808	161857	6937.133042708808	0.004705182	-12.922334902461282
9281.748965265893	300	4.0	2.207203774911276	145210	6207.203774911276	0.004705182	-9.710646124152142
9288.71814250383	300	4.0	2.9691772379384376	172312	6969.177237938437	0.004705182	-13.063329361471652
9295.389182888153	300	4.0	2.671040384321502	167025	6671.040384321502	0.004705182	-11.751527205557135
9301.03928793249	300	4.0	1.650105044334584	160064	5650.105044334584	0.004705182	-7.259411709614697
9306.299702075554	300	4.0	1.2604141430653235	137507	5260.4141430653235	0.004705182	-5.544771744029951
9311.220043661602	300	4.0	0.9203415860485202	118421	4920.34158604852	0.004705182	-4.048452493156017

