7326.186496721252	750	4.0	0.9321555281170851	450283	932.1555281170852	0.01886004	0.4028043123045706
7326.543738934982	300	7.642757786269979	0.0	155580	357.24221373002086	0.37028757	0.45879458531853023
7327.014963677084	300	7.816844276607267	0.0	139857	325.91350966271193	0.051897656	0.9334222476276188
7327.71084665514	300	7.956558327504521	0.0	155432	360.2859491027475	0.054760627	0.9472357647510214
7328.360929533682	300	7.609315426539604	0.0	163442	347.24290096491774	0.07301503	0.9056653244806181
7329.127157803064	300	7.732621261587734	0.0	126289	376.69416495186954	0.10402893	0.917945005357725
7330.044408586369	750	7.868762979349282	0.0	352642	863.8582822384515	0.079645626	0.4373176009618878
7331.351419448584	750	7.806953817875308	0.0	437162	1061.8091614739733	0.53954315	0.8598908176611226
7332.419472489898	750	7.505528123739637	0.0	374758	801.4256941356705	0.64593923	0.8487115574633817
7333.548709313178	750	7.73422331413901	0.0	362795	771.3048096006287	0.6589279	0.879961078455048
7334.479413866638	750	7.967837106247709	0.0	353220	766.3862078913004	0.6638775	0.9092976803240193
7335.463691131176	750	7.732857680163346	0.0	405134	734.9794260843618	0.6444477	0.8834249993679246
7336.0361508116175	300	7.876276668569673	0.0	160746	356.5810115936732	0.7183007	0.4876937285345706
7336.584876887938	300	7.989853017283149	0.0	179801	386.4236512865247	0.13798803	0.9487329535557052
7336.991107627739	300	7.652888907549354	0.0	140051	336.9641097337955	0.15623145	0.9120733046382865
7337.553348360799	300	7.816401784553662	0.0	138313	336.4871229956912	0.13463148	0.9323102509541962
7337.9536847486615	300	7.974110362253557	0.0	143509	342.2914223001045	0.13346528	0.9512024007300157
7338.600285363961	300	7.619832556485726	0.0	150616	354.2778057678313	0.13887067	0.9062604041487854
7339.052901372888	300	7.749685956788151	0.0	165384	370.14659969757537	0.1283066	0.9207067724357796
7339.417406603849	300	7.918668069772204	0.0	140881	331.01788701594614	0.14503941	0.9454841883723746
7339.9458824686735	300	7.571173866532223	0.0	157671	347.4942032399825	0.12580019	0.9009307828932667
7340.373424586689	300	7.64789352866722	0.0	157812	423.2803378650037	0.1317192	0.9028248928409265
7340.9979025179	300	7.772785476936713	0.0	163927	375.1080517305069	0.102121994	0.9230627691630616
7341.447047055883	300	7.952898200135494	0.0	137654	319.8872768012185	0.11855957	0.9508237090549271
7341.847094353714	300	7.557503153210375	0.0	146754	395.3950469251196	0.12017948	0.8944527494056652
7342.350030211397	300	7.73336138322218	0.0	153938	324.1417699881946	0.09702065	0.9232916290877802
7342.862784025228	300	7.861381439104254	0.0	181901	371.9799441179249	0.12408154	0.9343146928129238
7343.526620588391	300	7.569850202029518	0.0	111155	291.5312370747356	0.14230351	0.9063636441221341
7344.341786246912	300	7.698420021312595	0.0	153605	371.4301807169243	0.10598749	0.9142485112345762
7345.048650930106	300	7.756855318737778	0.0	149029	441.564702574817	0.10341643	0.9144501769793806
7345.62574557928	300	7.900958017841011	0.0	157421	355.89730089676806	0.09086339	0.9408095530018736
7346.139776650148	300	7.554541070695188	0.0	157488	346.41694714582263	0.118646525	0.898984825390462
7346.797739877111	300	7.714366571524475	0.0	143881	340.174499170713	0.12392041	0.9193430304416353
7347.291769599376	300	7.776246012338357	0.0	163444	438.12055918611907	0.11889736	0.9171887973418154
7348.039046622626	300	7.8255621442025145	0.0	179328	450.68386813584226	0.10528759	0.9220216235652127
7349.58810469818	300	7.909329683983049	0.0	159914	416.2324602194661	0.10268247	0.9358097026989729
7350.138931792097	300	7.580328901791958	0.0	131610	329.00078219109105	0.11281776	0.9039105147106803
7350.809129897321	300	7.771143047941839	0.0	124011	309.1858538501187	0.10407311	0.9294521951019579
7351.2351215076915	300	7.92365339229476	0.0	144254	347.48965564708027	0.11565075	0.9444525588155505
7351.967475973038	300	7.53672703688293	0.0	149991	386.926355411831	0.12112071	0.892734351739722
7352.581155178516	300	7.652601570161209	0.0	147968	384.12546672172175	0.11329202	0.9073216908426469
7353.262618230972	300	7.781646894210706	0.0	161857	370.9546759505036	0.10554099	0.9245722428793424
7353.782364781952	300	7.962027854673786	0.0	145210	319.61903953691933	0.13207555	0.9519777886876643
7354.250937192553	300	7.59780534789509	0.0	172312	364.2225067786969	0.14331949	0.9025461924759766
7354.84965239147	300	7.740622647897547	0.0	167025	357.1826999975431	0.1613918	0.9208840983234816
7355.335800648631	300	7.858314859376784	0.0	160064	382.307788520764	0.1675278	0.9329032719088554
7355.73355890146	300	7.526355986332661	0.0	137507	331.9588730441228	0.16093628	0.8969505665304169
7356.309896265792	300	7.751086975008515	0.0	118421	275.2690113241459	0.15590462	0.9303675176722381

