2614.241620139014	750	4.0	7.947206251782381	450283	7947.2062517823815	0.11955401	-0.36132062517823815
2617.0000126631817	300	5.241607475832228	0.0	155580	2758.392524167771	0.4877613	-0.21609292539209296
2620.1670613051656	300	6.07455883384848	0.0	139857	3167.048641983749	0.04278306	0.27404598239338984
2624.69294029765	300	5.548679841364558	0.0	155432	4525.878992483921	0.0301991	0.08702121532431117
2627.4073803169626	300	6.834239822051922	0.0	163442	2714.4400193126367	0.03896756	0.39318582076328573
2630.4486087254268	300	7.793011413587552	0.0	126289	2541.2284084643697	0.024780752	0.5037475191249524
2634.7079638424293	300	7.5336562965852645	0.0	153295	3259.355117002287	0.022828463	0.4067125631426882
2638.2650567739993	300	7.606884841798623	0.0	173849	2926.7714547866426	0.021304838	0.4470924053862519
2641.934945664053	300	7.93699595174524	0.0	150710	3669.8888900533816	0.022731412	0.4048839673018865
2646.333901691204	300	7.538039924594078	0.0	139105	4398.956027151163	0.017493255	0.29317877995165786
2650.352539293685	300	7.519402322113207	0.0	141840	4018.637602480872	0.016701965	0.32939811557742216
2655.0272961268965	300	6.844645488901763	0.0	156148	4674.756833211443	0.014824215	0.19816609047455225
2659.9381636771004	300	5.933777938697566	0.0	160746	4910.867550204197	0.014431868	0.08597314951791868
2664.1759715941203	300	5.695970021677562	0.0	179801	4237.807917020004	0.014053505	0.13015229290614255
2666.6688853358514	300	7.203056279946319	0.0	140051	2492.913741731243	0.013005618	0.4512058490516552
2668.7058190929956	300	7.786664392042304	0.0	138313	1416.3918879040136	0.012669194	0.6156139233357127
2672.6331001101876	300	7.533294875316311	0.0	143509	2753.369516725993	0.018051958	0.45727597495191197
2676.304878388288	300	7.861516597215592	0.0	150616	3171.77827810072	0.01819409	0.44735466126914436
2679.813904104843	300	7.534848666371637	0.0	165384	3326.6679308439548	0.016190594	0.40009723972024624
2682.923672464763	300	7.696143341116755	0.0	140881	2338.705325254883	0.015722988	0.5145794073981161
2685.4157674784396	300	7.97062730391156	0.0	157671	1725.516037205194	0.01703094	0.6025919015848799
2686.9969606223685	300	7.953320286932578	0.0	157812	1517.3070169789828	0.022057937	0.6217296962062949
2689.441866072918	300	7.927810548832862	0.0	163927	1525.5097380997156	0.025119726	0.6184286020640242
2692.0858172301882	300	7.960532888422295	0.0	137654	1467.2776604105682	0.027758185	0.6274340573580113
2695.06375165573	300	7.574902371631539	0.0	146754	2385.630516790756	0.026555378	0.4980962039620916
2697.1474399474905	300	7.784210184826516	0.0	153938	1790.6921868050224	0.02588331	0.5779452217938765
2701.387788639645	300	7.54386149267178	0.0	181901	3740.348692154735	0.026551358	0.35960566094685714
2704.893885776083	300	7.627485299008163	0.0	111155	2416.3761936636165	0.02527418	0.5001353259621822
2707.5622355470227	300	7.823170980425448	0.0	153605	1804.3143185827162	0.020640858	0.5803719459881033
2709.3099566595583	300	7.621328121836246	0.0	149029	1701.8428585892018	0.0216795	0.5709898739896547
2711.119657622807	300	7.789416800684812	0.0	157421	1331.9113211514334	0.024755292	0.6243296517514546
2714.918988937248	300	7.99008548624417	0.0	157488	1799.3313144406432	0.02849938	0.5971026820931813
2718.9113220934614	300	7.9977523300303925	0.0	143881	2992.3331562137773	0.026368257	0.4785480984740779
2720.7669496153594	300	7.774665563457576	0.0	163444	1723.086766572817	0.024748253	0.5837775493889676
2722.9906595594884	300	7.564080969055581	0.0	179328	2210.5845944019943	0.02603278	0.5145484148004559
2725.051551849082	300	7.84519752762208	0.0	159914	1718.8834414335024	0.02695967	0.591057115417897
2727.1840531629714	300	7.819951261257585	0.0	131610	1525.2462663644944	0.030103693	0.6079656335208508
2728.533567328147	300	7.868821740932308	0.0	124011	951.1295203252763	0.02887068	0.6701299622731393
2732.440513282601	300	7.884541028630556	0.0	144254	984.2807123017527	0.036308214	0.6683435438041463
2735.2463565004764	300	7.722952093218746	0.0	149991	2661.5889354118094	0.043731004	0.48489819752434216
2738.1753064617665	300	7.595604201355674	0.0	147968	2627.3478918630717	0.037034754	0.47593771939553214
2742.1656003571115	300	7.60531030601045	0.0	161857	3990.293895345224	0.032168675	0.3405870377249939
2745.9592860989205	300	7.8116245642011926	0.0	145210	3793.6857418092573	0.02821419	0.38031191468764025
2749.905794692614	300	7.865115970507986	0.0	172312	2946.508593693207	0.024533357	0.47023166876258105
2753.912997306162	300	7.857913356959947	0.0	167025	3507.2026135480396	0.02166278	0.41346181260955095
2758.0543955100234	300	7.716515153098484	0.0	160064	3141.398203861463	0.02114367	0.4362912782526813
2762.075162098387	300	7.695748564734986	0.0	137507	3020.7665883634972	0.01961197	0.44633488908412766
2766.043872058529	300	7.72703860459287	0.0	118421	3468.7099601421155	0.016210694	0.40458350828244505

