1136.1468794650814	750	4.0	3.478694088168143	450283	3478.694088168143	0.016622726	-0.01066010649123289
1137.3520066327994	300	6.794872832282032	0.0	155580	1205.1271677179675	0.1460548	-0.11094944382393718
1138.6202142022933	300	7.987679694553293	0.0	139857	807.1931377287391	0.009175813	0.45339438806693944
1139.9147076829133	300	7.930940146300687	0.0	155432	1056.7395482526053	0.012238393	0.4248935252487649
1142.8294209987332	300	7.812460445024473	0.0	163442	1118.4797012762133	0.014758173	0.4113145286166408
1144.5779670347754	300	7.71630419137525	0.0	126289	1096.1562536492233	0.011717609	0.4075371075262634
1148.753030237866	300	7.541240988284659	0.0	153295	2175.06320309059	0.010115702	0.28870496238896476
1152.3563120660424	300	7.937959160108283	0.0	173849	3103.2818281763766	0.008368838	0.22067798561936253
1155.123681658962	300	7.584641832428527	0.0	150710	2353.3173276797556	0.00854587	0.27359210268903994
1158.6594886574119	300	7.738764461073352	0.0	139105	1845.8773713551757	0.0073331636	0.3339687626117994
1162.4531067977127	300	7.945146320772614	0.0	141840	3293.618140300737	0.00742252	0.20209355194844725
1166.362326317569	300	7.632310463592126	0.0	156148	2312.8358571804865	0.0058428394	0.2806195391866918
1169.3135525961502	300	7.879889069839584	0.0	160746	2252.421393752541	0.0052901637	0.3021346484199525
1170.8055417478845	300	7.743297007886758	0.0	179801	1136.5920619528254	0.005077186	0.40518057772787236
1174.7353454190668	300	7.813493336704574	0.0	140051	1429.8036711821833	0.007443634	0.3802466873560501
1178.2604545364782	300	7.578539072680552	0.0	138313	2234.9542640240215	0.0061610555	0.28504698657036487
1180.661766251868	300	7.892960727479483	0.0	143509	1685.5783452010694	0.005293172	0.3596359318775933
1182.310754111794	300	7.611333506460782	0.0	150616	1281.627221018701	0.005667446	0.38242934298216136
1186.1102961484312	300	7.81179146982366	0.0	165384	2799.542036637122	0.006698408	0.24316648413049907
1187.6923444850597	300	7.839218577281667	0.0	140881	1472.572892541993	0.006154612	0.3775775927561374
1190.3096916009977	300	7.900282760455861	0.0	157671	1438.9358168258057	0.005877445	0.3847578117761432
1192.09675478985	300	7.98595676313583	0.0	157812	1414.3259973200313	0.006621641	0.39257341889421876
1193.5446468040977	300	7.708379423278024	0.0	163927	1277.5773398578067	0.0070241336	0.3888997008993284
1195.7236476364808	300	7.714036296631624	0.0	137654	1494.3431266463992	0.0070556346	0.3675766768050691
1198.4115742248032	300	7.7974018553388085	0.0	146754	1416.6344412928154	0.006297006	0.3805578927596265
1200.543323740302	300	7.747173247404136	0.0	153938	1550.2286079346723	0.0068966914	0.3640591880995238
1202.9291289470486	300	7.575031078912767	0.0	181901	1672.1421684913698	0.006574776	0.3411089465131435
1204.03273622998	300	7.995058927574793	0.0	111155	1079.9721513379736	0.0073828	0.4265776887698598
1208.3412018404647	300	7.68659331708986	0.0	153605	1308.4656104849325	0.006920661	0.38444924219985555
1211.1268741019774	300	7.644807543372735	0.0	149029	1541.7857737171255	0.007245046	0.35850561501931594
1214.196612968463	300	7.7218813255276695	0.0	157421	1922.9262178450651	0.0071257874	0.3252086819912054
1217.1063553876627	300	7.53041645924793	0.0	157488	1691.464866279739	0.0061867572	0.3363882630052543
1218.9858392175788	300	7.509813344250058	0.0	143881	1520.603114997871	0.0064989524	0.3521867434460741
1222.9579350368504	300	7.537717524978374	0.0	163444	1972.095819271684	0.0064704637	0.3087814843142125
1226.920946617934	300	7.574705943894631	0.0	179328	1963.0115810837426	0.0062276567	0.31200168431527275
1228.5721057072817	300	7.751120480857604	0.0	159914	1323.585463037026	0.006048467	0.3869702046801302
1230.477520712676	300	7.547199791315819	0.0	131610	1203.9206895417854	0.0068053473	0.38619163893329267
1232.962987333711	300	7.700213557724534	0.0	124011	1346.986233591286	0.006706724	0.3814484449288873
1235.1420850383408	300	7.894904894131374	0.0	144254	1305.3086635931586	0.0065170242	0.3977844104541275
1238.500249996661	300	7.7227169499896995	0.0	149991	1672.1879441416756	0.007179446	0.3503347358904212
1241.256221997946	300	7.857719494436411	0.0	147968	1864.9974555532879	0.007548323	0.33949144377717944
1243.676397861507	300	7.878118883521674	0.0	161857	1479.600610914736	0.007403753	0.3793060900588635
1246.0330919497012	300	7.7350593652477215	0.0	145210	1143.0595182739526	0.008826232	0.4040189794308199
1249.796602419325	300	7.640121444396203	0.0	172312	2094.937920851519	0.0107546225	0.30289751911984336
1253.2669927665168	300	7.5942125256861495	0.0	167025	2045.9089187100542	0.009601405	0.3049311119146114
1256.2414385041357	300	7.679230466617719	0.0	160064	2414.982059068431	0.00865407	0.27333741918699683
1257.99870278673	300	7.725330107595732	0.0	137507	953.9003590219874	0.008816126	0.42232681675276706
1259.3394037343558	300	7.911661600069194	0.0	118421	1313.668507526538	0.014177235	0.3979957201819034

