11441.915030698541	750	4.0	4.277909780182569	450283	4277.909780182569	0.037303675	-18.220593450133887
11443.164016998659	300	6.75101369988408	0.0	155580	1248.98630011592	0.045830227	-0.3802325581395349
11445.719856491425	300	7.706542027029296	0.0	139857	1544.4716728547828	0.38192534	0.06976744186046512
11449.360252154578	750	7.617028091080498	0.0	382355	3589.5139359487976	0.64105964	-0.2755813953488372
11453.365663395054	750	7.611616850602573	0.0	411561	3005.411240477925	0.6760358	0.1744186046511628
11455.334880455579	750	7.545154832829545	0.0	318564	1566.4620177730285	0.28994524	0.1744186046511628
11457.35520513385	750	7.956370005520308	0.0	352642	1588.7848273092375	0.2428845	0.1744186046511628
11459.520200556834	750	7.889642133659684	0.0	437162	2066.727871860624	0.06779937	0.1744186046511628
11462.23231595959	750	7.887718236491629	0.0	374758	2001.9238971680527	0.047597535	0.1744186046511628
11464.467734341437	750	7.845104788815126	0.0	362795	1542.6134476765048	0.04693469	0.1744186046511628
11466.501177913045	750	7.794785436694852	0.0	353220	1550.319352120274	0.038191292	0.1744186046511628
11468.587534973743	750	7.763169078089511	0.0	405134	1531.6163586053406	0.03768381	0.1744186046511628
11470.377595674727	750	7.850509083394431	0.0	386351	1412.659994695081	0.041766636	0.1744186046511628
11472.738772903105	750	7.778620860499394	0.0	434409	1571.8882228950365	0.04291352	0.1744186046511628
11474.768636141142	750	7.703333663172918	0.0	337059	1575.2871973264764	0.045688495	0.1744186046511628
11477.236777682969	750	7.516550926914173	0.0	366214	1686.7827362587443	0.04045456	0.1744186046511628
11478.590944542848	750	7.8301468854592455	0.0	360831	1186.4040414549272	0.04253061	0.1744186046511628
11479.646832339107	750	7.7910844489910325	0.0	372963	1039.062436468213	0.04506068	0.1744186046511628
11481.08551827256	750	7.8751542003109805	0.0	405596	1415.9302486800518	0.051338203	0.1744186046511628
11482.626554585217	750	7.6210138434676775	0.0	350713	1254.1403568433032	0.04622612	0.1744186046511628
11484.619885968152	750	7.697796158507473	0.0	386472	1423.2176849602026	0.044295717	0.1744186046511628
11486.121441252975	750	7.84707533648346	0.0	399894	1350.7208220240136	0.042372927	0.1744186046511628
11487.540163657395	750	7.998131294123461	0.0	401853	1348.9440423599995	0.04161847	0.1744186046511628
11489.038855816128	750	7.763674495937114	0.0	343800	1234.4567981863484	0.042201202	0.1744186046511628
11491.496187823135	750	7.732126072555926	0.0	359903	2031.5484233811871	0.043288574	0.1744186046511628
11493.14096112597	750	7.782631260651593	0.0	379700	1449.494811904332	0.038626753	0.1744186046511628
11494.818272223009	750	7.616614966897678	0.0	425781	1166.0162937539149	0.03755074	0.1744186046511628
11495.894675027932	750	7.63406099957916	0.0	277716	982.5539673185181	0.04614319	0.1744186046511628
11497.486581829186	750	7.57503203675419	0.0	400396	1559.0289628249702	0.041566495	0.1744186046511628
11498.821678510718	750	7.813922562701833	0.0	400508	1261.1094740523567	0.03781274	0.1744186046511628
11500.26119217856	750	7.786159385022322	0.0	358218	1027.763177679512	0.03888695	0.1744186046511628
11502.161900917054	750	7.651680237355223	0.0	400322	1634.4791476670982	0.039996795	0.1744186046511628
11504.623188415766	750	7.974151202412975	0.0	369834	1677.529034942248	0.03705064	0.1744186046511628
11506.5509767913	750	7.747136356030038	0.0	412837	1727.0148463829378	0.032902364	0.1744186046511628
11508.091250709635	750	7.792386156440141	0.0	401088	1454.7501995898976	0.03621439	0.1744186046511628
11509.385707202215	750	7.657919760020841	0.0	365161	1134.4663964193007	0.035675813	0.1744186046511628
11511.099087075472	750	7.551224790472845	0.0	321064	1606.694969547996	0.037915096	0.1744186046511628
11512.946457126041	750	7.555882298043038	0.0	361565	1495.3424924298065	0.04002388	0.1744186046511628
11514.778819101623	750	7.610715008322369	0.0	378327	1445.1672897206681	0.036128726	0.1744186046511628
11516.469719783041	750	7.888862039043663	0.0	390680	1221.8529692787065	0.03432721	0.1744186046511628
11518.38703900573	750	7.629726279269508	0.0	345516	1259.1357597741548	0.032547794	0.1744186046511628
11520.024148314284	750	7.690263389948255	0.0	384505	1439.4628893212516	0.03328112	0.1744186046511628
11521.34411256691	750	7.6941044922516815	0.0	372093	996.1588976965746	0.03423002	0.1744186046511628
11523.065938281656	750	7.625094269344982	0.0	438281	1569.0102229066993	0.033284463	0.1744186046511628
11524.527514457643	750	7.8157139177698625	0.0	398987	1309.3803515751185	0.03310886	0.1744186046511628
11525.87894476691	750	7.5010967228436565	0.0	393804	1314.617194926205	0.030833066	0.1744186046511628
11527.201971700819	750	7.55798982255742	0.0	331053	943.1069002862371	0.03460876	0.1744186046511628
11528.271741145441	750	7.728065064558797	0.0	314107	829.9247579986225	0.035255194	0.1744186046511628

