8752.110109303389	750	4.0	2.7039540741785544	450283	2703.9540741785545	0.004705182	-11.488316731520035
8754.13361361979	750	5.976495683599848	0.0	398865	2023.504316400153	0.6099194	0.18532206576516283
8756.57951156475	750	5.862275915944527	0.0	350812	1614.2197676553199	0.56276435	0.23231037527479514
8760.794234827723	750	5.515753363575061	0.0	382355	2846.522552369466	0.5738239	0.13173969048228593
8762.807754483729	300	5.9630939528736	0.0	163442	1552.6594107014605	0.65716	-0.35339156226655466
8765.208152828778	300	5.738324869602055	0.0	126289	1224.7690832715452	0.7671287	0.1224720659990266
8767.606657505887	300	5.6318871190362	0.0	153295	2106.437750565854	0.41703683	0.07121026954615933
8769.614361131615	300	5.984068769443423	0.0	173849	1147.8183495927763	0.1365453	0.13068269909887492
8770.682060446567	300	5.595161745284604	0.0	150710	888.907024158821	0.60950917	0.1687465572025894
8771.7641578597	300	5.833509203164883	0.0	139105	761.6525421197201	0.46538413	0.19694019478034158
8772.657184790076	300	5.59221821163243	0.0	141840	741.2909915324542	0.6895287	0.20234968684822188
8774.340259688055	300	5.731548784516042	0.0	156148	860.6694271163861	0.6746042	0.17428294217742193
8777.825550065792	300	5.650106292928769	0.0	160746	1581.4424915872737	0.57017696	0.09485011361332964
8781.899507760567	750	5.576148598155194	0.0	434409	3573.9576947735745	0.2877593	-0.3450743036079061
8784.210123160754	300	5.709743683773294	0.0	140051	866.4049143818995	0.5358845	-0.2768707881152645
8785.130876753901	300	5.921472139601443	0.0	138313	788.2715441718515	0.25505477	0.19028975625092262
8789.230019335857	300	5.708141815913099	0.0	143509	1213.3303236883444	0.3598828	0.12362668027946605
8792.949700535697	300	5.988460616071045	0.0	150616	3219.681199842055	0.16676354	0.04658846348121622
8796.266029698152	300	5.9030427877479115	0.0	165384	2585.417828323133	0.019107936	0.058017701571002146
8798.987540928587	300	5.6927428872956005	0.0	140881	1210.2999004523115	0.0048430823	0.12393622435558511
8801.348868481275	300	5.952684680543767	0.0	157671	2240.0582067518335	0.013232054	0.06696254568201845
8802.918115074304	300	5.903696090396055	0.0	157812	1048.9885901477114	0.006108863	0.14299488231695448
8805.103195419033	300	5.646284928973808	0.0	163927	1257.4111614222486	0.02973682	0.11929272190516911
8806.091201209914	300	5.731116596584969	0.0	137654	915.168332388839	0.014002367	0.163904272789312
8807.430134570823	300	5.9580687407776445	0.0	146754	773.047855807325	0.02330245	0.1940371464368774
8809.598031660003	300	5.797062896287654	0.0	153938	1661.0058444899887	0.11630896	0.0903067261909951
8811.742889571002	300	5.593079534733523	0.0	181901	1203.983361554133	0.011555373	0.12458643930625098
8813.091354614347	300	5.6392843687835335	0.0	111155	953.7951659499877	0.030960003	0.15726647120359305
8815.407020526973	300	5.688786303167631	0.0	153605	1450.498065615903	0.013779376	0.10341275425024975
8817.437332166022	300	5.661214436148681	0.0	149029	1027.5718670189501	0.0097639	0.1459751914337236
8819.704207958659	300	5.804146363844305	0.0	157421	1357.0680723043754	0.018466117	0.11053240663549901
8821.532290444275	300	5.860009047703017	0.0	157488	944.1373161412891	0.008725456	0.15887519477892625
8824.89723590171	300	5.5445088177239	0.0	143881	1815.5002299791172	0.022958167	0.08262185678804644
8828.709146592606	300	5.732598126827435	0.0	163444	3311.9106908964636	0.005349771	0.045291076360334526
8831.83473577368	300	5.91548159596603	0.0	179328	2317.116530861406	0.004705182	0.06473563068674684
8836.07582486707	300	5.6743925025779465	0.0	159914	2741.0890933880837	0.004705182	0.05472277437527383
8839.482216592638	300	5.640977416094707	0.0	131610	2033.41508648324	0.004705182	0.07376752587167172
8841.966598877996	300	5.555274583456933	0.0	124011	1585.7028326377733	0.004705182	0.09459527782420563
8843.51007673619	300	5.657875414221357	0.0	144254	1397.3991692355758	0.004705182	0.10734227077153269
8844.939361188164	300	5.946272561212667	0.0	149991	1211.6028530086903	0.004705182	0.1238029438668911
8846.238650132718	300	5.530468850418303	0.0	147968	915.8037107943627	0.004705182	0.16379055711609958
8847.599080779533	300	5.681996210390305	0.0	161857	848.4726400279989	0.004705182	0.17678825801035863
8848.825114721878	300	5.774958252112389	0.0	145210	907.0379582779161	0.008173291	0.16537345392334732
8849.674612378862	300	5.944707320153082	0.0	172312	830.2509319593065	0.0078596715	0.18066827055046536
8850.522643666707	300	5.6153150387435105	0.0	167025	829.3922814095713	0.015989201	0.1808553122113357
8852.126482395846	300	5.757715201391358	0.0	160064	857.5998373521525	0.015176	0.17490674958979285
8854.048077596652	300	5.860037065882503	0.0	137507	897.6781355088548	0.013885901	0.16709775371210475
8855.593120997899	300	5.6644739169063865	0.0	118421	695.5631489761171	0.00865572	0.21565259778469145

