20170.184885055078	750	4.0	1.8710689380755445	450283	1871.0689380755446	0.22247261	-7.807584041240253
20170.85305608514	300	7.331828969935454	0.0	155580	668.1710300645457	0.5382589	0.20492576759906253
20172.36107242045	750	7.972440791119934	0.0	350812	1359.3881788155206	0.3292851	0.22153248097152103
20174.921265180874	1850	7.566658522528669	0.0	933276	2405.7822685912656	0.19911128	-0.5133290933726203
20178.63395229196	1850	7.827520136608855	0.0	996749	3239.138385919813	0.19811776	0.5284435264297602
20182.699060041698	1850	7.762412386870982	0.0	801058	4065.107749737873	0.01314472	0.4395798939649722
20185.960826090468	1850	7.510857657137097	0.0	905515	2751.5547297338853	0.005292216	0.5467227627938105
20189.169881260335	1850	7.756435722221783	0.0	1060487	2754.4219349153154	0.004705182	0.570073214574333
20192.451223467877	1850	7.763081274078859	0.0	852833	2993.3544481429235	0.11359946	0.5468196052904948
20195.353244591817	1850	7.871064515507504	0.0	913888	2892.0167585713543	0.0054100123	0.5673468859081376
20198.19957557477	1850	7.812901302064021	0.0	939819	2558.163213443482	0.006464079	0.5951339639741521
20201.739748409105	1850	7.591898702901774	0.0	917428	3221.0025991622488	0.3351097	0.5075782700724598
20205.467867772113	1850	7.507424105583688	0.0	946851	3584.4745973180848	0.0058247326	0.46310029273413844
20209.950592278146	1850	7.024699599550625	0.0	1036454	4482.724506033063	0.004705182	0.32681251082323337
20213.33049745089	1850	7.6447944268046015	0.0	821631	3379.9051727460237	0.004705182	0.4967792872109419
20217.34002934587	1850	7.635262531828191	0.0	923170	4009.531894976409	0.004705182	0.4328991590912926
20226.260700237686	1850	4.0	1.2854083599906572	966699	8920.670891818849	0.004705182	-5.9353689043648235
20227.6672863969	300	6.593413840787878	0.0	150616	1406.5861592121216	0.09055051	-1.0399890540396795
20229.4410396609	300	7.703068961277517	0.0	165384	390.34487951036175	0.33373636	0.7184406604394755
20240.630522861902	1850	4.0	3.4864142397267788	923755	11189.483201004296	0.124298334	-17.17657541814869
20242.031006532143	300	6.599516329759722	0.0	157671	1400.4836702402781	0.027095005	-1.0387914335332742
20244.46338102146	300	7.855016732018768	0.0	157812	1244.499597740953	0.14030781	0.6476503369828657
20246.451281505528	300	7.975003878570276	0.0	163927	1880.0128534484923	0.14830855	0.595647912799885
20249.08172722719	300	7.703724804452419	0.0	137654	1271.2790741178583	0.0428691	0.6304103666415194
20251.02591494354	300	7.876214384495722	0.0	146754	1327.5104199566963	0.0072364085	0.64138955328613
20253.786770946175	300	7.824124974127605	0.0	153938	1552.0894103681194	0.5367942	0.6139179883567801
20256.152963824843	300	7.660411873625499	0.0	181901	1663.713100502106	0.53151405	0.5869980444036873
20257.93319465052	300	7.851536330870216	0.0	111155	1308.8755427552824	0.013267271	0.6408777498525575
20261.892326603276	300	7.762647929453516	0.0	153605	2088.8884014167006	0.05878797	0.5543208527231909
20265.17454596421	300	7.88166003415559	0.0	149029	1380.9878952979263	0.011025237	0.6365659558190908
20267.081868653007	300	7.513614494076727	0.0	157421	1368.0455400788642	0.038437918	0.6024353831782665
20268.999447223312	300	7.669463773783089	0.0	157488	1344.1507202936384	0.069089755	0.6198255382656511
20270.343343029268	300	7.569229724310478	0.0	143881	1100.23404947261	0.14424397	0.6345695623599323
20272.597039599976	300	7.69921238869708	0.0	163444	1370.0173356133987	0.27989867	0.6201022152656657
20274.871010551506	300	7.729066515980543	0.0	179328	1470.1458727165373	0.26802957	0.6129628557747242
20276.572583924633	300	7.875192359323272	0.0	159914	1353.8741566572721	0.23263773	0.6386548085132361
20279.346718614917	750	7.621974622417274	0.0	321064	2753.217736905997	0.2490387	0.04841675179111693
20283.09291031179	750	7.8757829255455345	0.0	361565	3246.19169687174	0.4245668	0.47354869800719424
20287.1323914978	750	7.836301739535451	0.0	378327	4039.481186010084	0.5627425	0.3904196393565468
20289.279617420274	300	7.73098363942512	0.0	149991	1605.3181001103317	0.3953901	0.14963015838031668
20290.93075815648	300	7.8913671775074254	0.0	147968	1339.6164619176934	0.014991908	0.6416374229121939
20293.236372300613	300	7.919322300082815	0.0	161857	972.0448774246115	0.020760909	0.6810852941852102
20294.4956072115	300	7.7614895064952885	0.0	145210	1157.8327935875259	0.6238704	0.6473149139589118
20296.949844983996	300	7.975071626394543	0.0	172312	1286.4178801007456	0.3487834	0.6550139309409643
20299.418782438963	300	7.534512845110284	0.0	167025	1440.558781284259	0.5375818	0.5971955494730777
20301.27085569415	300	7.782665601857319	0.0	160064	1251.8472432529657	0.15693413	0.6399516926200061
20303.640841898086	300	7.987785501358055	0.0	137507	1294.8801004992642	0.3372152	0.655391434045264
20305.257841175404	300	7.9918388524185975	0.0	118421	995.9466489394574	0.23328307	0.6856749189206531

