5805.720493749814	750	4.0	2.288238812003366	450283	2288.238812003366	0.0047170157	-9.64313148652267
5806.839195786581	300	6.8812979632329325	0.0	155580	1118.7020367670673	0.51918924	0.1165085373692489
5808.108410231492	300	7.855161141322627	0.0	139857	1026.136821910304	0.5317672	0.669500514128156
5810.1199901491245	750	7.900910022596694	0.0	382355	1954.251118725933	0.6902132	0.1551612679236547
5812.330946660662	750	7.514096185381421	0.0	411561	1886.813837215273	0.71216494	0.5746737176435123
5816.000401842858	1850	7.691439917144611	0.0	801058	3322.656268236809	0.31555238	-0.5930061400379593
5820.076472311199	1850	7.615369448803756	0.0	905515	4076.070468340855	0.024631146	0.42433056954601633
5826.194840397757	1850	5.497001362245518	0.0	1060487	6118.368086558238	0.14217557	0.01620543361297666
5827.385945800068	300	7.687067385969009	0.0	150710	809.9339762765093	0.38855618	-0.8750584193353395
5831.449508575677	1850	7.623504610359885	0.0	913888	3563.5627756091235	0.27371314	-1.0736356424885125
5835.794670899243	1850	7.278342286794055	0.0	939819	4345.162323565831	0.03644387	0.36498213056247997
5839.840041349994	1850	7.232971836043292	0.0	917428	4045.3704507507623	0.2603451	0.3905943595763824
5843.745231833036	1850	7.327781353001507	0.0	946851	3905.1904830417852	0.27695677	0.4137378818176504
5848.715821004	1850	6.357192182037898	0.0	1036454	4970.589170963609	0.091958165	0.213777684718156
5851.306920774337	1850	7.766092411699874	0.0	821631	2591.099770338025	0.7089364	0.5873348985435421
5854.642551220538	1850	7.559350422151858	0.0	923170	2706.7419895480157	0.005110865	0.5558715214328065
5859.384536541415	1850	6.817365101274856	0.0	966699	4741.985320877002	0.0047149556	0.28093024449997067
5863.494625487131	1850	6.707276155559469	0.0	885714	4110.088945715387	0.20598023	0.33352369388688824
5868.4031823980695	1850	5.798719244621339	0.0	987708	4908.5569109381295	0.31020892	0.16622724570463315
5870.393486371053	750	7.808415271638536	0.0	350713	1490.3039729828038	0.40260786	-0.4573467440723644
5872.866136573633	750	7.712001950080569	0.0	386472	1596.4133215579686	0.50912964	0.6227624275553363
5875.673938681833	750	7.911219379392176	0.0	399894	2800.782570688393	0.42408946	0.5215004102217304
5878.136826288587	750	7.693285297070302	0.0	401853	2217.9340823218727	0.026156554	0.5588088520172352
5880.257853938767	750	7.590248234197031	0.0	343800	2103.0370628732708	0.02736324	0.5603811176982171
5881.953732609452	750	7.996304159157043	0.0	359903	1593.944075039988	0.06961787	0.6503737680743027
5883.828772917866	750	7.879751364773203	0.0	379700	1616.5527943838404	0.11689399	0.6368945551134428
5885.674792160048	750	7.735985438797568	0.0	425781	1643.7659259756338	0.26970923	0.6203356055929239
5888.604424684661	1850	7.972295939593725	0.0	758197	2763.6894992038438	0.67618394	-0.5100767467092022
5892.878182952817	1850	7.698537671438692	0.0	972798	4273.758268155033	0.006976733	0.41256682701579683
5898.037203898924	1850	6.539516725330664	0.0	975811	5159.0209461080285	0.22806394	0.21248345500001042
5901.520903029425	750	7.05581759483035	0.0	358218	3483.699130500314	0.19824545	-0.7291246551350158
5903.029541627877	300	7.537708880191047	0.0	157488	1018.1087146393036	0.51604474	0.1897481782041064
5904.991255076374	300	7.657117198348251	0.0	143881	880.5916818427954	0.68036014	0.6649930699702876
5907.514307116652	750	7.971151990036953	0.0	412837	1685.9652083112967	0.46544766	0.1887507294297102
5909.070682950437	750	7.981507455627598	0.0	401088	1489.6445344093565	0.03283133	0.6593795223389954
5911.022849436356	750	7.673789933855369	0.0	365161	1307.717521772229	0.3568113	0.6479540568542232
5914.570405396269	1850	7.812236430973009	0.0	728962	3361.5535028823597	0.64282036	-0.5852690595798784
5918.560630520688	1850	7.775125068778556	0.0	938587	3537.111362194453	0.19191766	0.4936031430304544
5922.571791813116	1850	7.7639637763512415	0.0	908665	3511.161292427314	0.04430155	0.4951238627246731
5928.574270852228	1850	5.761484737238106	0.0	930577	6002.4790391131355	0.06093447	0.05325116856207601
5930.465248635061	750	7.870506954406948	0.0	345516	1390.9777828311583	0.2493128	-0.44143772890225447
5932.152275637847	750	7.740859443811576	0.0	384505	1629.647510595373	0.06020152	0.6222165757408726
5934.21512098178	750	7.673126422441306	0.0	372093	1567.7330213702696	0.06078407	0.6218886431547528
5936.480470180528	750	7.538008065347825	0.0	438281	1635.1183570934809	0.12233001	0.6021448117101242
5938.343581819463	750	7.831567595208137	0.0	398987	1706.44047013969	0.25425833	0.6232680440862353
5941.565287372239	750	7.894050393717325	0.0	393804	1937.5172014908107	0.14239152	0.6061744124476842
5944.509079275503	750	7.539248722728324	0.0	331053	2854.801670989002	0.022547709	0.4802958950258568
5947.0443083159125	750	7.8011292946612265	0.0	314107	2238.119428067096	0.67898494	0.5671704267230531

