7951.940765650984	750	4.0	3.0006457348380566	450283	3000.645734838057	0.034696165	0.03714472884177572
7953.183503755313	300	6.757261895671289	0.0	155580	1242.7381043287116	0.1822483	-0.11706122102318305
7954.300272618737	300	7.865569464602235	0.0	139857	891.6924310690526	0.009540696	0.4373125693609669
7955.68333726981	300	7.716575264633582	0.0	155432	1148.9941999686514	0.011190983	0.4022702549729663
7957.747555095312	300	7.571501639434744	0.0	163442	1645.0736251988392	0.013150118	0.34359521087502015
7960.231602119624	300	7.57905015113065	0.0	126289	1992.451488304093	0.009328108	0.30932920654548884
7962.17064989538	300	7.610324107556153	0.0	153295	968.7260435744963	0.007401742	0.41365637329504246
7963.400110439959	300	7.5207546250577	0.0	173849	1089.569482498453	0.010335042	0.39597393674649345
7964.343800777514	300	7.643855044570351	0.0	150710	876.8995804873489	0.0148505075	0.42493470316714455
7966.300378733467	300	7.728961497577311	0.0	139105	1414.893546993041	0.014229224	0.37645445982951037
7967.946263896569	300	7.936861072807278	0.0	141840	792.100424770032	0.009646183	0.45172749550368424
7968.704445563225	300	7.729662575244318	0.0	156148	707.1984975629597	0.012883586	0.4472677821267065
7970.158369170122	300	7.573192394492574	0.0	160746	656.4701807517426	0.01905021	0.44256122751084415
7971.599581433012	300	7.801313009520279	0.0	179801	771.879384972295	0.020982895	0.4452778455280205
7972.664065138373	300	7.993737543348565	0.0	140051	807.5754661717152	0.02310105	0.45373477077234636
7973.830843129184	300	7.693802719987807	0.0	138313	799.934823360758	0.017289426	0.4357529085933947
7975.235909432769	300	7.779691132820269	0.0	143509	914.1115871675372	0.01867468	0.4297032580147457
7976.831167391638	300	7.5975394782450145	0.0	150616	1182.1516545752543	0.017717533	0.3915147728630205
7979.687837653277	300	7.865757470972189	0.0	165384	1731.7820072728268	0.0150197	0.3533153621387117
7981.716053781068	300	7.659093620059288	0.0	140881	1706.6638509128995	0.011834492	0.34291068709264805
7983.74392450704	300	7.5609343526128505	0.0	157671	1098.1592674464382	0.009789934	0.39762619122389187
7985.374032210333	300	7.88073626837842	0.0	157812	680.1980842344309	0.011113783	0.4594099292804407
7986.423493394601	300	7.960960442874377	0.0	163927	919.7758255040435	0.01605368	0.44046616605947675
7988.2165880797675	300	7.989255755823208	0.0	137654	971.7046870511685	0.012973247	0.4370417369640662
7989.973000166345	300	7.741744702042299	0.0	146754	747.5110537809076	0.009827101	0.4439916594297854
7991.185039515862	300	7.845175548431695	0.0	153938	896.5691536106041	0.012503	0.4355502773461531
7992.683075523781	300	7.898892704674912	0.0	181901	946.2828437567827	0.013494049	0.43393623059673625
7993.386795784514	300	7.817909122889618	0.0	111155	580.983581785295	0.015934877	0.4654046829323042
7994.567311550871	300	7.874019579185762	0.0	153605	943.8895437038547	0.015414318	0.4326209902589572
7996.066595797062	300	7.612690533916237	0.0	149029	1261.3290452695246	0.014755834	0.3845439747730449
7998.305184193538	300	7.892373988639433	0.0	157421	1220.3165452768044	0.012019758	0.4061254406925166
8001.640505003106	300	7.853849475954376	0.0	157488	1538.524512685058	0.0107272705	0.3718968619088753
8003.256973855124	300	7.9790132463870105	0.0	143881	1374.8362295673653	0.010318203	0.3960884258726841
8004.83900057048	300	7.578816142434532	0.0	163444	900.1971039524781	0.008964383	0.41854001943714303
8006.0466316173915	300	7.56591550568033	0.0	179328	1012.9006367542025	0.011838968	0.4064633763598329
8007.351816469142	300	7.690688194383872	0.0	159914	875.2273112964577	0.012267815	0.42802900194957877
8008.221976649905	300	7.50558692172964	0.0	131610	685.1012726542324	0.012356937	0.4354727762729118
8011.772573863886	300	7.954989707748809	0.0	124011	1550.5972139808305	0.01210478	0.3770108562664501
8015.787473130954	300	7.940090440680664	0.0	144254	2014.8992670681455	0.009365903	0.32964944676595953
8019.775219055509	300	7.952344516125004	0.0	149991	3487.7459245556606	0.008687575	0.1831306607324792
8021.912011715718	300	7.668098771376848	0.0	147968	1284.2457447481559	0.0078744935	0.38571531966647
8023.794747099111	300	7.618004651911264	0.0	161857	1050.0941194655838	0.0100729745	0.4059995997281281
8024.761446229077	300	7.8309756523917935	0.0	145210	787.0289995194712	0.01339424	0.44561679925277253
8025.614722854818	300	7.539172442744672	0.0	172312	791.8032096471206	0.016965142	0.42690167763706244
8027.11425861164	300	7.935141243880565	0.0	167025	1104.031198864106	0.019085368	0.42042692878635723
8029.920784890896	300	7.874630325730966	0.0	160064	2060.510918149599	0.015416316	0.320997024473458
8033.931844441502	300	7.863570775125157	0.0	137507	1511.0595506058096	0.014284787	0.37525093931497394
8035.7659690374685	300	7.695045980998289	0.0	118421	1668.524794126867	0.015126095	0.3489716153299389

