15982.823390386127	750	4.0	3.383176362969059	450283	3383.176362969059	0.020251911	-14.460856710771719
15984.948722323328	300	5.874668062799087	0.0	155580	2125.331937200913	0.03584989	-0.08104374280409177
15987.288965371572	300	7.534425014556251	0.0	139857	2340.2430482428354	0.015488591	0.5072186689849889
15989.883808064771	300	7.706379265862852	0.0	155432	1828.0457486933983	0.01207836	0.5749891941594509
15991.775338244595	300	7.9790126482044235	0.0	163442	1227.366617658428	0.038891323	0.6612983850845376
15994.826595914878	750	7.865465598895116	0.0	318564	2613.547049309307	0.4943877	0.08582010816137658
15997.911848528593	750	7.786694688375203	0.0	352642	3078.7709105199133	0.6975218	0.48171593095714293
16000.317606964043	300	7.667056326996683	0.0	173849	1619.6383613785201	0.59682953	0.14204505462443304
16004.066496793383	300	7.9181664976568715	0.0	150710	2748.889829339811	0.1782381	0.5032895516757516
16006.179900792591	300	7.733969392558119	0.0	139105	1684.1971050987515	0.016745068	0.5920296400677528
16008.343270217603	300	7.6968881318574915	0.0	141840	1037.0812607006287	0.04113112	0.6531721103526416
16009.818782177565	300	7.607276234033605	0.0	156148	1089.6118978238874	0.3442023	0.6392937980125801
16013.852204368555	750	7.573854043041077	0.0	386351	3033.422190992527	0.67000514	0.015764645059476723
16017.449447501856	750	7.976610909740569	0.0	434409	3597.243133300509	0.60487276	0.4481483642549047
16018.911768834952	300	7.573732993657053	0.0	140051	902.8779160835168	0.5016059	0.20473862057273787
16020.483662252602	300	7.582507940888218	0.0	138313	991.2250527688358	0.6971718	0.6467485057063962
16023.807669978236	750	7.535838270060884	0.0	360831	2546.6696708273334	0.6971827	0.06078083503521514
16027.102792476773	750	7.986946048197087	0.0	372963	2548.8922218637963	0.16582315	0.5539782244075386
16030.089232880535	750	7.631840932152067	0.0	405596	2855.1051160450197	0.21526454	0.48917765758042114
16032.852160801216	750	7.516044625219514	0.0	350713	2615.7963069325533	0.47831178	0.5019630102557887
16036.299335724136	750	7.781023013584014	0.0	386472	2735.0216116355014	0.49128562	0.5155449555986513
16041.926483559193	750	6.153875178527222	0.0	399894	5627.147835056792	0.45759493	0.06971747549479601
16043.734397105904	300	7.924568897272529	0.0	163927	1729.3062812546925	0.010129513	0.15586414483921598
16045.934686439141	300	7.818727868152095	0.0	137654	1105.8410291204339	0.0151192425	0.6580233488001308
16049.899522628442	300	7.853891678852575	0.0	146754	2464.836189299521	0.06499574	0.525508390160823
16051.249974785569	300	7.668307928047035	0.0	153938	1185.5837508055395	0.0060979193	0.6355709837278742
16053.58163328627	300	7.91491288565654	0.0	181901	1253.3950423904948	0.0461662	0.6525258664591657
16055.251481724083	300	7.959120391106728	0.0	111155	955.7924945498125	0.07032363	0.6865411446829697
16057.595186593566	300	7.549295861246641	0.0	153605	1409.8245298600864	0.09353811	0.6016918569864776
16060.177703369087	300	7.579977624248164	0.0	149029	1969.3182369984775	0.025276732	0.5486956413854281
16064.190693978268	300	7.5669870150683805	0.0	157421	2512.9906091797834	0.006907649	0.49307804303532393
16066.37267264336	300	7.839092251572463	0.0	157488	1227.8947634959159	0.004705182	0.6477780707786668
16067.483124933155	300	7.845908057473438	0.0	143881	993.1841940990253	0.015281786	0.671905156905572
16069.093594348811	300	7.799307407043216	0.0	163444	1046.6006504302227	0.14224148	0.6620781448653621
16071.96955413835	300	7.858261890137085	0.0	179328	1441.0455169061324	0.49295348	0.6283080952819609
16073.873910093149	300	7.533541096702958	0.0	159914	1324.7207934341259	0.10167493	0.6086858163519455
16075.629975388603	300	7.690325996309037	0.0	131610	843.2151003939218	0.051028714	0.6719271132604036
16077.650086452271	300	7.75169553335525	0.0	124011	938.6304629537856	0.3982598	0.6682924657998414
16079.14301008779	300	7.650974116103764	0.0	144254	1100.7214172514878	0.18221575	0.6423888176708381
16080.576976192315	300	7.950092068074986	0.0	149991	1200.8820480287782	0.21619652	0.66116320281954
16082.420532391548	300	7.794856053954835	0.0	147968	1155.2360141201505	0.11131132	0.6507861606222647
16084.121972182249	300	7.978296270211136	0.0	161857	1316.559783743697	0.10527058	0.6523101162670565
16086.260770854478	300	7.9613369137255	0.0	145210	1016.9593564856381	0.052704662	0.6806378013505491
16089.828010927407	300	7.658636573282926	0.0	172312	2802.700340442573	0.15255514	0.47292844570197967
16091.888003956581	300	7.600909800984239	0.0	167025	1557.7267722986865	0.004705182	0.5918695340336788
16094.259914669621	300	7.826087620580511	0.0	160064	2274.8221804037285	0.005402852	0.5418336183403017
16096.548666021481	300	7.625256153745566	0.0	137507	1700.8314668349437	0.004705182	0.5799024291426216
16098.19623692455	300	7.680430644723186	0.0	118421	944.8255090223781	0.004705182	0.6608136333826566

