14188.727777286742	750	4.0	1.6132241480558394	450283	1613.2241480558394	0.07156085	-6.673066965153551
14190.28922908898	750	6.438548197762211	0.0	398865	1561.4518022377888	0.3053342	0.5036871855497438
14194.254136960051	1850	6.473640326688384	0.0	877771	3964.907871073827	1.0142205	-0.7744459169240508
14198.383081084821	1850	6.344696201919689	0.0	933276	4128.9441247686955	0.01971027	0.29673943682392856
14201.888224089254	1850	6.839553197487453	0.0	996749	3505.143004432236	0.023768382	0.4067501060223669
14204.76842115943	1850	7.959356127312378	0.0	801058	2380.1970701750747	0.005346202	0.6270270243218237
14208.369354926832	1850	7.995823215832466	0.0	905515	2963.532911479911	0.004705182	0.5722034395647888
14213.220374511697	1850	7.144803630967883	0.0	1060487	4851.0195848645835	0.004705182	0.30154315463113357
14217.240064980339	1850	7.1251131623248805	0.0	852833	4019.690468643003	0.004705182	0.3827808359126028
14223.982443809007	1850	4.382734333657265	0.0	913888	6742.378828667615	0.0047740126	-0.15344512858614978
14226.592892520837	750	5.772285621826697	0.0	353220	2610.448711830568	0.3575361	-0.7653410475825076
14228.585396784254	300	7.671502676933311	0.0	156148	1100.782944893386	0.6289875	0.19435856258791834
14232.021711273792	750	7.809206139125437	0.0	386351	3362.2965378078734	0.6046959	0.005530121353845785
14236.128497581569	750	7.702419831347251	0.0	434409	4106.786307778186	0.08450187	0.37080283894211535
14240.238562020348	750	7.592355392569181	0.0	337059	3110.064438778071	0.4962973	0.45988119653389437
14242.841092516384	750	7.686524498444483	0.0	366214	2405.830894124697	0.6046854	0.5393684361634796
14246.477581216715	750	7.916629958784568	0.0	360831	2269.8945396599165	0.15844585	0.5751099878379266
14248.836872306623	750	7.605281398817034	0.0	372963	1811.3485599675325	0.13467443	0.5909969274401355
14251.030130722178	750	7.652623541808102	0.0	405596	1952.657857008932	0.22902553	0.5814227336581637
14257.983471553936	750	4.699282710050166	0.0	350713	6953.340831757935	0.53378946	-0.20290802867846414
14259.442446180252	300	7.240308083734577	0.0	157671	1458.9746263155898	0.004705182	0.11703641701089837
14261.26908023306	300	7.628449094241479	0.0	157812	1611.8589894930976	0.013733804	0.5891070010859747
14262.538370769236	300	7.9861913101605895	0.0	163927	1142.2577840808895	0.009517134	0.6705002229437583
14264.29774056073	300	7.755022790460871	0.0	137654	1231.1685196997187	0.57875174	0.6393589124631773
14265.16537999951	300	7.540303711719462	0.0	146754	714.7190787414086	0.20657526	0.670336897324391
14266.499386125435	750	7.70976078107422	0.0	379700	1330.5429306452422	0.069526136	0.19913375154218696
14270.036905631649	1850	7.812732711459606	0.0	1076599	3397.0280696146133	0.45439282	-0.5887687486832838
14271.942948515385	1850	7.909956968889524	0.0	758197	1902.7757425700831	0.004705182	0.6700144310499004
14275.077260537058	1850	7.989434471136217	0.0	972798	2920.522497753306	0.14591473	0.5758895568842552
14278.819116165825	1850	7.545401433213334	0.0	975811	3444.0330379228844	0.017565124	0.4807998103050618
14282.4343086208	1850	7.930208978238066	0.0	873429	3615.1924549752675	0.004705182	0.5007220390913105
14290.322171672624	1850	4.042345926413152	0.0	954453	7887.863051824915	0.004705182	-0.3007563280974852
14291.261293206844	300	7.1032243921917395	0.0	143881	939.1215342214124	0.10432922	-0.9441727373618356
14293.942784249453	750	7.957478701319742	0.0	412837	2645.7456908719982	0.33372062	0.0914566113479956
14296.868091763963	750	7.632697586432896	0.0	401088	2324.781114886846	0.11693779	0.5422925116598258
14299.680816516453	750	7.64159838149883	0.0	365161	1991.0992049340662	0.14960518	0.5765174144566894
14301.465582927034	750	7.960027982987809	0.0	321064	1681.570398511021	0.16129036	0.6381195118879397
14305.937465399806	1850	7.488145510216027	0.0	938587	4471.882472771782	0.52832794	-0.7274960818736365
14309.587399677295	1850	7.838211232726635	0.0	908665	3649.934277489392	0.033192366	0.4883929676176355
14313.545628027094	1850	7.8799828829269085	0.0	930577	3958.228349799727	0.007377212	0.4615841299461958
14317.37522408507	1850	7.6018054530040065	0.0	858450	3278.177429922901	0.0060575586	0.502814323131658
14321.334502591391	1850	7.642526946681377	0.0	1025005	3959.2785063226293	0.004705182	0.4386237062734823
14324.925967325995	1850	7.8871431560681	0.0	886255	3255.3837906132776	0.004705182	0.5325577704216353
14328.8539223669	1850	7.959188115162901	0.0	973972	3427.9550409051994	0.004705182	0.5222350558854442
14332.356998866677	1850	7.564667805220186	0.0	958994	2894.520309942715	0.004705182	0.5376054936528935
14335.59457145609	1850	7.855159586432004	0.0	982064	3209.5082187881817	0.004705182	0.5340668720997657
14338.155851572448	1850	7.628551756564728	0.0	830730	2226.6078298672755	0.004705182	0.6105456457351145
14341.837122010209	1850	7.947281318804435	0.0	846370	2681.2704377602936	0.010939564	0.5957574733033384

