2373.3435860775717	750	4.0	5.558065529459364	450283	5558.065529459364	0.6728082	-23.725263172024103
2376.1513052094197	300	5.192280868151962	0.0	155580	2807.719131848038	0.026860088	-0.3802325581395349
2377.5368375440366	300	7.8067485335352504	0.0	139857	1385.5323346167118	0.014784305	0.06976744186046512
2379.367243895907	300	7.742203846012171	0.0	155432	1564.5446875230796	0.45930144	0.06976744186046512
2383.4019794680207	300	7.607766973228976	0.0	163442	2134.436872783195	0.22432321	0.06976744186046512
2388.8529035552883	750	6.156842885961223	0.0	318564	5450.924087267753	0.62367463	-0.2755813953488372
2391.215739676755	300	7.794006764494416	0.0	153295	1862.8361214668078	0.2713587	-0.3802325581395349
2395.1196607096695	750	7.890085731580311	0.0	437162	2903.921032914104	0.6424793	-0.2755813953488372
2397.953410756453	750	7.607200573727941	0.0	374758	2782.8851578523704	0.26703793	0.1744186046511628
2401.2712011249932	750	7.593737919773768	0.0	362795	2513.4626539541728	0.48396212	0.1744186046511628
2404.6482167153986	750	7.697393929413931	0.0	353220	2396.343990359837	0.14016736	0.1744186046511628
2408.7711427532636	750	7.574467891549124	0.0	405134	3122.9260378648064	0.25329614	0.1744186046511628
2412.4450764102776	750	7.804299910597079	0.0	386351	2770.167980952044	0.14317736	0.1744186046511628
2416.3598136865785	750	7.889562634296242	0.0	434409	3414.737276300836	0.1477665	0.1744186046511628
2419.781937120848	750	7.6327523933430985	0.0	337059	2756.8102409531443	0.14972556	0.1744186046511628
2423.8658464881023	750	7.54884302608883	0.0	366214	3583.909367254268	0.1769509	0.1744186046511628
2427.5866880277586	750	7.828001486432458	0.0	360831	3720.8415396563723	0.2527975	0.1744186046511628
2432.731774053704	750	6.682915460486918	0.0	372963	5145.08602594554	0.327515	0.1744186046511628
2436.3966299288572	750	7.018059585333947	0.0	405596	3664.8558751529717	0.6864667	0.1744186046511628
2438.9274356814367	750	7.557659719256928	0.0	350713	2460.3998660770194	0.6963324	0.1744186046511628
2441.2525454172282	300	7.865307818462256	0.0	157671	1192.351900794672	0.422854	-0.3802325581395349
2443.138840797451	300	7.853539017249439	0.0	157812	1511.768801212816	0.6960815	0.06976744186046512
2447.4253573728197	750	7.567022441880476	0.0	401853	3786.516575368964	0.56974196	-0.2755813953488372
2451.2718747785525	750	7.720505036147723	0.0	343800	3846.517405732752	0.25182247	0.1744186046511628
2455.395633429484	750	7.596746385216269	0.0	359903	3623.7586509314547	0.23373911	0.1744186046511628
2459.0834738210615	750	7.908905993638698	0.0	379700	3187.8403915775702	0.40443295	0.1744186046511628
2463.3201521996248	750	7.672227615075663	0.0	425781	4236.678378563036	0.40821275	0.1744186046511628
2466.996601900273	750	7.995777914427347	0.0	277716	2676.449700648316	0.53827226	0.1744186046511628
2471.2088365119234	750	7.783543302776727	0.0	400396	3712.2346116506196	0.47635257	0.1744186046511628
2475.8087089449227	750	7.183670869777302	0.0	400508	4599.872432999425	0.50401235	0.1744186046511628
2479.1795076498056	300	7.812872164894579	0.0	157421	2370.7987048827226	0.6808948	-0.3802325581395349
2486.3213603787135	750	4.671019435986436	0.0	400322	7141.852728908144	0.5405862	-0.2755813953488372
2488.6089556086863	300	6.383424206013411	0.0	143881	2287.5952299730243	0.011844947	-0.3802325581395349
2491.282521644388	300	7.528961844885766	0.0	163444	1854.4623611276465	0.03227338	0.06976744186046512
2494.0181341180305	300	7.730707493351458	0.0	179328	1798.254351534308	0.30254054	0.06976744186046512
2496.748555115929	300	7.859175993456107	0.0	159914	1871.5314998953504	0.18814349	0.06976744186046512
2500.7980794693644	750	7.809651640020195	0.0	321064	3549.5243534359124	0.6567199	-0.2755813953488372
2504.4580929426024	750	7.768851910120758	0.0	361565	3540.7997298994355	0.5864247	0.1744186046511628
2509.4904005291264	750	6.736544323596528	0.0	378327	5032.307586524231	0.3342705	0.1744186046511628
2512.3321371791208	300	7.894807673602452	0.0	149991	1841.736649994076	0.5288141	-0.3802325581395349
2515.7094106281334	300	7.827799944024739	0.0	147968	2067.0077295777137	0.3478024	0.06976744186046512
2519.9602386195265	750	7.576971952631811	0.0	384505	3250.8279913929264	0.43405843	-0.2755813953488372
2522.07073066359	300	7.522272738013776	0.0	145210	1054.699214618035	0.6700747	-0.3802325581395349
2527.7976842113303	750	5.795319190273423	0.0	438281	5726.953547740354	0.64753604	-0.2755813953488372
2529.4475366077154	300	7.891766195174001	0.0	167025	1403.552995099421	0.26930428	-0.3802325581395349
2533.374679264009	750	7.964623538880201	0.0	393804	3427.1426562938	0.6952977	-0.2755813953488372
2535.939063708471	750	7.6641523689388125	0.0	331053	2300.4711699413897	0.34236827	0.1744186046511628
2538.9098814300296	750	7.535700131419905	0.0	314107	2128.4522375189076	0.6229866	0.1744186046511628

