19325.723165469582	750	4.0	4.8551176236478435	450283	4855.117623647843	0.7037679	-20.937398257758367
19327.220377570597	300	6.502787898988277	0.0	155580	1497.2121010117223	0.13951975	0.04222550024918931
19329.497317179106	300	7.7154829141477315	0.0	139857	1287.3049848405465	0.69763273	0.6299395072028511
19332.491610974008	750	7.69315330944708	0.0	382355	2522.3296047006525	0.2898301	0.07835659581823473
19336.499333318905	1200	7.685430964548282	0.0	652874	4007.722344898797	0.431265	-0.04685716197931977
19340.350528578143	1200	7.83423570530762	0.0	520315	3851.1952592406624	1.0162776	0.4331181746883716
19343.322822829534	1200	7.953529538784103	0.0	561791	2880.706166523518	0.84484595	0.5416492531639178
19347.52182483723	1200	7.75452753108665	0.0	709534	4199.002007697453	0.7761334	0.39066549604616685
19352.456591852108	1200	6.81976051620938	0.0	584846	4934.76701487727	0.7026326	0.22711659090296138
19355.619697981663	750	7.656654386652401	0.0	362795	2663.106129556978	0.5955934	0.06076587987346943
19358.090449217445	750	7.8355103825072145	0.0	353220	2321.144004145187	0.62813294	0.5621771885154008
19361.442546321996	750	7.509265384053122	0.0	405134	3326.244998454093	0.69129544	0.43026563131433826
19365.441431217238	750	7.510380488809962	0.0	386351	3998.88489524316	0.3862264	0.3631089717557312
19370.39207553384	1200	6.559736172206999	0.0	687371	4950.644316602963	0.13532396	-0.24949878259317704
19373.16182494856	750	7.547552119019805	0.0	337059	2012.1840531871942	0.43634284	0.11535686828585023
19376.582091401313	750	7.736201635406051	0.0	366214	2811.3504836137536	0.6812643	0.50359795900229
19379.70551387734	750	7.983948339062835	0.0	360831	2752.2532963432154	0.5220931	0.5333535839943941
19382.066384921734	750	7.8290974019582755	0.0	372963	2154.85093710456	0.59197646	0.5781892384374663
19386.217371550025	750	7.678110773669089	0.0	405596	3650.9866282891862	0.58094954	0.4140430320232608
19390.198031128348	750	7.697451195344496	0.0	350713	3480.659578324593	0.3335058	0.43293727493562806
19394.993335266663	750	6.90214705702726	0.0	386472	4795.304138317237	0.14867872	0.22492387739810515
19398.095381737254	750	7.800100586437408	0.0	399894	3102.046470589852	0.24037103	0.480678708116531
19401.054727197534	750	7.962936341501343	0.0	401853	2337.1642449360647	0.23784895	0.5728400601102333
19403.231197588277	750	7.890791758604561	0.0	343800	2072.144582896783	0.7342763	0.5923980269151983
19406.852587847745	1200	7.6722594564930535	0.0	587236	3218.5323021115078	0.62474227	0.030794069441815508
19410.457130834002	1200	7.581417013541615	0.0	590335	3590.842442951438	0.5589967	0.4348193653408238
19415.61285021743	1200	6.4256976301173205	0.0	696376	5155.719383424294	0.4785847	0.16709234629320813
19418.17980261793	750	7.85874522961668	0.0	277716	2566.9524005006406	0.52631706	0.08983272974013373
19423.762671731627	750	6.275876115918915	0.0	400396	5582.869113697766	0.33955187	0.08588807871187931
19426.056616289705	300	7.981931557843925	0.0	149029	2293.9445580749884	0.6801493	0.10492153946573582
19430.359931573865	750	7.678616273683556	0.0	358218	2803.31528416037	0.6513941	0.048858821396164265
19436.22633507853	750	5.812212769018239	0.0	400322	5866.403504665317	0.10375653	0.01290650714943431
19438.01585324448	300	7.828906032357305	0.0	143881	983.3067366609339	0.6868912	0.2212564381021192
19442.113332927558	750	7.628271919463915	0.0	412837	3700.63411289339	0.18505517	-0.045718763696284914
19446.20257548805	750	7.539029358974108	0.0	401088	3589.242560489806	0.0886901	0.40683069206116484
19449.58183436444	750	7.767443981614706	0.0	365161	3271.585377359403	0.10204729	0.4605815815214273
19453.253897031664	750	7.85024936901867	0.0	321064	2917.194612596037	0.12593141	0.5039907721390666
19458.815184884716	750	6.2889615159693415	0.0	361565	5561.287853049328	0.118611544	0.08930568963943775
19462.155924598064	300	6.9482218026219655	0.0	144254	3340.7397133473755	0.50710577	-0.09925373348009392
19465.54393026692	300	7.560216133768449	0.0	149991	2888.005668853516	0.009916935	0.4549248319254531
19469.5262303284	300	7.577916072287336	0.0	147968	2482.300061481112	0.027523976	0.49719903218075245
19473.319641952177	300	7.7845044485124	0.0	161857	3793.411623774937	0.018885005	0.38597224568141664
19477.490158137916	300	7.613988262771432	0.0	145210	2670.5161857409666	0.006474272	0.4818494097363186
19481.65232808898	300	7.451818311707796	0.0	172312	4162.169951063636	0.015157407	0.3170749881794666
19486.432780936095	300	6.671365464591369	0.0	167025	4780.452847116428	0.0058089467	0.18012721096069267
19491.80922313843	300	5.294923262259742	0.0	160064	5376.4422023316265	0.004705182	-0.0119558757184145
19496.051450452684	300	5.052695948004553	0.0	137507	4242.2273142551885	0.004705182	0.07815095442654102
19499.200482993576	300	5.9036634071129	0.0	118421	3149.0325408916533	0.004705182	0.26937703219386255

