12785.320589709956	750	4.0	5.105653885378062	450283	5105.653885378062	0.020297464	-0.014545523421527096
12789.476291449615	300	4.0	0.15570173966025685	155580	4155.701739660257	0.004705182	-0.37082963791951407
12791.932924879584	300	5.543366570032065	0.0	139857	2456.6334299679343	0.004705182	0.43963961514014255
12793.719354015075	300	7.756937434542367	0.0	155432	1286.4291354896984	0.004705182	0.8299738726833314
12794.891196894205	300	7.508225056825533	0.0	163442	748.712377716835	0.004705182	0.8530365555214979
12795.883598967854	300	7.838589242107309	0.0	126289	669.6358147182236	0.004705182	0.9017349095996043
12796.965630527116	300	7.7439566396416595	0.0	153295	594.6326024656498	0.004705182	0.8975507624135757
12798.149718348808	300	7.965612221493802	0.0	173849	778.3444181478574	0.004705182	0.9065478194529394
12798.943925135245	300	7.901380487147513	0.0	150710	564.2317343462893	0.004705182	0.920028272750168
12799.748299503774	300	7.889180886129088	0.0	139105	512.1996010184238	0.004705182	0.9237251780134725
12800.693421766324	300	7.867707048008799	0.0	141840	521.4738381202897	0.004705182	0.9201463384418584
12802.076622819477	300	7.54793078134699	0.0	156148	819.7762666618086	0.004705182	0.8508327083708631
12802.964107715006	300	7.670900774477708	0.0	160746	877.0300068692804	0.004705182	0.8602906745820775
12804.305876928729	300	7.940243516595883	0.0	179801	730.6572578818246	0.004705182	0.9081842129681484
12805.198263288445	300	7.884606314659906	0.0	140051	555.6372019359765	0.004705182	0.9188165868335494
12806.933027318013	300	7.7705988787643	0.0	138313	614.0074358956055	0.004705182	0.8989028472883349
12809.033110733002	300	7.565935515806607	0.0	143509	1704.6633629576947	0.004705182	0.764567077739058
12811.133333328911	300	7.818534224767489	0.0	150616	1247.4012910391175	0.004705182	0.8414821306213467
12813.693475891316	300	7.649873619850707	0.0	165384	1168.660604916781	0.004705182	0.8285313517810984
12815.701878577815	300	7.791413264895716	0.0	140881	1358.4603549549906	0.004705182	0.827027547445556
12817.935240718112	300	7.5247032985190305	0.0	157671	1266.709966376687	0.004705182	0.8032713966720462
12820.987057753066	300	7.692120868001267	0.0	157812	1832.5824305177634	0.004705182	0.7673555177480118
12825.038049976523	300	7.641128644543034	0.0	163927	3050.9922234582345	0.004705182	0.6392184311009494
12826.592526202485	300	7.759003978910572	0.0	137654	1382.1246656324624	0.004705182	0.8206594798544634
12829.31546085087	300	7.728712401481785	0.0	146754	1530.2915774287865	0.004705182	0.8021026296770569
12830.891054067315	300	7.717237357337277	0.0	153938	1511.4750441445085	0.004705182	0.8025674373589404
12833.036067841274	300	7.806789632707838	0.0	181901	1910.4477246294389	0.004705182	0.7737273600191772
12835.309012025888	300	7.697600493567421	0.0	111155	1109.189139140417	0.004705182	0.8403714267341834
12837.256112476509	300	7.555927871992008	0.0	153605	1641.6726215754136	0.004705182	0.7696304889558787
12839.816414173136	300	7.508490823701213	0.0	149029	1547.4370482907932	0.004705182	0.7731969032085215
12841.569489123473	300	7.818385701700925	0.0	157421	1190.1051220002885	0.004705182	0.8471934090981506
12844.182396355096	300	7.873417004557974	0.0	157488	1444.9686971429508	0.004705182	0.8285018717950109
12845.707289458831	300	7.769939729430653	0.0	143881	1103.4772751273213	0.004705182	0.8498744769363148
12847.989599699467	300	7.79449252841628	0.0	163444	1475.4472010143725	0.004714241	0.8157090653955931
12851.106952410224	300	7.899247644848565	0.0	179328	1895.244883567715	0.0047289017	0.7866636117103133
12854.25279618943	300	7.907379778840463	0.0	159914	1991.8678660081014	0.004752144	0.7780054036029606
12858.164375375842	300	7.995800592430245	0.0	131610	1911.5791864102166	0.0047617992	0.7969517585214854
12860.202305302824	300	7.694613164242655	0.0	124011	1301.1874281875898	0.004797019	0.8208027465644699
12861.844510584446	300	7.716881758830427	0.0	144254	977.7314054122289	0.004838495	0.8558978948044453
12864.890676951707	300	7.586035536803374	0.0	149991	1130.8462220270528	0.0049129706	0.8244305798658831
12868.068244649518	300	7.799911751015057	0.0	147968	1786.1237857883168	0.005446707	0.785310528696733
12869.633454524848	300	7.623028697862164	0.0	161857	1176.8830531528924	0.0057006655	0.8243945130986485
12871.5772856649	300	7.790276553424941	0.0	145210	1332.7521444372242	0.006098155	0.8294580165580752
12875.504843217948	300	7.862719000375692	0.0	172312	2427.557553049249	0.0068350774	0.7289220831680617
12879.302096842475	300	7.718410519443803	0.0	167025	3144.3084809318884	0.008039217	0.6394289462491676
12881.800184950653	300	7.7608390326518695	0.0	160064	1957.571486791934	0.008594875	0.7633413753334947
12884.391988904972	300	7.675195385185467	0.0	137507	1585.6436474664035	0.009766895	0.7899595743198952
12886.152006084529	300	7.693266891333543	0.0	118421	981.9284938519227	0.011066901	0.8525624131072017

