7004.6897751756815	750	4.0	6.619212714537035	450283	6619.212714537035	0.032147385	-0.2285212714537035
7006.800737519932	300	5.8890376557490836	0.0	155580	2110.9623442509164	0.5096256	-0.08838732240349331
7009.106799523722	300	7.582975651959863	0.0	139857	1806.0620037892206	0.048200857	0.5568381817741747
7012.478212198731	300	7.865387740844166	0.0	155432	2717.587911115697	0.03643805	0.4931501666855254
7015.803432853023	300	7.599689809944733	0.0	163442	2265.6979308994323	0.044166308	0.512500040927182
7019.705341557556	300	7.697781105411282	0.0	126289	1901.9087045334513	0.037755992	0.5584183420479021
7023.59191209106	300	7.811210571906154	0.0	153295	2886.5705335051284	0.031811833	0.47098317476736073
7027.503318828877	300	7.589508250463567	0.0	173849	2721.7023214425885	0.028343594	0.465909445213323
7029.917418283484	300	7.662310755196803	0.0	150710	1927.1974952667636	0.02996099	0.5524399714162127
7031.922955005448	300	7.9379933023347435	0.0	139105	1724.317452862059	0.026805388	0.599538103365848
7034.339791409259	300	7.820184744529903	0.0	141840	2117.8085578048403	0.02894913	0.5487321106250491
7037.424325359088	300	7.702431749869272	0.0	156148	1117.7529946606292	0.028748333	0.6372861882087238
7039.932598320744	300	7.9716856703248125	0.0	160746	1730.7460795444601	0.037314683	0.602171823484642
7041.693378324393	300	7.8650591810561705	0.0	179801	1606.6264892686418	0.03474228	0.6042143564308484
7043.5769305596305	300	7.755359777728026	0.0	140051	1109.6994033281444	0.037413456	0.6432387980512361
7045.5854205268815	300	7.563041243456974	0.0	138313	1192.3185342710533	0.040269427	0.6162739074990854
7046.799334531611	300	7.894169890782228	0.0	143509	1168.8713526747447	0.041278824	0.6508208866110972
7047.963097833706	300	7.734809623011952	0.0	150616	1159.3602677702759	0.04358312	0.6362742090608847
7050.075782419375	300	7.650668837789701	0.0	165384	1584.14078522225	0.043429375	0.5856134659528235
7052.118487669246	300	7.783588060627528	0.0	140881	1867.0807771621742	0.043900266	0.5702458611798097
7054.33012739058	300	7.51058052216501	0.0	157671	1773.007538462518	0.036641177	0.5531032019342955
7058.101363526784	300	7.739344385961267	0.0	157812	2271.2361362037436	0.035224736	0.5255276279143589
7062.121015715213	300	7.719692197532302	0.0	163927	3019.652188428966	0.03281865	0.4487748473671198
7064.770411270515	300	7.969754597333405	0.0	137654	2249.9376001988967	0.028401077	0.550064874570784
7068.899902722469	300	7.84026314537952	0.0	146754	2629.4914519538856	0.023771383	0.49951644569276976
7070.792694981564	300	7.648341771910633	0.0	153938	1691.9213734688879	0.022286244	0.5746090999714203
7072.276127516239	300	7.762060904386631	0.0	181901	1386.2808675240005	0.023370527	0.6162323361991999
7073.643151799634	300	7.822124610763891	0.0	111155	939.9362936227398	0.028098825	0.6667079890345144
7077.3390285921405	300	7.892730213897603	0.0	153605	2429.3943968662884	0.029630922	0.524628573614913
7081.702502403088	300	7.529256402950436	0.0	149029	2363.473810947167	0.026932467	0.49587280409221324
7084.639460329263	300	7.835755505156729	0.0	157421	2193.5008977937073	0.024826113	0.5426771330971212
7088.510359604352	300	7.964856230067351	0.0	157488	1870.8992750893788	0.024541782	0.587492340865112
7092.321025646166	300	7.6217013988955475	0.0	143881	1843.1548311718027	0.026170567	0.5568949779254118
7095.937773844864	300	7.822082962367398	0.0	163444	1799.61843652815	0.02714695	0.5807357244374145
7099.817414165915	300	7.750827682926961	0.0	179328	2071.2552794404364	0.028222285	0.5466424642206034
7103.371406484249	300	7.808023953565102	0.0	159914	1942.8037293618604	0.02927532	0.5650499565480201
7105.917977903026	300	7.980332605662514	0.0	131610	2327.691347902588	0.027537182	0.5433182111104207
7109.557480704945	300	7.560021163640156	0.0	124011	1920.3114420223571	0.02546291	0.5431809139617696
7112.113194738469	300	7.626759922326663	0.0	144254	2433.2612413134943	0.02588835	0.4983762783149185
7115.676407475607	300	7.626379940362376	0.0	149991	2000.379981964286	0.026287511	0.5416274510038126
7118.4726180127245	300	7.549690972891422	0.0	147968	2076.6889674709555	0.026905965	0.5265385503665952
7122.202665874474	300	7.819643111140893	0.0	161857	2230.0478617505296	0.026730927	0.5374555063833989
7125.733412465509	300	7.889054588821933	0.0	145210	1930.5885223189598	0.027481599	0.574151706531037
7129.337579857222	300	7.972049927322613	0.0	172312	2417.0046614993207	0.027599584	0.5335813892821921
7132.482010602146	300	7.533415843468101	0.0	167025	2938.634083854511	0.027658455	0.43876128239182177
7136.467272351394	300	7.548154094219968	0.0	160064	2985.261749248134	0.027179975	0.4355318107380785
7140.248535316979	300	7.766891128636056	0.0	137507	2781.2629655839114	0.024693053	0.47720386570146534
7144.0155140078605	300	7.999912437753425	0.0	118421	3266.9786908826322	0.023170982	0.4512936154832573

