412.1202560347749	750	4.0	6.650702047500183	450283	6650.702047500184	0.03499475	-28.423600199599626
415.3285880761521	300	4.7916679586228605	0.0	155580	3208.33204137714	0.047806762	-0.3802325581395349
418.08168585512067	300	6.038570179654275	0.0	139857	2753.0977789685853	0.022710452	0.06976744186046512
421.6711751823391	300	6.449080852435839	0.0	155432	3589.4893272184354	0.061095633	0.06976744186046512
425.16549844746913	300	6.9547575873057905	0.0	163442	3494.323265130049	0.030993858	0.06976744186046512
428.0125670398756	300	7.899195511649753	0.0	126289	1555.5620756560363	0.018972352	0.06976744186046512
430.3686411096302	300	7.6069117065476854	0.0	153295	2292.2838051020676	0.025153773	0.06976744186046512
434.36680878714134	300	7.608744029036499	0.0	173849	2998.167677511186	0.016168136	0.06976744186046512
438.24573436064577	300	7.729818455532089	0.0	150710	2878.9255735044103	0.03490533	0.06976744186046512
441.9834228229815	300	7.992129993196349	0.0	139105	2237.68846233574	0.023990965	0.06976744186046512
446.1752184222729	300	7.530518225452553	0.0	141840	1961.6117677437958	0.032743335	0.06976744186046512
449.7417424770807	300	7.677348132922452	0.0	156148	1853.1700925301	0.04594982	0.06976744186046512
453.528651428141	300	7.890439181862173	0.0	160746	1786.9089510602787	0.08965572	0.06976744186046512
456.74161416655073	300	7.6190892311762894	0.0	179801	2271.349950685884	0.115277685	0.06976744186046512
458.65396939183813	300	7.913718064844539	0.0	140051	1705.3711663317508	0.079351224	0.06976744186046512
462.63857154825837	300	7.684908944562267	0.0	138313	1728.8091202822723	0.1257019	0.06976744186046512
466.33060757605176	300	7.9928729167688415	0.0	143509	2192.036027793425	0.1221244	0.06976744186046512
469.59002768655785	300	7.5120773887314805	0.0	150616	1980.7955280373603	0.10760765	0.06976744186046512
471.52817021896453	300	7.917318509112501	0.0	165384	1594.7588796189802	0.08074085	0.06976744186046512
474.03928618615066	300	7.638452261313245	0.0	140881	1278.8662477992564	0.17443353	0.06976744186046512
477.73698993440445	300	7.665725318429853	0.0	157671	1972.726942883391	0.23080535	0.06976744186046512
480.5095242241802	300	7.9569465952771425	0.0	157812	2208.7787231527104	0.156642	0.06976744186046512
483.1626826867026	300	7.74224515212743	0.0	163927	2214.701443149711	0.108603716	0.06976744186046512
485.80755584599507	300	7.514037044017575	0.0	137654	1228.2081081098547	0.06747517	0.06976744186046512
489.44134052420185	300	7.53047719235548	0.0	146754	1483.5598516620958	0.14250846	0.06976744186046512
492.5652741349947	300	7.858622819281401	0.0	153938	2171.854373074079	0.15994838	0.06976744186046512
495.5396463496528	300	7.647476364061764	0.0	181901	2711.1464552196385	0.09870723	0.06976744186046512
498.2838290544389	300	7.831997924887921	0.0	111155	2315.4784391738435	0.04163187	0.06976744186046512
502.2041779413316	300	7.796175614247739	0.0	153605	3035.822310640183	0.02239517	0.06976744186046512
504.1261195552171	300	7.702468009431228	0.0	149029	1093.7076048165118	0.016965324	0.06976744186046512
507.02460261827974	300	7.577343530434397	0.0	157421	1625.1244789968318	0.09174976	0.06976744186046512
510.6789375187791	300	7.923008629935063	0.0	157488	2654.3349004993347	0.061596476	0.06976744186046512
514.863158746888	300	7.738787401826175	0.0	143881	3684.221228108886	0.02863105	0.06976744186046512
518.94609021459	300	7.65585593412412	0.0	163444	3582.9314677020557	0.00866865	0.06976744186046512
522.9500028162951	300	7.651943332419074	0.0	179328	3503.912601705046	0.0061351256	0.06976744186046512
526.9973040081231	300	7.604642140590966	0.0	159914	4047.301191828108	0.0059004044	0.06976744186046512
530.8594966426914	300	7.7424495060226874	0.0	131610	1862.1926345682782	0.0048948484	0.06976744186046512
534.0271934595811	300	7.9477273873166085	0.0	124011	1294.7221187060795	0.0056363335	0.06976744186046512
535.6405255348648	300	7.582548655766575	0.0	144254	1365.1787315500344	0.007988991	0.06976744186046512
537.9989319892945	300	7.857422105418542	0.0	149991	1225.126550348034	0.010515222	0.06976744186046512
541.4982828120502	300	7.864386665081503	0.0	147968	1493.0354403370382	0.030974671	0.06976744186046512
545.7260929363309	300	7.63657654080075	0.0	161857	4227.810124280753	0.03145238	0.06976744186046512
549.4902719935943	300	7.872397483537284	0.0	145210	3264.1790572634654	0.008110596	0.06976744186046512
553.3897747974329	300	7.972894679698653	0.0	172312	3399.5028038386317	0.0076368796	0.06976744186046512
557.8334150740749	300	7.529254403056729	0.0	167025	3943.640276641923	0.0063874624	0.06976744186046512
561.9041214602466	300	7.458548016885037	0.0	160064	4070.706386171692	0.0047428473	0.06976744186046512
565.0999335208928	300	7.56171901636947	0.0	137507	2396.8290005155663	0.004705182	0.06976744186046512
567.634679608492	300	7.778837502635324	0.0	118421	1282.8815137341455	0.004705182	0.06976744186046512

