10914.550512162437	750	4.0	5.775321338143219	450283	5775.321338143219	0.009241767	-0.08151226869804279
10915.867671907305	300	6.682840255133825	0.0	155580	1317.159744866175	0.026623135	0.24427997879325544
10918.414416088786	300	7.565708724972165	0.0	139857	1117.1315301616603	0.008266556	0.8232922587205954
10920.666387415577	300	7.754529372912417	0.0	155432	1311.1793520597464	0.009104656	0.8272015230514589
10923.063387676097	300	7.986425230017497	0.0	163442	1768.1041428949195	0.010105707	0.8101416689455325
10925.759715904347	300	7.882709203355406	0.0	126289	1603.7160266620926	0.010189043	0.8137744643999458
10927.22236665045	300	7.562689902448396	0.0	153295	1320.01930090701	0.007803987	0.8026307418555525
10930.037640216118	300	7.571368832711687	0.0	173849	2491.3210697367085	0.010213166	0.6865721690906454
10932.588649977895	300	7.962840276089046	0.0	150710	1108.5285566226419	0.008644618	0.87318714820499
10934.408691115408	300	7.6840602383593355	0.0	139105	1278.7800377297094	0.011310275	0.8217404956689738
10935.655011770214	300	7.7015305466988195	0.0	141840	982.529691660517	0.010658051	0.8535226226585337
10937.89842951986	300	7.986717091447328	0.0	156148	1714.81345525149	0.011727433	0.8155067743988018
10942.068363380577	300	7.591052341636163	0.0	160746	3395.6647498111647	0.010169543	0.5985681615748157
10946.145748685727	300	7.513667036486732	0.0	179801	3077.385305149431	0.0077877543	0.6208411944147927
10948.77955791483	300	7.677589620464253	0.0	140051	2336.0774160224787	0.008065557	0.7152118182731343
10950.893202443975	300	7.7096332814816435	0.0	138313	1467.956338982609	0.007023982	0.8059804180864402
10954.647461885948	300	7.740347655575395	0.0	143509	1969.285625906249	0.008484945	0.7596398519046721
10957.830206751458	300	7.816462068853574	0.0	150616	2423.885586721821	0.007532489	0.7235778479993871
10960.962382597534	300	7.619803875810809	0.0	165384	1696.6581930427647	0.0066155987	0.7720188241635083
10965.003865938057	300	7.5783205352893095	0.0	140881	2541.4833405215004	0.0069419583	0.6824142820245565
10966.632640780117	300	7.61743354428629	0.0	157671	1460.8869910030187	0.00603305	0.7953032750008915
10968.964163057839	300	7.5406162880542125	0.0	157812	1576.817256232078	0.0074161785	0.7742254749380084
10972.689927351676	300	7.8148519942174115	0.0	163927	3225.764293836801	0.0076212725	0.6431911782932944
10976.978729388167	300	7.526049957724593	0.0	137654	2288.8020364928184	0.0068882727	0.7012284642480295
10980.112204215116	300	7.858948329809582	0.0	146754	2167.101627915012	0.006409515	0.7545021037752804
10984.16739221301	300	7.803760331914847	0.0	153938	2555.1879978947336	0.006146704	0.7088792991301993
10987.501903769013	300	7.897285076028755	0.0	181901	2906.4752558860932	0.006456158	0.6852982523528807
10991.266620708124	300	7.703944742530234	0.0	111155	1693.340333498521	0.0061330637	0.7827396438511877
10994.422118667653	300	7.876884060572036	0.0	153605	2827.060681958198	0.006001696	0.6907207573502869
10997.964190577255	300	7.830066768555958	0.0	149029	2546.817292016078	0.005822315	0.7129644757612029
11000.357943649336	300	7.550817579309347	0.0	157421	2279.249189246611	0.0055313595	0.7052418545777961
11003.134171269832	300	7.9599556819790065	0.0	157488	2090.8618973303405	0.005793139	0.7745976477826674
11007.326910893571	300	7.767216058241098	0.0	143881	2192.7396237379085	0.0060906033	0.7406119451844606
11010.441060086432	300	7.609194096761581	0.0	163444	2658.021961479516	0.006100606	0.6745724376094225
11012.792213940316	300	7.671680857510062	0.0	179328	1437.513239251519	0.005819469	0.8043386696877672
11015.90420029345	300	7.592507930759497	0.0	159914	1579.172926750566	0.0077642584	0.7803970682537478
11018.42324203519	300	7.82939375408159	0.0	131610	1763.1141766779062	0.008001111	0.7912516889107297
11021.21172181881	300	7.8081177308026435	0.0	124011	2521.2760232789456	0.0074969362	0.7128085129659797
11025.312570745735	300	7.707268803877621	0.0	144254	3600.848926925023	0.0066884025	0.5923992127203667
11027.743870192238	300	7.790645357257985	0.0	149991	2416.6234466196374	0.0062518255	0.7211164232544371
11029.730123882538	300	7.809856588551517	0.0	147968	1480.788768706469	0.0066865277	0.8170719385150461
11032.429223392597	300	7.698039270318066	0.0	161857	1611.8173182334501	0.0074501205	0.7901627854294428
11036.241535124145	300	7.885727538769892	0.0	145210	2312.311731548174	0.008875747	0.7432875735575307
11038.767048163983	300	7.547767928037772	0.0	172312	1837.9596107321192	0.0072400384	0.7489942661542859
11041.376869127758	300	7.80163415620332	0.0	167025	1746.1337718344519	0.0074474383	0.7895221987548141
11043.67821924882	300	7.60280275364191	0.0	160064	1698.8314025614095	0.008027164	0.7697023421428038
11046.28549084855	300	7.555426317526757	0.0	137507	1547.3764361151536	0.008832244	0.7789981796128573
11048.053691187444	300	7.696273696388249	0.0	118421	1359.1526211385085	0.009063877	0.8152112563491622

