3224.7248028666886	750	4.0	12.266701258043659	450283	12266.701258043659	0.047705848	-0.793270125804366
3229.3567233969484	300	4.0	0.6319205302601922	155580	4631.920530260192	0.44769844	-0.5241920530260192
3232.404555063281	300	4.952168333667658	0.0	139857	3047.8316663323417	0.03447386	0.17681520381594562
3235.6740315005186	300	5.682691896429397	0.0	155432	3269.4764372382615	0.030098308	0.22569414320393272
3239.0313069213253	300	6.325416475623024	0.0	163442	3357.275420806372	0.04925021	0.2794192101737019
3241.6590723863737	300	7.69765101057458	0.0	126289	2127.765465048444	0.028128263	0.5358200142735334
3245.236521624773	300	7.574411689639563	0.0	153295	2123.239320935018	0.024422852	0.5242876047239458
3247.9042955219575	300	7.992629756979868	0.0	173849	2081.7819326596946	0.026323821	0.5691050506003228
3250.568903517332	300	7.948321708204572	0.0	150710	1544.3080487752961	0.042324863	0.6185434812453651
3253.3427789102293	300	7.941533999355475	0.0	139105	1506.7877088490964	0.029968072	0.6216354105524103
3256.7988165485594	300	7.727059098514583	0.0	141840	1714.4749008408937	0.031431623	0.5800090072464539
3258.691104859308	300	7.836696216485028	0.0	156148	1890.362882029554	0.03390853	0.5730824188502136
3262.4825357425943	300	7.561943575051005	0.0	160746	2274.7526414340227	0.034572024	0.5079237485303081
3266.252091933465	300	7.7923873841802616	0.0	179801	2269.556190870744	0.03241668	0.5308540540244561
3269.2401730323163	300	7.806463984366441	0.0	140051	1485.9233998138202	0.031886194	0.6105862824982544
3271.3417905965134	300	7.661734104236535	0.0	138313	1644.7298801299053	0.03141377	0.5806306536240124
3274.8907723294824	300	7.875687032085849	0.0	143509	1786.047072150686	0.031928044	0.5873058566552802
3278.9414458001934	300	7.825013561374319	0.0	150616	2550.6734707115306	0.03149438	0.5059152217724995
3281.573891774066	300	7.945594654503089	0.0	165384	1879.4189068712305	0.02762432	0.5847671894633023
3283.4109733791283	300	7.953567418872255	0.0	140881	992.027235630835	0.027556814	0.6742817079222433
3284.7504777139816	300	7.646342455211363	0.0	157671	1307.2249636608924	0.034039002	0.6128843074032158
3286.902085058504	300	7.976678416096424	0.0	157812	1169.6640391149406	0.03621715	0.6587655720538832
3288.678961837247	300	7.67421166992846	0.0	163927	1302.4667461679626	0.03865742	0.6160704102837464
3290.5507153463245	300	7.600539893527337	0.0	137654	1073.6717764011228	0.038970344	0.6317853270054212
3292.3146089491693	300	7.9476339629933355	0.0	146754	1152.9059305340018	0.039881706	0.6576168098477018
3294.3825155362188	300	7.66917451512365	0.0	153938	1278.4594478696863	0.040589873	0.6179812768088063
3296.803176129483	300	7.678567798081923	0.0	181901	990.6067170417259	0.04048634	0.6476800466592946
3297.955930937739	300	7.902217332064774	0.0	111155	776.3504660171485	0.05150973	0.6908555889415845
3300.2228853913034	300	7.891942299902134	0.0	153605	1010.2750321626407	0.04574526	0.6664638854492184
3301.6780538816447	300	7.76769775143242	0.0	149029	1124.2445484697123	0.048619945	0.6429841514798317
3303.74280206211	300	7.630785612635602	0.0	157421	1136.912138796819	0.047860652	0.6284026869491305
3305.0004464043354	300	7.89088149585704	0.0	157488	1239.9041167785629	0.04827496	0.6433978137942409
3307.5852450227503	300	7.63235235687304	0.0	143881	1758.529138984	0.047146324	0.5663933528075031
3309.931379542532	300	7.522419774697788	0.0	163444	1109.932582175253	0.04102334	0.6205620648718346
3313.792999507017	300	7.660799810212579	0.0	179328	2861.6199644852086	0.047822822	0.45885078509465244
3316.960059610183	300	7.991180762175019	0.0	159914	2169.6190480375585	0.040078707	0.5601804243177648
3318.2415926829926	300	7.599134714834982	0.0	131610	892.0460473400371	0.033694774	0.6498112462836982
3319.236970018137	300	7.7711895459972276	0.0	124011	827.9451688377542	0.038307007	0.672953666464455
3320.563926844796	300	7.951427167821363	0.0	144254	819.7623781758651	0.046528958	0.691300054253041
3324.6124948445504	300	7.902859168066949	0.0	149991	3048.567999754414	0.0553241	0.46369625411906945
3328.6446334005186	300	7.870720612098548	0.0	147968	2532.1385559684	0.03999432	0.5122137239297437
3332.0022804008795	300	7.530847695020495	0.0	161857	2839.8729170780534	0.03408753	0.44838764663293784
3335.971258952293	300	7.505245470955706	0.0	145210	3025.60222406479	0.030494852	0.4273248996439634
3339.8152640105804	300	7.661240412668205	0.0	172312	2844.0050582875	0.029241204	0.4606551243032329
3341.873149443126	300	7.955988379213269	0.0	167025	1205.2520334549354	0.027896777	0.653194666532997
3346.2115485650575	300	7.617589257281495	0.0	160064	2338.399121931773	0.03273826	0.5069706430774481
3349.468845237395	300	7.869457191623897	0.0	137507	1748.1320656575997	0.03234377	0.5904915053196641
3350.941224333112	300	7.527849894605273	0.0	118421	1341.6072970186228	0.02853541	0.5979226725485005

