4655.355530843252	750	4.0	5.84241140162946	450283	5842.41140162946	0.004705182	-25.28149088087748
4657.088811588984	300	6.266719254268797	0.0	155580	1733.2807457312028	0.008675599	-0.0041032438320903475
4659.477079731455	300	7.565431185188647	0.0	139857	1201.2880690801505	0.023348792	0.6240985466230661
4661.599329897304	300	7.802796143734529	0.0	155432	1262.6350414541164	0.09659548	0.6408105006974625
4663.803661620515	300	7.655437901525991	0.0	163442	1147.358242208539	0.48675793	0.6381547796757241
4664.819529903852	300	7.8409905433095535	0.0	126289	814.4473582164375	0.60968584	0.6893055240779986
4668.232553377101	750	7.695189269244253	0.0	352642	2145.8012740653016	0.6730095	0.11620539236288252
4671.950517856833	750	7.794818019270451	0.0	437162	2900.3712499738012	0.1295861	0.5003377769892833
4675.028935041697	750	7.579406084618238	0.0	374758	2215.411934652213	0.1738021	0.5481000611054672
4678.951457141936	750	7.6568839843789425	0.0	362795	2422.5221002392964	0.2657587	0.5348463818515012
4683.2866192580295	750	7.321721868285047	0.0	353220	4335.162116093896	0.1682177	0.3113226396277037
4686.869820782471	300	7.7385203438442565	0.0	156148	2583.2015244407908	0.70059925	0.05256723244917949
4690.649188411818	300	7.959152714497032	0.0	160746	2279.3676293472254	0.013240897	0.5541867423668644
4694.472218279592	300	7.974267081276408	0.0	179801	2484.885633220623	0.00895704	0.5350897172324616
4698.904082136198	300	7.54240322466979	0.0	140051	2931.8638566066184	0.006976175	0.4488245000833497
4701.6223241789585	300	7.5532863060692765	0.0	138313	2489.116918600514	0.004705182	0.49414670303381586
4703.583487512826	300	7.982267120165423	0.0	143509	1571.0191859038541	0.004705182	0.6272463749437198
4705.954793438279	300	7.666686264770786	0.0	150616	1315.5808553946365	0.006502699	0.6224151863063203
4708.8856670983	300	7.794111988890129	0.0	165384	1872.5742758806575	0.009632084	0.5789807173246694
4711.74122498521	300	7.865482727954957	0.0	140881	1428.6292609351713	0.008578714	0.6302447348559075
4713.278059349482	300	7.700529806355997	0.0	157671	1164.9529215989596	0.018633792	0.6407354596378162
4714.43695871209	300	7.722020889288924	0.0	157812	978.5089170670738	0.106634304	0.6614484016360135
4715.57749533608	300	7.6269477524139875	0.0	163927	1095.073136874937	0.63955796	0.6406410804635077
4716.656019835911	300	7.720417341406612	0.0	137654	906.5304110073758	0.69273245	0.6684919089069207
4718.320093250566	300	7.954377659440124	0.0	146754	766.0396819664876	0.3771148	0.70505993254263
4721.960901520834	750	7.877990428800633	0.0	379700	3076.3872306394906	0.073030144	0.04074161936741416
4725.9474998705255	750	7.571901706869298	0.0	425781	3306.088721931335	0.062941976	0.4383100773549756
4728.949430146553	750	7.546191335235877	0.0	277716	2025.7103716334207	0.10673014	0.5638732594309199
4732.826794342579	750	7.550619193919537	0.0	400396	3495.57214131634	0.07237229	0.41731326897315246
4736.602178179845	750	7.77523535665352	0.0	400508	3275.383837266017	0.3732988	0.4609516643738508
4740.703117417516	750	7.623353779305751	0.0	358218	3151.881577347769	0.45378774	0.45868311318977306
4742.062109246537	300	7.9133866614573725	0.0	157488	1209.9671178483788	0.6756736	0.20672175807209214
4743.7900906312025	300	7.568908339210746	0.0	143881	844.4783222466266	0.3170581	0.6601142013956236
4746.209255665158	300	7.751077362942775	0.0	163444	1317.8309762679721	0.54771364	0.6303129148525081
4749.179021036235	750	7.736861625247708	0.0	401088	2514.215737695068	0.4118834	0.08337495837841508
4752.977609265044	750	7.938273396439337	0.0	365161	2798.5882288083703	0.054487497	0.5243238247859696
4756.499151695939	750	7.984571102586722	0.0	321064	2953.7022938526147	0.11920645	0.5132686259516454
4760.685073483013	750	7.7986493155118195	0.0	361565	4185.921787074903	0.4238183	0.37215148996586084
4763.029828530048	300	7.758152792053577	0.0	144254	2040.4965234582419	0.23838705	0.10872737835439322
4764.680205386374	300	7.8700936736785625	0.0	149991	888.0591183750141	0.006896938	0.6847455579614272
4766.034171093505	300	7.9342696650879825	0.0	147968	935.8240085905798	0.39365786	0.6861460822079695
4767.422979789005	300	7.883936190608929	0.0	161857	1050.3334744790527	0.68903565	0.669850480587568
4769.735204133322	750	7.722061638460222	0.0	372093	2161.874552148707	0.5505699	0.1171845611173036
4773.55424399361	750	7.90302177817248	0.0	438281	2819.0398602877412	0.038242392	0.5188856526797889
4777.168309345925	750	7.735683942243408	0.0	398987	3167.337835929073	0.041428372	0.4679493952061466
4783.1739114839065	750	5.730081804262348	0.0	393804	6005.60213798106	0.31619152	-0.008918556364905461
4785.549013697714	300	7.354979590453872	0.0	137507	2375.102213808477	0.004705182	0.03646092317831487
4789.105555250228	300	7.7984380379408105	0.0	118421	2056.541552513062	0.004705182	0.561000376877234

