13379.825479444202	750	4.0	1.5532241480558393	450283	1553.2241480558394	0.09174501	-5.928863836640109
13381.826931246438	750	5.9985481977622115	0.0	398865	1501.4518022377888	0.269803	0.75
13386.283160153242	1850	5.542319290959637	0.0	877771	3956.2289068025752	0.018906245	0.75
13390.347651747934	1850	5.47782769626643	0.0	933276	4064.4915946932074	0.05504618	1.85
13393.818696396256	1850	5.890003564600144	0.0	996749	3087.8241316662857	0.11263476	1.85
13396.417340129412	1850	5.537291942049355	0.0	801058	2352.7116225507884	0.004705182	1.85
13400.35418447396	1850	5.600447597502949	0.0	905515	3936.8443445464054	0.004705182	1.85
13405.068373999155	1850	4.886258072308034	0.0	1060487	4714.189525194915	0.005583314	1.85
13410.614947177985	1850	4.0	0.6603151065218226	852833	5546.573178829856	0.015090698	-0.9893549580438368
13413.311708073928	750	5.3032391040544535	0.0	362795	2696.7608959455465	0.020904187	-0.3500000000000001
13415.985206283083	750	5.766639998439339	0.0	353220	2536.599105615114	0.12201307	0.75
13419.878239631551	750	5.873606649971605	0.0	405134	3393.0333484677335	0.107363045	0.75
13423.55713568625	750	5.909124843875532	0.0	386351	3464.481806096074	0.10230288	0.75
13426.426963480279	300	5.60641815696075	0.0	179801	1802.7066869147823	0.45875275	-0.15000000000000002
13427.990711528577	300	5.938104600570244	0.0	140051	1168.3135563905048	0.008334031	0.3
13429.944903702932	300	5.703725826097117	0.0	138313	734.3787744731262	0.024366274	0.3
13431.804795900547	300	5.943686360478954	0.0	143509	760.0394656181646	0.5512382	0.3
13434.988336130933	750	5.721842654185331	0.0	372963	1721.8437062936225	0.5726111	0.3
13447.221833650006	1850	4.0	6.511654864887166	987708	12233.497519072498	0.7557684	-27.250115919014814
13448.329182439235	300	5.5689225840685115	0.0	140881	931.0774159314886	0.04158111	-1.25
13449.465378359551	300	5.958960305758075	0.0	157671	1109.9622783104355	0.0062449346	0.3
13450.566809054715	300	5.511361803029494	0.0	157812	947.5985027285803	0.0047752536	0.3
13451.522317534147	300	5.975523659531806	0.0	163927	535.8381434976892	0.3887657	0.3
13454.848696475921	1850	5.9921693757115495	0.0	874175	2983.3542838202557	0.101676285	0.30000000000000004
13457.40350657231	1850	5.6162766658938565	0.0	897976	2375.8927098176932	0.004705182	1.85
13459.963047145622	1850	5.670965068022863	0.0	905935	2445.3115978709943	0.004705182	1.85
13463.683669336879	1850	5.950342876767098	0.0	1076599	3720.622191255764	0.004705182	1.85
13467.114083165376	1850	5.802561502866839	0.0	758197	3147.7813739002595	0.004705182	1.85
13474.026825839945	1850	4.0	1.110181171700953	972798	6912.742674567792	0.0053525846	-2.923779038314098
13476.580312816497	750	5.446513023447745	0.0	400508	2553.4869765522553	0.02330367	-0.3500000000000001
13479.300765733315	750	5.770717651397605	0.0	358218	2175.7953720501405	0.05952467	0.75
13481.633770110824	750	5.646544206027673	0.0	400322	2124.173445369932	0.05981767	0.75
13484.221208715984	750	5.522240417516171	0.0	369834	2124.303788511502	0.14639738	0.75
13486.074243461324	750	5.777290372171212	0.0	412837	1744.9500453449596	0.10892476	0.75
13489.574096915621	1200	5.961406099520187	0.0	690253	3315.8842726510243	0.99300647	0.75
13491.219688931144	750	5.570594587582251	0.0	365161	1390.8115119379354	0.9434727	0.3
13493.169652166245	750	5.813003245323049	0.0	321064	1257.5913422592016	0.47447512	0.75
13496.854509005803	1850	5.91676078646519	0.0	938587	3396.2424588578588	0.10404502	0.75
13500.353998483495	1850	5.921323242969177	0.0	908665	3495.437543496013	0.006064265	1.85
13503.937556306179	1850	5.636570284226227	0.0	930577	3284.7529587429503	0.007801811	1.85
13507.383655267455	1850	5.612923297557745	0.0	858450	3023.646986668482	0.009581411	1.85
13510.554252231834	1850	5.758850774172064	0.0	1025005	2854.0725233856806	0.0073503186	1.85
13513.844262109002	1850	5.922108022585322	0.0	886255	2836.7427515867416	0.004705182	1.85
13516.57371308068	1850	5.814016061536351	0.0	973972	2608.0919610489705	0.004705182	1.85
13520.158195292577	1850	5.582454570401871	0.0	958994	3231.5614911344805	0.004705182	1.85
13524.539333904093	1850	5.201315958885951	0.0	982064	4381.138611515919	0.004705182	1.85
13528.134410204395	1850	5.6062396585840055	0.0	830730	3595.0763003019465	0.08276033	1.85
13532.295192743648	1850	5.445457119332093	0.0	846370	4160.782539251913	0.10899438	1.85

