286.9556138974018	750	4.0	2.566216384271528	450283	2566.216384271528	0.0053663896	0.08058766389842859
287.8654552010418	300	7.0901586963599605	0.0	155580	909.8413036400393	0.23130237	-0.06296549091127385
288.94962764357234	300	7.9011013333554985	0.0	139857	689.0573630044631	0.01426074	0.4597968179645049
290.1720192657248	300	7.802463081117306	0.0	155432	598.6382522381921	0.017272232	0.4626738382762449
290.8834655691261	300	7.703616509443771	0.0	163442	598.846571673536	0.030353025	0.4564750956031146
291.3614602376025	300	7.755919136469434	0.0	126289	447.69737297433704	0.028952572	0.4748589296621385
292.65104285409495	300	7.646276418724254	0.0	153295	609.6427177451811	0.030724535	0.45181172532598024
293.95223471907354	300	7.680650426108592	0.0	173849	965.625992615662	0.029727321	0.4183617733004533
295.2424071395696	300	7.518347171092009	0.0	150710	662.3032550165832	0.03032878	0.43855009362182484
295.9914916300721	300	7.937739489530504	0.0	139105	580.6076815615046	0.03543417	0.47293167086973853
297.25814627731387	300	7.888650651430158	0.0	141840	549.088838100347	0.03910943	0.4730155028345827
298.82076382179605	300	7.526124688409753	0.0	156148	862.5259630204042	0.042235047	0.4190139176538017
300.8169187085492	300	7.513093107264068	0.0	160746	1013.0315811456842	0.028909404	0.4031488820196684
302.0631572985427	300	7.631535426921053	0.0	179801	881.557680343016	0.022578612	0.4236989170784967
303.6870319422005	300	7.846938550367413	0.0	140051	784.5968765536397	0.027552694	0.4468576926728319
306.08506278104	300	7.992562047899741	0.0	138313	1354.3765024676723	0.022412313	0.39898119867719906
309.2547546872868	300	7.744543282012223	0.0	143509	2248.0187658875193	0.0145167345	0.29411579946724453
312.05555717953496	300	7.889978606067798	0.0	150616	1354.5646759444242	0.010265353	0.39255091621502747
314.3959446592821	300	7.797903755296116	0.0	165384	1592.074850771682	0.010537291	0.3630452205590716
316.5581832911493	300	7.620940687100232	0.0	140881	1676.9630681958834	0.009646002	0.34349620705440864
318.83416618208946	300	7.740587090215804	0.0	157671	1880.353596884428	0.0078625195	0.33063505438027746
320.101122359369	300	7.519923643853886	0.0	157812	1220.6634463619187	0.006804093	0.3828126040349085
322.3383179209409	300	7.724472261876776	0.0	163927	1295.4513819771105	0.0075936797	0.38811809909982
324.1580855504486	300	7.965460446320267	0.0	137654	759.0118155565099	0.007794247	0.4568238172695983
325.5711423240736	300	7.694310018933391	0.0	146754	771.1504273868755	0.0092964955	0.43866305437488196
327.27879855453597	300	7.946435124521286	0.0	153938	747.874894412104	0.010733719	0.45674842677160254
329.4950685238033	300	7.768190698212715	0.0	181901	1178.2444263085713	0.012014631	0.4025711969376701
330.87190475277345	300	7.543785369757068	0.0	111155	724.4053284556475	0.011581638	0.4339297736944846
332.0597143459409	300	7.526096104430577	0.0	153605	1017.6892653264915	0.011161019	0.40349580092449444
334.28630236612315	300	7.987862229259935	0.0	149029	1038.233875170641	0.0126641635	0.43030172274191436
338.0838551253676	300	7.858262955643469	0.0	157421	1629.599273616466	0.01252595	0.3630652282963028
341.33763236540995	300	7.855351002436375	0.0	157488	2502.9119532070945	0.009749945	0.2755519632617965
343.1518611161374	300	7.808669246490199	0.0	143881	1546.6817559461756	0.007895149	0.3682573732412524
344.4880286283336	300	7.6793590402827725	0.0	163444	1129.3102062074267	0.007678531	0.4019126403271631
348.6131183171912	300	7.500242901348345	0.0	179328	1179.116138934426	0.00890048	0.38573728837106147
350.7161199571342	300	7.781728832338409	0.0	159914	1218.5140690099363	0.00972235	0.39939036605038947
351.8664787490203	300	7.678793155361902	0.0	131610	1102.9356769765084	0.008163857	0.4045147254427005
353.07801726403306	300	7.611735521810313	0.0	124011	1067.0576335515884	0.00741413	0.40391142768821825
354.7039489567736	300	7.9810100921706475	0.0	144254	1130.7254296396648	0.008294456	0.4206243087269315
357.30359251676515	300	7.74379146322531	0.0	149991	1737.2186289453366	0.009572834	0.34514882448728074
359.3222746014897	300	7.995662890886146	0.0	147968	1748.1285723391643	0.008948215	0.35979979437670023
361.51190652579197	300	7.666123641927689	0.0	161857	1829.539248958457	0.008737058	0.3310625236548673
362.676901394599	300	7.633672511696104	0.0	145210	1032.4511302315846	0.009389063	0.4087431398880806
364.40255904011684	300	7.617115610724882	0.0	172312	1516.5569009712212	0.01201888	0.35929775650341556
367.8599964787249	300	7.982947235194176	0.0	167025	2134.168375530705	0.01180289	0.32040108557679803
370.8394168680051	300	7.774871658092743	0.0	160064	2208.075577101434	0.0095830755	0.3000056418508856
373.8038633598963	300	7.828320756236546	0.0	137507	1446.5509018561975	0.009357448	0.37949867800939696
377.4177082286822	300	7.6403460928610585	0.0	118421	1187.9746633754883	0.01082034	0.3936078853964998

