13094.115229838058	750	4.0	2.4985548523374077	450283	2498.5548523374077	0.004705182	-9.993785865050853
13096.376679805933	300	5.628552413622195	0.0	155580	871.447586377805	0.03737359	-0.15000000000000002
13097.655583252059	300	5.679101876536499	0.0	139857	949.4505370856959	0.15837564	0.3
13099.089918626192	300	5.526660610619474	0.0	155432	1152.4412659170246	0.035408624	0.3
13100.972387447193	300	5.501373220827907	0.0	163442	1025.287389791566	0.06349853	0.3
13102.151987860907	300	5.620163810675894	0.0	126289	881.2094101520137	0.594429	0.3
13104.945835089395	750	5.617435693413033	0.0	352642	2002.728117262862	0.17149879	0.3
13107.82777603165	750	5.657024687297044	0.0	437162	2460.4110061159886	0.1262371	0.75
13110.910509154526	750	5.86642316547924	0.0	374758	2790.6015218178036	0.3060672	0.75
13115.175564787056	750	5.601367532950062	0.0	362795	3265.055632529178	0.097277716	0.75
13116.933330913129	300	5.716078101007195	0.0	141840	1385.2894319428665	0.6789979	-0.15000000000000002
13118.605581669259	300	5.641190988957231	0.0	156148	1074.887112049964	0.013868429	0.3
13120.484282490297	300	5.840522424278831	0.0	160746	1800.6685646784	0.07581857	0.3
13124.749956327534	300	5.574848587042701	0.0	179801	3265.673837236129	0.00910852	0.3
13128.342474900905	300	5.982330013671924	0.0	140051	2592.5185733707767	0.004705182	0.3
13131.354357843598	300	5.639500899658461	0.0	138313	1842.8291140134645	0.004705182	0.3
13132.83562430345	300	5.778394531621485	0.0	143509	1361.1063680369755	0.004705182	0.3
13135.463103023567	300	5.5147352174716	0.0	150616	1263.6593141498863	0.004705182	0.3
13137.895686988946	300	5.9003530045148125	0.0	165384	2114.3822129567866	0.004705182	0.3
13139.358263987551	300	5.758165319473442	0.0	140881	1142.187685041369	0.004705182	0.3
13141.609388985327	300	5.727797529816659	0.0	157671	1530.3677896567845	0.004705182	0.3
13144.314843288677	300	5.61544896785247	0.0	157812	1612.348561964189	0.004705182	0.3
13146.633077464117	300	5.917884822374138	0.0	163927	1697.564145478332	0.004705182	0.3
13148.385763188337	300	5.936876884645988	0.0	137654	1481.0079377281495	0.004705182	0.3
13152.636275878122	300	5.6863641948604755	0.0	146754	1750.5126897855123	0.004705182	0.3
13154.734515733353	300	5.988339519682755	0.0	153938	1198.0246751777204	0.004705182	0.3
13158.07456733662	300	5.968421346376947	0.0	181901	1519.9181733058083	0.004705182	0.3
13161.191818555208	300	5.504862385063673	0.0	111155	1463.5589613132743	0.004705182	0.3
13163.228144318633	300	5.538545646488543	0.0	153605	1466.3167385751296	0.004705182	0.3
13165.207642535726	300	5.818801054866384	0.0	149029	1719.7445916221589	0.004705182	0.3
13168.84106709357	300	5.896965565179272	0.0	157421	2421.8354896871124	0.004705182	0.3
13171.619255230658	300	5.953666054214548	0.0	157488	1943.299510964724	0.004705182	0.3
13173.952384602786	300	5.639545733712424	0.0	143881	1314.1203205021218	0.004705182	0.3
13175.65436530673	300	5.5930598550523865	0.0	163444	1046.485878660038	0.004705182	0.3
13177.573253695047	300	5.796363102536139	0.0	179328	1296.696752516246	0.0047243135	0.3
13180.139700523241	300	5.539235529840091	0.0	159914	1257.127572696049	0.0053396975	0.3
13182.268012526123	300	5.5847391896472836	0.0	131610	954.496340192806	0.0047099497	0.3
13183.757582328051	300	5.806862105528778	0.0	124011	1277.877084118505	0.005591725	0.3
13185.67503009067	300	5.993984535623546	0.0	144254	1312.8775699052335	0.004705182	0.3
13187.375254278591	300	5.916157557019746	0.0	149991	1077.8269786038006	0.004705182	0.3
13189.008341701068	300	5.585812393439807	0.0	147968	1330.3451635799383	0.0060554817	0.3
13191.237100920347	300	5.777803994249021	0.0	161857	1308.0083991907848	0.004705182	0.3
13193.359761695641	300	5.956848978645689	0.0	145210	1820.9550156033324	0.004705182	0.3
13197.410457719654	300	5.906152954633757	0.0	172312	3050.696024011931	0.004705182	0.3
13199.346596594825	300	5.894284360900314	0.0	167025	1511.8685937334437	0.004705182	0.3
13200.689739424746	300	5.5748481821587195	0.0	160064	1319.4361787415949	0.004705182	0.3
13202.913682824554	300	5.61472978384421	0.0	137507	1960.1183983145097	0.004705182	0.3
13206.02923001746	300	5.9938686261373	0.0	118421	1120.8611577069105	0.004705182	0.3

