533.8440435453768	750	4.0	6.650702047500183	450283	6650.702047500184	0.64057523	-27.84801880425079
537.0523755867539	300	4.7916679586228605	0.0	155580	3208.33204137714	0.004705182	-0.15000000000000002
539.8054733657226	300	6.038570179654275	0.0	139857	2753.0977789685853	0.004705182	0.3
543.3949626929409	300	6.449080852435839	0.0	155432	3589.4893272184354	0.004705182	0.3
546.889285958071	300	6.9547575873057905	0.0	163442	3494.323265130049	0.004705182	0.3
548.444848033727	300	9.399195511649754	0.0	126289	1555.5620756560363	0.004705182	0.3
550.6984367381041	300	11.145606807272678	0.0	153295	2253.5887043770767	0.004705182	0.3
553.2736705498676	300	12.570372995509178	0.0	173849	2575.233811763499	0.004705182	0.3
555.6833685696485	300	14.16067497572826	0.0	150710	2409.6980197809194	0.004705182	0.3
558.2113191308212	300	15.632724414555573	0.0	139105	2527.950561172686	0.004705182	0.3
560.9380673415828	300	16.905976203793937	0.0	141840	2726.7482107616383	0.004705182	0.3
563.8173906126204	300	18.02665293275635	0.0	156148	2879.3232710375887	0.0055017807	0.3
565.8498086747934	300	19.99423487058342	0.0	160746	2032.4180621729286	0.008662606	0.3
568.2938124186692	300	21.550231126707583	0.0	179801	2444.003743875837	0.15106615	0.3
570.238262079921	300	23.605781465455838	0.0	140051	1944.4496612517448	0.44378132	0.3
574.4248914140267	750	23.419152131350156	0.0	366214	4186.629334105685	0.5369072	0.3
578.4340303040711	750	23.41001324130564	0.0	360831	4009.138890044513	0.004705182	0.75
582.9083996231478	750	22.935643922228962	0.0	372963	4474.36931907668	0.004705182	0.75
587.667321563917	750	22.176721981459774	0.0	405596	4758.921940769188	0.004705182	0.75
592.5046721744787	750	21.339371370898043	0.0	350713	4837.350610561729	0.004705182	0.75
597.4514357579443	750	20.392607787432578	0.0	386472	4946.763583465463	0.0056198398	0.75
601.1207289267126	750	20.723314618664258	0.0	399894	3669.29316876832	0.009638354	0.75
604.5887354071283	750	21.25530813824843	0.0	401853	3468.006480415827	0.004705182	0.75
607.7685057069497	750	22.075537838427124	0.0	343800	3179.770299821305	0.004705182	0.75
612.6771210627276	750	21.166922482649216	0.0	359903	4908.615355777907	0.004705182	0.75
617.6048637086487	750	20.239179836728084	0.0	379700	4927.742645921135	0.005455285	0.75
621.2600617063822	750	20.58398183899465	0.0	425781	3655.1979977334327	0.008890137	0.75
623.7671700381449	750	22.076873507232104	0.0	277716	2507.1083317625466	0.004705182	0.75
628.9396104931794	750	20.904433052197447	0.0	400396	5172.4404550346535	0.004705182	0.75
635.0437792648862	750	18.80026428049071	0.0	400508	6104.16877170674	0.004705182	0.75
641.6241412079808	750	16.21990233739611	0.0	358218	6580.361943094598	0.083402716	0.75
642.8143921907856	300	19.029651354591355	0.0	157488	1190.2509828047537	0.3293281	-0.15000000000000002
646.0099336015328	750	19.834109943844087	0.0	369834	3195.5414107472675	0.5407857	0.3
650.6421812502989	750	19.201862295078023	0.0	412837	4632.247648766064	0.004705182	0.75
658.9555985914178	750	14.888444953959127	0.0	401088	8313.417341118897	0.004705182	0.75
662.3432648684104	300	15.500778676966478	0.0	159914	3387.666276992649	0.007406997	-0.15000000000000002
664.8376720132919	300	17.00637153208493	0.0	131610	2494.4071448815484	0.0048754644	0.3
667.5389774237223	300	18.305066121654622	0.0	124011	2701.3054104303087	0.06639178	0.3
673.6247842653389	750	16.219259280037992	0.0	378327	6085.806841616627	0.5178305	0.3
677.3720676914621	750	16.47197585391474	0.0	390680	3747.283426123257	0.04165742	0.75
680.271369879441	750	17.57267366593587	0.0	345516	2899.302187978868	0.004705182	0.75
683.2710301967957	750	18.573013348581146	0.0	384505	2999.660317354724	0.006315398	0.75
686.0696622906792	750	19.774381254697698	0.0	372093	2798.6320938834474	0.06581766	0.75
696.095971179752	1200	13.748072365624793	0.0	634861	10026.308889072905	0.42429784	0.75
704.3296986528455	750	9.514344892531259	0.0	398987	8233.727473093535	0.21522897	0.3
708.2924370181225	300	9.55160652725428	0.0	160064	3962.7383652769795	0.004705182	-0.15000000000000002
711.5697481064171	300	10.274295438959642	0.0	137507	3277.311088294639	0.004705182	0.3
713.363203573442	300	12.480839971934849	0.0	118421	1793.4554670247933	0.007940812	0.3

