2732.8256422647246	750	4.0	4.39150033291431	450283	4391.50033291431	0.008081334	0.056869831824848116
2734.2116220212765	300	6.61402024344835	0.0	155580	1385.979756551649	0.004705182	0.22890063916363024
2736.0409419439497	300	7.818100350684761	0.0	139857	1295.91989276359	0.004705182	0.8365766991861208
2738.2498787267955	300	7.755332031426733	0.0	155432	1062.768319258029	0.004705182	0.8521417321134778
2739.9266409616807	300	7.615035107627886	0.0	163442	1140.2969237988482	0.004705182	0.8270661421600853
2741.2391945889954	300	7.681990954313587	0.0	126289	933.0441533142994	0.004705182	0.8560585856518804
2743.310168504981	300	7.511258766671323	0.0	153295	1170.7321876422636	0.004705182	0.8112091524855848
2745.030289219571	300	7.641319197247692	0.0	173849	1369.9395694236305	0.004705182	0.8073472244112859
2746.245677507989	300	7.638715654271844	0.0	150710	1002.6035429758483	0.004705182	0.8437593626255603
2747.9786023243782	300	7.773645680748406	0.0	139105	865.0699735234377	0.004705182	0.874172787993538
2749.1811061241337	300	7.746321149853655	0.0	141840	1027.3245308947528	0.004705182	0.8545735201686663
2750.577607010394	300	7.760660303003951	0.0	156148	985.6608468497026	0.004705182	0.8605103712362687
2752.88995958608	300	7.609904068266233	0.0	160746	1150.7562347377188	0.004705182	0.8253866718231022
2755.0284891140186	300	7.766437417570713	0.0	179801	1343.4666506955193	0.004705182	0.8254431022359768
2756.4774729118494	300	7.9694770097270355	0.0	140051	1296.9604078436764	0.004705182	0.8551634132779222
2758.1060337294152	300	7.631208353137835	0.0	138313	838.2686565891995	0.004705182	0.8592659104354957
2760.725941675369	300	7.51640037479905	0.0	143509	1614.8079783387868	0.004705182	0.7674364176047885
2762.853777254834	300	7.835032645174357	0.0	150616	1181.3677296246942	0.004705182	0.850122578283654
2764.4597499134275	300	7.680280154997308	0.0	165384	1154.752490177048	0.004705182	0.833676516302121
2766.5890058518416	300	7.691262255698803	0.0	140881	989.0178992985062	0.004705182	0.8516059563668562
2768.9051780663053	300	7.528295201374792	0.0	157671	1162.9670543240097	0.004705182	0.8140891869924289
2771.670046646603	300	7.712463462695703	0.0	157812	1815.8317386790893	0.004705182	0.7715423260040136
2774.477133471419	300	7.533438552147208	0.0	163927	2179.0249105484945	0.004705182	0.7131184607265091
2777.5915041682456	300	7.900284137017545	0.0	137654	2633.154415129663	0.004705182	0.7130006362245137
2781.7991786712005	300	7.692609634062899	0.0	146754	3207.6745029546455	0.004705182	0.6299066593847185
2785.643987507954	300	7.564650579411586	0.0	153938	3127.959054651314	0.004705182	0.6220788550155618
2789.648809698531	300	7.559828388835101	0.0	181901	3504.822190576484	0.004705182	0.5837971363301269
2793.312430318617	300	7.896207768749424	0.0	111155	2163.620620085677	0.004705182	0.7594506987427931
2796.9442384641425	300	7.562949959068983	0.0	153605	1833.2578096804407	0.004705182	0.7513390006665117
2799.029329953811	300	7.804679453657474	0.0	149029	1258.270505411508	0.004705182	0.8386845340979043
2802.0659134975404	300	7.994798211921332	0.0	157421	1309.8812417361423	0.004705182	0.8569977871504046
2804.780944700758	300	7.545633680308873	0.0	157488	1449.164531612459	0.004705182	0.787610254417416
2806.6041392030666	300	7.641969845957432	0.0	143881	1403.6638343514394	0.004705182	0.8040551347590622
2808.0483051029564	300	7.834652234990781	0.0	163444	1307.3176109666508	0.004705182	0.8374806201765578
2811.951407813093	300	7.8065250053844775	0.0	179328	2528.1272296063034	0.004707923	0.7119267354797756
2814.4155171493107	300	7.561957991540407	0.0	159914	1744.567013844071	0.004734504	0.7600856001222573
2817.879681030985	300	7.854647254890289	0.0	131610	1707.3107366501163	0.004763825	0.7999501309556791
2820.7781234554723	300	7.663852572158649	0.0	124011	2190.794682731641	0.0047928477	0.7280439519758202
2822.4482091393106	300	7.9726336441172645	0.0	144254	1191.2189280413843	0.004832536	0.8661273169433763
2824.1595764823337	300	7.931383360004165	0.0	149991	1041.250284113099	0.0048587555	0.8760309298655922
2825.9014157794336	300	7.6805222884091595	0.0	147968	1250.8610715950044	0.00513225	0.8240955548357668
2828.780226144472	300	7.741606175642653	0.0	161857	1438.9161127665054	0.005745202	0.8128321950982705
2832.2488678959844	300	7.562232426022314	0.0	145210	2179.3737496203403	0.0059817573	0.7166388114949676
2834.5541092419703	300	7.729245787475484	0.0	172312	1332.9866385468308	0.00662244	0.8218989817539952
2836.207069625869	300	7.548892877745737	0.0	167025	1180.3529097297478	0.007521447	0.8148938359464317
2837.6183795831216	300	7.534541641203678	0.0	160064	1014.351236542059	0.009123679	0.8297220286426127
2838.7669967298193	300	7.9187124997102565	0.0	137507	1115.8291414934215	0.014115504	0.8670085487740505
2841.2073536913963	300	7.934928012023654	0.0	118421	983.784487686601	0.01707453	0.8822151744722352

