7615.419175490405	750	4.0	2.1451274043719923	450283	2145.1274043719923	0.059596807	0.13548725956280075
7615.9857546807425	300	7.433420809663336	0.0	155580	566.5791903366634	0.9521465	-0.04206911842970783
7618.3688732624905	300	7.72271482091388	0.0	139857	710.7059887494568	0.12984166	0.41159907743217183
7622.518537061966	300	7.573051021437916	0.0	155432	2649.6637994759644	0.06705272	0.20834930889227332
7626.1731937807845	300	7.918394302619079	0.0	163442	2154.656718818837	0.020709898	0.27943397203180875
7628.048603889379	300	7.844055808748264	0.0	126289	1074.338493870815	0.017268328	0.382819638659685
7629.554619104005	300	7.6065839801968576	0.0	153295	1237.4718285514055	0.018729111	0.35166431590716307
7632.290686255241	300	7.622822178666294	0.0	173849	1483.7618015305623	0.015718509	0.32805020601358714
7634.127403935525	300	7.835615970427082	0.0	150710	1287.206208239213	0.012971846	0.36100537732777127
7636.0649780626745	300	7.7165846524245625	0.0	139105	1119.0313180025187	0.014445693	0.3703834089762833
7639.027622495589	300	7.559533883490891	0.0	141840	1657.050768933672	0.016039297	0.3067657908248135
7642.565751144947	300	7.613266309702003	0.0	156148	1446.267573788888	0.010103284	0.3312023869774864
7646.191928852471	300	7.987088602178175	0.0	160746	2126.177707523828	0.010627078	0.2865752668837531
7649.534732360014	300	7.964706244753994	0.0	179801	2022.3823574241812	0.00943128	0.2955559045547065
7651.992042924618	300	7.711261556561279	0.0	140051	1253.4446881927133	0.008962959	0.35660937846580865
7654.069268853506	300	7.669581592322502	0.0	138313	1041.679964238779	0.00931905	0.37518085309627847
7655.867446150768	300	7.958265844966432	0.0	143509	1211.3157473560693	0.0110773705	0.37626004057479506
7657.632477716949	300	7.649180889277968	0.0	150616	1309.0849556884637	0.011165707	0.34716531001102663
7659.10668384684	300	7.7050511486300115	0.0	165384	1444.1297406479573	0.010261902	0.33715272272457997
7661.120375067036	300	7.95324370455325	0.0	140881	1251.8074440767614	0.011399299	0.371896987126902
7663.181976056916	300	7.653385083372603	0.0	157671	1299.858621180646	0.010710769	0.3483507055927231
7664.9095267203875	300	7.860480955036533	0.0	157812	1292.9041283360698	0.011502607	0.36198964685617635
7667.766455556678	300	7.56933984260895	0.0	163927	1791.1411124275837	0.0123913	0.293969628920301
7670.35965798571	300	7.585632423273979	0.0	137654	1483.70741933497	0.01068991	0.32573128452112665
7672.731458497224	300	7.634479700966515	0.0	146754	1451.152722307465	0.009782447	0.3320397090796607
7674.990162497672	300	7.630451638294737	0.0	153938	1004.0280626717768	0.010002335	0.3765004211262434
7677.124792046837	300	7.6854747992015415	0.0	181901	1444.9768390931954	0.013645964	0.3358444910407768
7678.8347608801005	300	7.815316685154963	0.0	111155	870.1581140465792	0.012922754	0.4014414814175273
7680.907084279742	300	7.554060325942937	0.0	153605	1261.256359212026	0.012584503	0.346003134450231
7682.190630434646	300	7.8728207972056845	0.0	149029	1181.239528737253	0.013631667	0.37392734695163
7684.428320356477	300	7.985129177873241	0.0	157421	1387.6916193324441	0.014062561	0.3603014116838331
7686.704718854347	300	7.556929128187464	0.0	157488	1428.2000496857775	0.013338083	0.3294880655431388
7689.528478206158	300	7.6941486378745285	0.0	143881	1362.7804903129374	0.012787157	0.3446062408358643
7693.257032197725	300	7.550361044339359	0.0	163444	2143.7875935351703	0.013426735	0.25751880591769294
7696.86778587914	300	7.802367469647892	0.0	179328	2247.993574691468	0.010436118	0.26284860938384647
7700.2610238846955	300	7.787128481732138	0.0	159914	2015.2389879157547	0.009883778	0.28517163131668316
7703.032505955049	300	7.8553869028753525	0.0	131610	1431.7415788567848	0.0091313	0.34778752354403103
7704.730939991673	300	7.97604016381104	0.0	124011	1379.346739064313	0.009596725	0.3605678363317587
7706.714087656952	300	7.729009979952381	0.0	144254	1747.0301838586586	0.010042329	0.308360105361158
7708.475346309074	300	7.526439418600851	0.0	149991	1702.5705613515313	0.011088477	0.30014540752740004
7712.247193298949	300	7.514859959548807	0.0	147968	2011.5794590520431	0.013447919	0.2685208015665961
7714.852761953729	300	7.782209416570309	0.0	161857	2232.6505429784966	0.0132713	0.26312303423779465
7718.74748458642	300	7.8163070751260255	0.0	145210	2965.902341444283	0.014615169	0.19192895805094828
7724.247537515124	300	6.316254146421299	0.0	172312	5500.052928704727	0.013279043	-0.15523940871914144
7730.634511136227	300	4.0	0.07071947468202962	167025	6386.973621103329	0.011456185	-0.3886973621103329
7736.63775604935	300	4.0	2.0032449131225922	160064	6003.244913122592	0.010827257	-0.3503244913122592
7741.415928368317	300	4.0	0.7781723189672294	137507	4778.172318967229	0.007873537	-0.22781723189672293
7744.654147417703	300	4.76178095061402	0.0	118421	3238.2190493859794	0.0072855125	-0.026210595525221647

