14215.298033911764	750	4.0	1.4342768133466879	450283	1434.276813346688	0.013168126	-5.9059344915725
14216.792633241303	750	5.6398387419037395	0.0	398865	1360.16125809626	0.6538968	0.27570260347281617
14218.171663525032	750	5.827542540396151	0.0	350812	1312.2962015075889	0.5336902	0.28575865690169144
14220.727707052596	750	5.627887855889302	0.0	382355	1699.6546845068488	0.54937077	0.22063305177122225
14223.038894778812	750	5.745488404759884	0.0	411561	1882.3994511294172	0.5944583	0.19921382774256785
14225.444801419595	750	5.851929212361396	0.0	318564	1393.5591923984894	0.5216157	0.2690951357111557
14229.576932163473	1200	5.719798468484254	0.0	561791	4132.130743877142	0.58704257	-0.3047964628444875
14233.418799605224	750	5.8779310267336315	0.0	437162	3841.8674417506227	0.42258805	-0.3523912184150935
14234.699874092665	300	5.735566600019456	0.0	150710	642.3644267141758	0.74111086	-0.21648769178069155
14235.334742124745	300	5.602487585741889	0.0	139105	633.0790142775677	0.6398489	0.2369372489327752
14237.824970220072	750	5.503268108981382	0.0	353220	1599.219476760506	0.61015064	-0.2155106097384288
14241.176893247715	750	5.972810913942455	0.0	405134	2530.4571950389272	0.57362837	0.1481945637077774
14243.73453561047	750	5.739722601217289	0.0	386351	2233.088312725167	0.7330312	0.16792887135859208
14245.913489838673	750	5.587522569331364	0.0	434409	2152.200031885925	0.68767947	0.17424030965718174
14247.686872561117	750	5.949208282417925	0.0	337059	1638.314286913439	0.7196969	0.22889381054382105
14249.681551159434	750	5.629403177174023	0.0	366214	1819.8051052439027	0.6876123	0.2060660226303409
14251.583474266923	300	5.795878422466261	0.0	143509	1333.5247547077613	0.70670295	-0.33751614886003967
14255.669457992273	300	5.709894697117475	0.0	150616	2585.983725348786	0.13455103	0.05800500541810977
14258.533131224109	300	5.645249125014618	0.0	165384	2564.645572102858	0.016832957	0.05848761389551729
14260.56637937011	300	5.813138810330359	0.0	140881	1832.110314684259	0.006302129	0.08187279925109237
14263.01541191787	300	5.509191466408299	0.0	157671	2303.94734392206	0.007075171	0.06510565460435033
14265.451760794283	300	5.6785596492204355	0.0	157812	1330.6318171878627	0.0047056586	0.11272840320097542
14267.599488247562	300	5.547554399745143	0.0	163927	1631.0052494752936	0.009098811	0.09196782171501662
14268.790108196376	300	5.635605560588742	0.0	137654	911.9488391564009	0.006539493	0.16448291127686246
14269.604590215595	300	5.5577001249077345	0.0	146754	577.9054356810065	0.01338311	0.2595580362092274
14270.611644841509	300	5.927461060820409	0.0	153938	630.2390640873266	0.17083636	0.23800492312741794
14271.863180710288	300	5.685100921694157	0.0	181901	742.3601391262515	0.22221333	0.20205826268709431
14272.417996707438	300	5.812280844945761	0.0	111155	372.8200767483958	0.30322006	0.4023388474897776
14273.720091938558	300	5.64223113708622	0.0	153605	670.0497078595403	0.35386068	0.22386398835867247
14275.259965111047	300	5.698317383971622	0.0	149029	943.9137531145988	0.25321665	0.1589128238729972
14276.468094399635	300	5.652232401864791	0.0	157421	1046.084982106831	0.10323052	0.1433917918388406
14277.64938119119	300	5.532611106827662	0.0	157488	619.6212950371291	0.0525393	0.24208335188191304
14278.811336303035	300	5.602466385164258	0.0	143881	930.1447216634033	0.12269599	0.1612652273419892
14281.0406922586	750	5.5836935834735115	0.0	412837	2018.772801690747	0.051487934	-0.26424358417850047
14282.942764549009	300	5.962949000705894	0.0	179328	1120.744582767617	0.26802635	-0.3161604059422859
14283.902235651385	300	5.758877255838353	0.0	159914	704.0717448675393	0.040058456	0.2130464701835468
14285.318800934758	300	5.758294297405799	0.0	131610	500.58295843255587	0.060703576	0.29965063227419014
14286.31621415712	300	5.562578839195003	0.0	124011	695.7154582107958	0.11968152	0.21560538612403707
14287.697116998643	300	5.842976315009579	0.0	144254	719.6025241854234	0.04609977	0.20844840722285848
14288.341305596881	300	5.716532265058631	0.0	149991	626.4440499509471	0.03835842	0.23944676306167414
14289.021578806245	300	5.6802678535202755	0.0	147968	536.2644115383564	0.052533872	0.27971276253388155
14293.02008667296	300	5.6817599868057895	0.0	161857	1998.5078667144865	0.07792416	0.07505599677553308
14296.216260230034	300	5.929931559538778	0.0	145210	1751.8284272670116	0.0075106565	0.08562482356449236
14298.4860258595	300	5.7472212907102405	0.0	172312	1682.7102688285383	0.004705182	0.08914190563799573
14299.28974917371	300	5.998887289922939	0.0	167025	748.3340007873005	0.004705182	0.20044525551717463
14300.152083848809	300	5.840414695085295	0.0	160064	658.4725948376433	0.011533608	0.22779991327806867
14301.512497547123	300	5.777138833559728	0.0	137507	563.2758615255682	0.027192108	0.2662993574653495
14302.42180727361	300	5.726052845709175	0.0	118421	551.0859878505515	0.021006908	0.2721898275531519

