3986.094511637634	750	4.0	1.9602828539084163	450283	1960.2828539084162	0.008597615	-8.200125270904891
3988.2791997564	750	5.815311881233627	0.0	398865	2184.6881187663726	0.3663309	0.38137633886816635
3990.257193165512	750	7.753800686855162	0.0	350812	1561.5111943784655	0.615523	0.6302758169469318
3993.201387707412	1200	7.844944504201783	0.0	617681	2408.8561826533796	0.7675833	0.12838281660459885
3998.037078227616	1850	7.009253983997702	0.0	996749	4835.690520204081	0.17406304	-0.3599707489237053
4001.1814103805973	1850	7.522602366312395	0.0	801058	2486.6516176853083	0.061662637	0.5743435158167455
4006.6745099468985	1850	6.029502800011048	0.0	905515	5493.0995663013455	0.30234706	0.12998616382770734
4015.5450573902813	1850	4.0	2.841044643371841	1060487	8870.54744338289	0.33048177	-12.619592578060317
4016.800778819851	300	6.744278570430494	0.0	150710	1255.721429569506	0.52643716	-1.0103816766651466
4019.6703413677205	750	7.874716022560973	0.0	362795	2869.5625478695206	0.3768847	0.06110892226335002
4022.8898518915157	750	7.938266474172899	0.0	353220	2936.449548388074	0.5658513	0.5105370265518625
4027.3252204641294	750	7.502897901559281	0.0	405134	3935.3685726136177	0.5558568	0.36874039635672207
4031.158620405061	750	7.510412686054163	0.0	386351	3492.485215505117	0.20134245	0.41375203875146355
4034.5759748345263	750	7.677192838784304	0.0	434409	2833.219847269859	0.35883668	0.4957313578327233
4037.1835702865246	750	7.810462465883327	0.0	337059	1866.7303729009761	0.6074616	0.6052076607454853
4040.307009085698	1200	7.6191755676948345	0.0	587876	2691.286898188492	0.56736296	0.07840922424882879
4043.3654920742765	1200	7.86601004774837	0.0	617242	2753.165519946464	0.70141965	0.5459794657630536
4048.1121013545153	1850	7.11940076750937	0.0	885714	4746.609280239	0.4912449	-0.3404608698432843
4053.4629628930425	1850	5.768539228982399	0.0	987708	5350.861538526971	0.23961344	0.11909192159590454
4056.4122018462144	1200	6.819300275809947	0.0	586839	2949.2389531724516	0.7631197	-0.22437490159637674
4060.2048944630956	1850	7.0266076589292155	0.0	891604	3792.6926168807313	0.7698636	-0.25400064734337785
4064.357289168533	1850	6.8742129534916785	0.0	955231	4152.394705437537	0.08566931	0.3453609774539625
4070.1762350096333	1850	5.05526711239128	0.0	968026	5818.945841100399	0.07227308	0.0036302266022175678
4075.175938844844	1850	4.055563277180655	0.0	874175	4999.703835210625	1.1433666	-0.01066822116447802
4076.990337760308	750	6.241164361716539	0.0	359903	1814.3989154641154	0.850471	-0.6406059478834885
4079.5496948446576	1200	7.6115673539236735	0.0	590335	2129.597007792866	0.68655705	0.1338459139287886
4083.8739889478925	1850	7.287273250688832	0.0	1076599	4324.294103234841	0.20322093	-0.2820714318182277
4086.858006721849	1850	7.732291439506135	0.0	758197	2554.9818111826985	0.035517335	0.5876933118602246
4090.594550245456	1850	7.8785376920897106	0.0	972798	3353.7537474164237	0.013437618	0.5218924888978884
4094.7786823675287	1850	7.694405570016733	0.0	975811	4184.132122072978	0.013425536	0.4211317220913857
4098.7345747161935	1850	7.738513221352322	0.0	873429	2955.8923486644117	0.030138887	0.5482011117981604
4100.854422040476	1850	7.679996697174666	0.0	954453	2058.516524177655	0.010895509	0.6323064112339811
4103.66079753008	1850	7.59247428092526	0.0	885062	2587.522416249406	0.37632933	0.5709816884130432
4106.974689256327	1850	7.574955006979129	0.0	1035329	3017.5192739461313	0.006069196	0.5262957522990274
4110.066099190141	1850	7.612436290222562	0.0	1026056	2962.518716756568	0.0048835715	0.5354034248045016
4112.672379425585	1850	7.523741719029809	0.0	943942	2588.694571192753	0.0047442773	0.5642488844805016
4114.830962755219	1850	7.748242924338192	0.0	728962	1775.4987946916174	0.005651812	0.6671769623413422
4117.309683273826	1850	7.875424966005481	0.0	938587	2372.817958332711	0.06733921	0.6196864643268278
4119.652335802908	1850	7.892049933601726	0.0	908665	1983.3750324037555	0.032079995	0.6602309292453612
4122.708822280612	1850	7.563445505088946	0.0	930577	2828.604428512779	0.66105884	0.5440794339970383
4125.648796804561	1850	7.677399258210067	0.0	858450	2886.0462468788787	0.004705182	0.5493034324646207
4128.273931832168	1850	7.5767957874415535	0.0	1025005	2600.6034707685144	0.005373284	0.5681645098615863
4132.007441673711	1850	7.843285945899006	0.0	886255	3733.5098415425477	0.0054856273	0.48052385821421434
4136.204571904525	1850	7.6461557150843795	0.0	973972	4197.130230814627	0.008397058	0.4151878069726973
4140.919629676576	1850	6.9310979430341	0.0	958994	4715.057772050279	0.017071087	0.29456991671319976
4144.6683533733385	1850	7.182374246271249	0.0	982064	3748.723696762852	0.055831086	0.41538895854173236
4148.146821135516	1850	7.672616943186955	0.0	830730	3009.7573030842946	0.019816987	0.5364720235016416
4152.201263185833	1850	7.5747511615745315	0.0	846370	3097.8657816124223	0.014930754	0.5182414811768543

