18980.438529818388	750	4.0	3.995068697861578	450283	3995.068697861578	0.64964974	-17.1531829842988
18981.93080190572	300	6.507727912669612	0.0	155580	1492.2720873303876	0.3074452	0.043194983637686396
18983.4823347895	300	7.735631858607427	0.0	139857	1272.0960540621852	0.64667964	0.6333997594480697
18987.666213496042	750	7.551753152063474	0.0	382355	3183.8787065439515	0.23851576	-0.001408242769033563
18991.565027268007	750	7.652939380100499	0.0	411561	3398.813771962976	0.15847719	0.4368375419630563
18995.29511741901	750	7.9228492291006845	0.0	318564	3230.0901509998157	0.21056046	0.4796890386523749
19000.86000676077	750	6.3579598873407175	0.0	352642	5564.889341759967	0.14367752	0.09558671367553118
19004.400617583826	300	6.817349064283011	0.0	173849	3540.6108230577065	0.6958773	-0.13183749661649558
19007.42678843557	300	7.791178212541199	0.0	150710	2526.170851741811	0.16693406	0.5133386803777529
19011.355320452578	300	7.658857441945791	0.0	139105	1632.3207705954087	0.44467658	0.5899876615505026
19014.52992524295	300	7.824660650868474	0.0	141840	1834.1967910773174	0.69523764	0.5857588097906392
19017.25325821491	300	7.893198116834312	0.0	156148	1931.462534034163	0.639536	0.5826290457246865
19021.018490092538	300	7.521517487583587	0.0	160746	1871.680629250725	0.6291578	0.5528325465105849
19024.96016836518	750	7.57983921494173	0.0	434409	3941.678272641858	0.65769047	-0.07448488339978698
19028.835690063326	750	7.704317516794962	0.0	337059	3875.5216981467674	0.0981691	0.3941119543205883
19033.008744230996	750	7.531263349124629	0.0	366214	4173.054167670333	0.12247613	0.3477020439287864
19038.683847529726	750	5.856160050392541	0.0	360831	5675.103298732088	0.17533548	0.036266504314744874
19042.352712582462	300	6.187294997659675	0.0	150616	3668.8650527328655	0.4569285	-0.20530635093084226
19045.60033617053	300	6.939671409594095	0.0	165384	3247.623588065581	0.013730328	0.3592348938472233
19048.783125253038	300	7.645975445724936	0.0	140881	1793.6959638691578	0.025205486	0.5726102352138511
19051.152886496846	300	7.855641392687827	0.0	157671	2290.334053037109	0.22051369	0.5431270157638544
19055.14600063296	300	7.683797967668222	0.0	157812	2671.843425019605	0.1809617	0.4884359505041652
19060.026177320007	300	6.803621280619547	0.0	163927	4880.176687048675	0.16083519	0.18288460195726852
19064.378634158427	300	6.451164442198227	0.0	137654	4352.456838421321	0.010004781	0.2017322091898816
19067.929515768865	300	6.900282831763314	0.0	146754	3550.881610434912	0.005619625	0.3251178955176567
19072.140622822804	300	6.689175777823215	0.0	153938	4211.107053940099	0.0058887945	0.23877605348994102
19076.337486740376	300	6.492311860248463	0.0	181901	4196.863917574752	0.004915916	0.22125198776897864
19079.029769367316	300	7.800029233311543	0.0	111155	2192.282626936919	0.004755123	0.5475794238264097
19083.006076564663	300	7.8237220359645985	0.0	153605	3476.307197346946	0.019096375	0.42145742639549233
19086.999855775404	300	7.829942825221322	0.0	149029	3493.779210743277	0.012804701	0.42030898320408466
19090.940797116975	300	7.889001483648972	0.0	157421	3940.94134157235	0.007411318	0.38127723418151993
19095.1169488639	300	7.712849736728196	0.0	157488	4176.151746920776	0.0076224837	0.34080138462804016
19099.271850174853	300	7.557948425774863	0.0	143881	3154.9013109533325	0.007844928	0.428016998202887
19102.91915699675	300	7.910641603873744	0.0	163444	3147.3068219011193	0.0056976825	0.46272357270506403
19106.09353920177	300	7.960664053359926	0.0	179328	2949.977550513818	0.008858813	0.4872712183606879
19110.357836484254	300	7.696366770876058	0.0	159914	2264.297282483868	0.014972063	0.5304003265779129
19114.179695474537	300	7.874507780595224	0.0	131610	2821.8589902808344	0.02355057	0.49179043365791897
19118.375189523387	300	7.679013731744387	0.0	124011	3695.4940488508373	0.01438893	0.38561039988969226
19121.726382372926	300	7.686444828034547	0.0	144254	2492.5689037098396	0.0058204327	0.506618166001356
19124.787933938922	300	7.529980912952535	0.0	149991	2156.463915082014	0.009090221	0.5251688323907377
19128.32717793467	300	7.6479027644967426	0.0	147968	1382.0781484557913	0.019712647	0.6139575234121766
19131.266998480103	300	7.546575458341034	0.0	161857	1601.3273061557072	0.23345028	0.5822797374363864
19132.917446438212	300	7.680598022647553	0.0	145210	1365.9774356934813	0.3747599	0.6187145510340142
19135.65974167351	300	7.731685718654748	0.0	172312	1448.9123039928052	0.7079504	0.6153383139285126
19137.660916578152	300	7.792789655686625	0.0	167025	1438.8960629681214	0.5814986	0.6222212625183745
19143.587313139262	750	5.866393094575992	0.0	393804	5926.396561110633	0.44308835	-0.43787787960580343
19146.52592346867	300	6.927782765166843	0.0	137507	2938.6103294091486	0.27554405	-0.061008076039392956
19149.66233559515	300	7.791370638689521	0.0	118421	2136.4121264773225	0.011862244	0.5523330741431449

