11687.623075887972	750	4.0	3.995068697861578	450283	3995.068697861578	0.008571605	0.09651299533012131
11689.115347975303	300	6.507727912669612	0.0	155580	1492.2720873303876	0.03847374	0.2051472887204229
11690.666880859078	300	7.735631858607427	0.0	139857	1272.0960540621852	0.00842715	0.8287765406184817
11693.143525070156	300	7.762028129796127	0.0	155432	1473.6037288113012	0.0087506585	0.8118849712301076
11695.114713273464	300	7.8479542835756675	0.0	163442	1414.0738462204586	0.009159297	0.8284474260301209
11697.64817739302	300	7.7347793641896425	0.0	126289	1113.1749193860246	0.011188798	0.8445633949699385
11700.634151415403	300	7.726937010284288	0.0	153295	2007.842353905355	0.009813888	0.7541283410828094
11704.434751460392	300	7.92633696529344	0.0	173849	3800.6000449908474	0.009288883	0.5994728657716542
11708.6069375737	300	7.754150851984041	0.0	150710	2672.186113309399	0.007856114	0.6910541102235457
11712.541754007601	300	7.637201553222039	0.0	139105	1616.9492987620026	0.00763146	0.7821378380946071
11715.723230083142	300	7.810397063921977	0.0	141840	1826.804489300062	0.008143947	0.7825370999833368
11718.455585148291	300	7.881555276766754	0.0	156148	1928.8417871552233	0.008011011	0.7811194108278473
11722.227098779147	300	7.512555190935902	0.0	160746	1869.0000858308524	0.0076542473	0.741542434650085
11724.3775547512	300	7.763583939323555	0.0	179801	1748.9712516123461	0.007105194	0.7845403177278403
11726.519776469995	300	7.723215444895568	0.0	140051	1540.3684944279864	0.007839518	0.8004162182345071
11728.53690457363	300	7.710578019560718	0.0	138313	1512.6374253348497	0.007551686	0.8016289580686511
11732.410176069961	300	7.83730652322967	0.0	143509	2373.2714963310486	0.0078073805	0.7312129616852999
11736.279896942739	300	7.967585650452685	0.0	150616	3369.720872776984	0.0074204016	0.6476538370377629
11740.479960424009	300	7.767522169181648	0.0	165384	3700.063481271037	0.0064670295	0.5899173555344146
11743.674173388566	300	7.804188884493182	0.0	140881	1963.3332846884655	0.0060419342	0.7681176846572799
11747.495474045872	300	7.982888227187046	0.0	157671	2321.3006573061366	0.006365991	0.7543852970004171
11751.333677956378	300	7.824876497721572	0.0	157812	2658.0117294654733	0.0063594347	0.7012041793499487
11756.20072121571	300	6.957833238390028	0.0	163927	4867.0432593315445	0.0059153466	0.37324553691344237
11760.59106633461	300	6.5674881194911	0.0	137654	4390.345118898928	0.004971127	0.37271869259121354
11764.141947945043	300	7.016606509056188	0.0	146754	3550.881610434912	0.004705182	0.5121185499361366
11768.334807029203	300	6.823747424896735	0.0	153938	4192.859084159453	0.004705182	0.4241081225995163
11772.564159473744	300	6.594394980353643	0.0	181901	4229.352444543091	0.004705182	0.3921402015968668
11775.270959494032	300	7.887594960065911	0.0	111155	2206.800020287732	0.0047099497	0.7540693187624377
11779.210129046234	300	7.948425407864775	0.0	153605	3439.169552201136	0.004705182	0.6383432172990544
11783.22631978292	300	7.93223467117773	0.0	149029	3516.1907366870455	0.004705182	0.62864199762693
11787.630858644132	300	7.527695809965933	0.0	157421	3904.538861211797	0.004705182	0.5398579983000623
11791.74950513492	300	7.409049319177082	0.0	157488	4118.646490788851	0.004705182	0.5037977262132438
11795.320825383427	300	7.837729070669338	0.0	143881	3071.320248507744	0.004705182	0.6614602592081281
11799.427024766092	300	7.731529688003867	0.0	163444	3106.1993826654702	0.004705182	0.6448597049083306
11802.698343253209	300	7.822639954374521	0.0	179328	2908.8897336293476	0.004705182	0.6758402286491119
11807.011852433907	300	7.5091307736759445	0.0	159914	2313.5091806985756	0.005003019	0.6966687058150277
11810.942099367167	300	7.5788838404172605	0.0	131610	2930.2469332586843	0.0051617348	0.6436074751123072
11814.637593416017	300	7.883389791566423	0.0	124011	3695.4940488508373	0.0048539257	0.6046806957091106
11817.965752117909	300	7.800149931767098	0.0	144254	2583.2398597993238	0.004783228	0.7056283299286075
11820.926816580555	300	7.637077016491536	0.0	149991	2163.072915275563	0.0050074616	0.7275100996549593
11824.473296717506	300	7.697832745666163	0.0	147968	1439.2442708253734	0.005589068	0.8073945901765016
11827.373928938916	300	7.591134610938869	0.0	161857	1606.6981347272947	0.006712188	0.7774749810313478
11828.975522999091	300	7.7273045479125955	0.0	145210	1363.8300630262727	0.0073520076	0.8185749507446005
11831.666139756071	300	7.780878220447044	0.0	172312	1446.4263274655505	0.0078907665	0.8169301681081498
11833.614301910338	300	7.843892281769766	0.0	167025	1436.9859386772782	0.0090258755	0.8256546736528858
11835.7641692304	300	7.799546786734903	0.0	160064	2044.3454950348635	0.009606883	0.7594432949344134
11839.190449286814	300	7.634167637690584	0.0	137507	3165.3791490443195	0.009688952	0.6269202497133431
11842.919867812943	300	7.904749111562765	0.0	118421	2229.418526127818	0.00813493	0.7539255240710603

