4268.4812098796	750	4.0	4.549356298858494	450283	4549.356298858494	0.0196339	0.0410842352304297
4269.968018955591	300	6.513190924009408	0.0	155580	1486.8090759905917	0.004705182	0.20636811831253637
4271.036070324182	300	7.592247960518019	0.0	139857	920.942963491389	0.004705182	0.8461879655567571
4272.352697738077	300	7.807488370290575	0.0	155432	1284.7595902274438	0.004705182	0.8363824479250528
4274.134923789504	300	7.897309251661218	0.0	163442	1410.1791186293574	0.004705182	0.8349308510901303
4276.678313934156	300	7.726637688634162	0.0	126289	1170.6715630270558	0.004705182	0.8378084623540456
4278.534154014446	300	7.9550769297509305	0.0	153295	1271.560758883232	0.004705182	0.855925372759164
4281.621468479274	300	7.933559338991192	0.0	173849	1521.5175907597381	0.004705182	0.8282728714880161
4283.134720503918	300	7.604831825652974	0.0	150710	1328.7275133382168	0.004705182	0.8069632644669293
4285.649034152435	300	7.564937218947376	0.0	139105	1539.8946067055992	0.004705182	0.7809206917418157
4287.722922458844	300	7.825202610448717	0.0	141840	1739.7346084986589	0.004705182	0.7930721572087415
4290.395096734852	300	7.996192316649598	0.0	156148	2329.0102937991205	0.004705182	0.755257014721131
4292.861584055877	300	7.7445306710911135	0.0	160746	1251.661645558485	0.004705182	0.8319187348651914
4294.857919693326	300	7.888775618550209	0.0	179801	1355.7550525409038	0.004705182	0.8393195936981862
4296.920984593852	300	7.767533455991248	0.0	140051	1621.2421625589602	0.004705182	0.7978008810095896
4299.28169306892	300	7.568090658941	0.0	138313	1699.4427970502472	0.004705182	0.7653552339743175
4301.723495167865	300	7.802822410377032	0.0	143509	1765.2682485639689	0.004705182	0.7877554670972269
4303.6602543059735	300	7.547709728363449	0.0	150616	1255.1126820135833	0.004705182	0.8072717730010439
4305.432338625772	300	7.8774908775617964	0.0	165384	1170.2188508016518	0.004705182	0.8564798653202048
4307.05759148449	300	7.695797187450636	0.0	140881	1181.6936901111612	0.004705182	0.8328983139820466
4308.763202045145	300	7.509771505727836	0.0	157671	1186.0256817228003	0.004705182	0.8094961681244524
4310.60207165488	300	7.685129140325109	0.0	157812	1324.6423654027285	0.004705182	0.8172862422716609
4312.215466528355	300	7.900545273304582	0.0	163927	1284.583867020527	0.004705182	0.8478899340322109
4314.371701893791	300	7.621833046163156	0.0	137654	1278.7122271414255	0.004705182	0.8140639662978347
4315.850553709535	300	7.84616876463927	0.0	146754	1275.6642815238868	0.004705182	0.842067921061896
4317.799755841858	300	7.503161518036882	0.0	153938	1343.0072466023862	0.004705182	0.7929818638146902
4320.956298112089	300	7.507987758832936	0.0	181901	1495.1737592039456	0.004705182	0.7783611177358085
4323.487430568212	300	7.548105772283358	0.0	111155	1459.8819865495793	0.004705182	0.7868437428476694
4326.869482705616	300	7.737704928869216	0.0	153605	3310.400843414141	0.004705182	0.6252020276332562
4329.054027771576	300	7.926258128383528	0.0	149029	1811.446800485688	0.004705182	0.7983784560781275
4332.856022116373	300	7.9868100267226785	0.0	157421	2439.4481016608493	0.004705182	0.743054784654052
4335.534822550358	300	7.7986829217984575	0.0	157488	2188.12710492422	0.004705182	0.7449584708896332
4338.005827259916	300	7.693517303049262	0.0	143881	1605.1656187491947	0.0047109034	0.7902696194309267
4340.44369031128	300	7.787505280271993	0.0	163444	1906.0120227772693	0.004716386	0.7717898543278162
4342.287180448884	300	7.611685706263497	0.0	179328	1675.8195740084955	0.0047292593	0.7731003201469293
4344.761828796991	300	7.933196800007388	0.0	159914	1178.4889062561092	0.0047232993	0.8625309765566931
4347.2083514611895	300	7.90301522683337	0.0	131610	1030.1815731740198	0.0047362917	0.8736351333028473
4348.698789197546	300	7.575966904167974	0.0	124011	1327.048322665397	0.0047872458	0.8035671764742959
4351.517165287739	300	7.618473532416792	0.0	144254	1457.4933717511801	0.004821214	0.7957710462495258
4353.770340518864	300	7.8673272905752745	0.0	149991	1751.1462418415176	0.0048719845	0.7971322086931323
4357.71876696959	300	7.918900839848866	0.0	147968	2448.4264507264093	0.005164111	0.7337720725678665
4361.25237341928	300	7.9323253255086	0.0	161857	1986.5755143402653	0.005371982	0.781614713125217
4365.5905498621305	300	7.594148882658606	0.0	145210	3338.176442849994	0.005659717	0.6046993281131086
4369.280672547246	300	7.904026197543943	0.0	172312	3190.122685114664	0.005890227	0.6577658485958988
4372.54033966228	300	7.801857685683901	0.0	167025	2602.1685118600417	0.0063113486	0.7039463243647226
4375.454965360618	300	7.548294100101973	0.0	160064	1753.563585581927	0.006505123	0.757498836140376
4377.915451311061	300	7.7885822482589395	0.0	137507	1759.7118518430345	0.008002283	0.7865528467182893
4381.330963245243	300	7.586213263467434	0.0	118421	2202.368984791505	0.009101373	0.7173002478405517

