13648.443064598376	750	4.0	3.995068697861578	450283	3995.068697861578	0.018943023	-17.004376796153622
13649.935336685707	300	6.507727912669612	0.0	155580	1492.2720873303876	0.18944053	-0.3802325581395349
13651.486869569482	300	7.735631858607427	0.0	139857	1272.0960540621852	0.5071042	0.06976744186046512
13653.96351378056	300	7.762028129796127	0.0	155432	1473.6037288113012	0.6852598	0.06976744186046512
13657.853130373385	750	7.872411536971309	0.0	411561	3389.6165928248174	0.7254425	-0.2755813953488372
13660.358167566706	300	7.761221454005059	0.0	126289	1111.1900829662504	0.6718811	-0.3802325581395349
13663.314750715303	300	7.754853492086175	0.0	153295	2006.3679619188842	0.6302194	0.06976744186046512
13667.12065251754	300	7.948951689848152	0.0	173849	3805.901802238023	0.29033524	0.06976744186046512
13671.295816206095	300	7.77378800129368	0.0	150710	2675.163688554473	0.16527109	0.06976744186046512
13675.227299752345	300	7.64868657170303	0.0	139105	1625.1014295906505	0.08433	0.06976744186046512
13678.405131699576	300	7.817961637317021	0.0	141840	1830.7249343860085	0.0958769	0.06976744186046512
13681.13270197347	300	7.887729959092325	0.0	156148	1930.2316782246955	0.10848573	0.06976744186046512
13684.900884129325	300	7.517308269599344	0.0	160746	1870.4216894929812	0.15206075	0.06976744186046512
13687.047270477833	300	7.76799529042607	0.0	179801	1749.312979173274	0.087914534	0.06976744186046512
13689.18311585675	300	7.728609290385807	0.0	140051	1539.3860000402638	0.15234387	0.06976744186046512
13691.194489034275	300	7.716152405361572	0.0	138313	1512.4568850242335	0.21493402	0.06976744186046512
13695.069370251515	300	7.841271188121846	0.0	143509	2374.8812172397274	0.2542569	0.06976744186046512
13698.934483722083	300	7.976157717552396	0.0	150616	3365.1134705694494	0.123836465	0.06976744186046512
13703.135871152675	300	7.774770286961251	0.0	165384	3701.387430591145	0.04818907	0.06976744186046512
13706.328946275351	300	7.8083818643230005	0.0	140881	1966.3884226382504	0.022126919	0.06976744186046512
13710.151067611028	300	7.9862605286465005	0.0	157671	2322.1213356764993	0.033062212	0.06976744186046512
13713.983948362917	300	7.829224227759534	0.0	157812	2657.0363008869663	0.03687869	0.06976744186046512
13718.850586878889	300	6.962585711787347	0.0	163927	4866.638515972187	0.019185744	0.06976744186046512
13723.242099631269	300	6.571072959407571	0.0	137654	4391.512752379776	0.0050942097	0.06976744186046512
13726.792981241702	300	7.020191348972659	0.0	146754	3550.881610434912	0.004705182	0.06976744186046512
13730.985277963564	300	6.827894627111119	0.0	153938	4192.29672186154	0.0047342656	0.06976744186046512
13735.21563163306	300	6.597540957615259	0.0	181901	4230.35366949586	0.004705182	0.06976744186046512
13737.922879047484	300	7.890293543190939	0.0	111155	2207.24741442432	0.004705182	0.06976744186046512
13741.860904099134	300	7.952268491540519	0.0	153605	3438.0250516504207	0.0047161477	0.06976744186046512
13745.877785509763	300	7.9353870809110525	0.0	149029	3516.881410629466	0.004705182	0.06976744186046512
13750.281202526587	300	7.5319700640880525	0.0	157421	3903.417016822999	0.0047074463	0.06976744186046512
13754.400529305829	300	7.412643284845495	0.0	157488	4119.326779242558	0.004705182	0.06976744186046512
13757.972838320156	300	7.840334270517808	0.0	143881	3072.3090143276872	0.004705182	0.06976744186046512
13762.078654927614	300	7.734517663060068	0.0	163444	3105.8166074577407	0.004710784	0.06976744186046512
13765.348356307397	300	7.824942495570171	0.0	179328	2909.575167489897	0.0047267564	0.06976744186046512
13769.661044526945	300	7.5122542760210544	0.0	159914	2312.6882195491166	0.0047256835	0.06976744186046512
13773.58948331434	300	7.583815488627142	0.0	131610	2928.438787393912	0.0047551244	0.06976744186046512
13777.28497736319	300	7.888321439776305	0.0	124011	3695.4940488508373	0.0047141216	0.06976744186046512
13780.612580245028	300	7.8028936658999735	0.0	144254	2585.427773876331	0.004705182	0.06976744186046512
13783.571219927375	300	7.639661273707194	0.0	149991	2163.2323921927805	0.0047573885	0.06976744186046512
13787.11787467432	300	7.699037569276461	0.0	147968	1440.6237044307336	0.005253982	0.06976744186046512
13790.017561271141	300	7.592209835039647	0.0	161857	1606.827734236815	0.010341277	0.06976744186046512
13791.617976473877	300	7.728431588682015	0.0	145210	1363.7782463576307	0.013749846	0.06976744186046512
13794.30734621555	300	7.7820652484855275	0.0	172312	1446.366340196488	0.020348784	0.06976744186046512
13796.254229158176	300	7.845125401611016	0.0	167025	1436.9398468745112	0.036224607	0.06976744186046512
13798.402725842638	300	7.800848664455163	0.0	160064	2044.2767371558537	0.05817198	0.06976744186046512
13801.827704021332	300	7.635469515410843	0.0	137507	3165.3791490443195	0.032063637	0.06976744186046512
13805.557293959626	300	7.905879577119122	0.0	118421	2229.5899382917205	0.009770611	0.06976744186046512

