13934.148126216212	750	4.0	6.3928079957343495	450283	6392.80799573435	0.01844054	-0.14326093445715588
13935.21721382595	300	6.93091239026107	0.0	155580	1069.0876097389298	0.023724325	0.29971713326809946
13937.630658893	300	7.9451376737770625	0.0	139857	1485.7747164840077	0.009287482	0.8332767580551659
13940.725314177715	300	7.771645254399002	0.0	155432	2173.4924193780603	0.008224765	0.7430835469408995
13942.736288712465	300	7.991739367240846	0.0	163442	1279.9058871581562	0.007691553	0.859617641205463
13944.877595121317	300	7.521620462762221	0.0	126289	970.1189044786244	0.010604429	0.8325498592350358
13947.490244644092	300	7.815889520310277	0.0	153295	1705.7309424519449	0.009570754	0.7953226187627347
13949.825448235875	300	7.991746962131343	0.0	173849	1324.1425581789335	0.010117443	0.8551949118590403
13951.537846283449	300	7.866078440845593	0.0	150710	1125.6685212857506	0.010076278	0.85952578288416
13954.120404218165	300	7.943164246181573	0.0	139105	1422.914194664019	0.012079973	0.8393191473577695
13955.65207177206	300	7.6371524155602275	0.0	141840	1306.0118306213458	0.010963872	0.8132255177875931
13956.789980753052	300	7.686025743751066	0.0	156148	951.1266718091622	0.010605973	0.8547485169707745
13958.780011091156	300	7.994401729291186	0.0	160746	1191.62401445988	0.01288573	0.8687745554094137
13962.918748787037	300	7.855664033411745	0.0	179801	2638.7376958794407	0.01264602	0.7069329786213797
13965.14894490814	300	7.679137934970713	0.0	140051	1676.5260984410313	0.010181074	0.7813581233845431
13967.110177342256	300	7.710356824594621	0.0	138313	968.7811103760926	0.009681237	0.8559872781990273
13968.115097371023	300	7.744122395781049	0.0	143509	966.2344288135718	0.011458888	0.8604110460063226
13970.61284540018	300	7.759591147779221	0.0	150616	984.5312480018285	0.01212154	0.8604913204806994
13973.151280264861	300	7.736982196615027	0.0	165384	1522.608951164195	0.0122883795	0.8038919797246006
13974.677114326338	300	7.656978036837278	0.0	140881	1080.004159777749	0.011151501	0.838274192247531
13976.159969030909	300	7.8134656687497355	0.0	157671	1343.5123680875424	0.0117045	0.8312451986113788
13977.609964647736	300	7.888139009528171	0.0	157812	925.3266592215629	0.010689324	0.8822838296966544
13980.862575569623	300	7.594168041688361	0.0	163927	1293.9709678398094	0.012781766	0.8091222412161725
13981.649700856256	300	7.969925418293347	0.0	137654	624.2426233950134	0.012986125	0.9224905575860525
13986.001895905072	300	7.600269211206274	0.0	146754	1369.656207087073	0.014954414	0.8023070403603094
13987.797338831855	300	7.8438171066791185	0.0	153938	1256.4521045271565	0.012795622	0.8436987750556832
13990.654642011687	300	7.689661004290498	0.0	181901	2154.156102388621	0.0116586685	0.734894426484068
13992.381745922095	300	7.532682568807642	0.0	111155	1156.9784354828541	0.011565401	0.8152297655243187
13994.733835751798	300	7.621700372420184	0.0	153605	910.982196387458	0.010559155	0.8508205878924483
13996.783280371506	300	7.9725319312229335	0.0	149029	1149.168441197252	0.013451882	0.8703198069422006
13998.810091238907	300	7.634264572778078	0.0	157421	1338.2673584448548	0.011976984	0.809643397533931
14001.371710800728	300	7.677726527345822	0.0	157488	1456.5380454322567	0.012499059	0.8031826594866582
14005.486673214002	300	7.562764114072125	0.0	143881	3114.962413273698	0.010514744	0.6231455936699952
14009.776297227972	300	7.273140100101419	0.0	163444	4289.624013970705	0.0089099165	0.4699190026894049
14014.483706433684	300	6.565730894390601	0.0	179328	4707.409205710818	0.0073880837	0.34079531596617285
14017.906874939445	300	7.142562388628769	0.0	159914	3423.1685057618315	0.006815429	0.5404418737448908
14021.0746876367	300	7.974749691375555	0.0	131610	2167.8126972532145	0.0068725753	0.7687292124241148
14023.054302566139	300	7.7789713978351465	0.0	124011	1195.7782935404075	0.006333733	0.8417595324659749
14025.78964125305	300	7.8582204008290555	0.0	144254	1420.750997006091	0.0070227114	0.8290472880827826
14027.121656635616	300	7.614506501999833	0.0	149991	1243.7138988292227	0.0072699534	0.8166591767091939
14029.580431629221	300	7.854269780563378	0.0	147968	1260.2367214364554	0.0076633743	0.8446109249999818
14030.72883308169	300	7.789338238415405	0.0	161857	1064.931542147973	0.0083645405	0.8561242212382454
14032.116626231953	300	7.542176551443805	0.0	145210	747.161686971601	0.010559736	0.8573836805687728
14033.810440316727	300	7.615585226201947	0.0	172312	926.5913252418569	0.013393292	0.8485046262082255
14035.691923929657	300	7.878454814003648	0.0	167025	1237.130412198299	0.014894316	0.849907728256544
14037.441768638464	300	7.630709088465701	0.0	160064	1247.7457255379468	0.015195631	0.8182565583767089
14039.819068599558	300	7.808108571053762	0.0	137507	1322.6005174119384	0.015478474	0.832674932580968
14041.320317499085	300	7.89483386713055	0.0	118421	913.2747039232137	0.015003764	0.8843156520985702

