13703.931597969307	750	4.0	1.6132241480558394	450283	1613.2241480558394	0.06780395	-6.762445231988946
13704.551755037734	300	7.379842931572882	0.0	155580	620.1570684271185	0.45189553	-0.3802325581395349
13706.653632326288	750	7.885594838317615	0.0	350812	1494.2480932552664	0.3672774	-0.2755813953488372
13709.17756069664	750	7.652445236484916	0.0	382355	1733.149601832697	0.064863205	0.1744186046511628
13711.340537320022	750	7.626346356730727	0.0	411561	2026.0988797541913	0.08534837	0.1744186046511628
13712.705913456264	750	7.552097084120715	0.0	318564	1074.2492726100113	0.066703245	0.1744186046511628
13714.043449159377	750	7.8388926882325265	0.0	352642	1213.204395888188	0.054176025	0.1744186046511628
13717.043697400197	750	7.615934216683741	0.0	437162	2222.958471548786	0.045914352	0.1744186046511628
13718.949168984911	750	7.89184330416322	0.0	374758	1724.0909125205217	0.047982253	0.1744186046511628
13722.0525131795	750	7.6258615572647015	0.0	362795	1765.9817468985184	0.041483685	0.1744186046511628
13725.681592905872	750	7.695002913174098	0.0	353220	2930.8586440906042	0.043673627	0.1744186046511628
13729.378933039514	750	7.780443387493551	0.0	405134	2914.5595256805464	0.053961843	0.1744186046511628
13733.229642532553	750	7.929733894453597	0.0	386351	3350.709493039954	0.059479654	0.1744186046511628
13737.308930275347	750	7.850446151660741	0.0	434409	4079.2877427928565	0.084670596	0.1744186046511628
13741.439268215456	750	7.720108211552209	0.0	337059	3130.3379401085317	0.14719358	0.1744186046511628
13744.025662391983	750	7.75846906768993	0.0	366214	2461.6391438622795	0.1921844	0.1744186046511628
13747.600917865004	750	7.983218857061856	0.0	360831	2275.2502106280745	0.17137799	0.1744186046511628
13749.919183791208	750	7.659088429807347	0.0	372963	1824.1304272545083	0.11497082	0.1744186046511628
13752.046019547906	750	7.712738386732704	0.0	405596	1946.3500430746433	0.07876113	0.1744186046511628
13759.014145945306	750	4.744611989332104	0.0	350713	6968.126397400601	0.0569956	0.1744186046511628
13760.498039408052	300	7.260718526585959	0.0	157671	1483.893462746145	0.28344053	-0.3802325581395349
13763.839826133106	750	7.918931801531662	0.0	399894	3341.786725054297	0.6967485	-0.2755813953488372
13767.150060030046	750	7.610960983423032	0.0	401853	2807.970818108629	0.26295745	0.1744186046511628
13770.338801706226	750	7.6027216847495405	0.0	343800	2508.2392986734912	0.47716007	0.1744186046511628
13771.940167472	750	7.597289995365723	0.0	359903	1505.4316893838163	0.0867233	0.1744186046511628
13772.592216262254	300	7.579232590733071	0.0	153938	518.0574046326536	0.14286627	-0.3802325581395349
13774.52425284292	750	7.550210079060678	0.0	425781	1529.0225116723914	0.0763996	-0.2755813953488372
13775.505320023063	750	7.741183504486897	0.0	277716	809.0265745737828	0.043926448	0.1744186046511628
13777.298367867179	750	7.575679827713835	0.0	400396	1165.503676773062	0.03517104	0.1744186046511628
13778.614382333177	750	7.94644467388647	0.0	400508	1129.2351538273654	0.036979586	0.1744186046511628
13780.329052785297	750	7.852499141910852	0.0	358218	1593.945531975618	0.039109886	0.1744186046511628
13784.61668246539	750	7.564869461816994	0.0	400322	3287.6296800938585	0.03330274	0.1744186046511628
13788.285902281748	750	7.895649645458183	0.0	369834	3169.219816358811	0.056844797	0.1744186046511628
13790.948599956531	750	7.863088011864833	0.0	412837	2532.5616335933505	0.059618115	0.1744186046511628
13793.917276615679	750	7.563817669386008	0.0	401088	2299.270342478824	0.07532934	0.1744186046511628
13795.99893528828	750	7.512691543920227	0.0	365161	2051.12612546578	0.10031251	0.1744186046511628
13797.878131732708	750	7.84835954727412	0.0	321064	1664.3319966461074	0.0728302	0.1744186046511628
13800.467625341327	750	7.631044957354803	0.0	361565	1717.3145899193157	0.04725182	0.1744186046511628
13802.36908861775	750	7.601402804994439	0.0	378327	1529.6421523603644	0.045956712	0.1744186046511628
13804.27324435071	750	7.510235533545067	0.0	390680	1591.1672714493725	0.03843917	0.1744186046511628
13806.292293069406	750	7.572205447953556	0.0	345516	1438.0300855915098	0.03825853	0.1744186046511628
13807.978177637173	750	7.549772414120951	0.0	384505	1522.4330338326054	0.035973556	0.1744186046511628
13809.787605565394	750	7.731784292977985	0.0	372093	1317.988121142966	0.035053343	0.1744186046511628
13811.606714506333	750	7.57294968304708	0.0	438281	1658.834609930906	0.032056477	0.1744186046511628
13813.194219261952	750	7.8293344612424844	0.0	398987	1243.615221804596	0.034120537	0.1744186046511628
13814.628451827619	750	7.639162926315698	0.0	393804	1190.171534926787	0.030504286	0.1744186046511628
13815.774019980136	750	7.728409408426687	0.0	331053	910.7535178890115	0.03281039	0.1744186046511628
13816.892212459952	750	7.7017205288336354	0.0	314107	1026.688879593052	0.032928474	0.1744186046511628

