12651.891113348602	750	4.0	2.148641230861048	450283	2148.641230861048	0.044710107	0.2185358769138952
12652.977806077606	300	6.913307270993737	0.0	155580	1086.6927290062629	0.75866055	0.11364985920351466
12653.924798874596	300	7.582477833357409	0.0	139857	830.8294376363284	0.11802952	0.6543130255303753
12655.754739050819	300	7.710589401083006	0.0	155432	1371.8884322744022	0.09519924	0.6126659760278821
12657.18677234428	300	7.7885986453913505	0.0	163442	1421.9907556916542	0.09092334	0.6152421426951434
12659.192502273714	750	7.7207549781591185	0.0	318564	1567.8436672322302	0.07819336	0.18845905490275125
12660.67220305474	300	7.559847694946647	0.0	153295	1160.9072832124716	0.6144451	0.16910446001231427
12661.65076010443	300	7.829965904658289	0.0	173849	729.8817902883592	0.06410119	0.6884760051991827
12662.55421707091	300	7.652575108369547	0.0	150710	677.3907962887426	0.08303869	0.6764738496600642
12664.401162490904	750	7.657135383318779	0.0	362795	1495.4397250507693	0.09549083	0.18951244352267427
12666.096638563602	750	7.565150199190764	0.0	353220	1591.9851841280133	0.66144454	0.6209123384585006
12667.241532795473	300	7.849448556190191	0.0	156148	715.7016430005735	0.63358897	0.24178870778943878
12668.735952036666	300	7.5818352967803895	0.0	160746	767.613259409802	0.07860592	0.6605721566709127
12671.278174923764	300	7.569126786871318	0.0	179801	1512.7085099090705	0.083322115	0.5848267290323286
12673.048703140648	300	7.943619833674276	0.0	140051	1125.5069531970419	0.06800935	0.6599663335051192
12673.94242740358	300	7.7342683769527865	0.0	138313	709.3514567214893	0.059599616	0.6812224539865095
12674.932339975574	300	7.7364985465098925	0.0	143509	497.7698304428941	0.06568912	0.7025975006037977
12676.304730151805	300	7.65637480531921	0.0	150616	1080.123741190682	0.09116987	0.636570075698225
12677.54018100293	300	7.85478251622826	0.0	165384	801.5922890909507	0.06613794	0.6837183707941032
12678.513081332057	300	7.865261685130852	0.0	140881	489.5208310974073	0.07471638	0.7159446157692346
12679.783351182154	300	7.866816571097723	0.0	157671	498.4451140331289	0.1085538	0.7152034001359406
12681.108824451194	300	7.77999220445938	0.0	157812	1086.824366638343	0.104834385	0.6479218052198404
12683.279463339999	300	7.768997216057676	0.0	163927	1010.9949884017038	0.07194708	0.6544354804214387
12685.523653620949	300	7.856724102034563	0.0	137654	1412.2731140231137	0.06805386	0.6228391075205499
12688.079056451166	300	7.519981208439662	0.0	146754	1836.7428935949013	0.060221598	0.547643883161267
12690.521113396544	300	7.723282723111402	0.0	153938	796.6984853282603	0.046956506	0.6714193962897579
12693.13661447857	300	7.618211369222885	0.0	181901	1605.071353888517	0.05518962	0.5803639202680739
12696.946751675336	300	7.678357634659393	0.0	111155	1439.8537345634925	0.049674034	0.6027349065142766
12701.05418672113	300	7.570922588864165	0.0	153605	3607.4350457952273	0.040800232	0.37552871718751735
12703.286732701054	300	7.523508938901197	0.0	149029	1547.413649962968	0.031771928	0.5769198793118446
12704.240411827177	300	7.744235521819021	0.0	157421	779.2734170821766	0.029972482	0.6751995627886821
12706.16431693529	300	7.714485812783488	0.0	157488	529.7497090355308	0.043147035	0.6972587743896412
12709.043065956717	300	7.772189035109189	0.0	143881	1942.296777674298	0.073568374	0.5616157058969389
12711.225840713449	300	7.734027778619697	0.0	163444	2038.161256489493	0.045708563	0.5483180758218162
12711.977236801902	300	7.72063640801415	0.0	179328	513.3913706055457	0.034296013	0.6994927536188216
12712.546145485036	300	7.690184496870606	0.0	159914	530.4519111435433	0.09607386	0.6948252512063121
12712.998035722223	300	7.743467716772446	0.0	131610	446.7167800981609	0.08846442	0.7083805574463042
12713.58101367753	300	7.674565458162997	0.0	124011	568.9022586094494	0.09835749	0.6894612649454065
12716.889345470685	300	7.9624374334346575	0.0	144254	1712.12802472834	0.10912631	0.6031342379286865
12720.987005781157	300	7.864777122963531	0.0	149991	2597.660310471126	0.078999266	0.5050835441610908
12723.595368138953	300	7.997527941015196	0.0	147968	1367.2491819483353	0.05317601	0.6410346740688944
12726.713423465791	300	7.919056960517539	0.0	161857	1578.4709804976574	0.045917135	0.6122811913605649
12730.682260721303	300	7.950219705006093	0.0	145210	2968.8372555114447	0.053669132	0.47627514076069816
12736.779425585763	300	5.85305484054744	0.0	172312	6097.164864458653	0.045349408	-0.04050690320262673
12739.465855357088	300	7.1666250692214435	0.0	167025	2686.429771325997	0.040252406	0.42831131084918567
12741.280405407575	300	7.635358148797346	0.0	160064	1531.2669204240972	0.024074735	0.5894118879281323
12742.567233957741	300	7.718585438746275	0.0	137507	916.7727100510718	0.02797533	0.6589551629129681
12743.154958950581	300	7.689750866883114	0.0	118421	528.834571863162	0.04446114	0.6949448146180667

