8459.567432331869	750	4.0	4.034106319630938	450283	4034.106319630938	0.004705182	-17.253699783038602
8461.674141328875	300	5.883698661312633	0.0	155580	1116.3013386873674	0.12219365	-0.3156276806257516
8463.524730449251	300	5.518607830148212	0.0	139857	865.0908311644214	0.4843062	0.17339219720789137
8466.944532034604	750	5.531456282213582	0.0	382355	2987.15154793463	0.74646753	-0.32446234515310024
8469.315338885808	750	5.842377808570012	0.0	411561	2189.0784736435708	0.7206514	0.17130495983354962
8470.837958488974	750	5.88693219096828	0.0	318564	1455.445617601731	0.45937622	0.2576530482931553
8473.228244841956	750	5.780376035908522	0.0	352642	2106.5561550597586	0.7499316	0.17801566746715186
8475.814493430466	750	5.719116835814841	0.0	437162	2061.259200093681	0.59490514	0.1819276294718087
8477.72617849133	750	5.570769037740325	0.0	374758	1148.3477980745154	0.59780157	0.3265561188246094
8479.892217994222	750	5.634417865239502	0.0	362795	1436.3511725008225	0.6629589	0.2610782148401005
8481.448559955603	750	5.656091073594854	0.0	353220	1478.3267916446487	0.63085735	0.2536651585559171
8483.41056270302	750	5.58409725135396	0.0	405134	1571.9938222408932	0.64589155	0.23855055579380946
8485.81136642982	300	5.513699874392394	0.0	160746	1070.3973769615664	0.679353	-0.30986512744847106
8488.384343284644	300	5.677414669600102	0.0	179801	1836.2852047922918	0.5090586	0.08168665717533077
8489.627272665428	750	5.95429573747408	0.0	337059	1223.1189321260215	0.2609533	-0.14340675697973526
8491.489299095787	750	5.598187765672938	0.0	366214	1356.1079718011429	0.65887403	0.27652665407012983
8492.375233884375	300	5.9081795625072155	0.0	143509	690.0082031657224	0.6596507	-0.23261128010970356
8495.120717872102	750	5.908400918605781	0.0	372963	1999.7786439014349	0.5551878	-0.26247924556869956
8496.054504435078	300	5.724360237479999	0.0	165384	684.0406811257827	0.70020723	-0.23071479644583054
8497.69101469825	750	5.930978104069775	0.0	350713	1293.382133410225	0.474015	-0.16006248631930003
8499.533212066222	750	5.596443527863807	0.0	386472	1334.5345762059678	0.6732663	0.2809968409107174
8500.674687766175	750	5.684537007020748	0.0	399894	911.9065208430586	0.71212167	0.41122636084816244
8501.96600237972	750	5.983664294553235	0.0	401853	1200.8727124675136	0.6107355	0.312272896291783
8503.40820768347	750	5.692782664767546	0.0	343800	1290.8816297856886	0.7095037	0.29049913744783656
8504.569127648523	750	5.612984433373422	0.0	359903	1079.798231394124	0.69686353	0.3472871033654488
8506.133981740624	300	5.716118244601596	0.0	153938	396.86618877182667	0.71157074	-0.07203885278259203
8506.903487857684	300	5.815359195086334	0.0	181901	400.75904951526235	0.56133294	0.3742897388878238
8507.301085627314	300	5.9759338775445645	0.0	111155	339.42531754176923	0.590753	0.441923428359292
8508.455700111277	300	5.6427128566057	0.0	153605	333.2210209388652	0.48641938	0.4501516728367504
8509.58453607961	300	5.77399153245235	0.0	149029	868.7213241533487	0.51783186	0.17266756994389335
8510.788452757919	750	5.642090510386766	0.0	358218	1131.901022065583	0.2781867	-0.11869894744359344
8512.277219404004	300	5.778715005966122	0.0	157488	863.375504420644	0.7121285	-0.276263312739391
8513.04459593678	300	5.87772234890996	0.0	143881	400.9926570561609	0.1635689	0.37407168774911453
8513.855080088279	300	5.92567227302121	0.0	163444	452.0500758887505	0.3641966	0.3318216454340669
8514.540415759784	300	5.997221451073925	0.0	179328	428.4508219472843	0.43928418	0.35009852313565104
8515.044001859862	300	5.528870758812544	0.0	159914	468.35069226138205	0.46582198	0.3202728264919195
8515.53129149046	300	5.597843685922728	0.0	131610	431.02707288981566	0.33273143	0.3480059825345236
8516.388706667403	300	5.647267385805491	0.0	124011	450.57630011723677	0.23152202	0.3329069903609468
8517.793574484424	300	5.938252958707571	0.0	144254	709.0144270979204	0.1971603	0.2115612803733313
8518.667813474407	300	5.709060134676645	0.0	149991	729.1928240309251	0.08895591	0.20570690639934014
8519.974486507934	300	5.518246648390817	0.0	147968	690.8134862858269	0.051810198	0.21713530928077002
8520.88489743913	300	5.875971032912839	0.0	161857	642.275615477979	0.03490444	0.23354459734295
8521.634661384785	300	5.810156631944217	0.0	145210	565.8144009686225	0.0560155	0.2651045992170113
8522.6682922414	300	5.505316061980018	0.0	172312	804.8405699641991	0.057694912	0.18637231471404617
8523.631518482798	300	5.568097993606165	0.0	167025	937.2180683738538	0.028984994	0.16004813080509817
8525.069460280607	300	5.702131176714456	0.0	160064	865.9668168917085	0.01749895	0.17321679892817177
8526.182347688973	300	5.786674943989085	0.0	137507	915.4562327253705	0.014923923	0.16385272680206744
8530.170624621756	300	5.7983980112050375	0.0	118421	988.2769327840457	0.008386719	0.15177931916051043

