10570.751567194235	750	4.0	4.717391294739914	450283	4717.391294739914	0.55036974	-20.33140241056348
10572.206497330762	300	6.545069863471299	0.0	155580	1454.9301365287008	0.15676817	0.050523384595987486
10575.490137767087	750	7.261429427147555	0.0	350812	3283.6404363237434	0.6804439	-0.03932840946592048
10579.609187626715	750	7.142379567518605	0.0	382355	4119.049859628951	0.13555399	0.3156719617642343
10584.898316247993	750	5.8532509462410935	0.0	411561	5289.128621277511	0.17230247	0.07458396742689455
10588.500848764083	750	6.250718430150749	0.0	318564	3602.532516090345	0.5923455	0.28150028217141326
10591.650398374544	750	7.101168819689153	0.0	352642	3149.5496104615945	0.38394785	0.40865540462216227
10595.757575433401	750	6.993991760832538	0.0	437162	4107.177058856616	0.16955256	0.30257674412551694
10599.17636827774	750	7.575198916493735	0.0	374758	3418.792844338803	0.15482336	0.42735702534740255
10602.999604655177	750	7.751962539056862	0.0	362795	3823.236377436873	0.10564344	0.4039263747932554
10609.30578077653	1200	5.445786417703116	0.0	607410	6306.176121353746	0.08771487	-0.4922709130595119
10613.534848338077	750	5.216718856155987	0.0	405134	4229.067561547129	0.46777588	-0.3306768751843511
10615.332504756198	300	7.419062438035125	0.0	160746	1797.656418120862	0.6957841	0.10037355081417415
10620.530852116493	750	6.220715077739738	0.0	434409	5198.347360295386	0.6029922	-0.33096905955927897
10627.531728806947	750	4.0	0.7801616127139887	337059	7000.876690453727	0.6414692	-3.6296633174233826
10629.44718141384	300	6.084547393105511	0.0	138313	1915.4526068944892	0.038694434	-0.03985468191347241
10631.799254120797	300	7.732474686149652	0.0	143509	2352.0727069558593	0.12777692	0.525098212664501
10635.940209036014	300	7.591519770931269	0.0	150616	2640.9549152183827	0.28465855	0.482642918507771
10639.12913310967	300	7.920074202215721	0.0	165384	2171.4455687155487	0.05554516	0.5612175965045239
10642.200943665264	300	7.517908257987763	0.0	140881	1902.1659442279577	0.22658487	0.5494366224971965
10644.237144160146	300	7.654630330529595	0.0	157671	1363.277927458169	0.63924134	0.6164850815099701
10648.32577738322	750	7.5659971074556145	0.0	399894	3588.6332230739804	0.61369854	-0.04051269727006196
10652.496284242527	750	7.395490248149313	0.0	401853	4170.506859306301	0.11510234	0.33488845703831555
10656.565548212904	750	7.326226277770965	0.0	343800	4069.263970378349	0.09794162	0.3383460088128827
10659.91158051698	750	7.980193973693675	0.0	359903	2846.03230407729	0.21641588	0.5236143212195703
10663.89497896772	750	7.996795522954834	0.0	379700	3483.398450738841	0.13880306	0.461475624837263
10669.30939862051	750	6.5823758701666355	0.0	425781	5414.419652788198	0.093898274	0.13223398002110343
10671.66867120445	750	7.960328006339962	0.0	277716	2122.047863826673	0.6147349	0.5941006429504139
10675.855974760298	750	7.630288650473036	0.0	400396	3330.0393558669257	0.21500865	0.4415348246944235
10680.232827905702	750	7.253435505068674	0.0	400508	4376.853145404362	0.11187007	0.300580895396474
10683.548882568268	750	7.93738084250291	0.0	358218	3316.0546625657635	0.13303383	0.47249127206334346
10686.984810657324	750	7.70450272545062	0.0	400322	3232.878117052289	0.10552317	0.4583941389769775
10691.17309233351	750	7.516221049263915	0.0	369834	3688.2816761867048	0.14275315	0.39473145434833906
10695.100725447202	750	7.588587935572508	0.0	412837	3927.6331136914064	0.088200375	0.3777617069568811
10699.276015294623	750	7.413298088151627	0.0	401088	4175.289847420881	0.11133424	0.3361241833872748
10705.090973974504	750	5.5983394082699105	0.0	365161	5814.958679881716	0.0837995	-0.0025345682735581354
10709.55411897439	750	5.135194408382663	0.0	321064	4463.144999887248	0.26715487	0.08806855875870312
10710.897749245185	300	7.791564137588799	0.0	124011	1343.6302707938635	0.11263582	0.1816298842039521
10714.819299994824	750	7.870013387949422	0.0	378327	3421.550749639376	0.41722172	0.005457468075535543
10718.133854876307	750	7.706505678459962	0.0	390680	3163.5077094894605	0.08231638	0.46552396627293613
10721.983231683562	750	7.857128871206238	0.0	345516	3349.3768072537246	0.09887911	0.4614347127016398
10725.944508325936	750	7.895852228831214	0.0	384505	3961.276642375023	0.08911772	0.40397189706929904
10729.956677757576	750	7.570617756823307	0.0	372093	3325.2344720079072	0.07960259	0.43627192067299614
10734.022438415017	750	7.504857099382096	0.0	438281	4065.7606574412116	0.12601104	0.3558897629264173
10737.74093336404	750	7.786362150358216	0.0	398987	3718.49494902388	0.10461101	0.41771151993867667
10741.542852993494	750	7.984442520904803	0.0	393804	3801.919629453413	0.07644257	0.42843451625622575
10745.889025302535	750	7.638270211862983	0.0	331053	3346.172309041822	0.08865189	0.44068976387589665
10749.652087907323	750	7.875207607074446	0.0	314107	3763.0626047885366	0.09001069	0.42180623214843344

