7885.701746071486	750	4.0	6.6911010369313795	450283	6691.10103693138	0.15680906	-29.01572527620593
7887.540808591791	300	6.160937479695716	0.0	155580	1839.0625203042848	0.04554335	-0.02486303922331412
7889.769015239386	300	7.791915958355676	0.0	139857	1369.0215213400395	0.25791687	0.6291246223043442
7893.337961687085	750	7.922035273793968	0.0	382355	2869.880684561707	0.54083943	0.06563164115815528
7898.034663746826	750	7.225333214053638	0.0	411561	4696.702059740331	0.20484376	0.2658911260069384
7904.484454997847	750	4.775541963031904	0.0	318564	6449.791251021734	0.26969978	-0.1452130294595762
7908.913261389446	300	4.34673557143232	0.0	153295	4428.806391599584	0.20104818	-0.45845645462559287
7912.802853556332	300	4.457143404547735	0.0	173849	3889.592166884585	0.0067152916	0.056091849255577864
7917.972250301275	300	4.0	0.7122533403966299	150710	5169.396744944365	0.00617035	-3.178578552742473
7922.82626896344	300	4.0	0.8540186621649919	139105	4854.018662164992	0.00471285	-3.7566316280684924
7926.880732862954	300	4.0	0.05446389951377387	141840	4054.463899513774	0.004705182	-0.23859067240313275
7931.20469315663	300	4.0	0.3239602936756328	156148	4323.960293675633	0.005543621	-1.4243748067153121
7935.221495942496	300	4.0	0.01680278586684699	160746	4016.802785866847	0.004705182	-0.0728817723566546
7938.683468236748	300	4.538027705748278	0.0	179801	3461.972294251722	0.004705182	0.10663904389508116
7941.028594878408	300	6.192901064089167	0.0	140051	2345.126641659111	0.00506543	0.37760708054290393
7943.401894062852	300	7.819601879644039	0.0	138313	2373.299184445127	0.015157866	0.5313616578828586
7947.265504391924	300	7.9559915505731205	0.0	143509	2863.6103290709193	0.056626566	0.4954582067170695
7951.316061562892	300	7.905434379604289	0.0	150616	4050.5571709688325	0.05247224	0.3718973364503122
7954.579957201135	300	7.937069332256008	0.0	165384	2468.3650473482803	0.027029872	0.5331614495295016
7956.197377672692	300	7.546124453923745	0.0	140881	890.9448783322617	0.10812612	0.6532745705228558
7958.542861224437	750	7.786620508063867	0.0	386472	2259.503945859879	0.31149167	0.11363548748253474
7961.718956584248	750	7.536562550001017	0.0	399894	2750.057958062849	0.6716163	0.490511719092125
7965.0033828765945	750	7.672368123801499	0.0	401853	2864.1944261995177	0.499097	0.4921695155522464
7967.283144375254	750	7.667603340896121	0.0	343800	2004.7647829053785	0.5849598	0.5776538640257967
7970.969571027811	1200	7.9811766883386115	0.0	587236	3686.426652557509	0.628218	0.013738274625394009
7974.89911750662	1200	7.7621151615389685	0.0	590335	3219.0615267996427	0.5058378	0.4893898623273476
7978.494925404828	1200	7.714453631440445	0.0	696376	3547.6615300985236	0.7003895	0.4519423846974475
7982.538789689503	1850	7.6705893467660315	0.0	758197	4043.864284674413	0.73545897	-0.21713383315386303
7989.109370344496	1850	5.100008691773661	0.0	972798	6570.58065499237	0.22586684	-0.0672268261146507
7992.110958573111	750	6.098420463157572	0.0	400508	3001.588228616089	0.6514483	-0.7730641442411805
7996.200810936397	750	6.0085680998717494	0.0	358218	4089.8523632858223	0.19541603	0.20946104858576792
7998.348219630841	750	7.861159405427648	0.0	400322	2147.4086944441024	0.33408898	0.5820194675549006
8002.393712402229	1200	7.509133354795082	0.0	584349	3352.026050632565	0.610188	0.0017436189626381382
8006.083016088043	1200	7.819829668980056	0.0	670129	3689.3036858150263	0.47776854	0.44792073440179414
8011.240091991935	1200	6.662753765088095	0.0	690253	5157.0759038919605	0.46859795	0.18977362093257544
8014.133480130446	750	7.769365626577388	0.0	365161	2393.3881385107065	0.6658049	0.09858626595260675
8017.139282515022	1200	7.578081654274607	0.0	487812	2691.28397230278	0.66221905	0.07445418022537242
8020.828506345754	1200	7.888857823541784	0.0	575591	3689.2238307328234	0.4456386	0.4545727594836296
8024.824244832621	1200	7.893119336675303	0.0	605884	3995.738486866481	0.41432124	0.42433146942953165
8028.731846926316	1200	7.985517242979405	0.0	587506	3907.6020936958976	0.4047452	0.4420385139071562
8032.043878534879	1200	7.918042807483176	0.0	566904	3067.474435496229	0.33191824	0.519556787407422
8036.288525207572	1200	7.673396134789718	0.0	641452	4244.646672693458	0.4300254	0.3782920389820363
8041.677905892138	1200	6.284015450223201	0.0	599477	5389.380684566518	0.45431012	0.13008914278379902
8046.384053265544	1200	5.577868076818142	0.0	634861	4706.147373405059	0.19587757	0.13044497392119225
8049.000900761227	750	6.961020581135086	0.0	398987	2616.8474956830555	0.1424338	-0.0015638136701655037
8052.175725125866	750	7.6143981320227505	0.0	393804	2346.6224491123353	0.34456033	0.5383470346225081
8055.045941520309	750	7.878390940064719	0.0	331053	2736.0071919580314	0.7293039	0.5248181729071422
8058.441005149802	750	7.682963631060522	0.0	314107	2195.4273090041966	0.41162363	0.5600660570785934

