4863.476143501286	750	4.0	3.974865311257283	450283	3974.865311257283	0.43080887	-17.064288083239905
4866.0643066685	750	5.411836832786868	0.0	398865	2588.163167213131	0.31364587	0.302193894774907
4868.056531978529	750	7.419611522757528	0.0	350812	1992.2253100293408	0.2629946	0.555038312496477
4871.25189652533	1200	7.634556196056896	0.0	617681	2785.055326700631	0.9044188	0.07051278463529986
4876.107241507581	1850	6.779211213805311	0.0	996749	4855.344982251584	0.5658368	-0.3840780773573297
4880.424947331018	1850	6.461505390367973	0.0	801058	4317.705823437338	0.124826446	0.2891062862082636
4884.91317230332	1850	5.973280418066861	0.0	905515	4488.224972301113	0.21302643	0.2250621540535685
4890.009314715917	1850	4.877138005469698	0.0	1060487	5096.142412597163	0.3803329	0.058765437250848374
4894.676553065877	1850	4.20989965551049	0.0	852833	4667.238349959208	0.7945801	0.03743338196530166
4899.23065032255	1850	4.0	0.34419760116320774	913888	4554.097256673698	1.1851499	-1.4515052778922757
4902.45808760846	1200	4.772562714089988	0.0	607410	3227.437285910012	1.1679509	-0.4491955882641121
4904.177079834713	750	7.053570487836953	0.0	405134	1718.992226253035	0.7762495	0.09712974864718105
4908.379172244855	1850	6.851478077694918	0.0	946851	4202.092410142034	0.7002364	-0.7617970510606716
4913.554949983072	1850	5.675700339477657	0.0	1036454	5175.777738217262	0.107077055	0.12766445132410675
4918.025348094949	1850	5.205302227601492	0.0	821631	4470.398111876165	0.39157063	0.15292605258795489
4920.80830044666	1200	6.42234987588962	0.0	587876	2782.952351711871	0.91750324	-0.24595317574514414
4924.907055621377	1850	6.323594701173087	0.0	966699	4098.7551747165335	0.7691245	-0.35227271198063465
4928.057621940595	1850	7.173028381954856	0.0	885714	3150.566319218231	0.10455384	0.47430514606539365
4931.490963986998	1850	7.739686335551393	0.0	987708	3433.342046403464	0.023260254	0.5005690556203449
4934.993778008124	1850	7.807967656323255	0.0	923755	3431.718679228137	0.015164538	0.5073035482969548
4939.249187921339	1850	7.552557743107119	0.0	891604	3755.4099132161364	0.018819518	0.45035092586539255
4943.841294571807	1850	6.960451092639411	0.0	955231	4592.106650467708	0.03297803	0.3096903034108989
4948.745511203421	1850	6.056234461025581	0.0	968026	4904.216631613829	0.07227287	0.19144741053237663
4952.582682157125	1850	6.219063507321894	0.0	874175	3837.1709537036877	0.23677069	0.3138244620250849
4956.810413418713	1850	5.991332245733821	0.0	897976	4227.731261588073	0.11237033	0.25284903437971007
4960.588314238096	1850	6.2134314263500965	0.0	905935	3777.900819383724	0.19896881	0.3192093811609783
4971.59808002947	1850	4.0	4.796334365023313	1076599	11009.76579137341	0.087020844	-21.2412602159607
4972.12101521041	300	7.477064819059099	0.0	111155	522.9351809409006	0.27020985	-0.866571529327125
4975.054837996308	750	7.979319717302369	0.0	400396	2497.7451017567305	0.6852483	0.10835889326458278
4979.190282710517	1200	7.843875003094487	0.0	641447	3635.4447142078816	0.6084869	0.005621022732769709
4983.097139993384	1200	7.551207484335228	0.0	570392	3292.667518759259	0.5384915	0.4617291556952554
4987.520835369344	1200	7.1275121083758535	0.0	620283	4423.695375959374	0.67488134	0.30784520085801836
4992.435398918668	1200	6.2129485590506155	0.0	584349	4914.563549325238	0.5709007	0.1707305859816759
4998.529200449169	750	4.119147028549798	0.0	412837	6093.8015305008175	0.33661592	-0.6227928276977972
5000.894244316055	300	5.754103161664551	0.0	179328	2365.043866885247	0.056482308	-0.11661944670596655
5002.288213512007	300	7.862765678577718	0.0	159914	1391.3374830868327	0.20853615	0.6337123935011895
5005.930375649942	750	7.928000418543532	0.0	321064	2434.7652600341853	0.5140017	0.10971733568016198
5008.915593910934	750	7.889089712497494	0.0	361565	2538.910706046038	0.2085177	0.5455575906973558
5014.580881202836	750	6.22380242059578	0.0	378327	5665.2872919017145	0.44971353	0.0726341075945004
5016.854363876671	300	7.950319746761164	0.0	149991	1773.4826738346148	0.5871734	0.15392505457536942
5019.613802896404	300	7.8281390592356495	0.0	147968	1622.1806875255156	0.6852532	0.6072952209671862
5021.762011571137	300	7.837663835973552	0.0	161857	1490.475223262098	0.42593223	0.6213825381514639
5024.3688990177325	750	7.813086847911043	0.0	372093	2524.576988062509	0.70626235	0.08967559902950245
5027.529854861327	750	7.848764164879853	0.0	438281	2964.3226830311914	0.23505668	0.499135012482435
5032.2014455824265	1200	7.1771734437814985	0.0	630203	4671.590721098354	0.58932793	-0.16216437278616497
5036.245165536096	750	7.133453490112597	0.0	393804	4043.7199536689013	0.655033	-0.12765419289576846
5039.619717754394	750	7.758901271814287	0.0	331053	2874.5522182983095	0.11693916	0.4994626517461874
5042.056649892647	750	7.823683181502165	0.0	314107	2435.218090312123	0.11674723	0.5496313981467746

