19849.27716651897	750	4.0	4.838144007766586	450283	4838.144007766587	0.18275833	-20.86271434788084
19850.868005845176	300	6.409160673793575	0.0	155580	1590.8393262064255	0.0169359	0.023851049206611713
19853.18369772475	300	7.705806415296815	0.0	139857	1203.3542584967608	0.050375476	0.637403205650744
19855.161193601434	300	7.923227225491215	0.0	155432	1282.5791898055993	0.23150997	0.6504077165261352
19857.151862777584	300	7.645350947504048	0.0	163442	1277.8762779871665	0.5694457	0.62413209512727
19858.449469608015	300	7.867944048119915	0.0	126289	1277.4068993841333	0.47470683	0.6456038759186268
19860.21781766309	300	7.723869967005268	0.0	153295	1144.0740811146466	0.15422451	0.6450698610963228
19862.456415902037	300	7.61670784406388	0.0	173849	1607.1621229413893	0.587666	0.5884465788555904
19863.767773965203	300	7.871746860931073	0.0	150710	1244.9609831328073	0.3318092	0.6492144926674036
19866.331119629223	750	7.583272568938671	0.0	362795	1788.4742919924017	0.70168227	0.14116597895137262
19868.429679907073	750	7.641428106528358	0.0	353220	1441.8444624103129	0.35820755	0.6314264995465644
19872.246193362887	1850	7.824914650711994	0.0	917428	3816.5134558163636	0.6173991	-0.629544761585654
19876.63011607428	1850	7.440991939320601	0.0	946851	4383.922711391393	0.005983069	0.3767613086241573
19881.08250974271	1850	6.988598270889793	0.0	1036454	4452.393668430808	0.009220323	0.3263708000187546
19884.522364384557	1850	7.548743629041565	0.0	821631	2939.854641848228	0.008815137	0.5315393401197555
19888.488871957485	1850	7.58223605611317	0.0	923170	3466.507572928394	0.004705182	0.48209773178635035
19893.965199683073	1850	6.10590833052463	0.0	966699	5476.32772558854	0.004705182	0.1390174684255816
19901.60405665637	1850	4.0	1.5329486427745633	885714	7638.856973299194	0.056336418	-6.871610728483654
19902.383327354044	300	7.220729302326317	0.0	165384	779.2706976736823	0.12829651	-0.9168776704403061
19905.826577849184	750	7.7774788071862275	0.0	350713	1943.2504951400895	0.20910561	0.14438093329041166
19909.499074772266	750	7.998037291173365	0.0	386472	3279.4415160128633	0.263993	0.4819908399345886
19913.155573018867	750	7.741315833256947	0.0	399894	3256.7214579164183	0.091371946	0.4595531090198134
19915.77501007875	750	7.65148564040647	0.0	401853	2089.830192850478	0.14023201	0.5675959757503282
19917.9737453075	750	7.7569214786510035	0.0	343800	1894.5641617554668	0.15498352	0.5972709000227184
19920.515944458784	750	7.797907484202923	0.0	359903	2459.0139944480825	0.11547131	0.5447708671085738
19925.73638509139	750	6.577466851594727	0.0	379700	5220.440632608194	0.08868138	0.15115938333380796
19926.699143889393	300	7.942900323566763	0.0	181901	634.5665280279667	0.13953424	0.2671025411074143
19927.745936835054	750	7.813599966722537	0.0	277716	629.3003568442264	0.18131565	0.27925265042936276
19929.770704091836	1850	7.984962618241205	0.0	972798	1828.6373484813323	0.0073287226	-0.41535234919270847
19933.431467917126	2850	7.962645659747323	0.0	1561263	3022.3169584938823	0.6875988	-0.38338211913819376
19937.639129945772	2850	7.523038069320681	0.0	1341201	3939.607590426641	0.39691716	0.4825760795372464
19940.50087641748	2850	7.666192071578193	0.0	1497683	2856.845997742489	0.6967907	0.6046309768026301
19943.233086564305	2850	7.51753723064821	0.0	1358081	2648.6548409299835	0.3750197	0.6111418924136462
19948.880618024556	2850	5.870005770398774	0.0	1587293	5647.531460249435	0.23141183	0.1526774252610933
19953.361049653122	1850	5.389574141830922	0.0	1026056	4480.431628567852	0.005485612	-0.8303409145839098
19957.626686154767	1850	5.123937640182044	0.0	943942	4265.636501648878	0.004705182	0.16557077813137838
19960.761478073015	1850	5.9891457219339665	0.0	728962	3134.7919182480778	0.004705182	0.36193251327350384
19964.821816498632	1850	5.9288072963168545	0.0	938587	4060.3384256171125	0.004705182	0.26357021940670566
19969.754826373464	1850	4.995797421485144	0.0	908665	4933.0098748317105	0.0065427404	0.0864997968181283
19974.614432860395	1850	4.1361909345542625	0.0	930577	4859.606486930881	0.11899418	0.011102018775060452
19978.398717124284	1850	4.351906670667257	0.0	858450	3784.284263887005	0.80827165	0.13939712973677992
19983.215062115738	1850	4.0	0.4644383207863275	1025005	4816.344991453585	1.0690199	-1.9947651457496796
19985.159931798236	750	6.055130317502382	0.0	372093	1944.8696824976178	0.5012862	-0.671559016129655
19988.195777350484	750	7.019284765251574	0.0	438281	3035.845552250808	0.07472888	0.41214437566368556
19990.88486314685	750	7.6678649606077	0.0	398987	2351.4198046438737	0.10119584	0.5430135430512418
19993.448377125107	750	7.7999409338381795	0.0	393804	1867.9240267695209	0.050226457	0.6040755857515602
19995.50470480895	750	7.854572043660573	0.0	331053	1945.3688901776056	0.16567218	0.6015894068059743
19998.000502937848	750	7.622152376044372	0.0	314107	2232.4196676162014	0.11856866	0.5505136677119316

