14568.737520266328	750	4.0	2.8598146493896546	450283	2859.8146493896547	0.038255632	0.051227837386615904
14569.613751796824	300	7.123768469505115	0.0	155580	876.2315304948851	0.19589718	-0.05750390277518627
14570.799543431458	300	7.953895813655788	0.0	139857	669.8726558493264	0.014130509	0.4650149436987867
14572.294028215341	300	7.994612844330494	0.0	155432	959.2829693252954	0.017902637	0.4386187267683588
14573.655535710503	300	7.6614600088297085	0.0	163442	833.1528355007855	0.01785989	0.43040968793201073
14574.417082795788	300	7.669863757866529	0.0	126289	491.59625096317893	0.017556455	0.46509058070057274
14575.544278077414	300	7.936241548514878	0.0	153295	733.6222093516527	0.024538863	0.4575365967772472
14576.882784539428	300	7.608774915646303	0.0	173849	827.4666328685748	0.022822928	0.42768548987126903
14578.26120941128	300	7.795082360892833	0.0	150710	813.6925547534696	0.027531486	0.4407071130106876
14579.316547160795	300	7.764779639933496	0.0	139105	1030.3027209593363	0.02448874	0.41715217633014245
14580.19621480085	300	7.562463319884339	0.0	141840	702.3163200491582	0.020758	0.43730604641808785
14581.693196614802	300	7.967648091961273	0.0	156148	1094.815227923065	0.024915013	0.42338020388550557
14582.70068472009	300	7.549987403881598	0.0	160746	917.6606880796744	0.01903874	0.41499186486486495
14584.66913027549	300	7.825678329985509	0.0	179801	724.3090738960892	0.01986954	0.45155770916471794
14585.266135846548	300	7.784243737558753	0.0	140051	541.4345924267566	0.026464343	0.46725549528497895
14586.613493547447	300	7.608350366874167	0.0	138313	675.8933706845855	0.026999418	0.44281628179140947
14589.915486640486	300	7.913085952061942	0.0	143509	695.2644148122247	0.021669548	0.4599251514528815
14591.27757188568	300	7.560407725829551	0.0	150616	852.6782262323904	0.019987278	0.42214138117134037
14592.735782525011	300	7.626005839344441	0.0	165384	934.4018864851083	0.020031616	0.4180688972407493
14593.457803576526	300	7.911899761510036	0.0	140881	714.1060778344058	0.020012572	0.4579668482411693
14594.733559376507	300	7.7929792959077915	0.0	157671	618.9204656022446	0.021190934	0.460052880364245
14595.796331198557	300	7.645011080674902	0.0	157812	647.9682152328897	0.027205387	0.4479000919491249
14596.804135358101	300	7.528510832960279	0.0	163927	616.500247714623	0.02593742	0.44376562321878765
14597.923741516677	300	7.559359652336487	0.0	137654	969.1511806237912	0.026528459	0.41042858113888386
14599.2359286184	300	7.878493647702624	0.0	146754	680.8660046338618	0.01725283	0.45920297344826033
14600.401755368286	300	7.716240802202556	0.0	153938	662.2528455000693	0.020557782	0.45092348651788533
14601.88458334887	300	7.8016137735041085	0.0	181901	914.6270286984471	0.023974726	0.4310218789043946
14603.45856685743	300	7.783722471667761	0.0	111155	517.8913018363478	0.022812009	0.46957724522583283
14604.77781110251	300	7.502146437988147	0.0	153605	781.5760336796145	0.022058984	0.42561026993653023
14606.212758183628	300	7.693507070130679	0.0	149029	808.6393678574689	0.019711576	0.43486397602765314
14607.027865738619	300	7.609107101264414	0.0	157421	584.3999688662664	0.020271182	0.4520129178726317
14608.093985597552	300	7.841401022360565	0.0	157488	767.7060789038471	0.024077335	0.4482006769373832
14608.979137832355	300	7.598031708974242	0.0	143881	743.3693133863239	0.021877937	0.4354237714024902
14609.7939877368	300	7.8564982079588335	0.0	163444	741.533501015409	0.01935695	0.45176150882611876
14610.734220731889	300	7.938039978630564	0.0	179328	918.4582293282687	0.020788174	0.439165396661816
14611.930645437229	300	7.715714980339108	0.0	159914	722.3249982914574	0.020296114	0.44488340737228105
14612.82428209939	300	7.975946493284997	0.0	131610	739.7684870541104	0.023130678	0.4594035280551338
14613.873146718832	300	7.6934483141165035	0.0	124011	782.4981791684934	0.0178545	0.4374744226456646
14614.722979769256	300	7.961715033041335	0.0	144254	731.7332810751698	0.018372856	0.45931758238779896
14615.907623539042	300	7.643443027822538	0.0	149991	818.2720052187977	0.021832101	0.4307717096472614
14617.231868296152	300	7.669506488551602	0.0	147968	973.9365392709353	0.022964168	0.41683422253761415
14619.745166090457	300	7.793011705318222	0.0	161857	1376.4947832333796	0.020736294	0.3842974741892835
14621.276517510456	300	7.585737472354982	0.0	145210	1207.27423296324	0.01730439	0.38826488965609485
14624.937578702544	300	7.924676280266334	0.0	172312	3161.0611920886477	0.017531522	0.21406986923801363
14629.10020892931	300	7.762046053496866	0.0	167025	3162.6302267694673	0.0131449215	0.20374857659683998
14630.310587840671	300	7.845740914763129	0.0	160064	916.3051387337354	0.010421614	0.43361201422955464
14631.355919732576	300	7.550111860124214	0.0	137507	795.6290546389151	0.018669358	0.42720280672410443
14632.32308712283	300	7.546379564630388	0.0	118421	503.7322954938274	0.024975723	0.45615921417024907

