144.31969550812522	750	4.0	2.8275693741498356	450283	2827.5693741498358	0.004705182	-12.025925568115694
145.32246575161074	300	5.667399603477153	0.0	155580	832.600396522847	0.5372648	-0.2698415462850624
147.8091276718719	300	5.934153600207912	0.0	139857	733.2460032692403	0.7806864	0.2045698160388357
150.74245453840894	300	5.689198115910347	0.0	155432	2744.955484297565	0.76099813	0.054645694933149365
154.8632355605706	300	5.568417093748687	0.0	163442	3120.78102216166	0.2723751	0.048064891107322885
158.61554020002262	300	5.756840985773233	0.0	126289	2311.5761079754534	0.18115467	0.06489079009013224
162.8576808109656	300	5.514700374830266	0.0	153295	2742.140610942967	0.024664916	0.054701790054601906
166.8030488005159	300	5.569332385279963	0.0	173849	3445.367989550303	0.020948049	0.04353671377192377
172.0673273153809	300	4.305053870414953	0.0	150710	5264.278514865011	0.013592506	0.028493933133749927
175.84940903339302	300	4.522972152402841	0.0	139105	3782.081718012111	0.004705182	0.039660697780702914
179.07218727800796	300	5.300193907787899	0.0	141840	3222.778244614941	0.004705182	0.04654369262006796
182.68142294220976	300	5.569263889917965	0.0	156148	3230.9300178699336	0.004705182	0.046426260912605904
186.43236976251652	300	5.81831706961121	0.0	160746	2750.9468203067563	0.004705182	0.054526681102208145
190.40707277856058	300	5.843614053567176	0.0	179801	3474.7030160440336	0.004705182	0.043169156991947975
194.4888919956844	300	5.761794836443314	0.0	140051	3081.8192171238616	0.004705182	0.04867255002063002
198.29070617630234	300	5.959980655825386	0.0	138313	3301.8141806179287	0.004705182	0.04542957047083969
201.41028243310717	300	5.983986929485181	0.0	143509	2975.993726340204	0.004705182	0.050403332060940165
204.8482195596215	300	5.866809564710333	0.0	150616	2617.1773647748487	0.004705182	0.057313654786596495
208.99164351578992	300	5.7233856085419195	0.0	165384	3143.4239561684135	0.004705182	0.047718666680532075
212.98388293052105	300	5.731146193810789	0.0	140881	2992.2394147311306	0.004705182	0.05012967854829167
218.14181226357053	300	4.573216860761301	0.0	157671	5157.9293330494875	0.004705182	0.02908143759141355
221.58093091837196	300	5.134098205959848	0.0	157812	3439.1186548014525	0.004705182	0.04361582575540995
223.88234629415092	300	5.615126145065353	0.0	163927	1518.9720608944958	0.004705182	0.09875099342621724
226.54376157992976	300	5.765640154868146	0.0	137654	1349.4859901972077	0.004705182	0.1111534325584808
230.3657813340094	300	5.5505949685191736	0.0	146754	1215.0451863489736	0.004705182	0.12345219888548115
234.14034889674852	300	5.541798361364923	0.0	153938	1508.7966071542505	0.005711966	0.09941697859654908
237.52524987047317	300	5.5772334618950605	0.0	181901	2964.5648994698627	0.004705182	0.050597644202973496
238.66600264937114	300	5.697025090573454	0.0	111155	880.2083713216074	0.004705182	0.17041419382864917
240.61389992249477	300	5.608348614799819	0.0	153605	1088.6764757736337	0.005324045	0.1377819796220059
243.42216386453805	300	5.728827032953191	0.0	149029	1379.5215818466286	0.0074712336	0.10873334783150684
247.08114512548465	300	5.628707649578209	0.0	157421	1600.1193833749826	0.0073786695	0.09374300540227129
250.7727321973749	300	5.937120577687965	0.0	157488	3691.5870718902447	0.0060589574	0.04063293024893865
255.17455590110836	300	5.535296873954483	0.0	143881	2901.8237037334825	0.004705182	0.051691630958493516
258.5715698682794	300	5.69292619296662	0.0	163444	2842.370680987863	0.004705182	0.05277284943984423
262.570726743752	300	5.693769317494046	0.0	179328	2499.156875472574	0.004705182	0.06002024181520658
264.09758534436486	300	5.742240107515541	0.0	159914	1451.5292099785052	0.004705182	0.10333929139615541
266.83664540014473	300	5.845374799005232	0.0	131610	896.8653085103084	0.004705182	0.16724919402797475
268.3999831016942	300	5.634803259877788	0.0	124011	710.571539127444	0.004705182	0.21109767523787196
271.3510268802938	300	5.500664494714012	0.0	144254	2634.1387651637765	0.0064461986	0.056944608227833364
274.9705988472472	300	5.684331017955212	0.0	149991	1816.3334767588005	0.004705182	0.08258395383851597
278.7366107194609	300	5.9183191457415205	0.0	147968	2766.0118722136913	0.004705182	0.05422970215957612
281.9551975490803	300	5.708650845385944	0.0	161857	3209.668300355576	0.004705182	0.0467338011168888
285.5525906155979	300	5.584413614909091	0.0	145210	2124.2372304768533	0.004705182	0.07061358206509152
290.2581731775841	300	4.878831052922843	0.0	172312	4705.582561986248	0.004705182	0.03187703074466604
295.449323603404	300	4.0	0.31231937289704453	167025	5191.1504258198875	0.004705182	-1.314077974349908
299.31172546969003	300	4.137598133714017	0.0	160064	3862.4018662859826	0.004705182	0.03883593815271153
302.2904413651582	300	5.1588822382459005	0.0	137507	2978.7158954681167	0.004705182	0.05035726979810772
305.4758746607966	300	5.973448942607483	0.0	118421	2185.433295638417	0.004705182	0.0686362746917798

