12732.41864805923	750	4.0	4.043612194844198	450283	4043.6121948441983	0.08687796	-0.054361219484419854
12734.075106466342	300	6.343541592888147	0.0	155580	1656.458407111853	0.55209523	-0.21917449115567614
12736.452559199797	300	7.57485046514876	0.0	139857	1268.6911277393874	0.021926552	0.34655904129785875
12737.647592865816	300	7.576714473136424	0.0	155432	998.1359920123349	0.016333325	0.373731055369793
12741.42713502896	300	7.6753922953184865	0.0	163442	1901.322177817938	0.024663823	0.2895798006756116
12744.67958851375	300	7.993275502685481	0.0	126289	1182.1167926330052	0.015438316	0.3813680396545421
12748.20982436882	300	7.8733258973807825	0.0	153295	2119.9496053046987	0.013189892	0.280087908055829
12751.737524629767	300	7.584618953789544	0.0	173849	2288.706943591238	0.010279924	0.2451679902527227
12753.042986083037	300	7.921384852430329	0.0	150710	1163.2341013592156	0.009077694	0.378763143140974
12754.759044541066	300	7.829469313673213	0.0	139105	1091.9155387571157	0.011363266	0.38015027822886427
12757.587426387061	300	7.707349831262176	0.0	141840	1122.1194824110373	0.012669936	0.36949741621278226
12759.799599494983	300	7.8993944733915376	0.0	156148	1807.9553578706373	0.013779209	0.3129166187999074
12761.613885210365	300	7.839360433526541	0.0	160746	1060.0340398649967	0.00942706	0.38395662310890916
12764.600693961384	300	7.868081957725371	0.0	179801	2471.27847580117	0.014598416	0.2446272747777187
12768.488057628025	300	7.980718291084066	0.0	140051	1887.3636666413054	0.0091769975	0.31005852652862353
12771.214056655725	300	7.729165757713563	0.0	138313	2251.552533370502	0.008241261	0.2579176065200475
12773.656695360967	300	7.845069637957989	0.0	143509	1384.0961197555737	0.008027198	0.351907240396817
12775.49331772839	300	7.731029684990088	0.0	150616	1614.0399529679028	0.00856762	0.3217853600150902
12777.601994612009	300	7.5929824790575475	0.0	165384	1138.0472059325393	0.008318854	0.3607566843478428
12781.580848794421	300	7.614128296644056	0.0	140881	2478.8541824134913	0.009886404	0.22799760029890434
12784.512323332889	300	7.963132914510792	0.0	157671	2150.9953821332647	0.008269873	0.2825962689435981
12786.83467573547	300	7.967196348637306	0.0	157812	1995.9365658734853	0.0075189695	0.29835611520248306
12791.148721987502	300	7.653150096605789	0.0	163927	3814.046252031517	0.0075918827	0.09691725583471017
12794.89975237794	300	7.902119706166279	0.0	137654	3751.030390439511	0.0071356464	0.11877944259144135
12797.393252404985	300	7.591115946532842	0.0	146754	1811.003759633436	0.0063503347	0.293344370694959
12798.645145000775	300	7.876417796644138	0.0	153938	1214.698149888704	0.0063019097	0.37080629730138825
12802.341699181612	300	7.986737948325714	0.0	181901	2389.679848318424	0.0074603157	0.2602031369385147
12805.48133017845	300	7.860359539666041	0.0	111155	1126.3784086596731	0.0068654753	0.37863463036316025
12809.350727669533	300	7.990962048583244	0.0	153605	2869.397491082797	0.0067838538	0.21249537892817305
12811.6733649959	300	7.855968506030253	0.0	149029	2134.9935425529916	0.006720954	0.2774986773715917
12812.346701140237	300	7.708122316268123	0.0	157421	647.8461897621288	0.0069421018	0.41697302579054485
12813.905424138147	300	7.546505775600919	0.0	157488	661.6165406672052	0.01599574	0.4054949569083369
12815.199997332747	300	7.862772354421671	0.0	143881	683.7334211792489	0.030279838	0.42304993003342956
12816.192220256326	300	7.74208079384458	0.0	163444	620.6915605770906	0.029958975	0.42181089355757717
12817.112204393328	300	7.5828543783421996	0.0	179328	659.2264155023807	0.040548038	0.4080057570961494
12819.23458600895	300	7.547042493283727	0.0	159914	2035.8118850584722	0.075003445	0.2681089673243857
12822.235251810795	300	7.534994471640493	0.0	131610	2012.0480216432345	0.020854603	0.26973235231320736
12823.995220792354	300	7.91431881846223	0.0	124011	1620.6756531782619	0.013042786	0.3325773608360632
12825.721991673574	300	7.685580061042983	0.0	144254	1228.7387574192483	0.01709418	0.3574748780732616
12826.510601628876	300	7.520291126292421	0.0	149991	665.2889347505613	0.022443362	0.4034893019182202
12827.162628870987	300	7.9609380205121525	0.0	147968	559.3531057802679	0.04662826	0.4416233157039827
12828.329314134691	300	7.818932518825619	0.0	161857	642.0055016865339	0.09039901	0.4244827322579478
12829.41370704158	300	7.679075893890296	0.0	145210	639.8566249353223	0.1334866	0.4159565808746113
12832.26393851881	300	7.5362283202517375	0.0	172312	1142.8475736385592	0.12619321	0.3567295126518777
12833.512241910534	300	7.8857685426860735	0.0	167025	1150.4597775656644	0.10511689	0.37781455616131315
12835.372189160285	300	7.589716724889046	0.0	160064	796.0518177970276	0.11012987	0.3947521135258626
12836.845427820952	300	7.915045163032821	0.0	137507	674.6715618562251	0.17160004	0.4272231665039288
12837.97090164695	300	7.5565917089402825	0.0	118421	858.4534540925379	0.22364698	0.3864416363995139

