10377.386823358092	750	4.0	2.5585548523374078	450283	2558.5548523374077	0.03715854	0.09414451476625918
10380.121889622907	750	5.264933735184073	0.0	398865	2735.066264815927	0.8417314	0.15555173196741184
10383.95514313129	1200	5.431680226801997	0.0	571051	3833.2535083820762	0.7477082	-0.2938453366630828
10386.372674297074	750	7.0141490610176955	0.0	382355	2417.531165784301	0.5359648	-0.15336880026482413
10387.76696102615	300	7.714208520590131	0.0	163442	799.9405404275631	0.3989183	-0.04785602150587312
10389.73728148121	300	7.8912213587833016	0.0	126289	822.9871618068303	0.027816474	0.41090261874327333
10391.595229662998	300	7.86091392406675	0.0	153295	1030.3074347165516	0.019716393	0.38827637678251675
10393.770466849082	300	7.847115752259891	0.0	173849	1013.7981718068586	0.015875675	0.38906491733555737
10395.416277866667	300	7.98492970765658	0.0	150710	862.1860446033115	0.019458886	0.4128395022682051
10397.121759733347	300	7.869001251306625	0.0	139105	1115.9284563499548	0.024028288	0.38021973257166863
10399.533997176291	300	7.682659220699512	0.0	141840	1686.3420306071137	0.017563768	0.31153199823300814
10401.061896305668	300	7.9366574146299405	0.0	156148	1246.0018060695706	0.012648175	0.37144090780741423
10402.297113581184	300	7.719997390825731	0.0	160746	1216.6600238042097	0.017074699	0.3608338345461872
10406.390570354248	300	7.622547649200244	0.0	179801	2597.4497416254867	0.016638251	0.21666425391246658
10410.058628751778	300	7.954489251668874	0.0	140051	2668.0583975313684	0.0099754715	0.23034973847616774
10412.858990289422	300	7.501341249782425	0.0	138313	2453.1480018864486	0.008096195	0.2235190279227567
10414.730944444584	300	7.858970906729379	0.0	143509	1642.3703430530459	0.007807483	0.3269486473652816
10417.083852419924	300	7.932308777412751	0.0	150616	1426.6621293166286	0.0077392277	0.35310308565663406
10420.539601303257	300	7.877557258758701	0.0	165384	1554.751518654049	0.0077840826	0.3368721768070139
10422.55865601759	300	7.538528693630924	0.0	140881	1839.028565127778	0.008097519	0.28725518683915496
10424.925269173658	300	7.765235085300535	0.0	157671	1273.2936083303885	0.007909032	0.3579978319982446
10428.122693787422	300	7.618182604736921	0.0	157812	1647.0524805636148	0.008673616	0.31143116473969606
10431.599361508013	300	7.505034796691605	0.0	163927	1613.1478080453162	0.008559474	0.30774989398869373
10434.710297949921	300	7.51632660356129	0.0	137654	1488.7081931303157	0.0087958025	0.3208995934095491
10437.136955538354	300	7.919111843133918	0.0	146754	1597.2147604273719	0.008828105	0.3352230141531327
10439.516850328653	300	7.523885938284973	0.0	153938	1895.225904848946	0.008977406	0.2807202806579162
10442.600294606036	300	7.624498180320363	0.0	181901	1399.3877579646096	0.008506327	0.3365923604735617
10446.002599535614	300	7.6853740135397235	0.0	111155	939.1241667806391	0.009990514	0.3864234591681688
10449.619031197015	300	7.763748497238001	0.0	153605	1921.6255163017238	0.011105047	0.29307172944720267
10451.648834741942	300	7.791249811823826	0.0	149029	1472.4986854141764	0.00896411	0.33970324469757146
10453.877719138893	300	7.9104600476053095	0.0	157421	1880.7897642185173	0.009630572	0.3063247765534801
10457.661529195875	300	7.927602311980175	0.0	157488	2482.8577356251326	0.009257623	0.2471893709362477
10459.682788682516	300	7.582448795837605	0.0	143881	1845.1535161425707	0.008102702	0.28938769812559323
10462.125187102436	300	7.899302580627848	0.0	163444	1683.1462152097577	0.0077938912	0.3253917897682647
10463.860599993706	300	7.676222184847894	0.0	179328	1223.0803957799535	0.008881708	0.35745584697499805
10465.41045504851	300	7.9624609341904105	0.0	159914	1213.7612506574853	0.013103979	0.37627768332115213
10467.528533837434	300	7.756468465302165	0.0	131610	1205.9924688882454	0.012220207	0.36418003219256073
10469.035387449832	300	7.884084852620402	0.0	124011	872.3836126817636	0.012213082	0.4055169420205988
10470.614488288105	300	7.511769418842505	0.0	144254	1372.3154337778979	0.017233547	0.3322540452998668
10472.689864549498	300	7.58747394289275	0.0	149991	1424.2954759497545	0.01763399	0.3317875738358214
10473.976029679052	300	7.959931789838567	0.0	147968	1127.5421530541826	0.020354297	0.3847415215594922
10476.444948583436	300	7.969783868895973	0.0	161857	1490.1479209425943	0.027850583	0.34909669971173884
10477.967277095813	300	7.803005085427132	0.0	145210	1166.7787834688409	0.033164628	0.37100993949231165
10482.047496508387	300	7.722785672854721	0.0	172312	2080.2194125724113	0.039877273	0.2746521632961789
10485.66408601364	300	7.687375481470026	0.0	167025	3035.410191384695	0.033956088	0.17691994845340714
10488.562204707381	300	7.8039057295330965	0.0	160064	1383.4697519369292	0.02995516	0.3493971329021256
10490.724065690863	300	7.595299799193344	0.0	137507	1208.605930339752	0.04029069	0.35384564441560884
10492.792203829276	300	7.667858213559179	0.0	118421	1427.4415856341645	0.051139325	0.33649697978403226

