1779.509206797664	750	4.0	1.1482833162359447	450283	1148.2833162359448	0.34295624	-4.627327305146015
1782.0720249343194	1850	5.4371818633447635	0.0	957685	2562.8181366552362	0.24843308	-0.7339972672310372
1786.8966247163125	1850	4.6125820813515634	0.0	877771	4824.5997819932	0.0049205497	0.060455887169559464
1788.5931992578571	750	6.916007539806948	0.0	382355	1696.5745415446154	0.68839675	-0.5638690754543484
1792.20193564602	1850	7.307271151644002	0.0	996749	3608.7363881629462	0.27134153	-0.6585908392553548
1796.8822967466465	1850	6.626910051017624	0.0	801058	4680.361100626378	0.009920942	0.2687611480462603
1799.9484344004752	1850	7.560772397189054	0.0	905515	3066.1376538285695	0.27032658	0.520068821743835
1802.7859210293595	1850	7.945784585170226	0.0	1060487	2614.987812018828	0.014675281	0.6022416735371255
1805.7734249127384	1850	7.6332820662137895	0.0	852833	2312.5025189564367	0.004705182	0.60241147459134
1811.0526459156704	1850	6.354061063281789	0.0	913888	5279.2210029319995	0.004705182	0.18261312772598148
1820.1271144847585	1850	4.0	2.720407505806419	939819	9074.468569088209	0.23669727	-12.121244999099536
1822.2144101446595	300	5.912704340099095	0.0	156148	2087.295659900905	0.02299964	-1.1735790794688545
1824.2517645755138	300	7.875349909244749	0.0	160746	2037.3544308543458	0.068196744	0.5703219454553714
1826.586895067805	300	7.629455133797943	0.0	179801	1245.8947754468068	0.05612006	0.625800254959445
1828.1424711185937	750	7.71128498592582	0.0	337059	1418.1701478721218	0.688769	0.19051773629624932
1829.666044090841	750	7.998201432160318	0.0	366214	1213.083553765502	0.09377908	0.6886424349188294
1833.4628910819795	1850	7.810022674432066	0.0	966699	3188.178757728252	0.20662734	-0.5681446616874449
1836.6435727196474	1850	7.664015919853342	0.0	885714	3146.0067545787238	0.006488627	0.522019219925953
1839.876497905472	1850	7.694890844785581	0.0	987708	2969.125075067761	0.006490581	0.5426791350486871
1843.582963140752	1850	7.9884256095055495	0.0	923755	3206.4652352800313	0.0047427285	0.5471981790348412
1847.4881889799408	1850	7.680945372479684	0.0	891604	3307.4802370258667	0.0047915364	0.5075013510425691
1851.352658715966	1850	7.762583300798291	0.0	955231	3418.3620716813934	0.0058925133	0.5042709124334538
1854.0621072184506	1850	7.560912791128165	0.0	968026	2701.670509670126	0.006285411	0.5565290492384116
1856.1617857056385	1850	7.9999626392912795	0.0	874175	2060.9501518368843	0.004705182	0.6628601398162092
1859.7552614922588	1850	7.542588808756667	0.0	897976	2457.3738305346133	0.004705182	0.5791950126925951
1862.5659891589348	1850	7.980276010661463	0.0	905935	2562.3127980952045	0.004705182	0.6108290144553912
1866.1923230252962	1850	7.836316550171236	0.0	1076599	3143.959460490226	0.004705182	0.538808083934073
1868.442643825352	1850	7.702343314578891	0.0	758197	2133.9732355923434	0.004705182	0.626911627818148
1870.8373205944188	1850	7.668178693277314	0.0	972798	2034.1646213015774	0.004705182	0.6336041050018908
1873.1849548234482	1850	7.889617648145129	0.0	975811	2278.5610451321836	0.004705182	0.6304782176891048
1875.906855428342	1850	7.808203904146696	0.0	873429	2581.413743998433	0.004705182	0.5923567809456933
1878.5849644870755	1850	7.594392833727798	0.0	954453	2213.811070418898	0.004705182	0.6085374859184198
1882.277356323538	1850	7.880345966653775	0.0	885062	3214.0468670740224	0.004705182	0.5360372254466788
1885.3342037962784	1850	7.97609466747777	0.0	1035329	2904.251299176006	0.004705182	0.5762327052382749
1889.4022703032906	1850	7.908028160465557	0.0	1026056	3568.0665070122113	0.004705182	0.5032997045679584
1893.9312487854368	1850	7.379049678319176	0.0	943942	4528.978482146381	0.0061061755	0.3562937174113019
1897.7292779708782	1850	7.5810204928779115	0.0	728962	3798.029185441265	0.3849275	0.4488285711702306
1899.47841168151	750	7.570288811644278	0.0	361565	1510.7316812336348	0.539791	-0.4823094616028447
1901.2190701922739	750	7.854160618461197	0.0	378327	1216.1281931830804	0.08705612	0.6744738763549724
1904.0421685776255	1850	7.534876589576026	0.0	930577	2819.284028885172	0.37673864	-0.5577383171428065
1906.9653038472259	1850	7.535216133008915	0.0	858450	2499.6604565671105	0.005678638	0.574256721536438
1910.73416061269	1850	7.7663593675446245	0.0	1025005	3768.85676546429	0.004705182	0.469584893839189
1914.3404608530175	1850	7.86937502212976	0.0	886255	3396.984345414865	0.02384585	0.5166875115355597
1918.3653729891535	1850	7.844462885993651	0.0	973972	3524.912136136109	0.034300204	0.5014969105978141
1922.2467128137714	1850	7.963123061375756	0.0	958994	3381.339824617895	0.03362171	0.5272753206302879
1925.3483694342856	1850	7.6450786363048175	0.0	982064	2818.044425070939	0.029522132	0.5529927174709827
1927.8454542091085	1850	7.508342456287046	0.0	830730	2136.7361800177714	0.005845869	0.6079625267796578
1932.576023038477	1850	6.777773626918793	0.0	846370	4730.568829368252	0.004705182	0.2782611685333978

