19747.92758916252	750	4.0	5.4395307625425735	450283	5439.530762542574	0.09779238	-23.508816068895182
19750.321216030447	300	5.606373132073677	0.0	155580	2393.6268679263235	0.0049012015	-0.13369693272117045
19752.492842062755	300	7.4347470997634195	0.0	139857	2171.626032310258	0.0061613712	0.5144862561954439
19755.947342042924	300	7.980247119597157	0.0	155432	2954.4999801662616	0.008369326	0.4887038681305744
19758.930089756206	300	7.813515160728155	0.0	163442	2166.7319588690016	0.0076262574	0.5514325267173437
19760.753510731618	300	7.924812521630007	0.0	126289	888.7026390981475	0.017286107	0.6899479581805563
19762.00060449265	300	7.783624756819732	0.0	153295	1141.1877648102754	0.17774318	0.651109960236808
19764.127941971983	300	7.692909053414449	0.0	173849	1590.7157034052825	0.4256202	0.5974256751879541
19765.90138542626	300	7.999498247590269	0.0	150710	1693.4108058241802	0.21942319	0.6166657288606747
19767.183105747583	300	7.728654415955669	0.0	139105	1270.8438316345996	0.09485154	0.6328533947797302
19768.51412079351	300	7.948585094884765	0.0	141840	1280.069321070902	0.24262968	0.65309942760588
19770.91621973589	300	7.903008443223045	0.0	156148	2045.57665166172	0.31476498	0.572161889203443
19774.7429420444	300	7.947908486778153	0.0	160746	2455.0999564448925	0.052466467	0.5355312397570359
19778.662531113543	300	7.543925094839138	0.0	179801	2403.9833919390153	0.019691395	0.5017590283109981
19780.27483140211	300	7.590577779658408	0.0	140051	1453.347315180731	0.0132772215	0.6013130107639392
19782.384664333837	300	7.675137824287238	0.0	138313	1415.4399553711705	0.038356613	0.613242748669946
19784.325780423926	300	7.606776296069711	0.0	143509	1068.3615282175265	0.04477918	0.6413707153669839
19786.056165520455	300	7.99796104304081	0.0	150616	1108.8152530289017	0.2829681	0.6749773264275245
19788.320860917207	300	7.666398237816996	0.0	165384	1331.5628052238126	0.45386308	0.6207892683965565
19790.493200755784	300	7.52179459994273	0.0	140881	1144.603637874266	0.25749642	0.6255669180327407
19792.654623279286	300	7.849951500541909	0.0	157671	1171.8430994008208	0.29224905	0.6544284524391246
19795.47958258475	300	7.98726146926042	0.0	157812	1862.6900312814882	0.4962222	0.5985600022726185
19797.917317761465	300	7.509528589543039	0.0	163927	1477.7328797173807	0.0597176	0.5910733761856314
19799.960474514784	300	7.902951265982507	0.0	137654	1106.5773235605325	0.09243953	0.6660563186381455
19803.689219605727	750	7.651868497392626	0.0	359903	2251.08276858988	0.2165392	0.10150756860333632
19808.77192872521	750	6.569159377904833	0.0	379700	5082.709119487794	0.23872522	0.16413293071173063
19811.52082940085	300	7.820258702263789	0.0	181901	2748.9006756410436	0.0139523	0.043864728698758015
19814.412363002073	300	7.729128012842128	0.0	111155	2091.1306894216605	0.004705182	0.5508702932481411
19817.25645788773	300	7.642282049764152	0.0	153605	2086.845963077976	0.004705182	0.5429397416675017
19819.313303967952	300	7.607483442342118	0.0	149029	1034.798607422033	0.004705182	0.6447950710916942
19821.587336632652	300	7.9264908606913815	0.0	157421	1180.9925816507357	0.033999942	0.6608805059976955
19823.048291845673	300	7.982533267107759	0.0	157488	1443.9575935836217	0.025960822	0.639978151126225
19826.592352295753	300	7.884001894684878	0.0	143881	1598.5313724228815	0.017387897	0.6150370148863544
19829.315985718633	300	7.899949655324077	0.0	163444	1484.0522393608007	0.005973261	0.6280199185667095
19832.97186354192	300	7.821801292489339	0.0	179328	1578.1483628347382	0.01031637	0.6110884360696086
19835.38435151323	300	7.719422056160533	0.0	159914	2102.3792363288057	0.012784671	0.5488112290207274
19838.803663260405	300	7.694820602514952	0.0	131610	2024.6014536455793	0.004705182	0.5542210889718433
19841.831747960117	300	7.748133366021634	0.0	124011	1946.687236493319	0.004705182	0.5671439257272965
19844.917664265526	300	7.835873940178357	0.0	144254	1412.2594258432766	0.004705182	0.629031838356519
19846.761265371137	300	7.815901846204073	0.0	149991	1519.9720939742842	0.004705182	0.6163382344394407
19848.5006003743	300	7.663048879092392	0.0	147968	1152.8529671116805	0.004705182	0.6383378725634956
19850.11145322439	300	7.970863486374259	0.0	161857	1192.1853927181317	0.009139412	0.6640321413437291
19851.741584181236	300	7.855131708033099	0.0	145210	1115.7317783411604	0.022563666	0.6605381854969709
19853.880523895794	300	7.517861425660842	0.0	172312	1337.2702823722575	0.023673221	0.6059216810172297
19855.882495849844	300	7.812710226726656	0.0	167025	1205.151198934186	0.020594027	0.6475131268838376
19858.6509104392	300	7.881913219005671	0.0	160064	1930.7970077209852	0.041425712	0.581609413910922
19860.558976652104	300	7.60668897492331	0.0	137507	1275.2242440823607	0.0047381283	0.620676039019342
19862.558701108606	300	7.608247635682204	0.0	118421	998.4413392411059	0.006287701	0.6485043524010762

