2882.3503956255277	750	4.0	3.5333118074124745	450283	3533.3118074124745	0.053627525	0.08006881925875253
2883.8453044632424	300	6.5050911622846534	0.0	155580	1494.9088377153469	0.61902636	0.03312923176064786
2886.4211321650537	300	7.929263460473334	0.0	139857	1575.827701811319	0.074044235	0.6135381013498998
2889.723924734088	300	7.729891292205743	0.0	155432	1699.372168267592	0.05146292	0.5817947113402493
2892.380162356467	300	7.688482776769511	0.0	163442	1541.408515436231	0.06067537	0.5935640984972119
2894.5687383177774	300	7.541609297135872	0.0	126289	1646.8734796336391	0.06007973	0.5687341561830996
2898.286356822196	300	7.823990792717292	0.0	153295	2717.6185044185804	0.046029165	0.4891212541498986
2901.60902274972	300	7.87231828860281	0.0	173849	1951.6725041144816	0.038502518	0.5704157031551751
2903.6509641673356	300	7.576844334449998	0.0	150710	1295.4739541528131	0.038802415	0.607300716109981
2906.6922035685907	300	7.574458427503466	0.0	139105	2002.3859069465307	0.040983833	0.536377491380059
2910.532748370283	300	7.733913625810872	0.0	141840	3340.5448016925952	0.038020726	0.41806861994084776
2913.202695925392	300	7.643638986757349	0.0	156148	2090.274639053522	0.03185602	0.5343164275568
2916.2820748818094	300	7.858785961776528	0.0	160746	1784.8530249808218	0.02834676	0.5857816322846852
2918.676806585946	300	7.898683070676116	0.0	179801	1460.1028911004119	0.029287498	0.6221366395132111
2920.8522224362864	300	7.6532895138740455	0.0	140051	1245.3935568020697	0.03654069	0.6197430495440439
2922.1090023704446	300	7.899910741264103	0.0	138313	1253.3787726099445	0.036209192	0.6429284423269396
2924.535265642938	300	7.758479580891459	0.0	143509	1141.4311603726437	0.036898673	0.64036902320443
2926.2979637881704	300	7.994546669235867	0.0	150616	1263.93291165559	0.039855585	0.6510763724176292
2928.89676214049	300	7.974530043114201	0.0	165384	2020.0166261216677	0.04064227	0.5735213840806893
2930.7255598389766	300	7.734522128470131	0.0	140881	1240.007914644069	0.03780638	0.6281814855293133
2933.6443254334044	300	7.859534146877144	0.0	157671	1374.9879815929876	0.03735082	0.6268408976245036
2935.9154431784327	300	7.78086412848096	0.0	157812	1578.670018396183	0.039105747	0.598822034655155
2938.961276474589	300	7.694171338918411	0.0	163927	1586.6927895625488	0.03823656	0.5895888837535606
2940.474289967912	300	7.932234793104247	0.0	137654	1261.9365458141633	0.036192037	0.6452161790479718
2942.5558882983137	300	7.6169740873575105	0.0	146754	1315.2607057467387	0.035234146	0.6092246594208441
2944.279042544116	300	7.82856579588397	0.0	153938	1288.408291473542	0.036906645	0.6324871945023619
2946.290349476738	300	7.855285325807222	0.0	181901	1473.2804700767463	0.036138766	0.6165984509270778
2949.2122518008755	300	7.7733473711660315	0.0	111155	1081.9379546411913	0.038789	0.6477642363817775
2950.848127445678	300	7.650391790737951	0.0	153605	1622.9555804280808	0.03536345	0.5817050436064577
2953.3561978636894	300	7.737816613919571	0.0	149029	1412.575176818381	0.034925018	0.6112451480218402
2955.93622829305	300	7.635548967385799	0.0	157421	2102.267646533771	0.03567913	0.5323303724248919
2959.7267219759606	300	7.84505528447492	0.0	157488	2790.493682910879	0.033245638	0.4838822581240982
2961.492803958733	300	7.6561425116576105	0.0	143881	1688.9127728173103	0.029486977	0.5756685819769716
2963.7041439171194	300	7.649057161291632	0.0	163444	1507.0853503659775	0.028181987	0.5931622738990134
2967.3922590145444	300	7.552126978539654	0.0	179328	2596.9301827519776	0.031195791	0.4747513303877836
2970.9447282643173	300	7.999657728766641	0.0	159914	3552.4692497730134	0.03074848	0.4227197891452545
2973.2874984967075	300	7.7050996852944085	0.0	131610	1794.5580434722335	0.02472282	0.569865140047658
2976.1853784108125	300	7.745265817900832	0.0	124011	1459.833867393575	0.022601292	0.6072437140514985
2977.4093237025536	300	7.5523162049360595	0.0	144254	1192.949612964772	0.025895672	0.6151677896335546
2979.63889233465	300	7.7180296758262426	0.0	149991	1334.286529109817	0.035069056	0.6171497330631204
2981.0270492303553	300	7.881592327166572	0.0	147968	1336.43734865967	0.03653698	0.6328411189509822
2983.7730443736405	300	7.604454424147007	0.0	161857	1277.1379030195662	0.037725113	0.6118194024463398
2985.5844036660606	300	7.908203502969738	0.0	145210	1196.2509211772683	0.043130007	0.6494476985460802
2988.381390876599	300	7.847264016571735	0.0	172312	2060.939486398004	0.046135936	0.5570524769718008
2990.2643288678505	300	7.908818954516435	0.0	167025	1438.4450620552998	0.044355866	0.6252881371211934
2991.971009779512	300	7.52772492513356	0.0	160064	1381.094029382876	0.044559717	0.593961846030951
2994.225430321605	300	7.638308104776535	0.0	137507	1389.4168203570243	0.048208166	0.6038837811538156
2996.5886121779963	300	7.979219032648798	0.0	118421	1159.0890721277365	0.047327068	0.660070143712322

