9333.938773856014	750	4.0	5.057839080863765	450283	5057.839080863765	0.011006217	-0.00976404297009742
9335.36951137107	300	6.569262484946178	0.0	155580	1430.7375150538228	0.004705182	0.21889853727193645
9338.025264333763	300	7.670674249107658	0.0	139857	1398.5882358385181	0.004705182	0.8081068821644838
9340.058726043	300	7.582525791316185	0.0	155432	1588.1484577914728	0.004705182	0.7782670013017498
9342.887986612255	300	7.530552079912725	0.0	163442	1551.973711403461	0.004705182	0.7754671823938426
9344.191939815248	300	7.917218964591937	0.0	126289	1113.3331153207878	0.004705182	0.8670737417538691
9346.563019788771	300	7.956988978765559	0.0	153295	1460.2299858263789	0.004705182	0.8372945344134793
9348.2903391215	300	7.928754382500196	0.0	173849	1528.2345962653633	0.004705182	0.827007893770031
9350.43722567526	300	7.699853440502731	0.0	150710	1728.9009419974639	0.004705182	0.7786784221153424
9353.023645889625	300	7.605636110600725	0.0	139105	2094.2173299020064	0.004705182	0.730513589411244
9354.583740121145	300	7.801690417971682	0.0	141840	1303.9456926290427	0.004705182	0.8337479534234954
9356.490217425398	300	7.95152602099159	0.0	156148	1350.1643969800905	0.004705182	0.8476265714538495
9358.300020459015	300	7.739781000720239	0.0	160746	1711.7450202713524	0.004705182	0.7853239465094682
9360.440282189376	300	7.513679180361805	0.0	179801	1726.1018203584338	0.004705182	0.7559710423213728
9364.035622101605	300	7.918339268133535	0.0	140051	2095.33991222827	0.004705182	0.7690113880839826
9367.368612632024	300	7.691593899738231	0.0	138313	1726.7453683953042	0.004705182	0.7778741581809938
9371.08674499154	300	7.973461540222546	0.0	143509	2218.1323595156846	0.004705182	0.7635381957114167
9375.020323844088	300	7.5088608318193675	0.0	150616	1964.6007084031792	0.004705182	0.731526222807272
9378.243590827517	300	7.94671643122712	0.0	165384	2062.1444005922476	0.004705182	0.7758347218460742
9380.377136909108	300	7.820504658049227	0.0	140881	1126.2117731778928	0.004705182	0.853844375573219
9383.610454049602	300	7.947513332610102	0.0	157671	1372.9913254391256	0.004705182	0.844848424299217
9387.191364560147	300	7.987220922863573	0.0	157812	1960.2924097465295	0.004705182	0.791021087977839
9390.121446830794	300	7.587488794990051	0.0	163927	1399.7321278735221	0.004705182	0.7977214258489015
9393.15706097366	300	7.539856799744653	0.0	137654	2047.6319952453982	0.004705182	0.7270502255625737
9395.092291610783	300	7.736232593142239	0.0	146754	1303.6242066024151	0.004705182	0.8256978992063768
9397.907031450271	300	7.744665874358925	0.0	153938	1491.5667187833126	0.004705182	0.8079449213487616
9399.943669679393	300	7.962933329551852	0.0	181901	1281.732544807074	0.004705182	0.8558782388755642
9401.268497838011	300	7.977972125898661	0.0	111155	984.9612036531906	0.004705182	0.887412241937591
9405.28441212347	300	7.962057840440293	0.0	153605	2515.9142854583683	0.004705182	0.7323519664954578
9408.996883009935	300	7.723712998419753	0.0	149029	2738.3448420205395	0.004705182	0.6806800173604541
9412.805029784777	300	7.89670262822022	0.0	157421	2827.010370199532	0.004705182	0.6931728249766855
9415.6085223849	300	7.810524539980594	0.0	157488	2086.1780882396265	0.004705182	0.7566154798021356
9417.483564704746	300	7.711660616999183	0.0	143881	1598.8639229814114	0.0047098305	0.7931399786801896
9421.218350947916	300	7.976874373828749	0.0	163444	2234.7862431704352	0.00472175	0.7622941964383438
9425.32708583088	300	7.6479892048640705	0.0	179328	2328.8851689646776	0.0047374833	0.7122762230539651
9428.872181512386	300	7.5453662736117035	0.0	159914	2602.622931252366	0.0047286632	0.6722313972371103
9431.475827828159	300	7.559779481351019	0.0	131610	1985.5867922606838	0.004731047	0.7357146374611118
9433.643620461871	300	7.7099129592514215	0.0	124011	1349.866522099597	0.004760011	0.8178239321238596
9435.74403686897	300	7.723667745008848	0.0	144254	1986.2452142425739	0.004795231	0.7558843926130592
9439.753145400638	300	7.621199066101522	0.0	149991	2602.468678907325	0.0048417132	0.6816100423905481
9442.548295246757	300	7.801944150422651	0.0	147968	2319.2549156788723	0.0048605436	0.7322483599494969
9446.627782011767	300	7.6801482616384495	0.0	161857	2621.7958887842024	0.0048915297	0.6869558913161411
9450.47848108891	300	7.573644156678805	0.0	145210	2606.504104959644	0.0049331803	0.675334804170129
9454.085120340647	300	7.96700490494266	0.0	172312	2606.639251736145	0.0051671453	0.723890293383048
9457.292468805244	300	7.81374768410471	0.0	167025	2653.2572208379493	0.0058031348	0.7003055343115712
9461.27160932242	300	7.834607166928323	0.0	160064	2979.1405171763863	0.006434234	0.6702927649157199
9463.920369138277	300	7.75684320146762	0.0	137507	2077.7639654607024	0.006766053	0.7508287545482714
9465.608059921165	300	7.628495764221831	0.0	118421	1628.3474372457897	0.0080114445	0.7799231038285512

