2160.584328250829	750	4.0	2.600378850967279	450283	2600.378850967279	0.008844022	0.23598198001955123
2161.372534184989	300	7.21179406583987	0.0	155580	788.2059341601297	0.06996431	0.3624862984958984
2162.2956131903256	300	7.9645470606403865	0.0	139857	747.2470051994825	0.01573206	0.9095260433000855
2163.9422583214064	300	7.839140471323379	0.0	155432	1125.4065893170075	0.015634988	0.85622589346526
2166.560816828956	300	7.870480493220501	0.0	163442	1468.6599781028783	0.01442266	0.8257701670281024
2168.599689217941	300	7.680993520501394	0.0	126289	1189.4869727191071	0.0140853785	0.830291148651016
2171.755157363549	300	7.807952208280099	0.0	153295	1373.041312221294	0.011773997	0.8276115466893245
2174.627460823654	300	7.703013794821081	0.0	173849	2104.9384134590177	0.012523693	0.7414648899610514
2177.2192986230543	300	7.530777509044194	0.0	150710	1172.236285776888	0.0121952975	0.8134687591224956
2179.0677543765664	300	7.721350322299595	0.0	139105	1309.4271867445984	0.013432446	0.8232800587488743
2180.886367125248	300	7.7265582933426	0.0	141840	994.7920289569956	0.012093656	0.855386612672559
2184.913382838557	300	7.699542580033682	0.0	156148	2027.0157133089183	0.012435029	0.7488285624475628
2189.0542544351038	300	7.558670983486746	0.0	160746	4140.871596546936	0.010074301	0.5200492886811825
2192.7451882225823	300	7.867737196008111	0.0	179801	3690.9337874786343	0.0077134897	0.6032040659371571
2194.5864568623615	300	7.628423784648172	0.0	140051	1739.3134113599394	0.0073448764	0.7688176189615157
2196.8057776081305	300	7.669741011673368	0.0	138313	1458.6827729748036	0.007267322	0.8019821998400269
2200.857403986513	300	7.618114633290614	0.0	143509	2051.6263783827553	0.00843952	0.7363134316248645
2202.743312915779	300	7.941292282246292	0.0	150616	1676.8223510443224	0.0073399725	0.813697196752519
2204.4563071587713	300	7.824338521410351	0.0	165384	1116.9537608359415	0.0070627914	0.8552435512488759
2205.915189932467	300	7.58791738994086	0.0	140881	736.4211314694911	0.00860667	0.8641054449275688
2208.9691674952755	300	7.8721594391998355	0.0	157671	1215.7579507410246	0.010470297	0.8512676724353404
2211.590845028429	300	7.860430435706765	0.0	157812	1511.7290034930702	0.01015341	0.8202223646671272
2213.2416844636186	300	7.594984940042246	0.0	163927	1265.4454956645193	0.00995644	0.8120756524357737
2214.6883988620602	300	7.7593247248840305	0.0	137654	835.6602151582146	0.011215589	0.8753455280206578
2217.9803951029053	300	7.513853686553373	0.0	146754	745.471038330657	0.012291286	0.8540556671373665
2220.155001907581	300	7.884812909322424	0.0	153938	1129.0407772309497	0.014250136	0.8615017379421455
2222.0081640072995	300	7.656014906785609	0.0	181901	1228.798002536814	0.0130611295	0.8232758884621587
2222.9542728881434	300	7.820142524454639	0.0	111155	835.8723823309699	0.014234842	0.882833601330407
2224.8370924221877	300	7.863850915688861	0.0	153605	1456.291608765777	0.012898678	0.8261884373449139
2225.948987560097	300	7.626167409873422	0.0	149029	737.6835058154401	0.011987011	0.8687020106072105
2228.4141280381364	300	7.690702962900859	0.0	157421	1435.4644469725622	0.015513825	0.8068922446480412
2229.905222964808	300	7.669993515098064	0.0	157488	1020.7094478027947	0.013318772	0.8458107094379878
2231.4402610965217	300	7.8426671936759975	0.0	143881	1327.3263214220665	0.014484729	0.8364693714084883
2232.8548730653533	300	7.719217094905931	0.0	163444	1123.4500987700662	0.012557004	0.8416143738802344
2234.7126656025766	300	7.815901718825091	0.0	179328	903.315376080841	0.013105759	0.8755656815737989
2236.467708690811	300	7.915618836279063	0.0	159914	900.2828825460283	0.016145285	0.8881811941283092
2237.1741877730124	300	7.774759326522364	0.0	131610	640.8595097566991	0.015289526	0.8967313383437701
2238.320100351357	300	7.739612899572485	0.0	124011	535.1464269498795	0.018124027	0.9029630500714089
2239.5654279941787	300	7.507332153859037	0.0	144254	732.2807457134478	0.018409226	0.8545694702848865
2240.5767150955235	300	7.968212051740695	0.0	149991	539.1201021183435	0.019592712	0.9307912570686498
2241.721907776249	300	7.9616992159912625	0.0	147968	506.5128357494318	0.026947044	0.9332478314197603
2242.6549875054716	300	7.784499264367701	0.0	161857	677.1999516235611	0.032365844	0.8942999029104788
2243.533771064807	300	7.828047354500084	0.0	145210	456.45190986761713	0.032979913	0.9217516730604409
2244.6757184349012	300	7.8832394176863705	0.0	172312	944.8079368137131	0.041893564	0.8797307399622629
2245.5016218752667	300	7.828857485644483	0.0	167025	554.3819320418888	0.032226354	0.9120586992847884
2246.363183923788	300	7.868837215545278	0.0	160064	460.02027009920624	0.04520461	0.9264312391911412
2246.9899051442458	300	7.976247485027193	0.0	137507	392.58973051808414	0.05734015	0.9464364445443261
2247.2543539366075	300	7.7260887813163155	0.0	118421	250.15870371087868	0.06461715	0.9297919736493435

