715.686139111097	750	4.0	2.322935537655054	450283	2322.935537655054	0.66066223	-9.238622811916732
719.1624032092767	750	4.523735901820231	0.0	398865	3476.264098179768	0.6602537	0.75
720.3943060064738	300	7.291833104623161	0.0	139857	1231.9027971970702	0.007837605	-0.15000000000000002
721.5315086212006	300	10.154630489896487	0.0	155432	1137.2026147266756	0.004705182	0.3
722.7517502814588	300	12.934388829638273	0.0	163442	1220.241660258212	0.011277367	0.3
725.0204965613423	750	14.665642549754844	0.0	318564	2268.7462798834304	0.5619588	0.3
727.2681748379745	750	16.417964273122628	0.0	352642	2247.678276632216	0.03592009	0.75
730.1555862367936	750	17.53055287430344	0.0	437162	2887.41139881919	0.0482364	0.75
732.6874637149323	750	18.998675396164753	0.0	374758	2531.8774781386846	0.2322503	0.75
735.6411348960363	750	20.045004215060676	0.0	362795	2953.671181104078	0.122655176	0.75
738.4711797865717	750	21.214959324525285	0.0	353220	2830.0448905353915	0.036761254	0.75
741.925647400004	750	21.76049171109311	0.0	405134	3454.467613432175	0.030230539	0.75
744.6864625979848	750	22.999676513112217	0.0	386351	2760.815197980893	0.013624428	0.75
747.4171906891631	750	24.268948421933846	0.0	434409	2730.7280911783696	0.03265163	0.75
749.8200096924197	750	25.866129418677307	0.0	337059	2402.819003256536	0.1797408	0.75
752.2802766900277	750	27.405862421069326	0.0	366214	2460.26699760798	0.12832999	0.75
754.731436941886	750	28.954702169210915	0.0	360831	2451.1602518584114	0.2317714	0.75
757.8779670196956	750	29.80817209140145	0.0	372963	3146.5300778094693	0.26403436	0.75
761.8910928123589	750	29.795046298738168	0.0	405596	4013.1257926632784	0.084266245	0.75
766.8810458918318	750	28.80509321926517	0.0	350713	4989.953079472998	0.016413646	0.75
769.9909482315801	750	29.695190879516968	0.0	386472	3109.902339748203	0.004705182	0.75
771.975376824199	750	31.71076228689803	0.0	399894	1984.4285926189361	0.02147273	0.75
773.6122512222629	750	34.07388788883416	0.0	401853	1636.8743980638806	0.69610745	0.75
775.9117331806533	1200	35.7744059304437	0.0	536667	2299.4819583904623	0.02507934	0.75
782.4944077489029	1200	33.19173136219411	0.0	587236	6582.674568249582	0.004705182	1.2
786.6360162418099	1200	33.05012286928712	0.0	590335	4141.608492906994	0.27549547	1.2
789.894488019167	1200	33.79165109193002	0.0	696376	3258.471777357106	0.03514912	1.2
792.0665693396721	1200	35.619569771425	0.0	487160	2172.0813205050235	0.004705182	1.2
794.5251026221981	1200	37.1610364888989	0.0	622896	2458.5332825260975	0.004705182	1.2
797.3536966824573	1200	38.33244242863969	0.0	641447	2828.5940602592086	0.040414777	1.2
799.8009471290676	1200	39.88519198202945	0.0	570392	2447.2504466102373	0.038202908	1.2
802.4085873943773	1200	41.277551716719884	0.0	620283	2607.640265309562	0.21233006	1.2
804.9124698043115	1200	42.77366930678553	0.0	584349	2503.882409934355	0.50433135	1.2
807.6735755386925	1200	44.012563572404545	0.0	670129	2761.1057343809875	0.696496	1.2
813.9204973636902	2850	41.765641747406924	0.0	1492672	6246.921824997616	0.19539566	1.2000000000000002
819.6339835865423	2850	40.052155524554756	0.0	1439896	5713.486222852165	0.004705182	2.85
824.1340165726256	2850	39.55212253847142	0.0	1139291	4500.032986083337	0.004705182	2.85
830.3817371913977	2850	37.304401919699345	0.0	1499009	6247.720618772077	0.004705182	2.85
836.9254487020368	2850	34.760690409060246	0.0	1427478	6543.7115106390975	0.004705182	2.85
847.1308525943687	2850	28.555286516728405	0.0	1402287	10205.403892331842	0.004705182	2.85
854.3899989101951	2850	25.296140200901906	0.0	1339500	7259.146315826495	0.004705182	2.85
862.5750506829235	2850	21.111088428173545	0.0	1527299	8185.051772728362	0.004705182	2.85
869.5646238050587	2850	18.121515306038326	0.0	1343002	6989.573122135217	0.004705182	2.85
878.9643206122295	2850	12.721818498867442	0.0	1587250	9399.696807170885	0.004705182	2.85
886.839976126079	2850	8.846162985017978	0.0	1464921	7875.655513849464	0.3637198	2.85
889.5338940634831	1200	10.152245047613805	0.0	638661	2693.917937404172	0.027874371	-0.44999999999999996
891.891107394819	1200	11.795031716277961	0.0	538612	2357.2133313358445	0.004705182	1.2
894.2649883239953	1200	13.421150787101455	0.0	550906	2373.8809291765074	0.07674474	1.2

