6699.873914230353	750	4.0	2.7931852023610926	450283	2793.1852023610927	0.1882604	0.07068147976389072
6701.365760228386	750	6.508154001967959	0.0	398865	1491.84599803204	0.77971023	0.35757502531979346
6702.9743783965605	750	7.751360613441601	0.0	350812	1256.793388526359	0.96633244	0.4587806994874642
6705.860863577395	1200	7.794030317483512	0.0	617681	2457.3302959580883	0.93889403	-0.008606134753089356
6708.813958113197	1200	7.94706053492136	0.0	652874	2846.969782562152	0.29199395	0.4119943051763698
6711.861108492179	1200	7.761547769750263	0.0	520315	2185.512765171097	0.33804908	0.46654545909228173
6714.526019097824	750	7.989911230933023	0.0	352642	2271.63653881724	0.356271	-0.07779420194841005
6716.509487257619	300	7.884814203499767	0.0	173849	1605.0970274332562	0.39900562	-0.11770881502459021
6718.876240658581	300	7.500623045349546	0.0	150710	1884.1911581502209	0.011543501	0.2803698245193246
6722.480172592003	300	7.744938228694464	0.0	139105	2255.684816655083	0.009891551	0.2584901576278957
6726.248985576156	300	7.976125244541941	0.0	141840	2268.8129841525233	0.008368192	0.271626529368619
6727.754002423306	300	7.547146900026472	0.0	156148	1428.9783445154703	0.007539792	0.32879884680010746
6729.610694134528	300	7.866820295733087	0.0	160746	1180.3266042933847	0.0081199575	0.37364360805397945
6731.8805849646415	300	7.93505740554001	0.0	179801	931.7628901930756	0.010402926	0.40276479882694305
6733.529969417288	300	7.909429106227154	0.0	140051	1025.6282993128566	0.015838496	0.3917764892079114
6734.48655338066	300	7.853015177358375	0.0	138313	556.4139288687792	0.01341212	0.43517205569802053
6735.78216684083	300	7.53029354562479	0.0	143509	822.721631733585	0.02761433	0.3883711834281909
6736.547228068736	300	7.5342087838898735	0.0	150616	496.0847617349175	0.02460007	0.42127957281962536
6737.314913392225	300	7.8548543695308615	0.0	165384	679.3544143590104	0.051875353	0.42299295665977776
6738.333880836779	300	7.854536097068935	0.0	140881	500.31827246192705	0.050391234	0.4408766788206157
6739.214820143343	300	7.848391063183049	0.0	157671	506.14503388588474	0.063561976	0.4399099380603521
6740.017601879115	300	7.689397360236086	0.0	157812	658.9937029469631	0.09392341	0.4146879647200591
6741.381741267943	300	7.824221648884624	0.0	163927	865.1757113514601	0.06280556	0.402496281920143
6742.548891989168	300	7.620128084060147	0.0	137654	704.0935648244786	0.04920774	0.4058486487713113
6743.202715742679	300	7.53474485705471	0.0	146754	585.3832270054377	0.04038804	0.4123832308653756
6744.353622508799	300	7.753511689547992	0.0	153938	781.2331675067168	0.06323825	0.4064711638460778
6745.680973581604	300	7.789673019051832	0.0	181901	963.8386704961594	0.041742705	0.39047069664112355
6746.633418977136	300	7.640206465440598	0.0	111155	649.4665536112332	0.035853773	0.41256624872891406
6747.865180950563	300	7.570814842187781	0.0	153605	569.3916232528163	0.0343944	0.4162367653114547
6748.640409535124	300	7.844385729993472	0.0	149029	726.4291121943091	0.06081587	0.41763119690516104
6749.665781165631	300	7.631099707923491	0.0	157421	713.2860220699806	0.04511246	0.40561512953822015
6750.436630500761	300	7.9567178735772375	0.0	157488	674.3818343462539	0.04457856	0.42985668366395197
6751.651862093049	300	7.962335846825077	0.0	143881	994.3820267521608	0.05677761	0.39820778775135124
6752.954527764145	300	7.981427698545437	0.0	163444	980.9081482796407	0.034516625	0.40074841633112573
6754.122203326751	300	7.723468721649573	0.0	179328	757.9589768958637	0.033392098	0.406920897413512
6754.777141882137	300	7.610857689313072	0.0	159914	612.6110323365015	0.04987999	0.41441750234841684
6755.719525675053	300	7.545829625879307	0.0	131610	565.0280634337655	0.07252232	0.4151115452740801
6756.396414277491	300	7.636063160401156	0.0	124011	409.76646547815125	0.06056434	0.43627730097725714
6757.532884962222	300	7.546388877015761	0.0	144254	589.6742833853962	0.10524271	0.4126818764749454
6759.469550403761	300	7.796454371418906	0.0	149991	1249.9345055968556	0.11831234	0.3622849476539961
6760.322580849695	300	7.5183046449226545	0.0	147968	778.1497264962507	0.056747817	0.39207906765804085
6762.118908250224	300	7.6475812758776485	0.0	161857	870.7233690450072	0.08131703	0.3909014928378523
6763.531834055016	300	7.728920398723534	0.0	145210	918.6608771541153	0.104868755	0.3911914372048093
6764.202475433107	300	7.580732192496722	0.0	172312	648.1882062268119	0.0960752	0.40897694140836394
6765.126886076228	300	7.619753428368118	0.0	167025	460.9787641286039	0.1769215	0.430136712860147
6765.937552862297	300	7.956135927330528	0.0	160064	663.6175010375903	0.47504002	0.4308967453543989
6767.003186821792	300	7.791843628097824	0.0	137507	664.2922992327029	0.3518157	0.42056099683284365
6770.069972293573	300	7.969121674339004	0.0	118421	1822.72195375882	0.255803	0.3157979092703057

