7910.765299770573	750	4.0	6.579692689023528	450283	6579.692689023527	0.045492716	-0.22456926890235274
7916.1381798842085	750	4.0	1.3728801136353714	398865	5372.880113635371	0.510401	-0.1038880113635372
7920.005371095131	300	4.132808789078245	0.0	139857	3867.1912109217546	0.38066667	-0.43480346635431616
7923.286161200583	300	4.8520186836255075	0.0	155432	3280.7901054527388	0.032532133	0.14377980643730676
7925.219378528385	300	6.918801355822932	0.0	163442	1933.2173278025748	0.037662692	0.4795316990735227
7928.25361572957	300	7.884564154638474	0.0	126289	2534.2372011844586	0.030679254	0.5133501439201458
7931.281954731409	300	7.964398891878651	0.0	153295	2920.165262759823	0.024940496	0.4825212659592165
7935.337954941677	300	7.815485665835158	0.0	173849	3148.913226043492	0.021457715	0.44516465839812
7936.727734423396	300	7.624139450487317	0.0	150710	1191.3462153478417	0.022384858	0.6223129400251075
7938.1870155124925	300	7.7637154818751	0.0	139105	860.4239686122155	0.029805208	0.668978933751132
7939.689297999192	300	7.742002827367563	0.0	141840	1021.7126545075373	0.045318235	0.6507385095107419
7940.88196966412	300	7.790951963499205	0.0	156148	951.0508638683582	0.04780019	0.6625649920634619
7944.104132485183	300	7.670680920097584	0.0	160746	1120.271043401622	0.054103304	0.6339466151393279
7946.1582774634	300	7.554554295969574	0.0	179801	1116.1266241280096	0.05266681	0.62306774287024
7949.01278464385	300	7.78630990188921	0.0	140051	1268.2443940803648	0.059137274	0.6303941985506891
7949.9286682309885	300	7.986499472855226	0.0	138313	799.8104290339844	0.051833928	0.6967060308317723
7950.733801108668	300	7.816969646467103	0.0	143509	669.529826388124	0.058819693	0.6932473154801134
7951.957255431918	300	7.508043986637416	0.0	150616	808.9256598296867	0.07051674	0.6492647117175201
7952.918158939109	300	7.849856655352769	0.0	165384	658.1873312846477	0.0664908	0.6975798266045921
7954.435792108436	300	7.627398110943053	0.0	140881	722.4585444097145	0.08400614	0.6695186118482406
7957.185809184342	300	7.874976871147291	0.0	157671	1252.421239795762	0.07675183	0.640599376739498
7958.87215409435	300	7.540602286549938	0.0	157812	1334.374584597354	0.060830288	0.5998861139072461
7960.666390488387	300	7.554469347585975	0.0	163927	986.1329389639639	0.05362354	0.6360588501563397
7962.823289075243	300	7.545071705394166	0.0	137654	1009.3976421918092	0.05801061	0.6328184591304018
7965.435113196817	300	7.657910107389518	0.0	146754	1887.1615980046488	0.053746287	0.5560155981431658
7969.434981870647	300	7.658041433560533	0.0	153938	1999.8686738289853	0.04397638	0.5447576620308634
7974.424468285105	300	6.6685550191020955	0.0	181901	4989.486414458437	0.03954056	0.14956833416183518
7977.29559387548	300	7.797429428727796	0.0	111155	2871.1255903743004	0.034369633	0.4711874529063481
7981.424482613059	300	7.66854069114925	0.0	153605	4128.888737578545	0.020950904	0.33287670845641004
7985.745636228342	300	7.347387075866305	0.0	149029	4321.153615282946	0.01803784	0.2824180315997035
7989.374014957713	300	7.5507904980770215	0.0	157421	2796.5965777892825	0.017316181	0.4546547181590621
7994.061717289684	300	6.863088166106311	0.0	157488	4687.7023319707105	0.014282946	0.19866509095676776
7997.020168635293	300	7.783604764077791	0.0	143881	2579.483402028521	0.01314282	0.4990072231037131
8001.7441696495425	300	7.059603749828033	0.0	163444	4724.001014249758	0.012506303	0.21414636324580044
8004.204365632064	300	7.7759902609827565	0.0	179328	2283.613488845276	0.012207886	0.5278537039960455
8005.552439522929	300	7.890244571888412	0.0	159914	885.7456890943454	0.014075392	0.6787517157067137
8007.190401105318	300	7.737427905578724	0.0	131610	652.816666309687	0.028932799	0.6871831971865623
8011.358155209638	300	7.561123234959053	0.0	124011	1676.3046706196715	0.045480803	0.5676887675378008
8015.195445549808	300	7.723832894789012	0.0	144254	2837.290340170042	0.034992572	0.46741371500122725
8017.420452454421	300	7.850699300917721	0.0	149991	1873.1335938712905	0.02900027	0.5761671476271193
8019.017767404926	300	7.792978500035761	0.0	147968	1057.7208008819603	0.030275576	0.6520950790402817
8020.393707943661	300	7.929805334480003	0.0	161857	1363.1731655557567	0.04125883	0.6348562522226047
8022.053938297072	300	7.776073882364282	0.0	145210	1153.7314521157214	0.04491	0.6408500398483543
8023.894210048092	300	7.86418741450143	0.0	172312	911.8864678628535	0.047220256	0.6736035792739787
8025.085986869019	300	7.862491602616534	0.0	167025	1001.6958118848954	0.06317187	0.6644577271659684
8026.617372566004	300	7.971839311145177	0.0	160064	890.6522914713561	0.0628757	0.686196143861733
8028.098394406273	300	7.776695079767267	0.0	137507	695.1442313779096	0.06885657	0.6867691733695758
8030.711492843219	300	7.618084622740025	0.0	118421	658.6104570272411	0.082270965	0.6749976838587434

