5910.4027064796455	750	4.0	3.252274383373264	450283	3252.2743833732643	0.008768044	-13.810361243853873
5911.376566398807	300	7.026140080838887	0.0	155580	973.8599191611128	0.3295625	-0.3802325581395349
5912.365798744862	300	7.649591059078628	0.0	139857	876.5490217602593	0.60161996	0.06976744186046512
5914.6799108288205	750	7.538876650646926	0.0	382355	1610.7144084317013	0.21001872	-0.2755813953488372
5916.217228308348	750	7.511916815396215	0.0	411561	1526.9598352507105	0.08788652	0.1744186046511628
5917.688976683353	750	7.611221454781937	0.0	318564	1400.6953606142777	0.07901573	0.1744186046511628
5919.618842205751	750	7.7818151864788305	0.0	352642	1829.406268303105	0.06251013	0.1744186046511628
5921.823345067694	750	7.6247933253540685	0.0	437162	1657.021861124762	0.064035475	0.1744186046511628
5923.638045182911	750	7.951183768155701	0.0	374758	1673.6095571983674	0.04938046	0.1744186046511628
5926.222348348074	750	7.8795775217832436	0.0	362795	2571.606246372457	0.05043908	0.1744186046511628
5927.9372084627785	750	7.813495852325679	0.0	353220	1566.0816694575635	0.121383995	0.1744186046511628
5930.239755205361	750	7.521611751308379	0.0	405134	1791.8841010173003	0.06406708	0.1744186046511628
5931.799803597049	750	7.506918828596614	0.0	386351	1514.6929227117657	0.07006768	0.1744186046511628
5933.983017309605	750	7.517989711557206	0.0	434409	1988.9291170394088	0.047051482	0.1744186046511628
5936.1502450379	750	7.88651812611809	0.0	337059	1631.4715854391166	0.056230687	0.1744186046511628
5939.478173194537	750	7.520432171677112	0.0	366214	2866.085954440977	0.062271804	0.1744186046511628
5942.487209459555	750	7.89683507826654	0.0	360831	2123.597093410571	0.41198397	0.1744186046511628
5946.012182222253	750	7.697068368521075	0.0	372963	3199.7667097454655	0.35183984	0.1744186046511628
5948.232472166093	300	7.529526356327215	0.0	165384	1167.5420121938607	0.71155787	-0.3802325581395349
5949.289880705031	300	7.742196047931516	0.0	140881	787.3303083956977	0.596681	0.06976744186046512
5951.278984533698	750	7.832683258418331	0.0	386472	1909.5127895131866	0.6986272	-0.2755813953488372
5954.142272532742	750	7.550834754623996	0.0	399894	2281.8485037943337	0.28503323	0.1744186046511628
5957.810477483614	750	7.542452074513176	0.0	401853	3508.3826801108203	0.3899334	0.1744186046511628
5960.637848163521	300	7.513677898539478	0.0	137654	1528.7741759736975	0.68075734	-0.3802325581395349
5961.387501680783	300	7.833149310775385	0.0	146754	680.528587764092	0.23555923	0.06976744186046512
5963.4846475673285	750	7.839138894251606	0.0	379700	1994.0104165237783	0.6548656	-0.2755813953488372
5965.160490416116	750	7.782785185918137	0.0	425781	1556.3537083334688	0.38318014	0.1744186046511628
5967.421203608378	750	7.647173183515073	0.0	277716	1635.612002403064	0.07719573	0.1744186046511628
5969.356200782295	750	7.597225172485836	0.0	400396	1549.9480110292359	0.3074227	0.1744186046511628
5973.558828128387	750	7.394597826392903	0.0	400508	4202.627346092933	0.09177857	0.1744186046511628
5976.964669530593	750	7.955515332280656	0.0	358218	1939.082494112246	0.693309	0.1744186046511628
5981.366065000478	750	7.554119862396272	0.0	400322	2901.395469884385	0.6057024	0.1744186046511628
5982.638190353956	300	7.607134412645781	0.0	143881	946.9854497504922	0.6139738	-0.3802325581395349
5984.046440147881	300	7.91557945354694	0.0	163444	691.5549590988423	0.33879355	0.06976744186046512
5985.73538548838	750	7.654454186210527	0.0	401088	1261.125267336413	0.59543455	-0.2755813953488372
5986.965695697789	750	7.948209132587885	0.0	365161	1206.245053622642	0.099661	0.1744186046511628
5988.335902093032	750	7.955138541359273	0.0	321064	993.0705912286114	0.03958115	0.1744186046511628
5990.112858016576	750	7.86022846259471	0.0	361565	1094.9100787645616	0.021547537	0.1744186046511628
5993.984586392037	750	7.635387163752777	0.0	378327	3224.8412988419323	0.019308802	0.1744186046511628
5998.801575443392	750	6.818398112398353	0.0	390680	4816.989051354424	0.3652237	0.1744186046511628
6000.90319750758	300	7.739525196791034	0.0	147968	1578.8729156073202	0.23041123	-0.3802325581395349
6003.192510514486	300	7.5462432866293385	0.0	161857	1693.281910161696	0.06081587	0.06976744186046512
6005.075317845812	300	7.582855197838082	0.0	145210	963.3880887912572	0.04762811	0.06976744186046512
6007.141799185414	300	7.53432408730498	0.0	172312	1548.5311105331014	0.11114227	0.06976744186046512
6009.2484466443075	300	7.579975467892698	0.0	167025	1454.3486194122804	0.041011613	0.06976744186046512
6011.336269776856	750	7.547213344858208	0.0	393804	2032.7621230344898	0.04100436	-0.2755813953488372
6012.274024683333	300	7.8358663773774095	0.0	137507	711.3469674807988	0.4702524	-0.3802325581395349
6013.0269793968955	300	7.892593004594048	0.0	118421	443.2733727833615	0.5854478	0.06976744186046512

