12073.09451426777	750	4.0	3.995068697861578	450283	3995.068697861578	0.03623411	-0.049506869786157814
12074.586786355101	300	6.507727912669612	0.0	155580	1492.2720873303876	0.55906475	-0.19249421419118803
12076.138319238877	300	7.735631858607427	0.0	139857	1272.0960540621852	0.023983456	0.35626738575674566
12078.614963449954	300	7.762028129796127	0.0	155432	1473.6037288113012	0.016925927	0.3377663852311278
12080.586151653262	300	7.8479542835756675	0.0	163442	1414.0738462204586	0.017085731	0.3490897581014334
12083.119615772819	300	7.7347793641896425	0.0	126289	1113.1749193860246	0.016664347	0.3721062183232502
12086.105589795201	300	7.726937010284288	0.0	153295	2007.842353905355	0.014801429	0.28214932775223245
12089.90618984019	300	7.92633696529344	0.0	173849	3800.6000449908474	0.010789919	0.11533605583175527
12094.078375953499	300	7.754150851984041	0.0	150710	2672.186113309399	0.008375951	0.2174158169180626
12098.0131923874	300	7.637201553222039	0.0	139105	1616.9492987620026	0.0077869873	0.31563016720017717
12101.19466846294	300	7.810397063921977	0.0	141840	1826.804489300062	0.007855944	0.3054693675651174
12103.92702352809	300	7.881555276766754	0.0	156148	1928.8417871552233	0.0077643334	0.2997130260823998
12107.698537158945	300	7.512555190935902	0.0	160746	1869.0000858308524	0.0075650513	0.2826346908504086
12109.848993130996	300	7.763583939323555	0.0	179801	1748.9712516123461	0.0076594837	0.31032687104648754
12111.991214849793	300	7.723215444895568	0.0	140051	1540.3684944279864	0.008016677	0.32866411586317434
12114.008342953428	300	7.710578019560718	0.0	138313	1512.6374253348497	0.008011331	0.3306473836890599
12117.88161444976	300	7.83730652322967	0.0	143509	2373.2714963310486	0.008097286	0.2525045080687495
12121.751335322537	300	7.967585650452685	0.0	150616	3369.720872776984	0.007859374	0.16100201587559443
12125.951398803807	300	7.767522169181648	0.0	165384	3700.063481271037	0.007154688	0.11546378744674929
12129.145611768365	300	7.804188884493182	0.0	140881	1963.3332846884655	0.006668249	0.2914284768119773
12132.96691242567	300	7.982888227187046	0.0	157671	2321.3006573061366	0.006503759	0.26680044846857676
12136.805116336176	300	7.824876497721572	0.0	157812	2658.0117294654733	0.006509657	0.2232536081610509
12141.672159595508	300	6.957833238390028	0.0	163927	4867.0432593315445	0.0063904524	-0.05183974853377771
12146.062504714408	300	6.5674881194911	0.0	137654	4390.345118898928	0.0062192753	-0.028566504421699057
12149.613386324841	300	7.016606509056188	0.0	146754	3550.881610434912	0.0057684192	0.08344974577252057
12153.806245409001	300	6.823747424896735	0.0	153938	4192.859084159453	0.0055472516	0.0071983056401006
12158.035597853543	300	6.594394980353643	0.0	181901	4229.352444543091	0.0054830005	-0.01078555818220639
12160.74239787383	300	7.887594960065911	0.0	111155	2206.800020287732	0.0054825777	0.27229468297534626
12164.68156742603	300	7.948425407864775	0.0	153605	3439.169552201136	0.005146784	0.15285963277143483
12168.697758162718	300	7.93223467117773	0.0	149029	3516.1907366870455	0.005310899	0.14414559327990356
12173.10229702393	300	7.527695809965933	0.0	157421	3904.538861211797	0.0053899484	0.08002710200169111
12177.220943514718	300	7.409049319177082	0.0	157488	4118.646490788851	0.0053268457	0.051200933369682455
12180.792263763225	300	7.837729070669338	0.0	143881	3071.320248507744	0.0053490577	0.18272604206605925
12184.89846314589	300	7.731529688003867	0.0	163444	3106.1993826654702	0.0053376164	0.17260066723369472
12188.169781633007	300	7.822639954374521	0.0	179328	2908.8897336293476	0.005429931	0.1980260237854728
12192.483290813705	300	7.5091307736759445	0.0	159914	2313.5091806985756	0.0055915844	0.23796975528488898
12196.413537746965	300	7.5788838404172605	0.0	131610	2930.2469332586843	0.005773194	0.18065554670021033
12200.109031795815	300	7.883389791566423	0.0	124011	3695.4940488508373	0.005773031	0.12316245708781776
12203.437190497707	300	7.800149931767098	0.0	144254	2583.2398597993238	0.0057385564	0.2291853847555113
12206.398254960353	300	7.637077016491536	0.0	149991	2163.072915275563	0.005888162	0.2610100220031647
12209.944735097304	300	7.697832745666163	0.0	147968	1439.2442708253734	0.0065323734	0.33719011952159783
12212.845367318714	300	7.591134610938869	0.0	161857	1606.6981347272947	0.009572811	0.31377609971094983
12214.44696137889	300	7.7273045479125955	0.0	145210	1363.8300630262727	0.0125890765	0.34657352794190993
12217.13757813587	300	7.780878220447044	0.0	172312	1446.4263274655505	0.018133387	0.3416622560313852
12219.085740290137	300	7.843892281769766	0.0	167025	1436.9859386772782	0.02738868	0.34654467374288256
12221.235607610197	300	7.799546786734903	0.0	160064	2044.3454950348635	0.035297967	0.28303712466744513
12224.661887666613	300	7.634167637690584	0.0	137507	3165.3791490443195	0.033921655	0.16059756245122953
12228.391306192741	300	7.904749111562765	0.0	118421	2229.418526127818	0.02795028	0.271104966859891

