6923.497032337872	750	4.0	6.619212714537035	450283	6619.212714537035	0.0071336078	-0.1659014063374244
6925.607994682123	300	5.8890376557490836	0.0	155580	2110.9623442509164	0.022837859	0.06688739376127598
6927.914056685912	300	7.582975651959863	0.0	139857	1806.0620037892206	0.006649209	0.7565311918560084
6931.2854693609215	300	7.865387740844166	0.0	155432	2717.587911115697	0.006435125	0.7002485618510255
6934.610690015214	300	7.599689809944733	0.0	163442	2265.6979308994323	0.006325775	0.7126313281972061
6938.512598719747	300	7.697781105411282	0.0	126289	1901.9087045334513	0.0071389745	0.7611217706846617
6942.399169253252	300	7.811210571906154	0.0	153295	2886.5705335051284	0.005896164	0.6766609409494705
6946.310575991068	300	7.589508250463567	0.0	173849	2721.7023214425885	0.0062237335	0.6657737525215185
6948.724675445675	300	7.662310755196803	0.0	150710	1927.1974952667636	0.005948603	0.7542132996333039
6950.730212167639	300	7.9379933023347435	0.0	139105	1724.317452862059	0.00649387	0.8085403552117674
6953.147048571451	300	7.820184744529903	0.0	141840	2117.8085578048403	0.0069008	0.7546451967764587
6956.231582521278	300	7.702431749869272	0.0	156148	1117.7529946606292	0.0064769313	0.8401115656375294
6958.739855482935	300	7.9716856703248125	0.0	160746	1730.7460795444601	0.008448012	0.8120575536559147
6960.5006354865845	300	7.8650591810561705	0.0	179801	1606.6264892686418	0.008028172	0.8113041361303366
6962.384187721821	300	7.755359777728026	0.0	140051	1109.6994033281444	0.008789359	0.8474520495953515
6964.392677689073	300	7.563041243456974	0.0	138313	1192.3185342710533	0.009431019	0.8154441992654171
6965.606591693801	300	7.894169890782228	0.0	143509	1168.8713526747447	0.0097516	0.858674004793835
6966.770354995897	300	7.734809623011952	0.0	150616	1159.3602677702759	0.010733613	0.8399485962461738
6968.883039581566	300	7.650668837789701	0.0	165384	1584.14078522225	0.0104990825	0.7870815208303333
6970.925744831437	300	7.783588060627528	0.0	140881	1867.0807771621742	0.011065029	0.7751993122881411
6973.137384552771	300	7.51058052216501	0.0	157671	1773.007538462518	0.009405293	0.7508978732572223
6976.908620688975	300	7.739344385961267	0.0	157812	2271.2361362037436	0.009284226	0.7293209252569132
6980.928272877403	300	7.719692197532302	0.0	163927	3019.652188428966	0.008749459	0.6520528267442561
6983.577668432706	300	7.969754597333405	0.0	137654	2249.9376001988967	0.0077696224	0.7598999683150449
6987.70715988466	300	7.84026314537952	0.0	146754	2629.4914519538856	0.0070855524	0.705956025914398
6989.599952143755	300	7.648341771910633	0.0	153938	1691.9213734688879	0.006515858	0.7760161347310676
6991.08338467843	300	7.762060904386631	0.0	181901	1386.2808675240005	0.006839403	0.8206213041002086
6992.450408961825	300	7.822124610763891	0.0	111155	939.9362936227398	0.008253854	0.8726719421885734
6996.146285754331	300	7.892730213897603	0.0	153605	2429.3943968662884	0.00834992	0.7324439407163539
7000.509759565279	300	7.529256402950436	0.0	149029	2363.473810947167	0.007060605	0.694157192726956
7003.4467174914535	300	7.835755505156729	0.0	157421	2193.5008977937073	0.00657599	0.7489985143712459
7007.317616766543	300	7.964856230067351	0.0	157488	1870.8992750893788	0.0070310235	0.7971989900515297
7011.128282808357	300	7.6217013988955475	0.0	143881	1843.1548311718027	0.007549438	0.75760345115489
7014.745031007055	300	7.822082962367398	0.0	163444	1799.61843652815	0.007837345	0.7866985854908649
7018.624671328106	300	7.750827682926961	0.0	179328	2071.2552794404364	0.007890807	0.7507368755714037
7022.17866364644	300	7.808023953565102	0.0	159914	1942.8037293618604	0.008002476	0.77064416350282
7024.725235065217	300	7.980332605662514	0.0	131610	2327.691347902588	0.007564043	0.7534306804635118
7028.364737867137	300	7.560021163640156	0.0	124011	1920.3114420223571	0.0068112393	0.7422720134594016
7030.92045190066	300	7.626759922326663	0.0	144254	2433.2612413134943	0.0069309454	0.6992173957031868
7034.483664637798	300	7.626379940362376	0.0	149991	2000.379981964286	0.006881036	0.7424586045382617
7037.279875174915	300	7.549690972891422	0.0	147968	2076.6889674709555	0.0071726264	0.7253587725063056
7041.009923036666	300	7.819643111140893	0.0	161857	2230.0478617505296	0.007089341	0.743354389871475
7044.5406696277	300	7.889054588821933	0.0	145210	1930.5885223189598	0.0070342403	0.7818706917133609
7048.144837019414	300	7.972049927322613	0.0	172312	2417.0046614993207	0.0071372692	0.7434766709685887
7051.289267764338	300	7.533415843468101	0.0	167025	2938.634083854511	0.0068829595	0.6371547395118677
7055.274529513586	300	7.548154094219968	0.0	160064	2985.261749248134	0.0067589944	0.634311732979743
7059.055792479169	300	7.766891128636056	0.0	137507	2781.2629655839114	0.006482399	0.6817194913200979
7062.822771170052	300	7.999912437753425	0.0	118421	3266.9786908826322	0.0063036634	0.661919505480201

