22846.253647447043	750	4.0	10.535228578788095	450283	10535.228578788096	0.7135165	-45.92988646037547
22847.644494395576	300	6.609153051467327	0.0	155580	1390.8469485326723	0.0105146915	0.0630997842280033
22849.375753865894	300	7.926561113369437	0.0	139857	1682.5919380978908	0.4930222	0.6107273322543538
22852.197039694707	300	7.830252007971493	0.0	155432	2596.3091053979438	0.6636193	0.5100857529352915
22856.3018253663	300	7.58034743373442	0.0	163442	2249.904574237073	0.44285768	0.5206726022515874
22859.175381398807	300	7.501009994756285	0.0	126289	1579.3374389781347	0.16922468	0.5800929956761142
22865.680704935265	750	4.995686458301452	0.0	352642	6505.323536454833	0.5294735	-0.5795770961634741
22870.103299765666	300	4.57309162789945	0.0	173849	4422.594830402003	0.08820473	-0.4360482667295443
22874.07559241729	300	4.600798976272967	0.0	150710	3972.292651626482	0.006499082	0.06164881541871592
22877.893721368044	300	4.782670025518865	0.0	139105	3818.1289507541023	0.008207706	0.09457048397665385
22880.49082507204	300	6.185566321522771	0.0	141840	2597.103703996094	0.0068010096	0.3517033968687999
22883.0925964053	300	7.583794988265028	0.0	156148	2601.7713332577428	0.009789058	0.48581775745349526
22886.47894045546	300	7.586339767994283	0.0	160746	2997.4552202707455	0.14818504	0.446494306739233
22890.226840067084	300	7.838440156371056	0.0	179801	3247.8996116232274	0.112930134	0.4457148210499181
22892.815841439005	300	7.907333691168668	0.0	140051	2431.106465202389	0.073676504	0.5340252179578944
22896.948016845177	300	7.775158284994086	0.0	138313	2632.1754061745814	0.14174163	0.5011962884121213
22900.78169274166	300	7.941482388511335	0.0	143509	3333.6758964827513	0.07477616	0.4470551263757617
22902.979808776156	300	7.9792975284032	0.0	150616	1962.1848601081347	0.036956154	0.58784398088761
22906.277556657533	300	7.773389184455711	0.0	165384	1705.908343947488	0.24581811	0.5936527166654817
22911.54817670875	750	6.502769133237514	0.0	350713	5270.620051218197	0.66440964	-0.31104830016196644
22915.021969733476	300	7.028976108509694	0.0	157671	3473.793024727821	0.6737884	-0.10478636944086706
22918.108017821258	300	7.9429280207301325	0.0	157812	3086.0480877795603	0.025962375	0.4719570510162072
22921.30236497111	300	7.636904805881782	0.0	163927	2806.023214848349	0.07710592	0.47050445055844325
22924.351625590014	300	7.8814363542804164	0.0	137654	2255.468451601366	0.042750545	0.5490963707425098
22926.616274842523	300	7.95600783527969	0.0	146754	1925.4285190007265	0.03283535	0.5892779551458978
22929.041639428804	300	7.842935937892351	0.0	153938	1613.071897387339	0.28761494	0.6096303166355748
22932.246223325496	300	7.576790362495936	0.0	181901	2266.145575396415	0.62629855	0.518706129922102
22935.13082034275	300	7.958710995515548	0.0	111155	2118.0793669803884	0.33856907	0.5702730526415898
22939.420717541914	300	7.668813796349481	0.0	153605	4289.897199166067	0.12964119	0.3251883292999864
22943.233709226297	300	7.5155253263785236	0.0	149029	3653.288469970957	0.015739955	0.3740950100042731
22947.425649296154	300	7.323585256519385	0.0	157421	4191.940069859139	0.010970482	0.3017553966854564
22951.147062167267	300	7.602172385406005	0.0	157488	3721.4128711133785	0.0060499846	0.37562244936053235
22955.221794199817	300	7.5274403528555744	0.0	143881	3074.7320325504306	0.0082075335	0.4330974888013381
22959.735067820307	300	7.01416673236547	0.0	163444	4513.273620490104	0.0074461596	0.23984015143073067
22965.905115550544	300	4.844119002127193	0.0	179328	6170.047730238278	0.0050108656	-0.1347068590267685
22970.12206946919	300	4.6271650834801745	0.0	159914	4216.953918647017	0.004705182	0.03972045697657178
22972.897715402054	300	5.851519150615797	0.0	131610	2775.6459328643773	0.004705182	0.30169674810514474
22975.505786015445	300	7.243448537225975	0.0	124011	2608.0706133898216	0.004705182	0.4524290905778598
22978.815884801563	300	7.933349751108073	0.0	144254	2810.0987861179024	0.004705182	0.49863006167257645
22983.18290686249	300	7.56632769018103	0.0	149991	2367.0220609270436	0.0059727915	0.5076114370789613
22987.133017635977	300	7.616216916691658	0.0	147968	3950.1107734893712	0.014683274	0.35410446147441144
22991.066704599572	300	7.682529953095107	0.0	161857	3933.6869635965513	0.0061071026	0.3621295487798112
22994.769309357416	300	7.9799251952522825	0.0	145210	3202.604757842825	0.004705182	0.4638624047730434
22998.53184182069	300	7.866310655384164	0.0	172312	3113.6145398681174	0.0056775943	0.46182589593356477
23001.350072420548	300	7.97665433165813	0.0	167025	2389.656323726034	0.0074395617	0.5448424237873817
23005.566714020475	300	7.76001273173092	0.0	160064	2716.6415999272103	0.013316461	0.4912918920488499
23008.688108611586	300	7.841923350203138	0.0	137507	1418.0893815277814	0.011569038	0.6290311054873521
23011.755806449106	300	7.7247270552371665	0.0	118421	1617.1962949659708	0.15830173	0.5978401354430691

