9099.248393233303	750	4.0	4.665178135276565	450283	4665.178135276565	0.3554448	-0.11651781352765656
9100.747227801192	300	6.501165432110702	0.0	155580	1498.8345678892972	0.47226733	-0.19356061728201085
9103.514298267917	300	7.559636450196394	0.0	139857	1441.5289819143081	0.021543786	0.32832437994584385
9107.180535989206	300	7.8092883700912985	0.0	155432	3250.3480801050955	0.014180348	0.1630457151201966
9111.47064078538	300	7.519183573918858	0.0	163442	4290.104796172441	0.010093267	0.0409384937526846
9115.26328749709	300	7.726536862207518	0.0	126289	2292.6467117113393	0.008224283	0.25364388271683597
9119.27006647012	300	7.719757889177496	0.0	153295	3006.7789730300224	0.0068747997	0.18180697077059121
9123.056819391488	300	7.933004967810033	0.0	173849	3286.752921367463	0.0066492213	0.1671375183513808
9127.00913847592	300	7.98068588337831	0.0	150710	3452.3190844317232	0.006492651	0.15356095926797209
9131.596814267556	300	7.393010091742859	0.0	139105	4587.675791635451	0.006147768	0.003295551570383637
9135.758178347121	300	7.231646012176474	0.0	141840	4161.364079566385	0.005930202	0.03584146780439107
9139.400151317268	300	7.589673042029538	0.0	156148	3141.972970146936	0.0056701116	0.16015726811215253
9143.224254663552	300	7.765569695746112	0.0	160746	3824.1033462834266	0.0055364836	0.10293777135578935
9148.852761907763	300	6.137062451534401	0.0	179801	5628.50724421171	0.0055141533	-0.17928432120027082
9153.59263426684	300	5.397190092458181	0.0	140051	4739.872359076221	0.0055838693	-0.13666285512898585
9156.612926515056	300	6.376897844242714	0.0	138313	3020.2922482154663	0.005361354	0.096526890443623
9158.206101122181	300	7.639450595596656	0.0	143509	1237.4472486460586	0.005205939	0.3537209373601851
9159.789324675889	300	7.8057025504336055	0.0	150616	833.748045163052	0.0058849268	0.40448160488579515
9161.172474520217	300	7.86386534438964	0.0	165384	941.8372060439654	0.007586602	0.39730786341995594
9161.899244532991	300	7.651136685746278	0.0	140881	712.7286586433611	0.009953612	0.40692317699480623
9163.606902395166	300	7.8143283840745354	0.0	157671	836.8083016717441	0.015227564	0.40471469383748404
9165.386829758318	300	7.959789468449571	0.0	157812	854.5389156249643	0.020794049	0.41203295021560177
9167.358260623987	300	7.696768330878236	0.0	163927	1263.021137571336	0.024141034	0.3547459069227562
9169.978086232113	300	7.9660603765651326	0.0	137654	1230.7079543131047	0.016532108	0.37480797810401034
9172.480636593755	300	7.719344046499567	0.0	146754	1246.7163300655645	0.015310863	0.35778736989966653
9174.257905820125	300	7.838626406153178	0.0	153938	1380.7176403463889	0.016012914	0.35184238634993475
9176.058351083822	300	7.766679643865853	0.0	181901	1571.9467622873246	0.014022815	0.32822280151288336
9177.967270468838	300	7.886469202063232	0.0	111155	880.2104418026207	0.013709252	0.4048832809486899
9179.402680862677	300	7.528118466751195	0.0	153605	1358.350735312037	0.013602725	0.334672330640746
9181.248599068202	300	7.8736891742510995	0.0	149029	1154.4292925000946	0.013636568	0.3766626441406843
9182.886303973584	300	7.715581197073912	0.0	157421	1158.1079771771872	0.014036509	0.3664130270994008
9184.966172589286	300	7.615445363325231	0.0	157488	1100.1358337486818	0.015309869	0.36595175183295875
9186.3178523672	300	7.584471798343586	0.0	143881	1030.9735649816446	0.017316401	0.3709321308983097
9187.491129403003	300	7.668186339408658	0.0	163444	916.2854589349282	0.017467745	0.38763310031954834
9188.840567095325	300	7.711963396181578	0.0	179328	956.2229432270801	0.023356117	0.3863754179386406
9190.267545634078	300	7.815081467852248	0.0	159914	896.881928329331	0.030810416	0.3987543989078324
9191.236859710041	300	7.620472673082429	0.0	131610	694.6087947698179	0.029038087	0.40681866259067
9192.1874405437	300	7.537534972849829	0.0	124011	582.9377002326012	0.034875214	0.4128021657798542
9194.130464423492	300	7.599844585668314	0.0	144254	937.6903871815153	0.049666334	0.3812212478861181
9195.130528227022	300	7.662479453706472	0.0	149991	937.3651319618422	0.043583818	0.3851684526604703
9195.975544456502	300	7.976320679751488	0.0	147968	686.1587739549833	0.047775544	0.42990416508896967
9196.872387481919	300	7.732327856805768	0.0	161857	743.9928229457204	0.08550916	0.4088712087557885
9198.152802982926	300	7.953545136037755	0.0	145210	778.7827207680117	0.11433837	0.4192182989255585
9199.382480809523	300	7.559522722359158	0.0	172312	894.0224136785992	0.10580413	0.38306792877958745
9200.247009922792	300	7.705085800683748	0.0	167025	854.4369216754104	0.12985954	0.3961241703751932
9201.589899109244	300	7.7886872652530785	0.0	160064	916.3985354306692	0.17437232	0.3951531005352505
9202.509761145548	300	7.972001601114289	0.0	137507	816.6856641387892	0.16706964	0.4165815336557641
9204.275576884727	300	7.620681898605335	0.0	118421	851.319702508954	0.1666032	0.39116064841193804

