8680.395445088821	750	4.0	2.731225734575557	450283	2731.225734575557	0.035912953	0.2228972916587234
8681.358901982958	300	7.036543105862896	0.0	155580	963.4568941371031	0.004705182	0.32332263130238315
8683.006624871183	300	7.6250230380963275	0.0	139857	911.5200677665691	0.004705182	0.8511770566401687
8686.114483391437	300	7.769195192958757	0.0	155432	2855.8278451375704	0.004705182	0.674547490593179
8689.9907673126	300	7.727068512736381	0.0	163442	2542.126680222376	0.004705182	0.7007161453103659
8692.428087183753	300	7.720487235779019	0.0	126289	1506.5812769573622	0.004705182	0.8034580827842495
8696.340821601983	300	7.807752817548	0.0	153295	2412.73441823102	0.004705182	0.7236176169333248
8698.593000670224	300	7.5733997419419214	0.0	173849	1734.35307560608	0.004705182	0.7625197287504792
8700.3071042666	300	7.895260978221069	0.0	150710	1178.1387637208522	0.004705182	0.8578819823420027
8701.356698850592	300	7.918446155001395	0.0	139105	976.8148232196735	0.004705182	0.8808770945108381
8704.300686871924	300	7.587842005672692	0.0	141840	1830.6041493287028	0.004705182	0.7546778353018845
8705.647906782357	300	7.850923943507374	0.0	156148	1236.9180621653172	0.004705182	0.8465296740268774
8707.44599723082	300	7.8970297101599645	0.0	160746	1453.8942333474095	0.004705182	0.8305248240945423
8710.563609784638	300	7.830321555108541	0.0	179801	2566.708155051424	0.004705182	0.711006848440595
8712.274626456954	300	7.805265327734563	0.0	140051	1025.056227373978	0.004705182	0.8620783008944397
8714.373312789432	300	7.943902374465597	0.0	138313	861.3629532689673	0.004705182	0.8955654096081734
8715.929938197083	300	7.994251360244711	0.0	143509	949.6510142208865	0.004705182	0.892953289079564
8717.858092056487	300	7.678661617708112	0.0	150616	815.5897425365972	0.004705182	0.8673929471716164
8719.77857819924	300	7.609700604764487	0.0	165384	1068.9610129436255	0.004705182	0.833541071974827
8721.053901613257	300	7.547801519861807	0.0	140881	1061.8990849026793	0.004705182	0.8266044663839879
8722.493227737306	300	7.9548505651946595	0.0	157671	1092.9509546671475	0.004705182	0.8737584035160875
8723.474374128677	300	7.547465001900236	0.0	157812	907.385563294422	0.004705182	0.8420142680285079
8725.050735134104	300	7.826164965674259	0.0	163927	1221.3000362259777	0.004705182	0.8450344382762116
8726.573198705366	300	7.647463597894099	0.0	137654	678.7013677801601	0.004705182	0.877229705474611
8727.83122534546	300	7.590331436787154	0.0	146754	557.1321611069465	0.004705182	0.8823324089447998
8728.847487091225	300	7.892647803399628	0.0	153938	697.6836333875262	0.004705182	0.9056048416824352
8729.833863386046	300	7.6037486310760904	0.0	181901	788.8991723235379	0.004705182	0.8608123544623797
8730.876776515966	300	7.6560307323657835	0.0	111155	447.7178987103079	0.004705182	0.9013858528594598
8731.806320191927	300	7.988856471989975	0.0	153605	667.1742603758088	0.004705182	0.9205348472935357
8732.70699476658	300	7.924703849456628	0.0	149029	564.1526225333469	0.0047284253	0.922915964081699
8733.402092266446	300	7.765416137582524	0.0	157421	659.2877118741031	0.0047683544	0.8937348967247787
8734.525265135293	300	7.551734601655365	0.0	157488	713.6815359271588	0.004978832	0.8619118464126094
8735.848955312951	300	7.8346351507870455	0.0	143881	717.0994508683204	0.005208888	0.896500326767082
8737.156434603694	300	7.769190797308903	0.0	163444	1065.4443534781417	0.00531077	0.8535852970198277
8739.191620037975	300	7.757615620302888	0.0	179328	1011.5751770060153	0.0053553768	0.8575430054245815
8740.130576021998	300	7.984942780926991	0.0	159914	772.6728393758958	0.0056306827	0.9095017584730463
8741.103845493197	300	7.901449631651732	0.0	131610	583.493149275258	0.006006401	0.9181106686614458
8741.826420203752	300	7.805050332836272	0.0	124011	596.3992988154603	0.0068481397	0.9049174479190217
8744.419452485006	300	7.676621998078096	0.0	144254	2128.428334758177	0.007608009	0.7358572522129678
8745.38874088749	300	7.969279689084433	0.0	149991	707.3423089936616	0.0069325548	0.9141008596058059
8746.88666733112	300	7.981289590014825	0.0	147968	987.9900990696082	0.0080755325	0.8875189660350222
8748.400053489073	300	7.5945646548187105	0.0	161857	886.724935196115	0.00811706	0.8498958150622687
8749.709940306286	300	7.84795184809031	0.0	145210	746.6128067284008	0.011542137	0.8951932292652917
8751.050968846694	300	7.569074559128222	0.0	172312	1278.8772889620898	0.013825483	0.8075332688209587
8752.785524591794	300	7.602872279301369	0.0	167025	966.2022798268523	0.0151559925	0.8429738388824007
8754.366011630058	300	7.696805573806765	0.0	160064	906.0667054946042	0.01715764	0.8605855198356325
8755.35898426338	300	7.53752938503079	0.0	137507	659.2761887759748	0.017292898	0.8655984358636147
8755.803366693655	300	7.602186359165454	0.0	118421	435.3430258653343	0.022275772	0.8959750724075488

