7732.6854097717705	750	4.0	2.009934342455404	450283	2009.9343424554038	0.02148896	0.2950264308707387
7733.516028038707	300	7.169381733062442	0.0	155580	830.6182669375579	0.004705182	0.35300833337654014
7736.711305361058	300	7.552019443338433	0.0	139857	1117.362289724009	0.004705182	0.8215789409802925
7740.52871211254	300	7.734612691856608	0.0	155432	3317.406751481826	0.004705182	0.6241196324086377
7742.4674417762735	300	7.587908794939216	0.0	163442	1146.7038969173914	0.004705182	0.8230761071414879
7743.94339717565	300	7.905943907159505	0.0	126289	681.9648877797115	0.004705182	0.9088184116032471
7745.255101301383	300	7.642087066691381	0.0	153295	763.8568404681232	0.004705182	0.8680503076155993
7746.353685913698	300	7.876718474715203	0.0	173849	765.36859197618	0.004705182	0.8968695211460627
7747.7108788235555	300	7.694730034707408	0.0	150710	681.988440007794	0.004705182	0.8827370756022475
7748.802672832618	300	7.991435222199996	0.0	139105	703.2948125074122	0.004705182	0.9172411953006665
7750.007238395794	300	7.833402000739385	0.0	141840	658.033221460612	0.004705182	0.9022546903130688
7750.889505701485	300	7.6105345330522685	0.0	156148	722.8674676871159	0.004705182	0.8682533932210581
7752.4130921101605	300	7.888441247716286	0.0	160746	722.0932853359826	0.004705182	0.9026444850123295
7753.634048913855	300	7.568709474289026	0.0	179801	819.7317734272607	0.004705182	0.8534027426511213
7754.744536186111	300	7.999078281794045	0.0	140051	569.63119249498	0.004705182	0.9315512604873383
7756.219437755499	300	7.892055632331161	0.0	138313	607.0226494628837	0.004705182	0.9145978235805485
7757.549387568751	300	7.741020190417244	0.0	143509	651.0354419139169	0.004705182	0.8915479094670513
7759.242407799025	300	7.938967265749125	0.0	150616	802.0529246681202	0.004705182	0.9008870651566399
7760.6321301251	300	7.969589688764918	0.0	165384	969.3775769842063	0.004705182	0.8879356090601753
7762.953535982396	300	7.969059144162353	0.0	140881	1000.530544602565	0.004705182	0.8847548049415942
7764.930240646398	300	7.89614442560787	0.0	157671	1572.9147185544825	0.004705182	0.8185134677970812
7766.836604417812	300	7.8648575030744	0.0	157812	1531.2869225334703	0.004705182	0.8188131912377354
7768.096078843647	300	7.992658728897524	0.0	163927	872.1987741768746	0.004705182	0.9005018678456206
7769.503416247183	300	7.667627876808445	0.0	137654	825.0308520890802	0.004705182	0.8650864791254568
7771.072491730515	300	7.8192434728657085	0.0	146754	848.3844039427372	0.004705182	0.8814713915501089
7772.859826163073	300	7.695921724781578	0.0	153938	1123.3217480841304	0.004705182	0.8387508850471788
7774.451181457562	300	7.612250496024475	0.0	181901	1083.6712287571027	0.004705182	0.8323848903440171
7775.980788198671	300	7.931289163185527	0.0	111155	680.9613328389468	0.004705182	0.9120481943316586
7777.283271096493	300	7.769370318409136	0.0	153605	1161.9188447763927	0.004705182	0.8439600137035824
7778.489719768007	300	7.826428004175839	0.0	149029	942.9423142332951	0.004705182	0.8729026883423311
7779.315411861959	300	7.610335154839009	0.0	157421	716.0928493368308	0.004705182	0.8689062374467846
7781.3523654537985	300	7.8066580292276155	0.0	157488	803.6771256113927	0.004726041	0.884388170587587
7782.16218943019	300	7.583384293146039	0.0	143881	723.273736081577	0.0047523826	0.8648604743355561
7783.650412667532	300	7.757547756129523	0.0	163444	825.8365370165162	0.004781286	0.8761084901042558
7786.242638716296	300	7.7726280629097415	0.0	179328	1484.9196932197808	0.004835956	0.8120621688031697
7788.035680250803	300	7.764760473429127	0.0	159914	1007.8675894806152	0.004836469	0.8587959528571499
7788.947737025339	300	7.516319077674075	0.0	131610	748.4413957550515	0.004995919	0.8540630379516606
7790.09889784686	300	7.767546323304272	0.0	124011	748.7727543698026	0.0055152057	0.8850494105802531
7792.598614571124	300	7.9438819802480065	0.0	144254	1323.6643430562642	0.006273198	0.8493327525163938
7795.431801902751	300	7.670314533538016	0.0	149991	1773.5674467099911	0.006455593	0.7705645463079969
7798.471970961419	300	7.810040023162706	0.0	147968	2360.2745103753086	0.006461395	0.7291460133704245
7800.052316882597	300	7.719814312720329	0.0	161857	1090.225710442376	0.0063205296	0.8450105523387262
7801.955021702283	300	7.84352201324449	0.0	145210	876.2922994758396	0.006614124	0.8816783198100753
7804.408803903091	300	7.5098371299463	0.0	172312	1333.6848832981893	0.008725097	0.7947383507146735
7805.813381990225	300	7.6675967786338735	0.0	167025	1342.240351312427	0.010936286	0.8133616894520325
7807.2557906173015	300	7.652561247006677	0.0	160064	1015.0355316271958	0.011496333	0.8442257055750915
7809.257269844343	300	7.685508195709896	0.0	137507	1467.053051296782	0.013106487	0.8030919763755586
7811.484842893054	300	7.978934825727432	0.0	118421	1706.573369982462	0.015216668	0.8153698916936858

