5205.831101653066	750	4.0	2.572266498290951	450283	2572.266498290951	0.01740917	0.238793215287184
5206.840171810757	300	6.990929842309494	0.0	155580	1009.0701576905071	0.004705182	0.31312934806073756
5209.697241044028	300	7.7380635488948775	0.0	139857	752.8662934146156	0.004705182	0.880999762133638
5213.689494152739	300	7.745810440184312	0.0	155432	3492.2531087105644	0.004705182	0.6080176040874791
5217.43552421611	300	7.6910234566022755	0.0	163442	3054.786983582036	0.004705182	0.6449995629573518
5220.7846286561	300	7.912092809901762	0.0	126289	2278.9306467005126	0.004705182	0.7498810524925299
5225.108757578841	300	7.587963887160913	0.0	153295	2824.128922740849	0.004705182	0.6553404069011189
5228.6979906161905	300	7.998730849810787	0.0	173849	3589.233037350127	0.004705182	0.6295481779103872
5232.986234037304	300	7.710487428697268	0.0	150710	2788.2434211135187	0.004705182	0.6740571730636189
5237.168529605637	300	7.528191860364397	0.0	139105	3182.295568332872	0.004705182	0.6121435758793496
5240.906774126188	300	7.7899473398131045	0.0	141840	2738.244520551293	0.004705182	0.6888681303123938
5244.798970262989	300	7.75500885065128	0.0	156148	2034.9384891618254	0.004705182	0.7548848113746697
5248.441878256875	300	7.6421837299786475	0.0	160746	2112.825120672633	0.004705182	0.7331654147960955
5250.573098465522	300	7.606615009811114	0.0	179801	2035.5687201675344	0.004705182	0.7364993169423428
5251.967456187287	300	7.502261931318539	0.0	140051	1104.3530784925756	0.004705182	0.8167362069330977
5253.27111936991	300	7.945432671193267	0.0	138313	1056.8292601252733	0.004705182	0.8762077275862006
5255.792821724964	300	7.762998459665381	0.0	143509	682.4342115278859	0.004705182	0.8911217314431618
5258.953663081511	300	7.752211910354454	0.0	150616	2010.7865493109284	0.004705182	0.7569546617921619
5263.014610523055	300	7.691264468810021	0.0	165384	4060.947441544432	0.004705182	0.5444132753993385
5266.630906929906	300	7.588617337325244	0.0	140881	2102.6471314847777	0.004705182	0.7275692687682396
5269.843592380367	300	7.949099249777086	0.0	157671	3139.518087548159	0.004705182	0.6683915643139877
5273.902306494776	300	7.631325907429452	0.0	157812	3817.773342347634	0.004705182	0.5613299565128608
5277.927715228931	300	7.534091845332768	0.0	163927	3097.234062096684	0.004705182	0.6213782089307345
5281.8346115531485	300	7.627195521115842	0.0	137654	2406.8963242169266	0.004705182	0.7019076716284263
5284.751972058188	300	7.6260507714840475	0.0	146754	2001.1447496317944	0.004705182	0.742341484660568
5287.533165100646	300	7.613562166108115	0.0	153938	2012.4886053759328	0.004705182	0.73966510709593
5290.567981016633	300	7.5055064838560686	0.0	181901	2108.0556822520457	0.004705182	0.7167665576641663
5292.420579151985	300	7.517587518897289	0.0	111155	987.9189649587785	0.004705182	0.8302718978950121
5296.261194447565	300	7.676972223317947	0.0	153605	2340.6152955793427	0.004705182	0.7146817991110215
5299.199169493789	300	7.820631847192331	0.0	149029	2356.3403761256163	0.004705182	0.7308472195651949
5300.793962636489	300	7.789052596392108	0.0	157421	1531.5792508002232	0.004705182	0.8094241816061135
5304.864006992861	300	7.545637436155463	0.0	157488	2243.415160236646	0.004705182	0.7081856552965587
5307.423348073694	300	7.884281498306897	0.0	143881	1661.355937848567	0.004705182	0.808204607545973
5309.823828763302	300	7.643033677494684	0.0	163444	1241.2478208122118	0.0047074463	0.8204280894274675
5312.059997924294	300	7.684565535897144	0.0	179328	1458.4681415975415	0.00472318	0.8038340753355653
5314.552927770901	300	7.571951088790185	0.0	159914	1112.6144471069583	0.0047422517	0.8245147236251973
5316.575204645157	300	7.970970461412759	0.0	131610	1100.9806273774257	0.0047567924	0.8749457906604099
5318.017298012051	300	7.780571796404831	0.0	124011	690.3986650079279	0.004792371	0.8924950995913841
5319.258163475139	300	7.900986506303619	0.0	144254	879.585290101212	0.004968635	0.8884442716063916
5320.909074834407	300	7.701170927663405	0.0	149991	1199.8155786402144	0.0053666253	0.83174963111049
5323.099555913802	300	7.831478240279921	0.0	147968	1869.6926873834834	0.0059960047	0.7808512133376597
5327.220483378334	300	7.7105507757485885	0.0	161857	3120.927464531332	0.0065209107	0.6407965903034153
5331.147953044592	300	7.783081109490516	0.0	145210	3927.469666258072	0.006504759	0.5690978291521205
5335.2199359063725	300	7.711098247711332	0.0	172312	3071.982861779184	0.0063676788	0.6457586479889101
5338.868673968267	300	7.692313413553778	0.0	167025	3518.784834157553	0.0067503657	0.5987590513516448
5341.776058810375	300	7.698597549368309	0.0	160064	2493.71586418547	0.0074008284	0.7020418626162831
5343.797836715324	300	7.764543171355239	0.0	137507	1434.0543780130706	0.008278375	0.8161504433012512
5346.748567232035	300	7.758039590967097	0.0	118421	1006.5035803881417	0.009120018	0.8581025135551227

