23880.59224097948	750	4.0	0.848125509873515	450283	848.1255098735149	0.14694762	-3.306632957151325
23882.442627993558	1850	6.14961298592224	0.0	957685	1850.3870140777597	0.31800342	-0.5941818368817351
23885.095556085776	2850	7.496684893703386	0.0	1300868	2652.9280922188536	0.14100441	-0.39129249422142487
23888.25271703616	2850	7.618824669376072	0.0	1520281	2877.860224327315	0.04770309	0.5979703869937523
23891.126726293474	2850	7.831470475269234	0.0	1472558	2787.3541941068374	0.030704351	0.6274883943450587
23893.70903141021	2850	7.53864545325431	0.0	1224260	2292.8250220149234	0.022320775	0.6487565651016691
23896.57719152662	2850	7.944305456761326	0.0	1388403	2594.339996492984	0.019039124	0.657650311349655
23899.726163144067	2850	7.846729703193396	0.0	1638769	3097.575753567929	0.015382253	0.5979349567043228
23902.35200357758	2850	7.7395073277784725	0.0	1348011	2607.2223754149245	0.012057598	0.6366500170914222
23905.26867500356	2850	7.91548072488457	0.0	1429765	2824.0266028939022	0.01265789	0.6319072369865836
23907.639063507362	2850	7.546608827329081	0.0	1354548	2368.871897555489	0.015667012	0.6419183614964912
23910.959247160114	2850	7.832275318377167	0.0	1519951	3214.3335089519137	0.010591618	0.5848679299389281
23913.81307258987	2850	7.70328764204743	0.0	1422919	2628.987676329738	0.02979641	0.6309873004305787
23917.131569750836	2850	7.611457943026557	0.0	1578343	3091.8296990208732	0.012892692	0.5758643836079385
23920.253915467816	2850	7.788618896560945	0.0	1231445	2822.839046465612	0.024181765	0.6198153951838501
23922.926376585878	2850	7.622141615585224	0.0	1471065	2666.477280975722	0.14040461	0.6194279412311511
23925.898445351977	2850	7.794099203530539	0.0	1491626	2828.042412054684	0.017185658	0.6198225444981018
23928.492137952573	2850	7.709266027802572	0.0	1358801	2584.8331757279675	0.014449405	0.6359781770220849
23931.5601455599	2850	7.869691955624592	0.0	1537156	2839.574072177981	0.014996294	0.625945268151086
23934.22892177307	2850	7.549520673864623	0.0	1336050	2320.171281759969	0.01234062	0.6470686916669864
23937.239268693516	2850	7.748649612595029	0.0	1415116	2800.871061269593	0.0101681305	0.6181651039748525
23940.363154433053	2850	7.866444681916679	0.0	1468126	2882.20493067835	0.019475006	0.6213696284574947
23943.611162564976	2850	7.723280996533864	0.0	1505760	3143.1636853828145	0.025268316	0.5814940829780897
23946.262093678775	2850	7.660237662902113	0.0	1323990	2563.04333363175	0.099011295	0.6334381245039176
23948.90320413319	2850	7.728626316279355	0.0	1383735	2431.611346622759	0.037661377	0.6531638100510835
23951.609666856773	2850	7.545144527435223	0.0	1480464	2683.481788844132	0.014109497	0.6103164318122231
23954.957451139402	2850	7.877742820141488	0.0	1547572	3167.4017072937354	0.019372031	0.5939374096444565
23957.09368666559	2850	7.844816358912565	0.0	1141971	2032.9264612289223	0.048611887	0.7042157243421254
23960.47446925262	2850	7.916079597877975	0.0	1498470	2928.7367610345905	0.014608769	0.621493863389564
23963.533553160585	2850	7.542560585698098	0.0	1561263	2873.519012179877	0.037607387	0.5910640021031381
23966.344852533566	2850	7.974693313720145	0.0	1341201	2567.867271977953	0.03479541	0.6632224501180057
23969.54674545001	2850	7.615462872626442	0.0	1497683	2859.2304410937027	0.030290661	0.5995097884985703
23972.54689996684	2850	7.5267169424853	0.0	1358081	2588.7459301411423	0.07073067	0.6180163413553654
23975.81274465806	2850	7.594498856821263	0.0	1587293	2932.218085664037	0.07311328	0.5901932133161039
23978.991718357465	2850	7.781825286092702	0.0	1492672	2812.673570728561	0.062492684	0.6201780499063655
23982.23461426915	2850	7.838527361192264	0.0	1439896	2943.2979249004375	0.049492236	0.6125732546833785
23985.26358920247	2850	7.728838964220837	0.0	1139291	2609.6883969714277	0.16178046	0.6353765726260987
23988.07391894759	2850	7.528317326440106	0.0	1499009	2700.5216377807305	0.69216573	0.6069928093947937
23991.196798178218	2850	7.586781783893421	0.0	1427478	2941.535542546686	0.11987169	0.5885186904487213
23994.052046749224	2850	7.874829304282374	0.0	1402287	2711.9524796110477	0.31740183	0.6392019031474607
23996.656819954427	2850	7.819090780725666	0.0	1339500	2555.7385235567076	0.13760744	0.6494584015071706
23999.985003702463	2850	7.999516261832985	0.0	1527299	3319.574518892681	0.12538476	0.5904409628419418
24002.017630706556	1850	7.802507393456723	0.0	886255	1697.0088683762635	0.48253316	-0.31975102722295506
24005.394478141567	2850	7.696892667510765	0.0	1587250	3105.6147259459567	0.5315418	-0.41729092821356983
24007.47072252649	1850	7.86438684387953	0.0	958994	1832.505823631234	0.3537341	-0.32734475420180587
24009.611903719207	1850	7.500665528167127	0.0	982064	1863.721315712403	0.43248022	0.634525100015189
24011.950239985643	2850	7.795227343004624	0.0	1231456	2205.4381851625017	0.6741505	-0.3178084480857961
24014.664117743207	2850	7.689737528706648	0.0	1364537	2605.489814297976	0.05271192	0.632032872580305

