13445.071617530566	750	4.0	2.5585548523374078	450283	2558.5548523374077	0.25246918	-10.82736726039969
13446.003065116944	300	7.068552413622195	0.0	155580	931.447586377805	0.14801472	-0.3802325581395349
13449.086556745937	750	7.985060784629506	0.0	350812	2583.4916289926896	0.69646055	-0.2755813953488372
13452.173078215925	750	7.8835470214995205	0.0	382355	2601.5137631299863	0.1879124	0.1744186046511628
13454.640560606595	750	7.862309670032792	0.0	411561	2021.2373514667297	0.2679822	0.1744186046511628
13457.571547196783	750	7.984938865941164	0.0	318564	1877.3708040916272	0.09788023	0.1744186046511628
13460.666725758281	750	7.789157487790688	0.0	352642	2195.7813781504756	0.12992701	0.1744186046511628
13464.123441132548	750	7.920498440030953	0.0	437162	2368.659047759734	0.07489466	0.1744186046511628
13467.387867801222	750	7.712313225996128	0.0	374758	2208.1852140348255	0.04966527	0.1744186046511628
13470.794241514714	750	7.882247087071337	0.0	362795	2830.0661389247907	0.054948393	0.1744186046511628
13474.999275245751	750	7.677213356035681	0.0	353220	4205.033731035656	0.067467034	0.1744186046511628
13478.572324735134	750	7.661359302294957	0.0	405134	3015.854053740724	0.16497657	0.1744186046511628
13482.323308004705	750	7.910376032725237	0.0	386351	3250.98326956972	0.14462955	0.1744186046511628
13489.424159814911	750	4.809524222519416	0.0	434409	7100.851810205821	0.1816822	0.1744186046511628
13494.80601692259	750	4.0	0.5723328851594097	337059	5381.857107678826	0.07459741	-2.2866128015342992
13496.386055774812	300	6.419961147777566	0.0	138313	1580.0388522224341	0.01954701	-0.3802325581395349
13498.641693698435	300	7.912605414074974	0.0	143509	1507.355733702591	0.064166956	0.06976744186046512
13500.474695123237	300	7.525245849085372	0.0	150616	1387.3595649896035	0.2645525	0.06976744186046512
13502.554429888229	300	7.71819934879603	0.0	165384	1807.046500289342	0.67627585	0.06976744186046512
13504.746139803141	300	7.908688580939563	0.0	140881	1809.5107678564668	0.6596284	0.06976744186046512
13508.274714828958	750	7.62550056525945	0.0	386472	3283.188015680113	0.6026009	-0.2755813953488372
13512.43389448235	750	7.466320911868885	0.0	399894	4159.179653390565	0.17342806	0.1744186046511628
13516.423020906584	750	7.477194487633867	0.0	401853	3989.126424235017	0.4366189	0.1744186046511628
13520.106411927958	750	7.793803466258529	0.0	343800	3683.3910213753393	0.53792536	0.1744186046511628
13524.359376103397	750	7.540839290819571	0.0	359903	4252.964175438958	0.641449	0.1744186046511628
13527.189876331173	300	7.645613385970624	0.0	153938	1895.225904848946	0.6924095	-0.3802325581395349
13528.919604917915	300	7.748386215861943	0.0	181901	1397.227170108681	0.35175744	0.06976744186046512
13532.739658331562	300	7.824610231856043	0.0	111155	923.7759840059002	0.68036866	0.06976744186046512
13537.405923487939	750	7.1583450754793	0.0	400396	4666.265156376742	0.6278033	-0.2755813953488372
13540.899262436498	750	7.665006126920244	0.0	400508	3493.338948559056	0.38809884	0.1744186046511628
13545.660857937888	750	6.90341062553002	0.0	358218	4761.595501390225	0.31591737	0.1744186046511628
13550.750108562775	750	5.814160000641927	0.0	400322	5089.250624888093	0.6968005	0.1744186046511628
13552.535432827613	300	7.679861693649966	0.0	143881	1134.298306991961	0.07566751	-0.3802325581395349
13554.483416666406	300	7.616382753177178	0.0	163444	1563.4789404727876	0.5832139	0.06976744186046512
13556.615564755894	300	7.872561114592343	0.0	179328	1243.8216385848348	0.36406294	0.06976744186046512
13560.388428032891	750	7.735292730545367	0.0	365161	2637.2683840469754	0.645251	-0.2755813953488372
13563.96252164482	750	7.951043394556964	0.0	321064	2284.249335988402	0.111735135	0.1744186046511628
13567.025667390628	750	7.634392674122958	0.0	361565	2816.650720434005	0.10847252	0.1744186046511628
13570.769617780606	750	7.890442284144179	0.0	378327	3743.9503899787805	0.1241021	0.1744186046511628
13574.678909903527	750	7.981150161224312	0.0	390680	3409.292122919867	0.30572963	0.1744186046511628
13578.343840159705	750	7.753553778271711	0.0	345516	2727.596382952601	0.24240711	0.1744186046511628
13580.159535412768	300	7.709373031352819	0.0	161857	1544.1807469188918	0.37301046	-0.3802325581395349
13584.169132468141	750	7.699775975979948	0.0	372093	3509.597055372871	0.69649637	-0.2755813953488372
13590.963070926988	750	4.905837517133189	0.0	438281	6793.938458846759	0.33397448	0.1744186046511628
13592.272601795794	300	7.59630664832701	0.0	167025	1309.5308688061784	0.06795873	-0.3802325581395349
13594.483650246402	300	7.528072862607542	0.0	160064	1568.233785719469	0.64682883	0.06976744186046512
13598.460746932877	750	7.550976176132171	0.0	331053	2977.0966864753705	0.4331781	-0.2755813953488372
13601.159015912168	300	7.866797424169081	0.0	118421	1684.1787519630911	0.645476	-0.3802325581395349

