13379.826246457777	750	4.0	1.7227784527213061	450283	1722.7784527213062	0.17267951	-7.155105905681605
13381.62246931212	750	6.20377714565615	0.0	398865	1796.22285434385	0.24986178	0.4576130955169944
13385.232221694336	1850	6.59402476344189	0.0	877771	3609.752382214259	1.0690556	-0.7273432270096835
13388.54077579421	1850	7.285470663568134	0.0	933276	3308.5540998737565	0.071487755	0.4693290674263212
13392.991606411153	1850	6.834640046625165	0.0	996749	4450.830616942969	0.08311508	0.3117084483282779
13398.266524805327	1850	5.559721652450576	0.0	801058	5274.91839417459	0.036862776	0.10658730319782816
13401.237634363342	1200	6.588612094436476	0.0	561791	2971.1095580140995	0.8702588	-0.24876596588075955
13404.928788589172	1200	6.89745786860712	0.0	709534	3691.1542258293557	0.88286364	0.3589563296821809
13407.84718836201	1200	7.979058095769857	0.0	584846	2918.3997728372624	0.8269939	0.5403370456166369
13413.578820214576	1850	6.247426243204338	0.0	913888	5731.631852565519	0.6261864	-0.5228916817859726
13419.658248284952	1850	4.167998172829082	0.0	939819	6079.428070375257	1.002502	-0.10781865616210573
13422.66376567318	750	5.162480784600404	0.0	405134	3005.5173882286776	0.6741375	-0.8635423348607624
13424.819300005596	750	7.006946452184053	0.0	386351	2155.5343324163514	0.27241558	0.49898792076907694
13430.222909037926	1200	5.603337419855075	0.0	687371	5403.609032328978	0.71994066	-0.3868497382980461
13432.688504436279	750	7.1377420215009675	0.0	337059	2465.5953983541062	0.2729674	0.03057103873320255
13437.482379101504	1200	6.343867356276142	0.0	587876	4793.874665224826	0.5788516	-0.254599440221904
13440.609107375216	750	7.217139082563997	0.0	360831	3126.728273712145	0.32507798	-0.02790019000672589
13443.994212124628	750	7.54240640723656	0.0	372963	2674.732675327437	0.2227278	0.49860672537166284
13448.289491370859	750	7.247127161005275	0.0	405596	4295.2792462312855	0.4271388	0.3081310999143265
13451.730258138661	750	7.806360393203451	0.0	350713	3440.766767801824	0.0887194	0.4474091920238792
13460.033030871524	750	4.0	0.49641233965930587	386472	8302.772732862757	0.12986125	-2.5397310475291497
13462.918323063823	300	5.114707807700939	0.0	157812	2885.2921922990613	0.037963226	-0.23018682028574383
13465.201216915086	300	6.831813956436751	0.0	163927	2282.8938512641885	0.021002706	0.4453264631332191
13468.082328414643	300	7.9507024568790206	0.0	137654	2881.11149955773	0.061502878	0.49319900829376284
13471.317759478468	300	7.577231107017547	0.0	146754	2873.4713498614733	0.09227584	0.45801597464466653
13474.750263493293	300	7.911958923236037	0.0	153938	2665.27218378151	0.02169556	0.5110538300265681
13477.016167428917	300	7.987622880446844	0.0	181901	1424.3360427891923	0.15467794	0.6424301873658118
13479.157578925859	750	7.76270111194359	0.0	277716	1724.9217685032545	0.54526645	0.1647914357252764
13481.787246598815	750	7.701112177683952	0.0	400396	2561.588934259639	0.43419194	0.5251967131191146
13485.732313820456	1200	7.5976179362124645	0.0	641447	3603.494241471487	0.60145915	-0.014886456999197384
13490.431400680323	1200	6.89853107634371	0.0	570392	4699.086859868755	0.5608207	0.258266363761969
13493.017485653683	750	7.94581848568261	0.0	400322	2452.7125906611	0.5556561	0.10963761215160925
13497.61316078033	1200	7.350143359035696	0.0	584349	4595.675126646914	0.7519711	-0.1379242592939029
13500.112617002222	750	7.684938955263422	0.0	412837	2165.204403772275	0.63020396	0.11327847483694217
13503.104651609607	1200	7.766047608128032	0.0	690253	2918.891347135391	0.55451864	0.06978538281821
13507.044004130918	1850	7.826695086819262	0.0	943942	3939.3525213087705	0.54713047	-0.19165729910395218
13509.960626471102	1850	7.9746317550075725	0.0	728962	2852.0633318116897	0.053350646	0.5813106949604319
13514.445571032	1850	7.489687194108996	0.0	938587	4484.944560898576	0.029423188	0.37134609816834685
13521.255466141352	1850	4.6797920847575325	0.0	908665	6809.895109351464	0.08113824	-0.1316046051405556
13523.583330786203	750	6.351927439905116	0.0	390680	2327.8646448524173	0.6319587	-0.6812914466642046
13526.233410283085	750	7.701847943023215	0.0	345516	2150.0794968819005	0.67777205	0.5664184751202768
13530.211420434889	750	7.723837791219383	0.0	384505	2978.0101518038323	0.5750075	0.4857419579055329
13534.726344015455	750	7.208914210653285	0.0	372093	4514.923580566097	0.6523789	0.2824886258903764
13544.502042139917	750	4.0	2.56678391380892	438281	9775.698124462206	0.104786485	-11.589621355532437
13548.478779470644	300	4.023262669272876	0.0	167025	3976.7373307271237	0.021862272	-0.4443841888396111
13553.203750997262	300	4.0	0.7017088573445435	160064	4724.97152661742	0.004705182	-3.0887947537858067
13556.677813060793	300	4.52593793647017	0.0	137507	3474.06206352983	0.004705182	0.10426641271590542
13559.05659385625	300	6.147157141011841	0.0	118421	2378.780795458328	0.004705182	0.3698387597527503

