9937.625528770192	750	4.0	4.277909780182569	450283	4277.909780182569	0.62962025	-18.220593450133887
9938.874515070307	300	6.75101369988408	0.0	155580	1248.98630011592	0.15646365	-0.3802325581395349
9941.430354563076	300	7.706542027029296	0.0	139857	1544.4716728547828	0.64491713	0.06976744186046512
9945.070750226227	750	7.617028091080498	0.0	382355	3589.5139359487976	0.7298914	-0.2755813953488372
9949.076161466704	750	7.611616850602573	0.0	411561	3005.411240477925	0.7197177	0.1744186046511628
9951.04537852723	750	7.545154832829545	0.0	318564	1566.4620177730285	0.7167522	0.1744186046511628
9953.0657032055	750	7.956370005520308	0.0	352642	1588.7848273092375	0.3517784	0.1744186046511628
9955.230698628484	750	7.889642133659684	0.0	437162	2066.727871860624	0.13310133	0.1744186046511628
9957.942814031241	750	7.887718236491629	0.0	374758	2001.9238971680527	0.07540411	0.1744186046511628
9958.634723719391	300	7.701859173811925	0.0	139105	685.8590626797037	0.12259203	-0.3802325581395349
9960.891080095147	750	7.611706227119219	0.0	353220	1590.152946692706	0.30200762	-0.2755813953488372
9963.08405609008	750	7.6183200061849	0.0	405134	1493.3862209343183	0.066818215	0.1744186046511628
9964.958717948943	750	7.735783968501566	0.0	386351	1382.5360376833337	0.04285026	0.1744186046511628
9967.43889673893	750	7.661757522248978	0.0	434409	1574.0264462525881	0.036747076	0.1744186046511628
9969.497294186143	750	7.63063488945867	0.0	337059	1531.1226327903066	0.03593839	0.1744186046511628
9971.54124164527	750	7.942298581407751	0.0	366214	1688.33630805092	0.04135734	0.1744186046511628
9973.071128126056	750	7.70516090225237	0.0	360831	1237.1376791553823	0.04398677	0.1744186046511628
9974.26127049113	750	7.6614641729799535	0.0	372963	1043.6967292724166	0.03583654	0.1744186046511628
9975.874370804879	750	7.723136872157469	0.0	405596	1438.3273008224846	0.027788956	0.1744186046511628
9977.428946991387	750	7.978235180464628	0.0	350713	1244.9016916928422	0.027639382	0.1744186046511628
9979.552664705956	750	7.561213661188547	0.0	386472	1417.0215192760813	0.026695259	0.1744186046511628
9981.077672970107	750	7.767057598160693	0.0	399894	1294.156063027855	0.030612785	0.1744186046511628
9982.605564692003	750	7.90353776622302	0.0	401853	1363.5198319376727	0.026703473	0.1744186046511628
9984.194424647305	750	7.671293833702191	0.0	343800	1232.2439325208277	0.025461275	0.1744186046511628
9986.843653392052	750	7.589987372568675	0.0	359903	2081.3064611335158	0.027041575	0.1744186046511628
9988.408365096775	750	7.6365927001638845	0.0	379700	1453.394672404792	0.08040792	0.1744186046511628
9989.541954617616	750	7.510456527253434	0.0	425781	1126.1361729104513	0.04351442	0.1744186046511628
9990.739323172314	750	7.520498904868022	0.0	277716	989.9576223854133	0.022675503	0.1744186046511628
9992.525087815231	750	7.971322021067092	0.0	400396	1549.1768838009293	0.025054723	0.1744186046511628
9994.04515002681	750	7.669584789835226	0.0	400508	1301.7372312318648	0.02325645	0.1744186046511628
9995.683249590786	750	7.614697550520272	0.0	358218	1054.887239314955	0.026031252	0.1744186046511628
9997.415568758135	750	7.90014410567656	0.0	400322	1714.5534448437124	0.021001786	0.1744186046511628
9999.21813598476	750	7.747743324617713	0.0	369834	1652.4007810588469	0.02929306	0.1744186046511628
10001.391738205935	750	7.511025494312204	0.0	412837	1736.7178303055093	0.05844797	0.1744186046511628
10003.160268830377	750	7.560202372526657	0.0	401088	1450.8231217855466	0.094166115	0.1744186046511628
10004.963918192978	750	7.927231419054824	0.0	365161	1132.9709534718324	0.058674663	0.1744186046511628
10007.143507859771	750	7.8877757852211285	0.0	321064	1539.4556338336963	0.022224031	0.1744186046511628
10008.757606178991	750	7.840793661091553	0.0	361565	1546.982124129575	0.075640135	0.1744186046511628
10010.327584519622	750	7.884362507320871	0.0	378327	1456.4311537706822	0.08462244	0.1744186046511628
10011.655602702333	750	7.617127004896298	0.0	390680	1267.2355024245728	0.08437541	0.1744186046511628
10013.366841375508	750	7.846899036951396	0.0	345516	1270.227967944903	0.04171308	0.1744186046511628
10014.872391504388	750	7.864629358626135	0.0	384505	1482.2696783252604	0.036420375	0.1744186046511628
10016.0385626314	750	7.858184039398624	0.0	372093	1006.4453192275113	0.05120504	0.1744186046511628
10018.18906061277	750	7.827797947604946	0.0	438281	1530.3860917936786	0.01811089	0.1744186046511628
10019.975093208224	750	7.504837547167872	0.0	398987	1322.960400437074	0.031604066	0.1744186046511628
10021.485719362745	750	7.746060633915136	0.0	393804	1258.7769132527355	0.028819129	0.1744186046511628
10022.449092514598	750	7.860298669121969	0.0	331053	885.7619647931679	0.028394263	0.1744186046511628
10023.67555191262	750	7.550874511140695	0.0	314107	809.4241579812738	0.015516679	0.1744186046511628

