9205.835957223451	750	4.0	5.127185897414645	450283	5127.185897414644	0.007996772	-0.17550928741588306
9207.729238724705	300	6.106718498746048	0.0	155580	1893.2815012539522	0.08953732	-0.22277452302353468
9209.872200627009	300	7.963756596441497	0.0	139857	1642.961902304551	0.0061932225	0.36832231797737097
9212.932485022655	300	7.565328968055332	0.0	155432	1898.4276283861648	0.0062193163	0.31787401859507436
9216.997587520107	300	7.500226470601892	0.0	163442	2065.10249745344	0.0077392864	0.29713762559750684
9219.51991828184	300	7.882540736391875	0.0	126289	1617.6857342100168	0.0059041423	0.36577394353372306
9220.956570177183	300	7.9965373787828575	0.0	153295	1386.003357609018	0.005643701	0.3960669713432593
9223.17331133738	300	7.863490957850121	0.0	173849	2133.0464209327356	0.006563359	0.31304726370259156
9225.716463178183	300	7.508762488179433	0.0	150710	1854.728469670689	0.007203363	0.3187085294743782
9229.488138552051	300	7.737087114312555	0.0	139105	1771.6753738668788	0.006419313	0.3412841281880793
9233.478635447254	300	7.6818880010619655	0.0	141840	1555.1991132505896	0.0062835836	0.3594818096715464
9236.022697062424	300	7.942506103502507	0.0	156148	2239.3818975594577	0.006746688	0.3073521626431935
9237.577209748079	300	7.587589562281781	0.0	160746	1354.9165412207246	0.0061190627	0.3736164144507714
9239.156554106132	300	7.972715464970937	0.0	179801	1114.874097310844	0.0067894612	0.4216910277598317
9241.076338221616	300	7.795058571000204	0.0	140051	1177.6568939707345	0.009239558	0.40430919222067185
9242.662684340568	300	7.707949122281257	0.0	138313	1087.1094487189448	0.008128213	0.40791959620091667
9245.050784908028	300	7.9835171641177185	0.0	143509	1224.4319581635382	0.007912715	0.41141034787123615
9247.278437705721	300	7.796525060368784	0.0	150616	1186.9921037489348	0.008013101	0.40346732682838804
9250.61742379932	300	7.5473624177928595	0.0	165384	1749.1626425759246	0.008943777	0.3316776077846938
9254.481757712214	300	7.68302850489843	0.0	140881	2364.333912894429	0.008076343	0.27863961119694153
9257.85141790109	300	7.8902770971678615	0.0	157671	2292.7514077305673	0.0067725275	0.2987508987301672
9262.077940264122	300	7.6637547341368375	0.0	157812	3726.5223630310247	0.006503257	0.14121615551068234
9265.746277174696	300	7.995417823563105	0.0	163927	2668.3369105737333	0.005507011	0.2677636438455533
9269.816050967087	300	7.925644031173693	0.0	137654	3069.7737923894106	0.0052882154	0.22325909363964724
9272.839826017364	300	7.519527434405424	0.0	146754	2906.116596768269	0.0048780683	0.2142425259037446
9276.390482014784	300	7.553028624299479	0.0	153938	2966.498810105945	0.00485861	0.21029812893835548
9280.368164798305	300	7.575345840777444	0.0	181901	3477.682783522035	0.004740821	0.16057455762661932
9283.985700251777	300	7.957810387304289	0.0	111155	2117.5354534731546	0.0047482112	0.32049332478943515
9287.404751659502	300	7.602972385997535	0.0	153605	2354.8380013067544	0.004729974	0.27458569492440305
9291.017576057468	300	7.990147988030989	0.0	149029	3112.8243979665467	0.004742371	0.22298553038551466
9295.746550603992	300	7.261173441506927	0.0	157421	4728.974546524061	0.004741298	0.015809606372009344
9301.269371274462	300	5.738352771036687	0.0	157488	5522.820670470241	0.0047289017	-0.1587512979269986
9305.48414115224	300	5.523582893259287	0.0	143881	4214.769877777399	0.0047494033	-0.04136933601880194
9309.660631971192	300	5.347092074306815	0.0	163444	4176.490818952473	0.004744158	-0.048572106320838804
9313.187328500515	300	5.820395544984455	0.0	179328	3526.6965293223593	0.0047489265	0.04598878955952512
9315.704825975674	300	7.302898069825443	0.0	159914	2517.4974751590125	0.0047354577	0.23956510277842147
9318.801901966142	300	7.811503988386492	0.0	131610	1491.3940814389512	0.0047196047	0.37396331206049316
9321.125641919874	300	7.82247493253471	0.0	124011	1989.0290558517825	0.0047238953	0.32488549862847366
9324.591985215535	300	7.656658671644587	0.0	144254	2165.8162608901225	0.0047377218	0.296843261819007
9328.486879465194	300	7.761764421985796	0.0	149991	3394.894249658792	0.004757713	0.18050457233846562
9332.703621111465	300	7.545022775717211	0.0	147968	3216.7416462685846	0.0048074033	0.1847734797856997
9336.408662342448	300	7.839981544732512	0.0	161857	2705.0412309846974	0.0049543725	0.2543784443775448
9339.796633703978	300	7.914597949807434	0.0	145210	1925.3835949250786	0.0051996047	0.33700773330068934
9341.988054801262	300	7.7251813179692785	0.0	172312	1689.4166318381554	0.005609329	0.3487658901194969
9344.777326262316	300	7.511547848665821	0.0	167025	1713.6334693034573	0.006580651	0.3329921145415007
9347.324159735239	300	7.575950141578578	0.0	160064	1935.5977070872443	0.0067650066	0.31482083407016925
9350.640020502773	300	7.9486376262296545	0.0	137507	2627.3125153489236	0.0071809106	0.26894232103469357
9355.016655403779	300	7.572002725224053	0.0	118421	2376.6349010056015	0.00688674	0.27047040115617565

