8544.083880990856	750	4.0	1.464606764188326	450283	1464.606764188326	0.0473397	0.3495591886974465
8544.617612928336	300	7.46626806252152	0.0	155580	533.7319374784803	0.004705182	0.41935408921586526
8545.871218452095	300	7.983634637169664	0.0	139857	482.6334253518574	0.004705182	0.938344180863908
8546.620493623488	300	7.919483014848021	0.0	155432	564.1516223216433	0.004705182	0.9222714376688984
8547.569747865035	300	7.8374177019942675	0.0	163442	582.0653128537546	0.004705182	0.9103473074877235
8548.196660319512	300	7.882555972451719	0.0	126289	454.86172954254937	0.004705182	0.9286409743991678
8549.347560564744	300	7.58313123140443	0.0	153295	799.4247410472893	0.004705182	0.8572141278217678
8550.016010733092	300	7.984643803972467	0.0	173849	598.4874274319628	0.004705182	0.9268833844110711
8551.374519481176	300	7.910370814688111	0.0	150710	574.2729892843569	0.004705182	0.9201342001918001
8553.216857304964	300	7.511319858494182	0.0	139105	899.0509561939286	0.004705182	0.8383848187546249
8554.61614722847	300	7.888318311438368	0.0	141840	1123.0015470558126	0.004705182	0.8625384796629963
8556.14261410038	300	7.528229011258555	0.0	156148	860.0893001798152	0.004705182	0.844368789786608
8557.26659979354	300	7.739424969593654	0.0	160746	788.8040416649001	0.004705182	0.8775740845260045
8558.778862316261	300	7.880884514930254	0.0	179801	858.5404546633996	0.004705182	0.8880667238302451
8559.986255257825	300	7.994049144928591	0.0	140051	886.8353700016631	0.004705182	0.8992098855896683
8560.94269960839	300	7.851105669625598	0.0	138313	642.943475302993	0.004705182	0.9059495707844781
8562.002655402823	300	7.752878267240274	0.0	143509	598.2274023853233	0.004705182	0.8982928528438222
8563.217890046672	300	7.971125131789576	0.0	150616	781.7531354506968	0.004705182	0.9068876373003155
8564.384279709318	300	7.754671111914569	0.0	165384	716.4540198750077	0.004705182	0.8866915570556043
8565.112340360414	300	7.595608588653136	0.0	140881	659.0625232614323	0.004705182	0.8727909527627971
8566.135649924598	300	7.508452818029964	0.0	157671	587.1557706231729	0.004705182	0.8692203383423684
8567.068614383508	300	7.860047471054222	0.0	157812	648.4053469757426	0.004705182	0.9065074449407907
8567.895156265922	300	7.709056171663931	0.0	163927	650.9912993902915	0.004705182	0.8876056651927565
8568.506337087534	300	7.661240971269788	0.0	137654	547.8152003941433	0.004705182	0.8920194408531357
8569.307079638893	300	7.547552582499444	0.0	146754	613.688388770344	0.004705182	0.8713947992249977
8571.550237677586	300	7.7145006587474505	0.0	153938	1333.0519237519927	0.004705182	0.8200718439893699
8573.136371617022	300	7.501486708350127	0.0	181901	1213.0139503973253	0.004705182	0.8057744014800992
8573.890999505307	300	7.805732725125603	0.0	111155	695.7539832245226	0.004705182	0.8950662357591544
8574.721089365827	300	7.500124752397773	0.0	153605	805.6079727278303	0.004705182	0.8463468359408706
8578.456552874588	300	7.739633932412857	0.0	149029	2760.4908199849156	0.004717578	0.6804312077329313
8580.780015930251	300	7.535388739468473	0.0	157421	1204.2451929443832	0.0047117374	0.81083722584521
8582.731202969422	300	7.5394041892431725	0.0	157488	1495.984550225301	0.0047161477	0.7821590853803481
8585.331000657074	300	7.557106585389895	0.0	143881	1482.2976038532777	0.0047128103	0.7857135287256188
8586.739993641877	300	7.936360072886597	0.0	163444	1120.7465125032968	0.0047278292	0.8686957912841295
8588.129988241002	300	7.775486075975943	0.0	179328	1160.8739969106543	0.004746304	0.8448196227733162
8589.26994914478	300	7.795065911192463	0.0	159914	980.4201647834802	0.004778426	0.8652825656866523
8590.583218400665	300	7.553201652748239	0.0	131610	741.8642584442243	0.004815731	0.8592747137650751
8592.49645873029	300	7.747283957655698	0.0	124011	805.9176950925414	0.0048253853	0.8768330834695756
8593.68297236722	300	7.777688470956751	0.0	144254	969.5954866989466	0.00530338	0.8642194077148478
8595.575079771037	300	7.725093891664719	0.0	149991	1052.594579292032	0.0057290765	0.8494255451632192
8596.726950985512	300	7.788914687188808	0.0	147968	936.1792044759114	0.0063366643	0.868947158325462
8600.686819498329	300	7.781826407280139	0.0	161857	2507.088279908669	0.007885029	0.7109810473055275
8605.363991272923	300	7.104654632685724	0.0	145210	4677.171774594415	0.008126665	0.4103610037367616
8608.663039713665	300	7.805606191943272	0.0	172312	1799.048440742452	0.0077874186	0.7847211667133445
8611.544398256085	300	7.944427159356519	0.0	167025	2861.179032586753	0.0076479	0.6956485978705281
8616.713996991837	300	6.774828423603025	0.0	160064	5169.598735753494	0.007944529	0.32039403479278783
8619.757300443027	300	7.73152497241317	0.0	137507	3043.303451189855	0.008609542	0.65114871581289
8623.918481546702	300	7.57034386873792	0.0	118421	2661.18110367525	0.008432459	0.6694596114347067

