9213.367596953194	750	4.0	2.731225734575557	450283	2731.225734575557	0.01432658	-11.6069696676756
9214.685736647705	300	5.536543105862896	0.0	155580	963.4568941371031	0.5938349	-0.29431062675165776
9218.609187087997	750	5.613092665568936	0.0	350812	2923.4504402939606	0.7546236	-0.3217269173332411
9224.41022103764	750	4.0	0.18794128407421157	382355	5801.033949643148	0.72173417	-0.7435038729462431
9226.854327904946	300	5.555893132694591	0.0	163442	1944.1068673054099	0.08435133	-0.37284374767529915
9229.462165599549	300	5.928611242671152	0.0	126289	1627.281890023439	0.18471521	0.09217825191788954
9232.393309228439	300	5.763317354365434	0.0	153295	2665.2938883057177	0.03315591	0.05627897195808019
9234.038847808322	300	5.688472906116072	0.0	173849	1574.8444482493621	0.031219196	0.09524750216870237
9235.878091359118	300	5.67919827758479	0.0	150710	1009.2746285312817	0.11318467	0.14862158996137975
9237.65868097543	300	5.628887844711549	0.0	139105	1050.3104328732404	0.04646908	0.14281491957540438
9238.850365000992	300	5.973185433200053	0.0	141840	1155.7024115114964	0.22443515	0.12979119754870208
9240.254634196646	300	5.984041656696925	0.0	156148	989.1437765031291	0.27434075	0.15164630619250072
9242.036606726224	300	5.825618158735184	0.0	160746	1658.4234979617415	0.31491524	0.0904473436274601
9243.848309574081	300	5.811541255363747	0.0	179801	1514.0769033714373	0.13008901	0.09907026496870193
9245.601832139153	300	5.8535928878703904	0.0	140051	957.9483674933567	0.11103099	0.1565846397259404
9246.90406540663	300	5.790263371971374	0.0	138313	1063.3295158990172	0.1992617	0.1410663371581282
9247.895352287112	300	5.929071755069508	0.0	143509	861.191616901865	0.14975277	0.17417726445088338
9249.052542181187	300	5.5105245494724	0.0	150616	918.5472055971087	0.3069923	0.16330135140141366
9250.713259492099	300	5.52948721920458	0.0	165384	981.0373302678206	0.18572284	0.15289938045380025
9251.822363512	300	5.584775142377155	0.0	140881	944.7120768274248	0.19461316	0.15877853547054976
9252.980484682255	300	5.987910585985524	0.0	157671	1096.8645563916307	0.14642683	0.13675343881422963
9254.821256014939	300	5.698153212275302	0.0	157812	789.7573737102241	0.11648648	0.18993174991872586
9256.691264063531	300	5.773656143616152	0.0	163927	924.4970686591491	0.22371492	0.16225037924409383
9257.605600229594	300	5.534243517151644	0.0	137654	739.4126264645062	0.18345194	0.20286372538324568
9259.110594087524	300	5.604208453385149	0.0	146754	930.0350637664951	0.1654728	0.16128424168495722
9260.26668533859	300	5.853642148634081	0.0	153938	750.5663047510691	0.108763866	0.19984909934072861
9261.70845071079	300	5.53552194504175	0.0	181901	818.1202035923294	0.16536093	0.18334714060520285
9262.375344424148	300	5.998897649166873	0.0	111155	536.6242958748772	0.19707815	0.279525174601813
9263.979244491493	300	5.682082362235916	0.0	153605	816.8152869309566	0.18421382	0.1836400498374599
9265.035983235977	300	5.687255327700299	0.0	149029	494.8270345356178	0.12157595	0.3031362264609715
9265.961274912024	300	5.980565449652264	0.0	157421	706.6898780480356	0.27681738	0.21225717908160574
9266.969011870839	300	5.550997864244133	0.0	157488	929.567585408131	0.21374221	0.1613653513253066
9268.461022425645	300	5.7940771640434905	0.0	143881	756.9207002006415	0.07203638	0.1981713539611727
9270.109525216134	300	5.667370701102223	0.0	163444	1126.7064629412675	0.076621346	0.13313139218925304
9271.064298189394	300	5.720882440245419	0.0	179328	946.4882608568054	0.029670104	0.15848057097318144
9272.95010979809	300	5.76711896809944	0.0	159914	1453.7634721459788	0.046137657	0.10318047115228236
9273.910632696527	300	5.617881558656896	0.0	131610	649.2374094425438	0.010711209	0.2310402909912336
9276.888062531403	300	5.879809376215275	0.0	124011	738.0721824416222	0.028928556	0.2032321547518345
9279.012305779383	300	5.782366687942842	0.0	144254	1097.4426882724324	0.027078455	0.1366813972182241
9280.566865547897	300	5.813487002539645	0.0	149991	968.8796854031974	0.009763576	0.15481798437912112
9281.691920547613	300	5.588799582236665	0.0	147968	724.6874203029793	0.012524727	0.2069857924914546
9282.662867002087	300	5.623510159206788	0.0	161857	965.2894230298781	0.0159285	0.1553938087596316
9284.220612631581	300	5.7974658696808365	0.0	145210	826.0442895259501	0.015061856	0.18158832631853422
9286.022807782476	300	5.9022189117172	0.0	172312	895.2469579636365	0.013357469	0.16755153275381782
9287.632225471256	300	5.965984206793642	0.0	167025	936.234704923558	0.016020589	0.16021623553492098
9288.7444644654	300	5.986456172649894	0.0	160064	979.5280341437478	0.013638151	0.1531349739582718
9289.741010055024	300	5.894538853337668	0.0	137507	591.9173193122272	0.010670429	0.25341377098796686
9290.703160179568	300	5.965777911721616	0.0	118421	428.7609416160525	0.01824687	0.34984529942170484

