20394.327053812136	750	4.0	4.043612194844198	450283	4043.6121948441983	0.004785821	-16.63753243783005
20395.983512219245	300	6.343541592888147	0.0	155580	1656.458407111853	0.004705182	-0.15000000000000002
20397.252203346987	300	9.07485046514876	0.0	139857	1268.6911277393874	0.004705182	0.3
20398.430168067796	300	11.896885744338519	0.0	155432	1177.9647208102417	0.004705182	0.3
20399.540290077486	300	14.786763734651103	0.0	163442	1110.122009687414	0.050565988	0.3
20400.315155843044	300	18.011897969094953	0.0	126289	774.8657655561504	0.6531356	0.3
20402.937137754	750	19.389916058135313	0.0	352642	2621.9819109596383	0.15243374	0.3
20407.70637008371	750	18.620683728427313	0.0	437162	4769.232329707998	0.048649646	0.75
20412.087779761987	750	18.23927405014518	0.0	374758	4381.4096782821325	0.011284781	0.75
20416.883836548357	750	17.443217263775377	0.0	362795	4796.056786369805	0.034155607	0.75
20420.11730887774	750	18.209744934392845	0.0	353220	3233.472329382529	0.15177718	0.75
20422.565856888923	750	19.76119692320869	0.0	405134	2448.5480111841575	0.0049118698	0.75
20425.54641322889	750	20.780640583238895	0.0	386351	2980.556339969792	0.030849133	0.75
20428.8516937494	750	21.47536006273231	0.0	434409	3305.2805205065833	0.010865631	0.75
20432.92623472931	750	21.400819082818355	0.0	337059	4074.540979913957	0.009567007	0.75
20435.52338713686	750	22.803666675271526	0.0	366214	2597.1524075468287	0.004705182	0.75
20437.890086566767	750	24.436967245361192	0.0	360831	2366.699429910333	0.0077857133	0.75
20442.439276991965	750	23.887776820166696	0.0	372963	4549.190425194499	0.032412987	0.75
20448.174434013174	750	22.152619798957158	0.0	405596	5735.157021209536	0.004705182	0.75
20452.444520009623	750	21.88253380250792	0.0	350713	4270.085996449242	0.004705182	0.75
20456.411631311254	750	21.91542250087682	0.0	386472	3967.1113016311006	0.004705182	0.75
20459.53687976835	750	22.79017404377549	0.0	399894	3125.248457101329	0.004705182	0.75
20464.482960269263	750	21.8440935428668	0.0	401853	4946.080500908685	0.0049195294	0.75
20469.550184185697	750	20.776869626433832	0.0	343800	5067.2239164329685	0.004705182	0.75
20473.859269312947	750	20.467784499182304	0.0	359903	4309.085127251527	0.00621842	0.75
20482.74035845677	750	15.586695355360385	0.0	379700	8881.089143821919	0.0059080273	0.75
20484.906138877417	300	17.420914934712062	0.0	181901	2165.780420648322	0.004705182	-0.15000000000000002
20485.87998299368	300	20.447070818450435	0.0	111155	973.8441162616305	0.02997294	0.3
20488.949615426198	750	21.3774383859345	0.0	400396	3069.6324325159326	0.6841258	0.3
20493.522767513678	750	20.80428629845321	0.0	400508	4573.15208748129	0.004705182	0.75
20496.76584444123	750	21.561209370900215	0.0	358218	3243.0769275529965	0.004705182	0.75
20504.235301102563	750	18.091752709566713	0.0	400322	7469.4566613335	0.004705182	0.75
20505.11361449457	300	21.213439317559672	0.0	143881	878.3133920070427	0.5878447	-0.15000000000000002
20507.100880890703	750	23.226172921426947	0.0	412837	1987.2663961327235	0.018779766	0.3
20509.847612214297	1200	24.479441597830867	0.0	690253	2746.731323596079	0.65045655	0.75
20512.399342525754	1200	25.92771128637339	0.0	598727	2551.730311457474	0.004705182	1.2
20514.70236735882	1200	27.624686453309096	0.0	487812	2303.0248330642967	0.008906232	1.2
20517.0666160406	1200	29.260437771527684	0.0	575591	2364.248681781414	0.004716184	1.2
20519.23210854679	1200	31.094945265337326	0.0	605884	2165.4925061903546	0.46423507	1.2
20523.824902914643	2850	30.502150897484704	0.0	1402287	4592.7943678526235	0.26766163	1.2000000000000002
20534.9771842985	2850	23.349869513626814	0.0	1339500	11152.281383857888	0.004705182	2.85
20544.242260313244	2850	18.08479349888562	0.0	1527299	9265.076014741191	0.09025363	2.85
20549.39266593666	2850	16.934387875468172	0.0	1343002	5150.40562341745	0.2020498	2.85
20555.390161430772	2850	14.936892381356039	0.0	1587250	5997.495494112134	0.004705182	2.85
20564.72814080009	2850	9.59891301203904	0.0	1464921	9337.979369316998	0.004705182	2.85
20568.70331597344	1200	9.623737838688323	0.0	638661	3975.175173350717	0.22895373	-0.44999999999999996
20571.527269775586	1200	10.79978403653787	0.0	538612	2823.953802150452	0.06520715	1.2
20574.822701068137	1200	11.50435274399062	0.0	550906	3295.431292547252	0.0047105458	1.2

