6696.149045464167	750	4.0	4.799754461958953	450283	4799.754461958953	0.004705182	-20.464525581772335
6697.571035691947	300	6.578009772220171	0.0	155580	1421.9902277798294	0.11336004	-0.3802325581395349
6699.876797835797	300	7.87600108330937	0.0	139857	1202.0086889108015	0.4510105	0.06976744186046512
6703.770331561351	750	7.751111010007109	0.0	382355	3624.8900733022597	0.67503107	-0.2755813953488372
6711.202222651287	750	4.319219920070888	0.0	411561	7431.891089936221	0.70671463	0.1744186046511628
6714.407667840661	300	5.113774730697757	0.0	126289	3205.445189373131	0.025331952	-0.3802325581395349
6717.720652030681	300	5.800790540677256	0.0	153295	3312.984190020501	0.0062921373	0.06976744186046512
6720.902391767367	300	6.619050803991669	0.0	173849	3181.739736685586	0.0063786935	0.06976744186046512
6723.60942787565	300	7.912014695708789	0.0	150710	2207.036108282881	0.011469854	0.06976744186046512
6725.82267995272	300	7.529258607048572	0.0	139105	1382.7560886602164	0.0163386	0.06976744186046512
6729.360510269086	300	7.991428290682435	0.0	141840	2037.8303163661371	0.017493762	0.06976744186046512
6733.059472927447	300	7.636110099590182	0.0	156148	2355.318191092254	0.025873963	0.06976744186046512
6737.08679719409	300	7.608785832948235	0.0	160746	3527.3242666419465	0.05255529	0.06976744186046512
6741.092204631197	300	7.603378395840654	0.0	179801	3505.4074371075812	0.021034908	0.06976744186046512
6744.770248712065	300	7.925334314972879	0.0	140051	2678.044080867774	0.019665726	0.06976744186046512
6749.138411671372	300	7.557171355666719	0.0	138313	2868.1629593061607	0.027058307	0.06976744186046512
6751.595195673928	300	7.825070974283875	0.0	143509	2232.100381382843	0.016852686	0.06976744186046512
6755.540088414063	300	7.694966395754127	0.0	150616	2630.104578529749	0.019542946	0.06976744186046512
6758.566814716645	300	7.6339973634152685	0.0	165384	2560.969032338859	0.012517934	0.06976744186046512
6760.7134781470595	300	7.503544283330309	0.0	140881	1630.4530800849589	0.013012696	0.06976744186046512
6763.235251156488	300	7.825762963280871	0.0	157671	1677.7813200494372	0.02475731	0.06976744186046512
6765.434957420427	300	7.652905633099967	0.0	157812	2172.8573301809047	0.05904035	0.06976744186046512
6767.353192053147	300	7.797212778869953	0.0	163927	1855.6928542300143	0.04355314	0.06976744186046512
6769.424687909697	300	7.6527357159891585	0.0	137654	1644.4770628807958	0.067243725	0.06976744186046512
6771.3991692663285	300	7.909004486958805	0.0	146754	1743.7312290303535	0.062078267	0.06976744186046512
6773.451922621288	300	7.8180028875791745	0.0	153938	1591.001599379631	0.09060982	0.06976744186046512
6775.3022326442415	300	7.618723720292335	0.0	181901	1699.2791672868393	0.12652779	0.06976744186046512
6778.087845779119	300	7.816432528686695	0.0	111155	1802.2911916056391	0.13710813	0.06976744186046512
6781.94431843551	300	7.959959872296226	0.0	153605	3356.4726563904705	0.069755435	0.06976744186046512
6784.417257518612	300	7.828387616076623	0.0	149029	2131.5722562196033	0.02806	0.06976744186046512
6788.5315704237855	300	7.566914657930512	0.0	157421	3261.4729581461106	0.02701969	0.06976744186046512
6792.258180529486	300	7.840304552230327	0.0	157488	2226.6101057001856	0.012069414	0.06976744186046512
6794.178753354752	300	7.954743175460895	0.0	143881	1885.561376769432	0.017407585	0.06976744186046512
6795.730819044999	300	7.541216045085999	0.0	163444	1413.5271303748957	0.018119631	0.06976744186046512
6798.198126921844	300	7.606831367600323	0.0	179328	2434.384677485676	0.030408628	0.06976744186046512
6801.6911806366525	300	7.95676611437527	0.0	159914	3150.0652532250524	0.01634686	0.06976744186046512
6804.067520351346	300	7.935090454820646	0.0	131610	1521.675659554624	0.0112533085	0.06976744186046512
6808.312679073698	300	7.689931732468376	0.0	124011	2245.15872235227	0.017431512	0.06976744186046512
6812.480546435024	300	7.5220643711430695	0.0	144254	2667.8673613253063	0.011490615	0.06976744186046512
6815.230392763772	300	7.79598626667706	0.0	149991	2726.0781044660084	0.009461495	0.06976744186046512
6818.467113826953	300	7.914509832727456	0.0	147968	1881.4764339496055	0.0074669383	0.06976744186046512
6822.6146341557205	300	7.766989503959565	0.0	161857	2647.5203287678905	0.009164285	0.06976744186046512
6825.312956331049	300	7.72421088579539	0.0	145210	1542.7786181641754	0.007561894	0.06976744186046512
6826.691010626996	300	7.602955606903278	0.0	172312	1121.2552788921116	0.01315632	0.06976744186046512
6828.836942004127	300	7.783389388865313	0.0	167025	1319.5662180379659	0.047519915	0.06976744186046512
6830.412865477723	300	7.713610260114332	0.0	160064	1569.7791287509797	0.06085048	0.06976744186046512
6831.7078734687975	300	7.739178355999153	0.0	137507	974.4319041151788	0.048173662	0.06976744186046512
6833.007624538056	300	7.7945909028499445	0.0	118421	944.5874531492069	0.10853018	0.06976744186046512

