4785.7092511428355	750	4.0	2.288238812003366	450283	2288.238812003366	0.055820722	0.12117611879966336
4786.827953179602	300	6.8812979632329325	0.0	155580	1118.7020367670673	0.9154114	-0.13178908097464845
4788.0971676245135	300	7.855161141322627	0.0	139857	1026.136821910304	0.04562524	0.3883338891416338
4789.23370787739	300	7.83842985497454	0.0	155432	1016.731286348087	0.028102987	0.3882287373011
4790.316149930346	300	7.547113330861088	0.0	163442	791.3165241134509	0.031825125	0.39256293076747295
4791.327098069343	300	7.537202011483014	0.0	126289	509.91131937807404	0.050820686	0.420083993779881
4792.523675874528	300	7.629431537751645	0.0	153295	907.7704737313692	0.065171786	0.3860624237363409
4793.698031911715	300	7.51665718968359	0.0	173849	612.7743480680551	0.034536477	0.40851363954841885
4794.962762556265	300	7.910082678568353	0.0	150710	1106.5745111152366	0.06615779	0.38372271629899835
4796.068516376218	300	7.766283840059525	0.0	139105	643.7988385088281	0.035152003	0.42101285615283746
4797.112853355711	300	7.535092864884715	0.0	141840	731.1909751748093	0.045536276	0.39782420653781375
4798.483365485493	300	7.696409821253319	0.0	156148	838.6830436313958	0.0406581	0.39715730946519284
4799.440975467836	300	7.553519387456945	0.0	160746	642.8904337963728	0.037519194	0.40780591833642177
4801.315958438392	300	7.888387647852398	0.0	179801	1165.131739604547	0.05403714	0.3765110540303202
4802.442660410996	300	7.804962238876027	0.0	140051	583.4254089763706	0.027796399	0.4294675990321146
4803.111344008363	300	7.912258760155837	0.0	138313	392.70347872018937	0.048624836	0.4552458246377209
4804.2597616937155	300	7.701039962453542	0.0	143509	711.218797702294	0.0908584	0.410193117883117
4805.337402676499	300	7.560818943536691	0.0	150616	640.2210189168513	0.051235355	0.408529082079358
4806.9171750568485	300	7.67964275434472	0.0	165384	881.176189191971	0.048890844	0.3918600532273479
4808.5609098101795	300	7.747073396958403	0.0	140881	932.5693573863175	0.041114822	0.39093515157126846
4810.388493704261	300	7.503864166990275	0.0	157671	743.2092299681287	0.03560041	0.3946705874400793
4811.793858317486	300	7.758369235334787	0.0	157812	1245.494931655488	0.03533286	0.3603485840428754
4813.059046046901	300	7.715710163711414	0.0	163927	1042.6590716233736	0.02219538	0.377965978069626
4813.834026156516	300	7.524484437800002	0.0	137654	691.2257259114132	0.026542976	0.4011577047713588
4814.868587971528	300	7.794080688795946	0.0	146754	730.4037490040556	0.029012835	0.41408966814934106
4816.090275396474	300	7.605316071326801	0.0	153938	688.7646174691466	0.033969037	0.4064557927110104
4816.959067158075	300	7.837381532364578	0.0	181901	767.9345389622235	0.037370328	0.41304289187656373
4817.631995911393	300	7.901345872025326	0.0	111155	436.03566033925114	0.042155847	0.45023055096765774
4818.903964030671	300	7.803808277375119	0.0	153605	597.5375946502071	0.058106363	0.42798425787092426
4820.773876397818	300	7.526067370615972	0.0	149029	777.7409067591477	0.058380567	0.39260511998758346
4823.228890775206	300	7.629645959615257	0.0	157421	896.4214110007159	0.043436408	0.3872107313758819
4824.726392900588	300	7.830191299118458	0.0	157488	1299.4546604967984	0.039649293	0.35944149014522375
4826.378737583687	300	7.958042790510997	0.0	143881	872.1485086074598	0.026681451	0.4101628235461913
4827.660188931518	300	7.567415179841846	0.0	163444	890.6276106691505	0.03034418	0.3839006876732003
4828.540219341649	300	7.867811762356685	0.0	179328	699.6034174851615	0.033200815	0.4217778933987767
4829.691031977006	300	7.767619012501793	0.0	159914	600.1927498548926	0.05461453	0.4254569132958728
4830.64351385681	300	7.6566880103502175	0.0	131610	610.9310021515754	0.069420025	0.4174499004317311
4831.8487488762075	300	7.839845910978304	0.0	124011	816.842099371915	0.055542782	0.4083061594989525
4832.5193262115845	300	7.70875377480208	0.0	144254	631.0921361762222	0.042349633	0.4186878973075078
4834.464302211317	300	7.846008370036587	0.0	149991	862.7454047654949	0.07261784	0.4041009826507372
4835.880206405164	300	7.904171556096171	0.0	147968	941.8368139404143	0.071628295	0.39982704086196924
4836.828572697954	300	7.627022099654696	0.0	161857	777.1494564414761	0.06079313	0.3989739355842709
4837.6637195512685	300	7.980056995671354	0.0	145210	646.9651039833421	0.10056889	0.4340570518311254
4838.802328156869	300	7.754843648536938	0.0	172312	725.2133471344147	0.14836764	0.41215639332011716
4839.627003959474	300	7.959203304968149	0.0	167025	795.6403435687886	0.19181086	0.41788617220363045
4840.508710572091	300	7.607867737677388	0.0	160064	851.3355672907602	0.17561023	0.39035817687576074
4841.743118189844	300	7.500849537464037	0.0	137507	1107.0182002133506	0.20667258	0.3581012760701673
4842.7828756841955	300	7.779665475057444	0.0	118421	721.1840624065932	0.15238476	0.4141106859504309

