7685.301030904587	750	4.0	6.819045761582508	450283	6819.045761582508	0.004798933	-29.578682064670893
7687.2480065717	300	6.053024332886424	0.0	155580	1946.975667113577	0.004705182	-0.04604111887668827
7689.783123776006	300	7.517907128580474	0.0	139857	1535.1172043059482	0.008366841	0.586141387782642
7692.124995121928	300	7.537540700570771	0.0	155432	1980.3664280097041	0.018344015	0.5435062193844415
7693.959605537535	300	7.840987994673256	0.0	163442	1196.5527058975144	0.028622765	0.6510947440007048
7695.415664115645	750	7.631987570023135	0.0	318564	1209.0004246501203	0.4766212	0.2038022407843033
7697.588006223461	750	7.899345573745082	0.0	352642	1732.641996278054	0.37868592	0.6271716001602272
7699.770128484904	750	7.808134551241936	0.0	437162	2091.2110225031465	0.6900761	0.5825355313133205
7701.546518412195	750	7.725395159366592	0.0	374758	1582.7393918753442	0.7065098	0.6254189323806233
7705.607680478207	1850	7.664233093354596	0.0	913888	4061.162066011995	0.23054661	-0.6694754080171389
7709.628131372262	1850	7.6437821992996575	0.0	939819	4020.450894054938	0.03153347	0.43262728701402364
7713.733611165213	1850	7.538302406348103	0.0	917428	4105.479792951555	0.04302674	0.4139718452701737
7727.068400384585	1850	4.0	5.796486813024115	946851	13334.789219372218	0.16009809	-25.77441808516403
7729.194463584194	300	5.873936800391343	0.0	179801	2126.0631996086568	0.004705182	-1.1811872538958967
7731.33479085513	300	7.733609529454998	0.0	140051	1640.3272709363457	0.01113323	0.5963819862448348
7732.815827084089	300	7.894052961401354	0.0	138313	1339.556568053645	0.015358885	0.6419019220992843
7735.914851451716	300	7.5152805937509	0.0	143509	878.7723676504532	0.11138466	0.6515230644383565
7738.76395150806	300	7.565856536956191	0.0	150616	2449.424056794708	0.53138435	0.49932588845033
7741.00447699406	300	7.6054317937315865	0.0	165384	1960.4247432246052	0.0050165616	0.5520349839639247
7743.309312022046	300	7.82306463202647	0.0	140881	1782.3671617051168	0.012511291	0.5907881540716191
7744.9583936740755	300	7.6697577868517275	0.0	157671	1153.3068451747424	0.004705182	0.6389382248748526
7745.984994811757	300	7.98434462623825	0.0	157812	685.4131606134775	0.17119908	0.7160069398308695
7748.306532601487	750	7.544169753258078	0.0	401853	1940.1748729801707	0.15172577	0.12223222969684691
7750.229255848701	750	7.983489588025639	0.0	343800	1560.6801652324393	0.10687722	0.6524667417884868
7751.755060645005	750	7.501608716563896	0.0	359903	1481.8808714617435	0.5355365	0.6139650809276641
7755.787115156962	1850	7.469554204607454	0.0	905935	4032.054511956442	0.697319	-0.6853027204216793
7760.298746373223	1850	6.9579229883458265	0.0	1076599	4511.631216261628	0.16288611	0.31749451387440497
7780.94548269119	4300	4.0	13.68881332962011	1972048	20646.736317965937	0.41091222	-62.76157556739743
7782.307681652307	300	6.637801038881884	0.0	153605	1362.1989611181157	0.004705182	-3.48127801516611
7783.719378568107	300	7.990225085204764	0.0	149029	1147.5759536771204	0.004705182	0.6703566614893666
7787.928853721155	300	7.507547961151251	0.0	157421	1482.6771240535127	0.0062175654	0.590388313982557
7791.205124723679	300	7.597811445777119	0.0	157488	2409.7365153741316	0.016377753	0.5063703394602165
7793.343776779627	300	7.921752661377977	0.0	143881	1676.0587843991416	0.004705182	0.6109178285684111
7795.302348948003	300	7.528763193863961	0.0	163444	1892.9894675140172	0.004705182	0.5513990702793341
7796.890595291471	300	7.752431467960898	0.0	179328	1276.3317259030616	0.004705182	0.634593174060387
7798.110719647713	300	7.528326579522934	0.0	159914	724.1048884379624	0.004705182	0.668245503552519
7799.977513681676	750	7.512939334593248	0.0	321064	1515.3872449296866	0.48950222	0.16170502864805722
7801.893916168811	750	7.5504413806422255	0.0	361565	1462.4979539510225	0.04218725	0.6206035729764472
7803.937597587729	750	7.525552999776119	0.0	378327	1524.8883808661064	0.24517253	0.6119689948914822
7806.415415688998	750	7.821040406166729	0.0	390680	1704.5125936093907	0.44445956	0.6224475776397731
7808.553984130903	750	7.848408939043795	0.0	345516	1472.6314671229336	0.34720343	0.6482699431764112
7810.756777610769	750	7.724980748502378	0.0	384505	1623.4281905414182	0.42405975	0.6213101649898737
7814.722182752064	750	7.759575607206587	0.0	372093	3965.405141295791	0.34331384	0.3904422650065078
7823.589027232709	750	4.0	1.1072688734376515	438281	8866.844480644239	0.6814875	-5.222821317554183
7825.551331319044	300	6.037695913663795	0.0	167025	1962.3040863362062	0.004705182	-0.04904933884668733
7827.919317448672	300	7.669709784036386	0.0	160064	1867.9861296274082	0.004705182	0.5674656761031873
7829.199945430004	300	7.910348395134062	0.0	137507	1259.361388902324	0.004705182	0.6514898943252225
7832.3576911450355	300	7.582108805243186	0.0	118421	828.239589890876	0.004773549	0.6630086347275325

