633.9823210349612	750	4.0	4.127748728925795	450283	4127.748728925795	0.19642991	-0.06277487289257949
638.3124045673372	750	4.0	0.33008353237607296	398865	4330.083532376073	0.54029393	-0.08300835323760736
639.2497976288926	300	7.06260693844462	0.0	139857	937.3930615553796	0.46662563	-0.1023263725027492
640.6704957796205	300	7.649870514959257	0.0	155432	912.7364234853625	0.018671066	0.38684326483641734
642.6609891076844	300	7.653604681198587	0.0	163442	996.2658337606688	0.023294166	0.3787237091988448
644.4705277252127	300	7.800949148186032	0.0	126289	852.6555330125556	0.025052276	0.4022937684603714
646.5519073900614	300	7.928700877069587	0.0	153295	1372.2482711164446	0.01806882	0.3583189777052047
650.2340355734071	300	7.527202482262878	0.0	173849	1901.4983948067093	0.015037214	0.2803003156607589
652.969569240412	300	7.919750509679896	0.0	150710	2607.4519725829823	0.013087269	0.23423920959669525
657.1663805540412	300	7.700385719126294	0.0	139105	2219.364790553602	0.00898344	0.2593376283900332
659.0496046404634	300	7.962496932702997	0.0	141840	1237.8887864232966	0.0087905545	0.37386717965160765
660.5374871908874	300	7.6562232788903835	0.0	156148	1306.2736538126137	0.01018862	0.3478865895493876
662.3818061730367	300	7.834868307621498	0.0	160746	1321.3549712688857	0.010974815	0.3575437720994551
663.5438794621247	300	7.97531366851771	0.0	179801	859.5546391037878	0.010885964	0.4125016403719781
664.7989049727912	300	7.874060200026521	0.0	140051	601.2534684911889	0.018496362	0.43200341565253864
665.6198548272051	300	7.810471236707162	0.0	138313	563.5889633193577	0.028972005	0.4317955559622619
666.6976197237414	300	7.745269343636444	0.0	143509	565.2018930707177	0.03557483	0.427559144670206
667.4829160634914	300	7.728902642144123	0.0	150616	516.3667014923219	0.04146795	0.43141974498477553
668.5402726397919	300	7.724689120672742	0.0	165384	504.2135214713808	0.06864856	0.4323717178949083
669.580595793533	300	7.736099147516728	0.0	140881	488.5899731560143	0.10001735	0.43464719940419405
670.854006550671	300	7.5552602686403265	0.0	157671	680.8388788764032	0.08303046	0.4041198789023801
672.2825840784759	300	7.5172575201186245	0.0	157812	1038.002748521702	0.06442993	0.36602832015524384
672.9909919391675	300	7.973340950814494	0.0	163927	543.9165693041298	0.040168565	0.4439421524954929
673.9401316183908	300	7.951016723546534	0.0	137654	522.3242272679593	0.08136776	0.44470612249486247
674.6844032965279	300	7.882288605655691	0.0	146754	568.7281178908431	0.07167025	0.43577022606439636
676.5341712720392	300	7.915176483873143	0.0	153938	1467.1121217825466	0.06222756	0.3479873180638168
677.5812897376397	300	7.912945182787229	0.0	181901	1002.2313010859135	0.026010491	0.39433594381561043
679.109276174705	300	7.891395537011889	0.0	111155	521.5496457753409	0.035462335	0.441057256485709
681.493411197314	300	7.897546435352342	0.0	153605	1493.8491016595478	0.043091055	0.3442117420435666
683.0161063325841	300	7.54634182369211	0.0	149029	851.2046116602332	0.018534958	0.38652590281473354
685.0216582206195	300	7.534311074479221	0.0	157421	1012.030749212889	0.025444733	0.36969136723366236
686.2186259536077	300	7.967587825396459	0.0	157488	1066.7232490827637	0.02560091	0.3913019141790023
687.0283041311153	300	7.742870949595357	0.0	143881	724.716875801101	0.02650987	0.4114577467695997
688.2456659013862	300	7.721670753813092	0.0	163444	521.2001957822648	0.026739161	0.4304844025350918
689.5101025727807	300	7.962533143360284	0.0	179328	759.1376104528077	0.072246715	0.42174456041473696
690.5965722554258	300	7.736947851508488	0.0	159914	725.5852918517961	0.06653031	0.4110007115341009
691.6666268930173	300	7.667362775609487	0.0	131610	569.585075899003	0.0464437	0.42225166588569263
693.8308124968947	300	7.96050471651696	0.0	124011	706.8580590925266	0.06589014	0.4268457388730573
695.1939551614029	300	7.662597089655405	0.0	144254	1297.9076268615554	0.05646423	0.34912155541730727
696.1536622668362	300	7.545361060761861	0.0	149991	617.2360288935441	0.035772823	0.4098614634082619
697.1632427787202	300	7.926806338089879	0.0	147968	618.5547226719833	0.080871195	0.4335699238634191
698.7240494594257	300	7.821915992843074	0.0	161857	1104.8903452468032	0.1256292	0.3783807150280118
700.2107562498214	300	7.531520750874631	0.0	145210	790.3952419684426	0.07461313	0.39168052273282017
701.0992444792292	300	7.745432434384363	0.0	172312	786.0883164902683	0.09429011	0.4054806954999959
702.1506254631596	300	7.905941850877916	0.0	167025	839.4905835064477	0.16781591	0.410172307329225
702.9623909500776	300	7.881004245630895	0.0	160064	524.9376052470227	0.18258613	0.44006900482722866
703.8384614708345	300	7.506382964587952	0.0	137507	374.6212810429433	0.30632237	0.43168680718245267
704.63089691233	300	7.595889839697258	0.0	118421	410.49312489069433	0.64913106	0.4336938024920092

