1475.7137710653305	750	4.0	6.240793125191714	450283	6240.793125191714	0.08245933	-0.12805944740289227
1478.3219845977242	300	5.39178646760646	0.0	155580	2608.2135323935404	0.024366934	-0.04423428024585346
1480.8501638887285	300	6.863607176602174	0.0	139857	2528.179291004286	0.0062948093	0.5954976616898788
1484.1356208451386	300	7.578150220191981	0.0	155432	2285.456956410193	0.0055409996	0.7079958913048924
1487.9583615275212	300	7.755409537809281	0.0	163442	3322.740682382701	0.00612535	0.6261540656622946
1492.1914021995412	300	7.522368865789316	0.0	126289	2233.0406720199644	0.0063135233	0.7063500892339779
1495.1980025739576	300	7.893280884582324	0.0	153295	2629.0879812069916	0.005287743	0.7125425746448839
1499.5380562193207	300	7.553227239219327	0.0	173849	3840.053645362998	0.005744566	0.5494589342837173
1503.5183652158153	300	7.572918242724774	0.0	150710	2980.3089964945516	0.005193211	0.6378646850324236
1507.5813688581786	300	7.509914600361618	0.0	139105	2563.0036423631545	0.0053316206	0.6718160402285185
1511.1247351107977	300	7.966548347742626	0.0	141840	3043.366252618993	0.005096145	0.6801612213041095
1515.1804030534508	300	7.910880405089553	0.0	156148	3555.6679426530727	0.0052611586	0.6220576249563863
1518.3845090112782	300	7.833783900676961	0.0	160746	3077.0965044125915	0.0049048187	0.6603955159335471
1522.6133055041842	300	7.604987407770885	0.0	179801	2728.7964929060768	0.004843794	0.6669755765317925
1525.3393624900018	300	7.919861811722495	0.0	140051	2185.1255960483895	0.00518072	0.7602208110707641
1529.34068725851	300	7.918537043214364	0.0	138313	2501.3247685081296	0.005215442	0.7284373221234715
1533.1803815551878	300	7.594817945414099	0.0	143509	1823.7190978002661	0.0051702764	0.7562276730760845
1536.1822561333065	300	7.511868303443511	0.0	150616	2082.949641970589	0.005666508	0.7200626677237534
1539.2711432326198	300	7.696887164660952	0.0	165384	2314.9811387825594	0.0057253125	0.719704150685646
1543.0998184693515	300	7.579502574260539	0.0	140881	2617.3845904004124	0.005899226	0.6749701056490925
1545.8854919075015	300	7.672311135401022	0.0	157671	2407.1914388595183	0.0057074632	0.7074486713435705
1548.3906765685667	300	7.988959880813811	0.0	157812	1683.3512545872109	0.005837582	0.8189299159576439
1550.1185421635068	300	7.560943724582774	0.0	163927	1428.0161562310366	0.0067031533	0.7916154524025164
1553.6478961214739	300	7.956191536503684	0.0	137654	1604.752188079091	0.007668149	0.8227438524670261
1557.2775912446032	300	7.848644826483142	0.0	146754	2607.546710020542	0.007493443	0.7091854023035616
1560.1081811370136	300	7.839424029632122	0.0	153938	2009.2207968510193	0.0064543327	0.7678794841985446
1564.4205596081824	300	7.527045558463498	0.0	181901	4312.378471168624	0.006570856	0.498993749507768
1567.2508996720492	300	7.828749328894158	0.0	111155	2198.29622956934	0.0059663756	0.7476539152112309
1571.211736196277	300	7.867912804666359	0.0	153605	2460.836524227799	0.0059409365	0.726235474999126
1575.3765882060534	300	7.7030607948898195	0.0	149029	3664.85200977654	0.0060152574	0.585479333517674
1580.1926946398728	300	6.886954361070595	0.0	157421	4816.106433819225	0.005509956	0.36958766892619116
1585.5332553062735	300	5.546393694669956	0.0	157488	5340.560666400639	0.0049968674	0.15162065636528832
1590.0097275647854	300	5.069921436158021	0.0	143881	4476.472258511935	0.004705182	0.17919855614249558
1594.1985549633189	300	4.881094037624639	0.0	163444	4188.827398533382	0.004705182	0.18464816211103452
1600.3034898136111	300	4.0	1.223840812667744	179328	6104.934850292383	0.004705182	-0.11575294898272664
1606.082858610792	300	4.0	1.7793687971808312	159914	5779.368797180831	0.004705182	-0.08319634367157153
1609.4457941073886	300	4.637064503403679	0.0	131610	3362.9354965963207	0.004705182	0.2371065590079946
1612.5201190942228	300	5.562739516569342	0.0	124011	3074.324986834337	0.004705182	0.38026247421322
1616.0357805110825	300	6.047078099709451	0.0	144254	3515.66141685989	0.004705182	0.3959310423685144
1619.3425979111564	300	6.740260699635539	0.0	149991	3306.8174000739127	0.004705182	0.5024040253717085
1622.5219144343753	300	7.560944176416844	0.0	147968	2679.316523218695	0.004705182	0.6664854714925674
1626.2782994095678	300	7.804559201224158	0.0	161857	2756.3849751926873	0.004705182	0.6888582393218621
1628.7597343955194	300	7.843563565656448	0.0	145210	1960.99563556771	0.00488193	0.7732131167566616
1632.7405104469274	300	7.862787514248438	0.0	172312	3980.7760514080105	0.0053589493	0.5736086928710863
1637.0242669687764	300	7.579030992399271	0.0	167025	4283.756521849166	0.0051374296	0.5082746853899061
1640.0804443674278	300	7.568428259894016	0.0	160064	3010.6027325052564	0.005022241	0.6342809246641472
1643.1100591330141	300	7.886408114673917	0.0	137507	1682.020145220098	0.0052554207	0.8064007641988098
1647.1863217513244	300	7.810145496363546	0.0	118421	1576.2626183103712	0.0060158996	0.8075602255547434

