3215.9227123306123	750	4.0	3.5949223786930258	450283	3594.9223786930256	0.16325384	-15.392539179957172
3217.307034014541	300	6.615678316071856	0.0	155580	1384.3216839281442	0.05723409	0.06438037494044224
3220.315873703838	300	7.500880483658929	0.0	139857	1114.7978324129251	0.220934	0.6265344907399865
3222.5241684852585	300	7.878754069065548	0.0	155432	1622.1264145933824	0.56412524	0.6121724013945217
3225.407046380608	300	7.8953992285047425	0.0	163442	1483.3548405608065	0.32887614	0.6276516746116135
3227.2727133191293	300	7.717327315288192	0.0	126289	1178.0719132165495	0.32251966	0.6410403401044892
3229.371234912104	300	7.566864060053347	0.0	153295	1150.463255234846	0.1392647	0.629318943867662
3231.4955563331614	300	7.618732465944233	0.0	173849	1448.1315941091138	0.59920627	0.6045445039323465
3233.616436745167	300	7.741387163865905	0.0	150710	1377.345302078327	0.6698738	0.6234287894224213
3234.9645729070335	300	7.9290867284961895	0.0	139105	1312.3004353697158	0.6762674	0.6479995758990917
3236.628600980376	300	7.764990493073121	0.0	141840	1164.0962354230694	0.59294534	0.647025543775568
3239.016507487414	300	7.84100322051426	0.0	156148	1423.9872725588618	0.6533946	0.6283527528393458
3241.184420207247	300	7.889006415837015	0.0	160746	1451.9968046772458	0.5631387	0.630172162599824
3244.2260927852144	300	7.641128127331424	0.0	179801	1747.8782885055919	0.58572984	0.576725442758319
3246.337561600897	300	7.547290883320991	0.0	140051	1593.8372440104326	0.31960475	0.5830976041312346
3248.48847384147	300	7.765650477320629	0.0	138313	1281.6404060003613	0.10036884	0.6353346509636519
3251.0925406994083	300	7.598252975187348	0.0	143509	1667.397502133282	0.1922158	0.5806467384998075
3253.5408269987815	300	7.842444584453646	0.0	150616	1755.8083907337032	0.057554998	0.5953093739651667
3256.7106937537815	300	7.598750127923467	0.0	165384	1743.6944565301776	0.051623087	0.5730648945849615
3258.722486986453	300	7.785939641722238	0.0	140881	1312.8104862012299	0.03219766	0.6341704984422489
3261.475571652093	300	7.758888643987675	0.0	157671	1527.0509977345625	0.10399336	0.6101427575250022
3263.306029507347	300	7.636676578963273	0.0	157812	1622.2120650244012	0.06710138	0.5888635984364302
3265.62044973532	300	7.563589340991562	0.0	163927	1573.0872379717116	0.046136476	0.5867413501034235
3267.988177305219	300	7.7753921082929915	0.0	137654	1288.1972326985708	0.053152498	0.6356166115222046
3270.3430669406102	300	7.762712421047314	0.0	146754	1512.679687245678	0.078464694	0.6119479315306555
3273.2726026675964	300	7.729049483927307	0.0	153938	2033.6629371200065	0.04772564	0.5566095099795888
3277.1654817760905	300	7.8361703754330225	0.0	181901	2392.8791084942836	0.013049588	0.5309984023269317
3278.961101129702	300	7.552736719257238	0.0	111155	1283.4336561757852	0.008327167	0.6146621309110999
3281.2528844081326	300	7.892937909759705	0.0	153605	1659.7988094975328	0.0098681105	0.6097703729469943
3283.521849451807	300	7.974447679389046	0.0	149029	1418.4902303706576	0.0137534905	0.6417466402943106
3287.2169647938795	300	7.702127353004762	0.0	157421	1772.3203263842831	0.044509917	0.5801524848686888
3289.044402368398	300	7.859806050089703	0.0	157488	1342.3213029150588	0.014445913	0.6383291438593308
3290.3033170992744	300	7.7479068774530555	0.0	143881	1111.899172636647	0.06178473	0.6506009323267438
3292.7785281833576	300	7.573809086031357	0.0	163444	1674.0977914216974	0.13493882	0.5776239570177997
3295.745114533897	300	7.681072576092695	0.0	179328	1892.736509938663	0.03578829	0.5660843199264907
3298.5696542367327	300	7.975727682975132	0.0	159914	2205.344893117563	0.02561525	0.5631843758426199
3302.431776695967	300	7.6392637867167466	0.0	131610	2336.4638962583854	0.009231201	0.5176874370463864
3305.4996782664275	300	7.878142354474625	0.0	124011	1761.1214322421208	0.004705182	0.5982140213940111
3309.6122315948714	300	7.765589026031011	0.0	144254	2612.5533284436137	0.004705182	0.5022374439617519
3313.5194657098255	300	7.858354911076694	0.0	149991	2907.2341149543163	0.004705182	0.481698188849978
3316.470484953297	300	7.776128985149222	0.0	147968	2582.2259259274724	0.004705182	0.5062846674474941
3320.5363523789424	300	7.710261559503593	0.0	161857	3065.867425645629	0.004705182	0.4515807017094846
3323.6546939687405	300	7.5284211456994345	0.0	145210	1681.8404138041587	0.004705182	0.5724810531195696
3325.641067390189	300	7.768485089471824	0.0	172312	1759.9360562276104	0.004705182	0.5877779206332053
3327.8013705789394	300	7.71155210620706	0.0	167025	1556.932983264764	0.004705182	0.6025983625577916
3330.890982688266	300	7.55843114978686	0.0	160064	1653.1209564201997	0.006752154	0.5782414963996881
3334.069273511547	300	7.59253136709924	0.0	137507	1465.8997826876202	0.0052585565	0.6002457990599614
3337.9804755548325	300	7.681329323813739	0.0	118421	2411.202043285501	0.0060440954	0.5142624788563877

