899.4847173919364	750	4.0	3.5388403668140223	450283	3538.840366814022	0.009106364	0.14213582843487688
900.9371164620867	300	6.5476009298498035	0.0	155580	1452.399070150196	0.04458306	0.21405778812682563
903.3753640532949	300	7.709096847957815	0.0	139857	1338.5040818919888	0.008847956	0.8188594093223859
906.5405566282668	300	7.646372305594934	0.0	155432	1562.724542362882	0.008805497	0.7886926440690644
910.190839831952	300	7.687464739111867	0.0	163442	1458.907566483068	0.008947714	0.8041481030126607
911.7791595682155	300	7.878992637131191	0.0	126289	1308.472101980677	0.010954307	0.8428399653284506
913.8629179096631	300	7.84203737414884	0.0	153295	1536.9552629823495	0.009275536	0.8154287122309121
917.2804691833014	300	7.666663228912241	0.0	173849	2675.3741452365994	0.00984093	0.6799330428900714
918.4517970294733	300	7.502087903377218	0.0	150710	1164.5753255350235	0.00883092	0.8106924946661097
920.5575876910353	300	7.802568818614567	0.0	139105	1199.5190847626504	0.01067268	0.8442990720174529
921.9420341689297	300	7.568481325167149	0.0	141840	1234.0874934474182	0.010664633	0.8119390006406922
923.8264329460599	300	7.906461433575474	0.0	156148	1662.0198915916747	0.010662654	0.8108768111983997
926.6181754675615	300	7.746779696643938	0.0	160746	1659.6817369315347	0.009960122	0.7913944172141552
927.9571689460926	300	7.918313287713401	0.0	179801	1328.4664089305363	0.009170832	0.8456955305615944
929.7025952665971	300	7.585863709911435	0.0	140051	832.4495778019658	0.011257648	0.8542490284934252
930.966266025431	300	7.690516635095799	0.0	138313	895.3470748156365	0.011703161	0.8608809756132909
932.5090221483732	300	7.863300487183839	0.0	143509	827.2161479119603	0.012801945	0.889028020970086
933.9906276066434	300	7.510267678813751	0.0	150616	1353.032808370088	0.013439891	0.7928567188995724
936.0140299778528	300	7.612852851509173	0.0	165384	897.414827304578	0.0119396085	0.85108490447297
937.721194235245	300	7.657264494765545	0.0	140881	955.5883567436284	0.013937238	0.8507511420591969
940.3214817119812	300	7.9179087305717495	0.0	157671	1739.3557641937948	0.013861767	0.8045566435912733
941.9329801477608	300	7.972625397553067	0.0	157812	1445.2833330186813	0.012367281	0.8407198582265936
946.1281857857202	300	7.777419759593504	0.0	163927	2695.2056379595633	0.012477651	0.6916252142828555
949.4541368091994	300	7.92015454191414	0.0	137654	1857.2652176793638	0.010144209	0.7930429928642757
952.7272301742296	300	7.892950724149043	0.0	146754	2527.203817765097	0.009825831	0.7226902254489442
956.8605934160607	300	7.759587482317904	0.0	153938	2133.363241831138	0.007970108	0.7456076685162494
960.9106502857604	300	7.709530612618255	0.0	181901	2550.0568696996493	0.007859442	0.6977576882938193
965.0000382019977	300	7.620142696381047	0.0	111155	1589.3879162372086	0.0075712996	0.7827876866678656
967.205740404458	300	7.5266404683673205	0.0	153605	2093.5022280137246	0.0064216703	0.720831356574348
969.487703001827	300	7.726759085406163	0.0	149029	1799.881382961157	0.0066742823	0.7749024694522458
973.6871281841402	300	7.527333903092939	0.0	157421	2199.4251823132245	0.0065413415	0.7103246808561641
976.9342341175081	300	7.51453415876946	0.0	157488	2512.799744323477	0.0066758916	0.6774068157440079
980.797612924305	300	7.651155351972592	0.0	143881	2363.3788067968694	0.006255824	0.7092177895094913
984.0810345283151	300	7.538287109888277	0.0	163444	2112.8682420843143	0.006337091	0.7203327882700834
986.4311387907428	300	7.60351159263728	0.0	179328	1434.775517250997	0.0065286797	0.7961954523802579
988.6476427047468	300	7.932923989223686	0.0	159914	1170.5876034135947	0.008483794	0.8632874223717302
989.825133628296	300	7.9921367637441945	0.0	131610	940.78722547949	0.009697553	0.893578574679619
990.880110247637	300	7.648000322608644	0.0	124011	844.1364411355509	0.010216424	0.8607524685660629
992.0795021385512	300	7.583724375254269	0.0	144254	1064.2759473543756	0.011015097	0.8308022437965863
994.8630297755756	300	7.6595185860219335	0.0	149991	2424.2057892323355	0.011500173	0.7041677157687021
996.6061666674183	300	7.5676110494966125	0.0	147968	1091.907536525322	0.009974452	0.8260495417314584
998.2435593690516	300	7.6095294243386435	0.0	161857	1458.0816251579695	0.011976415	0.7946078747788311
999.3731605763121	300	7.509384320446064	0.0	145210	1100.1451038925784	0.012790248	0.8180364194002423
1001.1530756191507	300	7.719154850710711	0.0	172312	1290.2294697353527	0.013525917	0.8249287513738799
1002.3512435878554	300	7.784913691410012	0.0	167025	934.2411593006977	0.013874117	0.8686469522422711
1004.406254373045	300	7.619371684017159	0.0	160064	1165.5420073928549	0.014572083	0.8250770791811705
1006.4469061116729	300	7.643780189601675	0.0	137507	975.5914944154841	0.015321949	0.8470858953446947
1008.558943477091	300	7.59529161449875	0.0	118421	1048.4885751029249	0.014018408	0.8338092101735927

