6283.872331770328	750	4.0	6.63110103693138	450283	6631.10103693138	0.004705182	-27.763734458804933
6286.151394290632	300	5.720937479695715	0.0	155580	1779.0625203042848	0.004705182	-0.15000000000000002
6287.601777708847	300	5.9858276064063505	0.0	139857	1235.1098732893645	0.004705182	0.3
6289.4593786029745	300	5.969663869855634	0.0	155432	1516.1637365507156	0.004705182	0.3
6293.44476402101	300	5.984278451819875	0.0	163442	1485.3854180357587	0.004705182	0.3
6296.874354742583	300	5.927894364539405	0.0	126289	2556.3840872804703	0.009347977	0.3
6301.440946166301	300	5.36130294082071	0.0	153295	4566.591423718695	0.004705182	0.3
6305.133800748505	300	5.6684483586172085	0.0	173849	3692.8545822035007	0.004705182	0.3
6310.064024908611	300	4.738224198511026	0.0	150710	4930.224160106182	0.004705182	0.3
6314.839802286147	300	4.0	0.037553179024637756	139105	4775.777377535664	0.004705182	0.13852133019405766
6319.0777118863025	300	4.0	0.23790960015676227	141840	4237.909600156762	0.004705182	-0.7230112806740776
6323.274580561627	300	4.0	0.196868675323738	156148	4196.868675323738	0.004705182	-0.5465353038920733
6327.4403898566925	300	4.0	0.16580929506580286	160746	4165.809295065803	0.004705182	-0.41297996878295223
6330.971384632805	300	4.4690052238873195	0.0	179801	3530.9947761126805	0.004705182	0.3
6333.7704059865455	300	5.669983870146634	0.0	140051	2299.021353740685	0.004705182	0.3
6336.275878412104	300	5.8518765726453115	0.0	138313	2318.1072975013235	0.004705182	0.3
6340.354477775	300	5.773277209749902	0.0	143509	3078.599362895409	0.004705182	0.3
6344.213240727243	300	5.914514257506509	0.0	150616	3858.7629522433926	0.004705182	0.3
6346.174672265658	300	5.6411622813971825	0.0	165384	1273.3519761093269	0.004705182	0.3
6347.371432294723	300	5.671822005117384	0.0	140881	969.3402762797972	0.004705182	0.3
6349.159231896936	300	5.731632104253324	0.0	157671	940.1899008640603	0.004705182	0.3
6351.346465468682	300	5.6368202072043845	0.0	157812	1094.8118970489395	0.018511105	0.3
6352.872030202174	300	5.830248634857777	0.0	163927	1306.5715723466078	0.022884905	0.3
6353.855786051988	300	5.572867281023347	0.0	137654	757.3813538344292	0.009701895	0.3
6355.52722468322	300	5.685335242146539	0.0	146754	887.5320388768095	0.14967574	0.3
6357.045046377949	300	5.913377709960301	0.0	153938	771.9575321862377	0.24212107	0.3
6359.456624642244	750	5.770520587583494	0.0	425781	2142.8571223768063	0.41958833	0.3
6363.97563038186	1850	5.251514847965974	0.0	758197	4519.005739617521	0.7466538	0.75
6367.33360256675	750	5.89354266307573	0.0	400396	2857.972184890243	0.28129885	-0.3500000000000001
6370.508615571688	750	5.543885746320102	0.0	400508	2849.6569167556277	0.34698585	0.75
6372.891907007434	300	5.789918039037787	0.0	157421	2253.967707282315	0.6237318	-0.15000000000000002
6374.127285308274	300	5.511890719350511	0.0	157488	778.0273196872746	0.004705182	0.3
6375.071988081896	300	5.668214909115366	0.0	143881	843.6758102351449	0.38035515	0.3
6376.760890653006	300	5.774277071753866	0.0	163444	893.9378373615006	0.60617393	0.3
6380.791168999564	750	5.536620250848419	0.0	401088	3237.656820905447	0.70705473	0.3
6383.867196042172	750	5.77491747837216	0.0	365161	2261.7027724762584	0.6181262	0.75
6385.388044124177	750	5.7966555629346965	0.0	321064	1478.2619154374634	0.2535393	0.75
6387.90107772371	750	5.87643189395212	0.0	361565	2420.223668982577	0.16987173	0.75
6391.283637330198	750	5.736557041983394	0.0	378327	2639.874851968726	0.26364207	0.75
6393.893904299432	750	5.942765910626066	0.0	390680	2293.7911313573286	0.2216469	0.75
6397.091692458116	750	5.957109783722123	0.0	345516	1985.656126903943	0.13905564	0.75
6399.494571856717	300	5.856736095312171	0.0	161857	1100.3736884099496	0.103607036	-0.15000000000000002
6401.389039698479	300	5.7157549915263575	0.0	145210	1640.9811037858146	0.06131602	0.3
6403.152694792006	300	5.825670813751484	0.0	172312	1390.0841777748728	0.004705182	0.3
6404.353916433486	300	5.731845493886652	0.0	167025	1093.8253198648317	0.008159232	0.3
6406.650214373773	300	5.847394713050755	0.0	160064	1384.4507808358985	0.013187105	0.3
6408.169819007434	300	5.863515899446595	0.0	137507	983.8788136041601	0.004705182	0.3
6409.7443301466	300	5.539123282891296	0.0	118421	1324.392616555299	0.0075747306	0.3

