18838.795412167197	750	4.0	10.535228578788095	450283	10535.228578788096	0.41769445	-45.12706428413764
18840.186259115733	300	6.609153051467327	0.0	155580	1390.8469485326723	0.0075710993	-0.3802325581395349
18841.91751858605	300	7.926561113369437	0.0	139857	1682.5919380978908	0.025307864	0.06976744186046512
18844.738804414865	300	7.830252007971493	0.0	155432	2596.3091053979438	0.21701172	0.06976744186046512
18848.843590086457	300	7.58034743373442	0.0	163442	2249.904574237073	0.013781667	0.06976744186046512
18851.717146118965	300	7.501009994756285	0.0	126289	1579.3374389781347	0.64475495	0.06976744186046512
18855.476245532456	300	7.741910581263295	0.0	153295	2759.09941349299	0.1081635	0.06976744186046512
18865.963321038587	750	4.0	2.745164924870058	437162	10487.075506133353	0.6772287	-12.079790572290085
18870.2133296045	300	4.0	0.25000856590926923	150710	4250.008565909269	0.0074515045	-1.4552693915493926
18872.761897785156	300	5.451431819343086	0.0	139105	2548.5681806569137	0.004705182	0.06976744186046512
18875.15303361865	300	7.060295985849562	0.0	141840	2391.135833493524	0.005008433	0.06976744186046512
18878.50599167631	300	7.707337928194527	0.0	156148	2852.9580576550356	0.006081554	0.06976744186046512
18882.515230314544	300	7.594250679762743	0.0	160746	3113.0872484317847	0.30408457	0.06976744186046512
18886.54245892183	300	7.567022072477331	0.0	179801	3027.228607285412	0.067582086	0.06976744186046512
18889.71624066256	300	7.88682117680839	0.0	140051	2680.2008956689415	0.3557863	0.06976744186046512
18893.296309143687	300	7.838577444622945	0.0	138313	3548.2437321854454	0.30666867	0.06976744186046512
18896.53244661319	300	7.936421093895111	0.0	143509	1902.1563507278338	0.21623403	0.06976744186046512
18898.824581389898	300	7.792344264926379	0.0	150616	1644.0768289687314	0.43315405	0.06976744186046512
18904.370886926805	750	6.2460387280180845	0.0	405596	5546.305536908295	0.59061015	-0.2755813953488372
18907.269217061057	300	7.347708593762538	0.0	140881	2898.330134255547	0.28624585	-0.3802325581395349
18910.649308070606	300	7.967617584213432	0.0	157671	3380.0910095491063	0.25180018	0.06976744186046512
18914.942928094923	300	7.673997559897703	0.0	157812	2793.6200243157273	0.21971856	0.06976744186046512
18918.621370610563	300	7.995555044261586	0.0	163927	2678.4425156361176	0.091665015	0.06976744186046512
18922.36998460244	300	7.643671594375581	0.0	137654	1851.8834498860058	0.46985817	0.06976744186046512
18924.15854385482	300	7.54275722977994	0.0	146754	1600.9143645956406	0.25245568	0.06976744186046512
18927.92785976166	300	7.6069217012519825	0.0	153938	1935.8355285279579	0.64066255	0.06976744186046512
18931.434178058113	300	7.700502770682451	0.0	181901	3406.4189305695304	0.60709846	0.06976744186046512
18935.589167120015	300	7.545513708784747	0.0	111155	3154.989061897705	0.54811025	0.06976744186046512
18939.424823191544	300	7.709857637251594	0.0	153605	3835.656071533152	0.3018958	0.06976744186046512
18943.311784699068	300	7.822896129731089	0.0	149029	3886.961507520505	0.19851579	0.06976744186046512
18947.202133750765	300	7.932547078033235	0.0	157421	3890.3490516978536	0.09866185	0.06976744186046512
18951.191260222015	300	7.943420606787513	0.0	157488	3489.1264712457223	0.09772033	0.06976744186046512
18955.20798544075	300	7.926695388052194	0.0	143881	3516.7252187353192	0.064088546	0.06976744186046512
18960.390290200252	300	6.744390628549428	0.0	163444	5182.3047595027665	0.06563425	0.06976744186046512
18965.79684634958	300	5.337834479221038	0.0	179328	5406.556149328389	0.008358917	0.06976744186046512
18969.520894198336	300	5.61378663046649	0.0	159914	3724.047848754549	0.004705182	0.06976744186046512
18972.23616924882	300	6.898511579983364	0.0	131610	2715.275050483126	0.004705182	0.06976744186046512
18975.283087865595	300	7.685997501887423	0.0	124011	2712.5140780959405	0.008117124	0.06976744186046512
18979.191868673122	300	7.7488093534623	0.0	144254	1937.1881484251232	0.034754768	0.06976744186046512
18983.270149332744	300	7.670528693842076	0.0	149991	3578.2806596202245	0.15131755	0.06976744186046512
18986.99491480676	300	7.94576321982397	0.0	147968	3724.7654740181065	0.120658696	0.06976744186046512
18991.191817151295	300	7.748860875289016	0.0	161857	3696.9023445349544	0.1483662	0.06976744186046512
18995.006593428086	300	7.93408459850096	0.0	145210	2814.776276788056	0.11009063	0.06976744186046512
18999.01730011415	300	7.923377912440781	0.0	172312	2510.70668606018	0.08273768	0.06976744186046512
19002.768755940757	300	7.5911621586991025	0.0	167025	2832.215753741679	0.18177369	0.06976744186046512
19005.2808272377	300	7.849746456162117	0.0	160064	1741.4157025369864	0.11007214	0.06976744186046512
19009.62678948879	750	7.503784205070821	0.0	331053	4345.962251091295	0.45562115	-0.2755813953488372
19015.54686015017	750	5.583713543691615	0.0	314107	5920.070661379206	0.6723375	0.1744186046511628

