13412.811313409211	750	4.0	3.9127276647253035	450283	3912.7276647253034	0.02096834	0.042127233527469665
13416.062923795076	750	4.748389614134752	0.0	398865	3251.610385865248	0.59689367	0.18101985138807997
13417.043664609928	300	7.767648799282926	0.0	139857	980.7408148518257	0.5521487	0.20732976424508207
13418.77111559086	300	7.681462631888789	0.0	155432	1086.1861673941366	0.060706597	0.6384036242117711
13420.007172677917	300	7.9690664951278265	0.0	163442	1212.3961367609618	0.07608476	0.653752102975085
13421.967322225011	300	7.690822215779288	0.0	126289	1278.244279348538	0.07448888	0.6201080325496819
13424.377554542652	300	7.981658743281965	0.0	153295	1709.1634724973217	0.056053992	0.605299965534439
13427.349885853315	300	7.926027515272945	0.0	173849	2555.631228009021	0.046431087	0.5152430530593918
13428.828231970554	300	7.960204517079137	0.0	150710	965.8229981938073	0.04549043	0.6775475894665653
13430.311980486667	300	7.544591832846488	0.0	139105	915.6126842326488	0.051591814	0.6421502873210562
13431.64237230121	300	7.638463827214484	0.0	141840	906.1280056320054	0.0569302	0.6522278066334081
13432.802453230455	300	7.6855551907477855	0.0	156148	952.9086364666975	0.061245445	0.6521293786535525
13434.304553285	300	7.633091300314927	0.0	160746	1052.4638904328585	0.06433123	0.6370717399123408
13437.29945689667	300	7.5854576814341925	0.0	179801	1547.633618880734	0.060923018	0.5829223976314019
13440.724961122241	300	7.726340522144014	0.0	140051	1359.1171592901794	0.055667162	0.6154748998494874
13444.592233537842	300	7.859068106543873	0.0	138313	2367.2724156001414	0.047534216	0.5275671318013776
13447.125218925567	300	7.5944051631713085	0.0	143509	1264.6629433725643	0.043110624	0.6120896077811534
13451.13819251025	300	7.581431578486896	0.0	150616	3012.973584684412	0.04241266	0.4359968625394095
13453.766178633567	300	7.523086464598342	0.0	165384	2058.345113888554	0.035630733	0.5257856472933333
13456.109271907426	300	7.711360341881524	0.0	140881	1311.7261227168183	0.031689808	0.6187571809762964
13458.005673187072	300	7.698843315780843	0.0	157671	1512.5170261006804	0.03127782	0.597460809849619
13460.4614650616	300	7.862889514838178	0.0	157812	1335.9538009426653	0.032596428	0.6310706252237464
13463.651817058033	300	7.902632562966632	0.0	163927	1460.2569518715475	0.03457218	0.6225053215613503
13466.643992657806	300	7.976592290109318	0.0	137654	1426.0402728573126	0.032641403	0.6331195729274
13470.460450149887	300	7.631431140777422	0.0	146754	3345.161149331896	0.033352964	0.4076405635074147
13474.099642127465	300	7.992239163197653	0.0	153938	3139.191977579768	0.029110722	0.46332606086299505
13478.322693061637	300	7.769188229026779	0.0	181901	3223.0509341708744	0.023743868	0.4332484618557669
13482.54218463254	300	7.549696658121666	0.0	111155	2719.491570905113	0.022042476	0.4622588429118207
13486.266339438132	300	7.825541852530563	0.0	153605	3224.154805591102	0.018965445	0.438618464599487
13490.57721962215	300	7.5146616685125505	0.0	149029	3310.8801840180136	0.017615382	0.3997128288610442
13494.426842281939	300	7.66503900872405	0.0	157421	3849.6226597884997	0.015824853	0.3604627776195639
13499.709352360454	300	6.3825289302089	0.0	157488	5282.510078515151	0.014241336	0.09244993061130036
13504.75643435408	300	5.335446936584006	0.0	143881	5047.081993624894	0.013227641	0.014164015220305304
13508.85842683019	300	5.233454460474644	0.0	163444	4101.992476109362	0.012678739	0.09875419867022295
13511.637107725563	300	6.454773565101298	0.0	179328	2778.6808953733466	0.012328746	0.3498586396687665
13514.551677359941	300	7.5402039307242426	0.0	159914	2414.569634377055	0.013207789	0.4918278688252271
13516.826661667272	300	7.918973587058468	0.0	131610	1621.230343665774	0.014585248	0.6079971469748586
13518.464570031167	300	7.886896386945282	0.0	124011	1032.0772001131875	0.017043175	0.66379295361911
13520.833933922684	300	7.770129970575648	0.0	144254	1616.766416369634	0.02541673	0.5939684980015184
13524.77576515888	300	7.828298734379722	0.0	149991	1941.8312361959267	0.029640583	0.5671189282988353
13528.647387607836	300	7.9566762854228745	0.0	147968	3871.6224489568463	0.03024908	0.38662452386169
13533.406274454755	300	7.197789438504762	0.0	161857	4758.886846918113	0.026976256	0.2240963382027767
13536.609087319803	300	7.994976573457288	0.0	145210	3202.8128650474723	0.024034742	0.457230185263974
13541.928494197196	300	6.675569696062504	0.0	172312	5319.406877394785	0.01889312	0.11725846520259997
13547.79269354314	300	4.81137035011966	0.0	167025	5864.199345942844	0.019988801	-0.11851416804514753
13552.15591360539	300	4.44815028786958	0.0	160064	4363.2200622500795	0.019844644	-0.003739390729691372
13556.026373230945	300	4.577690662313511	0.0	137507	3870.4596255560687	0.015455734	0.05813445435438214
13558.946415824039	300	5.657648069220382	0.0	118421	2920.0425930931287	0.015887138	0.25820201542236926

