11053.286302737519	750	4.0	5.775321338143219	450283	5775.321338143219	0.037768163	-0.14413213381432188
11054.603462482386	300	6.682840255133825	0.0	155580	1317.159744866175	0.5284022	0.06819024032514695
11057.150206663868	300	7.565708724972165	0.0	139857	1117.1315301616603	0.062312603	0.6240520204873771
11059.402177990658	300	7.754529372912417	0.0	155432	1311.1793520597464	0.05824548	0.6230100463097579
11061.799178251178	300	7.986425230017497	0.0	163442	1768.1041428949195	0.075981356	0.5998694393297097
11064.495506479429	300	7.882709203355406	0.0	126289	1603.7160266620926	0.0628025	0.6062218673601039
11065.958157225532	300	7.562689902448396	0.0	153295	1320.01930090701	0.047028936	0.6034696629224054
11068.7734307912	300	7.571368832711687	0.0	173849	2491.3210697367085	0.047956966	0.48718351200754073
11071.324440552977	300	7.962840276089046	0.0	150710	1108.5285566226419	0.04698941	0.6635333611873955
11073.14448169049	300	7.6840602383593355	0.0	139105	1278.7800377297094	0.047653235	0.6193968544074744
11074.390802345295	300	7.7015305466988195	0.0	141840	982.529691660517	0.046028014	0.6507208765004084
11076.634220094942	300	7.986717091447328	0.0	156148	1714.81345525149	0.05324571	0.6052268916181038
11080.80415395566	300	7.591052341636163	0.0	160746	3395.6647498111647	0.046329003	0.3986633652430004
11084.881539260808	300	7.513667036486732	0.0	179801	3077.385305149431	0.0371252	0.4229655887833916
11087.515348489911	300	7.677589620464253	0.0	140051	2336.0774160224787	0.032263447	0.5130378489879007
11089.628993019056	300	7.7096332814816435	0.0	138313	1467.956338982609	0.025465142	0.602966202725829
11093.38325246103	300	7.740347655575395	0.0	143509	1969.285625906249	0.030782096	0.5558202469140823
11096.56599732654	300	7.816462068853574	0.0	150616	2423.885586721821	0.028529704	0.517762377523828
11099.698173172615	300	7.619803875810809	0.0	165384	1696.6581930427647	0.02582884	0.5713601076183247
11103.739656513138	300	7.5783205352893095	0.0	140881	2541.4833405215004	0.025902083	0.4828433380047353
11105.368431355198	300	7.61743354428629	0.0	157671	1460.8869910030187	0.023809452	0.5947067130815399
11107.69995363292	300	7.5406162880542125	0.0	157812	1576.817256232078	0.028101187	0.5756432083900643
11111.425717926757	300	7.8148519942174115	0.0	163927	3225.764293836801	0.028809618	0.43741792705396326
11115.714519963249	300	7.526049957724593	0.0	137654	2288.8020364928184	0.026899586	0.5030281547394349
11118.847994790198	300	7.858948329809582	0.0	146754	2167.101627915012	0.022188531	0.5475725622824806
11122.903182788094	300	7.803760331914847	0.0	153938	2555.1879978947336	0.020876804	0.5033968924892456
11126.237694344094	300	7.897285076028755	0.0	181901	2906.4752558860932	0.022752237	0.47736344805518716
11130.002411283207	300	7.703944742530234	0.0	111155	1693.340333498521	0.020701176	0.5798745928612131
11133.157909242735	300	7.876884060572036	0.0	153605	2827.060681958198	0.019231185	0.4833209066948107
11136.699981152336	300	7.830066768555958	0.0	149029	2546.817292016078	0.019544736	0.5067922640404591
11139.093734224418	300	7.550817579309347	0.0	157421	2279.249189246611	0.01872998	0.5063920906631729
11141.869961844914	300	7.9599556819790065	0.0	157488	2090.8618973303405	0.01889075	0.5650195003394244
11146.062701468652	300	7.767216058241098	0.0	143881	2192.7396237379085	0.020406704	0.5360877992901559
11149.176850661514	300	7.609194096761581	0.0	163444	2658.021961479516	0.020973366	0.4741919297621122
11151.528004515398	300	7.671680857510062	0.0	179328	1437.513239251519	0.020997846	0.6023196394677017
11154.63999086853	300	7.592507930759497	0.0	159914	1579.172926750566	0.027203228	0.5804541035913046
11157.15903261027	300	7.82939375408159	0.0	131610	1763.1141766779062	0.028756317	0.5850971249166439
11159.947512393892	300	7.8081177308026435	0.0	124011	2521.2760232789456	0.0282896	0.5072118469926625
11164.048361320816	300	7.707268803877621	0.0	144254	3600.848926925023	0.026418656	0.3894469984845964
11166.47966076732	300	7.790645357257985	0.0	149991	2416.6234466196374	0.024678163	0.5159779163313754
11168.46591445762	300	7.809856588551517	0.0	147968	1480.788768706469	0.023069972	0.6114296763659881
11171.165013967679	300	7.698039270318066	0.0	161857	1611.8173182334501	0.02658266	0.5874525872150869
11174.977325699227	300	7.885727538769892	0.0	145210	2312.311731548174	0.033215232	0.5356558299905546
11177.502838739065	300	7.547767928037772	0.0	172312	1837.9596107321192	0.029023997	0.5502244699284614
11180.11265970284	300	7.80163415620332	0.0	167025	1746.1337718344519	0.029968522	0.5840955445073277
11182.414009823902	300	7.60280275364191	0.0	160064	1698.8314025614095	0.03246807	0.5694894275355349
11185.021281423633	300	7.555426317526757	0.0	137507	1547.3764361151536	0.036612894	0.5800275657679617
11186.789481762527	300	7.696273696388249	0.0	118421	1359.1526211385085	0.037230536	0.6125473548599064

