9165.025633382998	750	4.0	4.955564253110452	450283	4955.564253110451	0.05700274	-0.06215642531104515
9168.127503579854	300	4.898129803144833	0.0	155580	3101.870196855167	0.5524021	-0.2838438963296816
9172.659572830324	300	4.366060552675044	0.0	139857	4532.06925046979	0.0560757	-0.028607536299330938
9177.12013090199	300	4.0	0.09449751899309194	155432	4460.558071668135	0.038422678	-0.05705580716681352
9181.322705310115	300	4.0	0.20257440812354435	163442	4202.574408123544	0.03841902	-0.031257440812354376
9183.884341790683	300	5.4383635194307365	0.0	126289	2561.6364805692638	0.030151848	0.2727172042077127
9187.429090186291	300	5.893615123821788	0.0	153295	3544.7483956089477	0.023090798	0.21867923123077415
9191.603433388658	300	5.719271921455934	0.0	173849	4174.343202365854	0.01990695	0.13876487412500416
9195.31712139145	300	6.005583918662889	0.0	150710	3713.6880027930442	0.018874202	0.21267423581066158
9199.987249679722	300	5.335455630391578	0.0	139105	4670.128288271311	0.015301266	0.051860231228449905
9205.522944040862	300	4.0	0.20023873074991025	141840	5535.694361141488	0.0157901	-0.16456943611414876
9208.941287592737	300	4.5816564481259725	0.0	156148	3418.343551874027	0.017623253	0.10373173439284816
9211.59135986067	300	5.931584180193429	0.0	160746	2650.0722679325436	0.015011091	0.31183933473055664
9213.767899597116	300	7.755044443746576	0.0	179801	2176.5397364468536	0.015840845	0.5365240985096691
9216.246514001887	300	7.639652474976108	0.0	140051	2115.3919687704674	0.018026268	0.5314170063143797
9220.016305144305	300	7.7713681217676145	0.0	138313	2868.284353208494	0.01829489	0.4689371145210512
9222.26935890946	300	7.535594652845081	0.0	143509	1235.7734689225347	0.016899241	0.6092592330969308
9224.59431274431	300	7.521757831085044	0.0	150616	1513.8368217600364	0.024535887	0.580107266897017
9226.940016179035	300	7.864464596468611	0.0	165384	1657.293234616432	0.029044673	0.5990898585449294
9229.387665135124	300	7.569845218477387	0.0	140881	1294.619377991225	0.03062408	0.6067055096978035
9232.124391068635	300	7.827997074121727	0.0	157671	2241.8481443556598	0.032441165	0.537087901022772
9236.96273697234	300	6.989651170418343	0.0	157812	4838.3459037033845	0.02968632	0.1959089859528454
9240.642346414108	300	7.310041728650156	0.0	163927	3679.6094417681866	0.027307453	0.342940613934409
9243.968242488634	300	7.984145654123551	0.0	137654	3325.8960745266045	0.019228967	0.4438685574108549
9247.983795384942	300	7.968592757815424	0.0	146754	3515.552896308127	0.017341431	0.4233903560667373
9252.10790994904	300	7.844478193717418	0.0	153938	3124.1145640980067	0.016715363	0.4504640479292182
9256.149788821398	300	7.747737044668087	0.0	181901	2096.7411490493314	0.014444796	0.5437933126890383
9259.045695950223	300	7.6723523989101485	0.0	111155	1575.3846457579373	0.016696407	0.5885978062182182
9262.707002141347	300	7.536960473381165	0.0	153605	1635.3919255289827	0.016905045	0.56943021348342
9264.497390813367	300	7.804723327668787	0.0	149029	1732.2371457123782	0.021419987	0.5857856290445518
9266.428048080163	300	7.5284705049256155	0.0	157421	1276.2528227431733	0.022865593	0.6045184743296987
9268.341104634224	300	7.794144392921284	0.0	157488	1234.3261120043321	0.027994981	0.6345479310111617
9269.75437106037	300	7.676876362376417	0.0	143881	1117.2680305448657	0.03341974	0.63484942318662
9273.951775860292	300	7.479471562452897	0.0	163444	4197.40479992352	0.03722658	0.3076381294561923
9276.519884152	300	7.7971190763613745	0.0	179328	1682.3524860915243	0.033577614	0.5900345815669913
9277.662957265751	300	7.743460431792935	0.0	159914	1053.6586445684388	0.029216226	0.647685662535019
9280.031743003512	300	7.958774778504481	0.0	131610	784.6856532884551	0.036826532	0.6955222818807153
9281.26411527795	300	7.54963872652172	0.0	124011	909.1360519827613	0.048697434	0.6432887609559612
9282.358992055159	300	7.643818430144936	0.0	144254	905.8202963767828	0.0484587	0.6527793126939168
9284.115429729738	300	7.920127857272227	0.0	149991	1223.6905728727083	0.053631663	0.6478633768324532
9286.325182340179	300	7.746625026403608	0.0	147968	1173.5028308686194	0.05249025	0.636009000730889
9287.795207369942	300	7.674737463308793	0.0	161857	1071.887563094815	0.05158797	0.6391794619972986
9291.63443326826	300	7.835511564990247	0.0	145210	1339.2258983185463	0.058376655	0.628080909863447
9295.771560706044	300	7.698384127207101	0.0	172312	3637.1274377831473	0.05535083	0.38495511259257587
9299.613826860903	300	7.856117972347587	0.0	167025	2342.266154859513	0.048159644	0.5297808573248516
9301.802526655294	300	7.680146463467076	0.0	160064	2175.9715088805115	0.037151095	0.5292970926841221
9304.889826216295	300	7.782860892221759	0.0	137507	2897.2855712453165	0.03548283	0.4671546646440344
9308.107138594673	300	7.804211626411812	0.0	118421	1478.649265809947	0.03284672	0.611094654087554

