7869.678180597709	750	4.0	2.993897582587049	450283	2993.897582587049	0.004705182	-12.748504819462617
7871.726428446874	300	5.951752150834994	0.0	155580	1548.247849165005	0.4429461	-0.3531162871752753
7872.795075128246	300	5.813501530794671	0.0	139857	638.2506200403235	0.32845506	0.23501739800977126
7874.327392483282	750	5.562540917322829	0.0	382355	1250.960613471842	0.76606286	-0.15023037019587115
7875.827640676282	750	5.818095163005451	0.0	411561	1244.4457543173764	0.53477913	0.30133896853198
7877.060035845031	750	5.949798883771389	0.0	318564	868.296279234063	0.4225775	0.43188023370409123
7878.543945870579	750	5.659893258555577	0.0	352642	1289.9056252158111	0.60415447	0.2907189430523335
7880.296603249647	750	5.530566826387039	0.0	437162	1629.3264321685378	0.56544244	0.23015645766017373
7881.114805377407	300	5.963131169206708	0.0	150710	567.4356571803312	0.5706068	-0.18565284785702152
7882.946650557964	750	5.982591838068424	0.0	362795	1480.5393311382838	0.70055634	-0.196713922343631
7885.351378395914	750	5.545880839052313	0.0	353220	1436.7109990161093	0.5823625	0.2610128273931278
7888.134725557347	750	5.80821571595262	0.0	405134	1737.665123099693	0.59827405	0.21580682895393855
7890.033534035168	750	5.626652462810023	0.0	386351	1681.563253142597	0.62842244	0.22300677616448836
7891.079265283651	300	5.95740941750718	0.0	179801	669.2430453028422	0.680163	-0.22586618037678255
7892.142280536994	300	5.87914595922505	0.0	140051	578.2634582821302	0.69800246	0.25939733498916023
7893.09928076539	300	5.8230217711581265	0.0	138313	556.124188066924	0.6423401	0.2697239271706502
7894.483103023517	300	5.726548605009429	0.0	143509	596.4731661486966	0.66900456	0.2514782030657286
7896.291725220796	750	5.550912052358347	0.0	372963	1675.6365526510824	0.6167337	-0.22620445232786338
7898.545085667669	750	5.930724670336837	0.0	405596	1620.1873820215096	0.7092116	0.23145470959791828
7899.220938169956	300	5.7943849039182425	0.0	140881	636.3397664185954	0.68147683	-0.21427687233155351
7900.195810503243	300	5.521705119509112	0.0	157671	772.6797844091311	0.48430133	0.19412957738334663
7902.581059478382	750	5.750176920678641	0.0	399894	1771.5281988304716	0.39376366	-0.23831835685846398
7905.081595009806	750	5.951769485921106	0.0	401853	2298.4074347575347	0.71005416	0.16315645099693118
7906.653709138469	300	5.931776512822507	0.0	137654	1019.9929730985992	0.66818666	-0.3029401633578705
7907.731058825938	300	5.989162261170223	0.0	146754	942.6142516522845	0.08513507	0.1591319033603288
7908.746371040717	300	5.648873857388884	0.0	153938	840.2884037813393	0.09538844	0.17851013928669324
7910.884793802013	300	5.5921744158402324	0.0	181901	1056.6994415486515	0.13058478	0.14195143302069574
7912.275238511177	300	5.797813697131406	0.0	111155	794.3607187088272	0.0983122	0.1888310895380295
7914.734291647654	300	5.656329167120591	0.0	153605	1641.4845300108145	0.037788935	0.09138069671543707
7916.27061685589	300	5.9419508087360375	0.0	149029	1214.3783583845538	0.0114309285	0.12351998778991738
7917.290083817093	300	5.7581907960602114	0.0	157421	683.7600126758255	0.013570972	0.21937521530835097
7918.076179273667	300	5.5979965610365285	0.0	157488	660.1942350236828	0.08245197	0.22720586161225587
7919.083983649573	300	5.522044955358571	0.0	143881	575.9516056779576	0.10510526	0.26043854817182727
7919.908273678951	300	5.7408263687835355	0.0	163444	781.2185865750363	0.15658048	0.19200772047375303
7921.041865249229	300	5.735566228546745	0.0	179328	1005.2601402367897	0.0910793	0.14921510760853146
7922.0271428207925	300	5.6570931437850085	0.0	159914	578.4730847617351	0.05331301	0.2593033348505452
7923.143739145008	300	5.607197253578177	0.0	131610	549.8958902068321	0.13151258	0.27277890719201514
7924.692112467568	300	5.956360804302393	0.0	124011	650.836449275784	0.09367953	0.23047264818513463
7926.242072728438	300	5.650149172509409	0.0	144254	806.2116317929841	0.06098462	0.1860553657188072
7928.800358725352	300	5.97788046509113	0.0	149991	672.26870741828	0.03324399	0.223125066427748
7930.378489562447	300	5.8518236817920695	0.0	147968	626.0567832990605	0.046218157	0.2395948802112837
7931.540143159398	300	5.602033890713365	0.0	161857	749.7897910787055	0.053632125	0.20005607142796436
7932.243407257731	300	5.956333706483542	0.0	145210	645.7001842298228	0.033503935	0.23230595818850008
7933.305437688771	300	5.804100434014846	0.0	172312	652.2332724686943	0.038895607	0.22997906781457497
7934.406433249721	300	5.623501275325951	0.0	167025	680.5991586888952	0.049782395	0.2203940426387827
7935.561110459562	300	5.991360848036547	0.0	160064	632.140427289404	0.040271852	0.2372890476933974
7936.6093841709835	300	5.798492397600274	0.0	137507	692.868450436274	0.045992956	0.21649131217556591
7938.061551872298	300	5.735111153936407	0.0	118421	563.381243663867	0.02091629	0.2662495453780056

