14528.585004580835	750	4.0	4.751626329382562	450283	4751.626329382562	0.6747447	-20.257574611693855
14530.229459497536	300	6.35554508329921	0.0	155580	1644.4549167007901	0.036810018	-0.3802325581395349
14532.135260684789	300	7.920685050724276	0.0	139857	1434.860032574934	0.14258507	0.06976744186046512
14534.323407863587	300	7.542082138803949	0.0	155432	1378.6029119203265	0.6346309	0.06976744186046512
14537.301743686312	300	7.6876863417799175	0.0	163442	1354.3957970240328	0.42726552	0.06976744186046512
14541.106079741154	750	7.883350286938681	0.0	318564	3304.3360548412365	0.6391587	-0.2755813953488372
14544.710935186877	300	7.670060528099468	0.0	153295	2213.2897588392125	0.33636254	-0.3802325581395349
14547.743568545011	300	7.65952671627348	0.0	173849	2510.5338118259874	0.66931534	0.06976744186046512
14550.507314814773	300	7.813703411797749	0.0	150710	1845.8233044757317	0.69286704	0.06976744186046512
14553.65017229363	750	7.546236145461793	0.0	362795	2267.4672663359556	0.6966169	-0.2755813953488372
14557.655110341015	750	7.541298098076817	0.0	353220	4004.938047384976	0.14247447	0.1744186046511628
14561.767352832156	750	7.429055606935249	0.0	405134	4112.242491141568	0.37346667	0.1744186046511628
14563.532005898283	300	7.893014477994951	0.0	160746	1536.0411289402984	0.38859314	-0.3802325581395349
14567.812209697559	750	7.612810678720411	0.0	434409	4280.20379927454	0.6968408	-0.2755813953488372
14570.77667058608	300	7.609988050240339	0.0	140051	1502.8226284800712	0.58134574	-0.3802325581395349
14573.884710899565	300	7.65178699491822	0.0	138313	1458.2010553221187	0.6690743	0.06976744186046512
14577.693887012776	750	7.737118610294568	0.0	360831	2914.668384623653	0.65797997	-0.2755813953488372
14581.217408274098	750	7.612611863027107	0.0	372963	3124.5067472674614	0.24371749	0.1744186046511628
14585.086086258547	750	7.743933878578946	0.0	405596	3368.6779844481607	0.12138352	0.1744186046511628
14588.49275210165	750	7.879447172878852	0.0	350713	3364.4867057000934	0.28472438	0.1744186046511628
14592.54377376213	750	7.828425512397543	0.0	386472	3551.021660481309	0.26693007	0.1744186046511628
14595.56261601446	300	7.905604789975638	0.0	157812	1422.8207224219054	0.35169786	-0.3802325581395349
14604.723198177317	750	4.0	1.254977372880685	401853	9160.582162856323	0.6967266	-5.671984098735782
14609.416330776045	300	4.0	0.6931325987281325	137654	4693.1325987281325	0.009562206	-3.3607027326705046
14613.37424996166	300	4.042080814385337	0.0	146754	3957.9191856146626	0.004705182	0.06976744186046512
14616.460898147612	300	4.955432628431904	0.0	153938	3086.6481859534333	0.004705182	0.06976744186046512
14618.941765743863	300	6.474565032181175	0.0	181901	2480.8675962507286	0.004705182	0.06976744186046512
14620.800721291407	300	7.632672921313122	0.0	111155	1341.8921108680527	0.06259022	0.06976744186046512
14624.905655172579	300	7.527739040141794	0.0	153605	2604.9338811713287	0.11431903	0.06976744186046512
14628.67343165935	300	7.759962553371514	0.0	149029	3267.7764867702813	0.37272877	0.06976744186046512
14634.359716028337	750	6.073678184385223	0.0	358218	5686.28436898629	0.29304478	-0.2755813953488372
14636.790388507745	300	7.643005704976812	0.0	157488	1930.6724794084112	0.16255659	-0.3802325581395349
14640.0851251536	300	7.919002713556203	0.0	143881	1724.0029914206089	0.205515	0.06976744186046512
14644.279529605741	300	7.724598261417148	0.0	163444	3194.4044521390547	0.38487712	0.06976744186046512
14648.395904342287	300	7.608223524868798	0.0	179328	3616.3747365483505	0.14680043	0.06976744186046512
14651.930278912163	300	7.576792622993118	0.0	159914	2031.4309018756794	0.34792274	0.06976744186046512
14653.896714615403	300	7.905046629371911	0.0	131610	1171.7459936212063	0.2711749	0.06976744186046512
14655.335726313197	300	7.5728856067855395	0.0	124011	1332.1610225863715	0.66743815	0.06976744186046512
14657.050421367223	300	7.788963359875223	0.0	144254	1283.922246910317	0.66108596	0.06976744186046512
14661.15732920252	750	7.682055524578479	0.0	390680	4106.9078352967435	0.6340561	-0.2755813953488372
14662.687812771546	300	7.940654099772575	0.0	147968	1241.401424805905	0.32703662	-0.3802325581395349
14667.06645706116	750	7.562009810157421	0.0	384505	3878.644289615154	0.6145823	-0.2755813953488372
14670.921481562107	750	7.7069853092107765	0.0	372093	3855.0245009466444	0.42928103	0.1744186046511628
14673.55413622899	300	7.637033462160099	0.0	172312	2069.9518470506773	0.6476091	-0.3802325581395349
14675.096773999165	300	7.687066029988686	0.0	167025	1449.967432171414	0.675038	0.06976744186046512
14678.730852074897	300	7.766362146623575	0.0	160064	1420.7038833651109	0.47505105	0.06976744186046512
14682.84941425766	750	7.623768175425418	0.0	331053	3642.5939711981564	0.6256554	-0.2755813953488372
14686.824046744596	750	7.649135688490598	0.0	314107	3474.63248693482	0.3807136	0.1744186046511628

