15071.122046989962	750	4.0	5.199051639025879	450283	5199.051639025879	0.01178928	-21.60592204781128
15073.521550735217	300	5.514773937350687	0.0	155580	1485.2260626493135	0.004705182	-0.15000000000000002
15075.997607398738	300	5.753884418276979	0.0	139857	1260.8895190737082	0.0047118566	0.3
15078.42928121281	300	5.690631150215432	0.0	155432	1563.2532680615468	0.004705182	0.3
15080.08000861177	300	5.584477680840189	0.0	163442	1606.153469375243	0.004705182	0.3
15082.160724267507	300	5.741406879764542	0.0	126289	843.0708010756485	0.005453915	0.3
15094.39589891174	4300	4.0	6.493767764469203	2157535	12235.174644233744	0.012327078	-27.62320138721757
15097.068186975208	750	5.327711936534151	0.0	437162	2672.2880634658486	0.58017683	-2.8
15098.00846090994	300	5.51512875984823	0.0	150710	812.5831766859212	0.6423125	-0.15000000000000002
15099.437129826498	300	5.819639594793192	0.0	139105	695.489165055037	0.030693058	0.3
15101.374198346006	750	5.957695210789287	0.0	353220	1861.944384003906	0.1580815	0.3
15104.523411415152	750	5.780650748718599	0.0	405134	2677.044462070687	0.71484405	0.75
15106.61177058845	750	5.8025554990086565	0.0	386351	1978.0952497099422	0.113059655	0.75
15109.201751497478	750	5.822696987188883	0.0	434409	2479.858511819774	0.120296344	0.75
15111.500021963946	750	5.758622914407291	0.0	337059	1564.0740727815921	0.18333793	0.75
15113.790269679448	750	5.630597339349854	0.0	366214	2128.0255750574383	0.60701644	0.75
15117.365012466633	750	5.879336930129499	0.0	360831	2751.2604092203546	0.20284408	0.75
15120.792073956447	750	5.752547436205711	0.0	372963	2626.7894939237876	0.063786976	0.75
15124.582632114045	750	5.897404331501178	0.0	405596	2855.1431047045326	0.121281676	0.75
15128.284821177705	750	5.754017326117165	0.0	350713	2643.3870053840133	0.22234368	0.75
15132.127301248107	750	5.6921783534559784	0.0	386472	3061.838972661187	0.44533792	0.75
15134.378867307942	300	5.5567158867074635	0.0	157812	1135.4624667485145	0.6917516	-0.15000000000000002
15135.848770160777	300	5.534816218683785	0.0	163927	1021.8996680236776	0.061828114	0.3
15136.781519058179	300	5.6874433338887105	0.0	137654	847.3728847950742	0.14135672	0.3
15138.132065811418	300	5.93485794907243	0.0	146754	752.5853848162808	0.32690755	0.3
15141.698476347314	750	5.9906334368359895	0.0	379700	2944.2245122364398	0.5579012	0.3
15145.81270599146	750	5.764611598091966	0.0	425781	2726.0218387440236	0.22817849	0.75
15148.930465509953	750	5.769835736547271	0.0	277716	2494.7758615446946	0.22967973	0.75
15150.293636711656	300	5.614741988169311	0.0	153605	1155.0937483779603	0.5401423	-0.15000000000000002
15152.245503887023	300	5.78784707464937	0.0	149029	1826.8949135199412	0.010597343	0.3
15155.068680060987	300	5.5237451470899215	0.0	157421	1264.1019275594495	0.004705182	0.3
15157.160560060815	300	5.572342318380299	0.0	157488	1451.402828709622	0.0059583876	0.3
15159.547550021483	300	5.644085847103441	0.0	143881	1428.2564712768576	0.004705182	0.3
15161.188853742391	300	5.682800717344971	0.0	163444	1461.2851297584693	0.004705182	0.3
15163.86671513646	300	5.533879329884492	0.0	179328	1648.9213874604789	0.004705182	0.3
15167.276073052371	300	5.508670446735215	0.0	159914	1525.2088831492767	0.004705182	0.3
15170.292982697858	300	5.752290073872449	0.0	131610	1256.3803728627665	0.004705182	0.3
15172.861113828993	300	5.763489216115566	0.0	124011	1488.800857756884	0.004705182	0.3
15174.739755938115	300	5.928833226744104	0.0	144254	1834.6559893714614	0.004705182	0.3
15176.867441809567	300	5.621983355394319	0.0	149991	1306.849871349786	0.004705182	0.3
15180.831202965612	300	5.658222199348536	0.0	147968	1463.7611560457822	0.004705182	0.3
15184.144359521199	300	5.55894256162888	0.0	161857	1599.2796377196566	0.004705182	0.3
15185.954453802507	300	5.600833903907238	0.0	145210	1458.1086577216415	0.004705182	0.3
15189.928145334801	300	5.627142371613419	0.0	172312	1973.6915322938185	0.004705182	0.3
15193.991289111298	300	5.558408994306092	0.0	167025	2068.733377307328	0.004705182	0.3
15197.28791349502	300	5.607302040539691	0.0	160064	1951.106953766401	0.004705182	0.3
15199.305723370753	300	5.686155769650594	0.0	137507	1921.1462708890967	0.004705182	0.3
15202.703566625798	300	5.700566016050735	0.0	118421	2485.5897535998593	0.004705182	0.3

