13469.543689380695	750	4.0	3.3429362672757508	450283	3342.9362672757507	0.13272238	0.01570637327242491
13470.731811037813	300	6.811878342882704	0.0	155580	1188.1216571172963	0.6626636	-0.14306976928156068
13471.939190665484	300	7.7087175103186985	0.0	139857	1103.160832564006	0.03353445	0.3714787611385181
13473.446329966886	300	7.992257233345608	0.0	155432	1216.4602769730911	0.022757959	0.37787004938679136
13475.629379337717	300	7.52107216504549	0.0	163442	1471.1850683001173	0.02280909	0.32294850348533144
13476.85387480961	300	7.844756585113981	0.0	126289	676.3155799315103	0.01986175	0.4226657285764728
13477.943169243412	300	7.789199309444279	0.0	153295	1055.5572756697024	0.029106624	0.3812692292732972
13479.457222751696	300	7.934041086668824	0.0	173849	855.158222775455	0.022974893	0.410361745639256
13480.461919061383	300	7.7111405841288345	0.0	150710	722.9005025399888	0.028470032	0.4096562362540533
13481.514385532004	300	7.995805290541361	0.0	139105	715.3352935874734	0.038006328	0.4282043013000877
13482.325837210428	300	7.69864493969725	0.0	141840	797.1603508441123	0.037038814	0.4014492736466669
13485.015170619188	300	7.651123942006543	0.0	156148	1047.5209976907051	0.032834988	0.3734431466063384
13488.222473817852	300	7.78337859115889	0.0	160746	1867.745350847653	0.024581037	0.2996866268626653
13491.374234645205	300	7.782277034590921	0.0	179801	2501.1015565679686	0.017181993	0.23628215900513572
13493.76804606433	300	7.960700993820872	0.0	140051	1321.5760407700486	0.011074613	0.36538620803679966
13496.815360968832	300	7.848161192597141	0.0	138313	1612.539801223732	0.011504224	0.32925609441494813
13500.166736277924	300	7.5198611659897105	0.0	143509	1828.3000266074305	0.009796856	0.28716132021361385
13502.746109256786	300	7.976712293950837	0.0	150616	2043.1488720388725	0.008733701	0.29422963116804
13506.938986670544	300	7.783834880192915	0.0	165384	2692.8774137579217	0.007971877	0.21720193863626502
13510.904900526795	300	7.817921023941408	0.0	140881	2465.9138562515072	0.0076900385	0.2420286783711873
13513.70442343367	300	7.710667196920251	0.0	157671	2607.2538270211576	0.0071054883	0.2211913171053999
13514.733965795436	300	7.752030555965197	0.0	157812	958.6366409550537	0.006805185	0.3886382456523194
13515.959148399312	300	7.699892171683078	0.0	163927	1052.1383842821206	0.009371152	0.37602942230198033
13517.209267541824	300	7.701354753123255	0.0	137654	998.537418559824	0.011271932	0.381480930214221
13518.426447097676	300	7.718555799023707	0.0	146754	982.7989540995484	0.010766928	0.38412984202902684
13519.456875972252	300	7.85553159111139	0.0	153938	863.0242079123175	0.0125269955	0.40466830365323014
13521.16132785901	300	7.967008057315113	0.0	181901	888.5235337962766	0.01832429	0.40908565020256693
13522.210114030713	300	7.8155791434437125	0.0	111155	651.4289138714014	0.026097005	0.4233308050780919
13523.571798512388	300	7.653415545522282	0.0	153605	662.1635979214293	0.020835418	0.41212211180299974
13525.34761540215	300	7.630267490017288	0.0	149029	1023.1480555049949	0.038969487	0.374576912575581
13527.004000685027	300	7.808409342208477	0.0	157421	1321.85814780881	0.027271178	0.3558397691071488
13529.578241332523	300	7.54355256699402	0.0	157488	1264.8567752144577	0.020102747	0.34498635791568044
13533.362901594475	300	7.75889230504224	0.0	143881	2784.6602619517794	0.019251838	0.20646474286996203
13536.193009940502	300	7.610860151145858	0.0	163444	2648.0321538963826	0.0120050665	0.2108755440569779
13539.820492208326	300	7.983377883321603	0.0	179328	2127.482267824255	0.00961189	0.2862128909251747
13542.652695691599	300	7.812055328663031	0.0	159914	2671.3225546585722	0.008915028	0.2211212025755822
13546.481989455353	300	7.827849016092512	0.0	131610	1984.2063125705185	0.0081842765	0.29081993224873015
13549.397450617394	300	7.8626620556636535	0.0	124011	1465.1869604288586	0.0072009033	0.3448976824360925
13551.894250952168	300	7.944399089583871	0.0	144254	2418.262966079783	0.0079308525	0.25469864649101365
13554.139436112748	300	7.926075093139371	0.0	149991	1518.323996444499	0.008508153	0.3435472936767608
13556.056450720951	300	7.7659983951056	0.0	147968	1160.0766980337703	0.009997234	0.369367229890723
13558.445150556438	300	7.595117494447154	0.0	161857	1170.8809006584472	0.015833134	0.35760675333710235
13560.273789091625	300	7.894707675267993	0.0	145210	1200.409819179161	0.028115321	0.37337824778633344
13563.660308610139	300	7.670562207014189	0.0	172312	1224.1454682538038	0.02931264	0.35699559111300644
13565.93405857412	300	7.729874341155202	0.0	167025	1940.6878658589867	0.044672247	0.2890483597363015
13569.702825136477	300	7.892022066037248	0.0	160064	1337.8522751179535	0.042929865	0.35946615161553264
13573.838227407936	300	7.756619794578533	0.0	137507	2135.4022714587154	0.050353467	0.27124851001528677
13575.022675911296	300	7.6275538127469895	0.0	118421	1129.0659818315432	0.044522773	0.3638155151135325

