2697.447737570635	750	4.0	7.947206251782381	450283	7947.2062517823815	0.18640724	-0.4447206251782382
2700.206130094803	300	5.241607475832228	0.0	155580	2758.392524167771	0.2463688	-0.39823878517726286
2703.373178736787	300	6.07455883384848	0.0	139857	3167.048641983749	0.011893092	0.06295506291715514
2707.8990577292707	300	5.548679841364558	0.0	155432	4525.878992483921	0.008197291	-0.10579540916310726
2710.6134977485835	300	6.834239822051922	0.0	163442	2714.4400193126367	0.008244535	0.15569598694698145
2713.6547261570477	300	7.793011413587552	0.0	126289	2541.2284084643697	0.0067557227	0.232940372502785
2717.91408127405	300	7.5336562965852645	0.0	153295	3259.355117002287	0.0059174504	0.1449180068363503
2721.47117420562	300	7.606884841798623	0.0	173849	2926.7714547866426	0.0061232243	0.18275315713374968
2725.141063095674	300	7.93699595174524	0.0	150710	3669.8888900533816	0.006253732	0.12907335797873937
2729.540019122825	300	7.538039924594078	0.0	139105	4398.956027151163	0.0059578903	0.031231892572013586
2733.5586567253063	300	7.519402322113207	0.0	141840	4018.637602480872	0.0058678407	0.06809888488398819
2738.2334135585174	300	6.844645488901763	0.0	156148	4674.756833211443	0.0056259977	-0.0396853402647841
2743.1442811087218	300	5.933777938697566	0.0	160746	4910.867550204197	0.005606951	-0.12022563385182178
2747.3820890257416	300	5.695970021677562	0.0	179801	4237.807917020004	0.005525544	-0.06778266534715277
2749.8750027674723	300	7.203056279946319	0.0	140051	2492.913741731243	0.005411042	0.2008996433235206
2751.9119365246165	300	7.786664392042304	0.0	138313	1416.3918879040136	0.0052443002	0.34502733571224264
2755.839217541809	300	7.533294875316311	0.0	143509	2753.369516725993	0.0057457974	0.1954939780346701
2759.5109958199096	300	7.861516597215592	0.0	150616	3171.77827810072	0.0059061823	0.1741669595159025
2763.020021536464	300	7.534848666371637	0.0	165384	3326.6679308439548	0.0058093825	0.13826124856383182
2766.1297898963844	300	7.696143341116755	0.0	140881	2338.705325254883	0.0059397537	0.24713842629430885
2768.6218849100605	300	7.97062730391156	0.0	157671	1725.516037205194	0.006163286	0.3256126027739531
2770.2030780539894	300	7.953320286932578	0.0	157812	1517.3070169789828	0.006476387	0.3453518162353878
2772.647983504539	300	7.927810548832862	0.0	163927	1525.5097380997156	0.0069334507	0.3429371854920823
2775.291934661809	300	7.960532888422295	0.0	137654	1467.2776604105682	0.007461575	0.3508055394853366
2778.269869087351	300	7.574902371631539	0.0	146754	2385.630516790756	0.0073757833	0.23486834654789557
2780.353557379112	300	7.784210184826516	0.0	153938	1790.6921868050224	0.007387669	0.307443917871155
2784.5939060712662	300	7.54386149267178	0.0	181901	3740.348692154735	0.0074549075	0.09745647407651276
2788.100003207704	300	7.627485299008163	0.0	111155	2416.3761936636165	0.0072825574	0.23508021182164857
2790.768352978644	300	7.823170980425448	0.0	153605	1804.3143185827162	0.0065469258	0.30851675441831883
2792.5160740911792	300	7.621328121836246	0.0	149029	1701.8428585892018	0.006682407	0.3061487217558452
2794.325775054428	300	7.789416800684812	0.0	157421	1331.9113211514334	0.0070820274	0.3536474179276574
2798.125106368869	300	7.99008548624417	0.0	157488	1799.3313144406432	0.008274474	0.3194472114461963
2802.117439525083	300	7.9977523300303925	0.0	143881	2992.3331562137773	0.007400497	0.2006262050055218
2803.9730670469803	300	7.774665563457576	0.0	163444	1723.086766572817	0.006900478	0.31360792105881685
2806.1967769911093	300	7.564080969055581	0.0	179328	2210.5845944019943	0.0074297776	0.2516966011257744
2808.2576692807033	300	7.84519752762208	0.0	159914	1718.8834414335024	0.0076164044	0.31843650133302975
2810.3901705945927	300	7.819951261257585	0.0	131610	1525.2462663644944	0.008415571	0.3362223271921496
2811.7396847597684	300	7.868821740932308	0.0	124011	951.1295203252763	0.008321048	0.39668840677574163
2815.646630714222	300	7.884541028630556	0.0	144254	984.2807123017527	0.012546466	0.3943557430592345
2818.4524739320977	300	7.722952093218746	0.0	149991	2661.5889354118094	0.019606365	0.21652561228499068
2821.3814238933874	300	7.595604201355674	0.0	147968	2627.3478918630717	0.011808273	0.21199047339842247
2825.3717177887324	300	7.60531030601045	0.0	161857	3990.293895345224	0.012682065	0.07630250459113075
2829.165403530542	300	7.8116245642011926	0.0	145210	3793.6857418092573	0.010864568	0.1088579610816488
2833.111912124235	300	7.865115970507986	0.0	172312	2946.508593693207	0.010081736	0.19691888878742847
2837.119114737783	300	7.857913356959947	0.0	167025	3507.2026135480396	0.009702311	0.14039932345519274
2841.2605129416447	300	7.716515153098484	0.0	160064	3141.398203861463	0.00993428	0.16814237668250898
2845.281279530008	300	7.695748564734986	0.0	137507	3020.7665883634972	0.011135376	0.1789076264595869
2849.24998949015	300	7.72703860459287	0.0	118421	3468.7099601421155	0.009387385	0.13606891677284283

