8680.368650478626	750	4.0	4.316718207694552	450283	4316.718207694552	0.14621353	-0.08167182076945523
8682.681735054708	750	5.686915423919082	0.0	398865	2313.084576080918	0.514915	0.2241237563868508
8684.352412477916	300	7.881478023141903	0.0	139857	805.4374007771792	0.66411304	-0.03795136363134899
8687.129058122797	300	7.665775302526943	0.0	155432	1215.70272061496	0.030407865	0.35754068434643793
8689.11295862447	300	7.839296466124375	0.0	163442	1826.4788364025676	0.021679439	0.3073081454925166
8690.987027435624	300	7.800972907482301	0.0	126289	1038.3235586420742	0.01532395	0.3837284508534364
8693.591970602016	300	7.551373902842428	0.0	153295	2249.599004639874	0.0153769115	0.2470009684636644
8697.49545653523	300	7.6478879696284965	0.0	173849	2903.4859332139317	0.010708865	0.18764440478038785
8699.958562343605	300	7.785750165424677	0.0	150710	2362.1378042038205	0.008553835	0.25039560491866025
8702.062175597799	300	7.839427569011903	0.0	139105	1946.322596412774	0.008062383	0.29533196342196655
8704.88734359994	300	7.93548880623362	0.0	141840	1403.938762778283	0.008045785	0.35557417411177294
8706.582069042857	300	7.888740699655726	0.0	156148	1546.7481065778948	0.0082270065	0.33837148307069337
8709.615401646593	300	7.856063113657074	0.0	160746	1532.6775859986524	0.008177118	0.33773618600370187
8711.803585021426	300	7.552298978010265	0.0	179801	1803.7641356468089	0.0087232115	0.2916422725609607
8715.548031487013	300	7.807852512423915	0.0	140051	2244.4464655863508	0.0085855145	0.26354613546785965
8719.367509956472	300	7.988374042963649	0.0	138313	2819.4784694602654	0.0078538535	0.21732553073920152
8722.385464792706	300	7.993568678612472	0.0	143509	1494.805364351177	0.0073331012	0.35011750597816177
8725.448504576523	300	7.888623565545131	0.0	150616	2104.9451130673415	0.0076259803	0.2825444615398365
8729.340409698196	300	7.996718443872054	0.0	165384	2891.9051216730772	0.007550568	0.21060439057469565
8732.023467681292	300	7.940189286534975	0.0	140881	2056.52915733708	0.0070636086	0.29060891467472794
8736.127311657214	300	7.836345310613404	0.0	157671	3603.84397592157	0.0068293205	0.1293871843211808
8738.298930591018	300	7.960722316102973	0.0	157812	1875.6229945104303	0.0065438747	0.3099828453053928
8740.64003802689	300	7.898166567812543	0.0	163927	2062.555748290429	0.006566259	0.28737983565924097
8744.860553619135	300	7.637184615480619	0.0	137654	1260.981952331923	0.006592218	0.35122584323434636
8748.14723700472	300	7.728609699745659	0.0	146754	1908.5749157349612	0.007332575	0.2921806146606076
8750.29953396316	300	7.551515455450217	0.0	153938	1177.0942442954417	0.0071558063	0.3542602915360944
8752.815322670449	300	7.611222463428908	0.0	181901	1440.2929920213082	0.008298753	0.3316721047621759
8755.286605961217	300	7.9433286091781845	0.0	111155	1667.8938542507246	0.010138527	0.32966865264856404
8756.85662384371	300	7.8900143906890206	0.0	153605	1053.3142184891635	0.0076951953	0.3877944775691474
8758.552236941228	300	7.5005596834329005	0.0	149029	1389.4547072561197	0.011401482	0.3298395094889443
8760.873446899857	300	7.908033942249082	0.0	157421	1092.5257411838197	0.011220211	0.38499954727218566
8762.586383114562	300	7.81590788161899	0.0	157488	1092.126060630092	0.014975768	0.3792816365381777
8764.82296478554	300	7.948022142167603	0.0	143881	867.8857394513872	0.014704527	0.40996280994033646
8766.430262216092	300	7.8137214881544645	0.0	163444	1134.300654013138	0.020898994	0.37492752760834025
8767.82227753768	300	7.6642121201311895	0.0	179328	1149.5093680232758	0.020325057	0.36406232070587174
8769.283876010044	300	7.714665908730391	0.0	159914	949.5462114007986	0.020362988	0.38721199815556956
8770.615531298672	300	7.969864437898225	0.0	131610	744.8014708321659	0.027299462	0.42363638028542244
8771.422488561318	300	7.779812634472682	0.0	124011	690.0518034255422	0.028886862	0.4172331093119884
8772.928231604516	300	7.590393918485704	0.0	144254	689.4187159869783	0.03571723	0.4054577483066587
8773.853209513634	300	7.816067061029788	0.0	149991	774.3268574559165	0.053835742	0.4110715055687701
8776.0403061502	300	7.662844239579912	0.0	147968	1153.2228214498757	0.0668956	0.36360548282875693
8777.694780630405	300	7.5575439120342836	0.0	161857	1105.3003275456288	0.04880683	0.36181646174757987
8780.344302616633	300	7.832370004751332	0.0	145210	1225.1739072829514	0.05916743	0.3670057345686631
8783.971978617425	300	7.735706120328047	0.0	172312	3096.6638844232857	0.058140755	0.17381524407817434
8786.139262923092	300	7.752570025676984	0.0	167025	1983.1360946510629	0.03832206	0.2862220171397052
8787.221726273026	300	7.793412427218595	0.0	160064	959.1575984583885	0.03733284	0.3911725168553233
8788.852194662204	300	7.994831113367676	0.0	137507	798.5813138509175	0.07535738	0.419818813200388
8791.573927000129	300	7.9049084630687085	0.0	118421	589.9226502989677	0.11396377	0.4350645139118975

