7699.921602137684	750	4.0	4.799754461958953	450283	4799.754461958953	0.004705182	-20.464525581772335
7701.343592365463	300	6.578009772220171	0.0	155580	1421.9902277798294	0.036068466	-0.3802325581395349
7703.6493545093135	300	7.87600108330937	0.0	139857	1202.0086889108015	0.22100043	0.06976744186046512
7705.575320564124	300	7.734894845379334	0.0	155432	1641.1062379300347	0.68098843	0.06976744186046512
7709.346446962544	300	7.9317614544594015	0.0	163442	1803.1333909199325	0.4711805	0.06976744186046512
7713.31444763037	300	7.963760786632671	0.0	126289	2968.000667826731	0.6503417	0.06976744186046512
7717.553674337566	300	7.724534079437273	0.0	153295	3739.226707195398	0.5980389	0.06976744186046512
7725.075137739718	750	4.203070677285117	0.0	437162	7521.463402152156	0.6094341	-0.2755813953488372
7726.63326021195	300	6.6449482050526685	0.0	150710	1558.1224722324484	0.018830473	-0.3802325581395349
7728.762253202965	300	7.687854904748448	0.0	139105	1457.0933003042207	0.07860914	0.06976744186046512
7730.911829297448	300	7.629016731462405	0.0	141840	2058.8381732860425	0.386445	0.06976744186046512
7734.59775842468	300	7.711421085544556	0.0	156148	2417.5956459178483	0.18916984	0.06976744186046512
7738.574989085512	300	7.734190424713055	0.0	160746	3477.230660831502	0.696038	0.06976744186046512
7742.61505632792	300	7.6941231823057965	0.0	179801	3540.067242407259	0.32417563	0.06976744186046512
7749.3067503624225	750	5.00242914780311	0.0	337059	6691.694034502687	0.52752566	-0.2755813953488372
7751.562210743202	300	6.7469687670234855	0.0	138313	2255.4603807796243	0.027705159	-0.3802325581395349
7754.204883671349	300	7.5770252171676455	0.0	143509	2169.94354985584	0.03502538	0.06976744186046512
7760.474116507884	750	5.307792380632126	0.0	372963	6269.23283653552	0.1511853	-0.2755813953488372
7762.585429677607	300	7.1964792109096924	0.0	165384	2111.3131697224335	0.011353781	-0.3802325581395349
7764.68708937257	300	7.557287074802693	0.0	140881	1639.192136107	0.22366881	0.06976744186046512
7767.175302121993	300	7.8694144890188475	0.0	157671	1687.872585783845	0.19295803	0.06976744186046512
7771.353043394563	300	7.69167321644846	0.0	157812	2177.741272570387	0.47470117	0.06976744186046512
7773.235172491144	300	7.834649338613348	0.0	163927	1857.0238778351134	0.69134563	0.06976744186046512
7775.269231787952	300	7.690172275732552	0.0	137654	1644.4770628807958	0.66153955	0.06976744186046512
7779.357018893231	750	7.602385170453081	0.0	359903	4087.787105279471	0.6608943	-0.2755813953488372
7783.173320438467	750	7.786083625216859	0.0	379700	3816.3015452362215	0.423467	0.1744186046511628
7786.861029687835	750	7.684064475903793	0.0	425781	3602.019149313066	0.42078593	0.1744186046511628
7791.956360328494	750	6.588733835243895	0.0	277716	5095.330640659899	0.5038432	0.1744186046511628
7794.858792673331	300	7.686301490408075	0.0	153605	2902.4323448358195	0.21941262	-0.3802325581395349
7797.528444529243	300	7.593202038727797	0.0	149029	2093.099451680278	0.17571034	0.06976744186046512
7803.413894550594	750	5.707752017377457	0.0	358218	5885.45002135034	0.20431417	-0.2755813953488372
7805.785280443195	300	7.336366124775917	0.0	157488	2371.385892601541	0.047423657	-0.3802325581395349
7807.649842222831	300	7.980779484549728	0.0	143881	1855.586640226188	0.2355654	0.06976744186046512
7811.287992257688	750	7.511192027325499	0.0	412837	3469.587457224231	0.4055547	-0.2755813953488372
7817.5683712581695	750	5.230813026843639	0.0	401088	6280.379000481859	0.69597006	0.1744186046511628
7819.765553562382	300	7.033630722632137	0.0	159914	2197.1823042115025	0.08446151	-0.3802325581395349
7821.449739112631	300	7.534599874170964	0.0	131610	1499.0308484611726	0.06774235	0.06976744186046512
7825.29978257409	300	7.68455641271121	0.0	124011	2350.0434614597543	0.27727145	0.06976744186046512
7832.072791713547	750	4.911547273254659	0.0	378327	6773.009139456552	0.19082114	-0.2755813953488372
7834.3021506365885	300	6.682188350213015	0.0	149991	2229.3589230416433	0.04743456	-0.3802325581395349
7837.243260659241	300	7.741078327560088	0.0	147968	1941.110022652927	0.056055464	0.06976744186046512
7841.436077196552	300	7.548261790248387	0.0	161857	2692.8165373117004	0.29417384	0.06976744186046512
7844.095845811413	300	7.634123809173545	0.0	145210	1414.137981074842	0.0820923	0.06976744186046512
7845.543609442484	300	7.523057401030817	0.0	172312	1111.0664081427274	0.67771214	0.06976744186046512
7847.814271309141	300	7.681075041165786	0.0	167025	1341.9823598650316	0.65355885	0.06976744186046512
7851.517483299219	750	7.598808828023467	0.0	393804	3582.2662131423194	0.5878848	-0.2755813953488372
7854.320273809719	750	7.677886380241062	0.0	331053	2420.922447782405	0.23679824	0.1744186046511628
7857.5588068295	750	7.544553939709644	0.0	314107	2633.3324405314183	0.22684312	0.1744186046511628

