12702.656208183305	750	4.0	4.2446647119615655	450283	4244.664711961565	0.07585102	-0.08725716887057516
12704.07099631684	300	6.5852118664659365	0.0	155580	1414.7881335340633	0.11168784	-0.14501935076905276
12705.87783196053	300	7.821520534123352	0.0	139857	1263.6913323425845	0.007541946	0.3973596210786836
12707.686112430074	300	7.90395245027067	0.0	155432	1417.5680838526823	0.007761122	0.3871239406868812
12708.994826854074	300	7.799951412014789	0.0	163442	1104.001038255881	0.009948917	0.4119805803555687
12710.301094110804	300	7.72417446222283	0.0	126289	1075.776949791958	0.009606807	0.4100669298399636
12711.603681561912	300	7.558125856788132	0.0	153295	1166.048605434698	0.008822772	0.390661726436021
12713.59769542568	300	7.649388409690426	0.0	173849	1408.7374470977077	0.009363456	0.37209675182611335
12715.452060964959	300	7.809843886536319	0.0	150710	1339.5445231541075	0.011061057	0.3890445115233417
12716.829855246167	300	7.553357168194126	0.0	139105	1256.486718342192	0.010122599	0.3813198721081463
12718.949101402848	300	7.904387856987301	0.0	141840	1148.969311206826	0.010013611	0.4140110308712563
12721.285979036822	300	7.556087462736861	0.0	156148	1348.30039425044	0.010089448	0.37230914792624237
12723.574915897412	300	7.680907709504936	0.0	160746	1375.1797532319254	0.010056257	0.37742247745109847
12725.262671689467	300	7.578908295656369	0.0	179801	1101.9994138485677	0.009075781	0.3983655480238988
12726.781039285288	300	7.537602720198843	0.0	140051	1041.3055754575248	0.011538981	0.40185333339690776
12729.070166139712	300	7.941570327017882	0.0	138313	1096.0323931809605	0.010472155	0.42162862705075405
12730.354547106419	300	7.660927021836689	0.0	143509	1280.643305181193	0.009599371	0.38562732927690635
12732.161455573312	300	7.8793417050015195	0.0	150616	1281.585316835169	0.008981051	0.39918404580931066
12734.034503665598	300	7.505479148039087	0.0	165384	1373.8625569624332	0.008970039	0.3665899119864322
12736.459459114632	300	7.50259419118336	0.0	140881	1502.8849568557273	0.009324995	0.35350736219361983
12738.083873554484	300	7.581422245946643	0.0	157671	1421.171945236717	0.008011788	0.3666054167782261
12739.784433834506	300	7.542763353243119	0.0	157812	1538.658892703525	0.008217042	0.35244054123757496
12742.702941454181	300	7.9794602561654	0.0	163927	2063.303097077721	0.0076565407	0.3272696772327979
12747.128658535335	300	7.55374317501202	0.0	137654	2425.7170811533806	0.0068836748	0.2644209612531457
12751.045400856796	300	7.560832787505976	0.0	146754	3492.9103875060423	0.0058359187	0.15814473139875185
12754.898580982896	300	7.707652661407745	0.0	153938	2353.1801260982324	0.005284819	0.2812939996583934
12758.644982098122	300	7.96125154618136	0.0	181901	3246.4011152263856	0.0051610093	0.20782183104392898
12762.187908110584	300	7.781495175340222	0.0	111155	1679.7563708411385	0.005052156	0.35325153230488254
12765.228770519647	300	7.847648724619372	0.0	153605	2933.846450720851	0.0049249576	0.2319771211468582
12767.358783667914	300	7.686150234655681	0.0	149029	1661.4984899636902	0.004750952	0.34911826159984355
12769.320693704833	300	7.969452478849908	0.0	157421	1216.6977558057733	0.004937632	0.4113047252777744
12771.33425296687	300	7.580278954887679	0.0	157488	1389.1735239622283	0.0054787397	0.3697338032144897
12773.195307855105	300	7.61694443230692	0.0	143881	963.3345225807593	0.0059022065	0.41460929569133914
12774.562510436872	300	7.632203286250224	0.0	163444	984.7411460566963	0.006812373	0.4134223117152019
12776.832602751876	300	7.628387865604153	0.0	179328	1503.8154206460722	0.00793863	0.36127642046588493
12778.019741462373	300	7.517956943034787	0.0	159914	1110.430922569366	0.008013342	0.39371293761297016
12779.824507536465	300	7.583927828451788	0.0	131610	934.0291145829995	0.008922234	0.41547629875016934
12781.549480115063	300	7.516809995406866	0.0	124011	1067.117833044922	0.009318515	0.39797256233866946
12783.564261925727	300	7.668346467352329	0.0	144254	1848.463528054537	0.009972341	0.3293090223342994
12786.831647886489	300	7.887812690276387	0.0	149991	1780.5337770759415	0.00835853	0.34981863636491256
12789.029879570166	300	7.9121228972800655	0.0	147968	1475.6897929963213	0.008474294	0.38182242271060446
12791.248280414224	300	7.624193420592137	0.0	161857	1287.9294766879282	0.009398028	0.3826028620484483
12793.968333380963	300	7.689402620907396	0.0	145210	1434.7907996847418	0.011138867	0.37199230476847056
12797.267749232424	300	7.772325774202818	0.0	172312	1917.0768467045789	0.010152172	0.3289463971474507
12800.477739728121	300	7.513500081234177	0.0	167025	2258.825692968641	0.00943629	0.27859490671050446
12803.41995360339	300	7.877975520963548	0.0	160064	1635.5245602706286	0.0088957865	0.36370473496339145
12804.839418911972	300	7.926587505172234	0.0	137507	951.3880157913133	0.010271827	0.4351566384243658
12806.397571284288	300	7.566549989409539	0.0	118421	860.0375157626951	0.015092231	0.4217893436920592

