12287.420091901215	750	4.0	4.043612194844198	450283	4043.6121948441983	0.059161402	0.09165864563185927
12289.076550308326	300	6.343541592888147	0.0	155580	1656.458407111853	0.004705182	0.1684562578325223
12291.454003041781	300	7.57485046514876	0.0	139857	1268.6911277393874	0.004705182	0.809265047106005
12292.649036707802	300	7.576714473136424	0.0	155432	998.1359920123349	0.004705182	0.8365507133098624
12296.428578870944	300	7.6753922953184865	0.0	163442	1901.322177817938	0.004705182	0.7584160341554562
12299.681032355735	300	7.993275502685481	0.0	126289	1182.1167926330052	0.004705182	0.8695862202391864
12303.211268210804	300	7.8733258973807825	0.0	153295	2119.9496053046987	0.004705182	0.7609925318014257
12306.738968471751	300	7.584618953789544	0.0	173849	2288.706943591238	0.004705182	0.708469599495532
12308.044429925023	300	7.921384852430329	0.0	150710	1163.2341013592156	0.004705182	0.8625980132886931
12309.760488383052	300	7.829469313673213	0.0	139105	1091.9155387571157	0.004705182	0.8583808821900942
12312.588870229045	300	7.707349831262176	0.0	141840	1122.1194824110373	0.004705182	0.8402821617779012
12314.801043336967	300	7.8993944733915376	0.0	156148	1807.9553578706373	0.004705182	0.7954106934810314
12316.615329052349	300	7.839360433526541	0.0	160746	1060.0340398649967	0.004705182	0.8627903075643631
12319.602137803367	300	7.868081957725371	0.0	179801	2471.27847580117	0.004705182	0.7252121654934904
12323.489501470009	300	7.980718291084066	0.0	140051	1887.3636666413054	0.004705182	0.7975110699062625
12326.21550049771	300	7.729165757713563	0.0	138313	2251.552533370502	0.004705182	0.7300325108438668
12328.658139202953	300	7.845069637957989	0.0	143509	1384.0961197555737	0.004705182	0.8310890259653099
12330.494761570373	300	7.731029684990088	0.0	150616	1614.0399529679028	0.004705182	0.7940139115497201
12332.603438453993	300	7.5929824790575475	0.0	165384	1138.0472059325393	0.004705182	0.8245682337214844
12336.582292636405	300	7.614128296644056	0.0	140881	2478.8541824134913	0.004705182	0.6930984506121715
12339.513767174874	300	7.963132914510792	0.0	157671	2150.9953821332647	0.004705182	0.7689765982795318
12341.836119577454	300	7.967196348637306	0.0	157812	1995.9365658734853	0.004705182	0.7849841998884282
12346.150165829486	300	7.653150096605789	0.0	163927	3814.046252031517	0.004705182	0.5643973399208366
12349.901196219926	300	7.902119706166279	0.0	137654	3751.030390439511	0.004705182	0.6014396799268491
12352.39469624697	300	7.591115946532842	0.0	146754	1811.003759633436	0.004705182	0.7570421140108258
12353.64658884276	300	7.876417796644138	0.0	153938	1214.698149888704	0.004705182	0.8518994400583291
12357.343143023598	300	7.986737948325714	0.0	181901	2389.679848318424	0.004705182	0.7480227103307713
12360.482774020435	300	7.860359539666041	0.0	111155	1126.3784086596731	0.004705182	0.8587486704807301
12364.352171511518	300	7.990962048583244	0.0	153605	2869.397491082797	0.004705182	0.7005725037917231
12366.674808837884	300	7.855968506030253	0.0	149029	2134.9935425529916	0.004705182	0.7573449877705356
12367.348144982223	300	7.708122316268123	0.0	157421	647.8461897621288	0.004705182	0.8878048712438539
12368.906867980131	300	7.546505775600919	0.0	157488	661.6165406672052	0.004705182	0.8664727327855326
12370.201441174733	300	7.862772354421671	0.0	143881	683.7334211792489	0.0047109034	0.9033110840811583
12371.19366409831	300	7.74208079384458	0.0	163444	620.6915605770906	0.004750356	0.8947132523343112
12372.113648235314	300	7.5828543783421996	0.0	179328	659.2264155023807	0.0047883186	0.8711997767991836
12374.236029850934	300	7.547042493283727	0.0	159914	2035.8118850584722	0.005298988	0.7291194679051747
12377.236695652779	300	7.534994471640493	0.0	131610	2012.0480216432345	0.0048243124	0.730008261972567
12378.99666463434	300	7.91431881846223	0.0	124011	1620.6756531782619	0.005010422	0.8159814013789574
12380.723435515558	300	7.685580061042983	0.0	144254	1228.7387574192483	0.005403803	0.8269322791134307
12381.51204547086	300	7.520291126292421	0.0	149991	665.2889347505613	0.0057846806	0.8628687204915599
12382.16407271297	300	7.9609380205121525	0.0	147968	559.3531057802679	0.007622185	0.9278698181550846
12383.330757976675	300	7.818932518825619	0.0	161857	642.0055016865339	0.01011818	0.9020708876856998
12384.415150883564	300	7.679075893890296	0.0	145210	639.8566249353223	0.012808051	0.8850174104042614
12387.265382360796	300	7.5362283202517375	0.0	172312	1142.8475736385592	0.012435019	0.8170806524208003
12388.513685752518	300	7.8857685426860735	0.0	167025	1150.4597775656644	0.013415704	0.8594778317877326
12390.37363300227	300	7.589716724889046	0.0	160064	796.0518177970276	0.016474023	0.8583645436220958
12391.846871662938	300	7.915045163032821	0.0	137507	674.6715618562251	0.019943995	0.9106714936644259
12392.972345488934	300	7.5565917089402825	0.0	118421	858.4534540925379	0.024633672	0.8480343709217579

