4041.8188014875486	750	4.0	5.84241140162946	450283	5842.41140162946	0.3636468	-24.947950422355515
4043.55208223328	300	6.266719254268797	0.0	155580	1733.2807457312028	0.066459656	-0.3802325581395349
4045.940350375751	300	7.565431185188647	0.0	139857	1201.2880690801505	0.19574033	0.06976744186046512
4048.0626005416007	300	7.802796143734529	0.0	155432	1262.6350414541164	0.72954345	0.06976744186046512
4050.864645079898	750	7.526581451083439	0.0	411561	2776.214692651091	0.7246135	-0.2755813953488372
4053.3657446335264	750	7.533946682941907	0.0	318564	1992.6347681415327	0.5858191	0.1744186046511628
4056.451882056779	750	7.955110364059223	0.0	352642	2078.8363188826843	0.6288847	0.1744186046511628
4059.566638060049	750	7.536382866909457	0.0	437162	2918.727497149766	0.4852823	0.1744186046511628
4062.3758593357265	750	7.83478646303077	0.0	374758	2201.596403878685	0.35830387	0.1744186046511628
4066.4705787393523	750	7.596239154217332	0.0	362795	2238.547308813439	0.26578447	0.1744186046511628
4070.8433770271104	750	7.223440866458962	0.0	353220	4372.798287758369	0.4210227	0.1744186046511628
4074.419931917047	300	7.646885976521837	0.0	156148	2576.554889937127	0.41098642	-0.3802325581395349
4078.1775308843876	300	7.889287009181651	0.0	160746	2257.5989673401864	0.10849234	0.06976744186046512
4082.0979955264083	300	7.890616841495002	0.0	179801	2498.670167686649	0.06903303	0.06976744186046512
4086.045386357382	300	7.943226010521319	0.0	140051	2947.390830973684	0.056004133	0.06976744186046512
4088.73803430647	300	7.76649474583118	0.0	138313	2676.7312646901382	0.029352542	0.06976744186046512
4090.985989200576	300	7.695475559927327	0.0	143509	1571.0191859038541	0.017012402	0.06976744186046512
4093.2682478322095	300	7.817814131561732	0.0	150616	1377.6614283655933	0.03433352	0.06976744186046512
4096.113757125328	300	7.912358105736141	0.0	165384	1905.4560258255926	0.118402496	0.06976744186046512
4098.82991877361	300	7.9943039056918	0.0	140881	1418.0542000443397	0.113755815	0.06976744186046512
4100.307648819027	300	7.794492554652239	0.0	157671	1199.8113510395622	0.15885057	0.06976744186046512
4101.330361092544	300	7.83709580798227	0.0	157812	957.396746669969	0.30568984	0.06976744186046512
4103.035822864541	300	7.742022671107334	0.0	163927	1095.073136874937	0.69021964	0.06976744186046512
4104.059886572827	300	7.805185196525509	0.0	137654	936.8374745818247	0.71100867	0.06976744186046512
4106.099920386477	300	7.558781387502966	0.0	146754	746.403809022542	0.701818	0.06976744186046512
4109.9179519309655	750	7.740749843013696	0.0	379700	3318.0315444892694	0.49370062	-0.2755813953488372
4111.845879345981	300	7.78261688131392	0.0	181901	1458.1329616997784	0.67104304	-0.3802325581395349
4113.180602624067	300	7.985152421428393	0.0	111155	797.4644598855268	0.60865307	0.06976744186046512
4116.94109579	750	7.578535252062842	0.0	400396	3406.6171693655506	0.65847635	-0.2755813953488372
4117.975734098981	300	7.6131541773554705	0.0	149029	965.3810747073717	0.6108801	-0.3802325581395349
4120.283093052517	300	7.939103331724498	0.0	157421	1674.0508456309717	0.553038	0.06976744186046512
4121.822433624365	300	7.731087066253014	0.0	157488	1208.0162654714838	0.20534356	0.06976744186046512
4123.25786739683	300	7.874032347708708	0.0	143881	857.0547185443064	0.27082157	0.06976744186046512
4125.746675813234	300	7.618817675967214	0.0	163444	1255.2146717414935	0.5991782	0.06976744186046512
4128.780472495891	750	7.6387161259695455	0.0	401088	2480.101549997667	0.3795253	-0.2755813953488372
4132.60718282358	750	7.812005798280825	0.0	365161	2826.71032768872	0.7091521	0.1744186046511628
4134.779309383235	300	7.596145239127583	0.0	131610	1215.8605591532412	0.62775636	-0.3802325581395349
4137.120678560469	300	7.7085936792615835	0.0	124011	1387.551559866001	0.1981425	0.06976744186046512
4139.5499080105155	300	7.670887772421942	0.0	144254	2037.705906839642	0.11404986	0.06976744186046512
4141.302631732946	300	7.775287730810727	0.0	149991	895.6000416112159	0.03978474	0.06976744186046512
4142.771351177811	300	7.8294898247875375	0.0	147968	945.7979060231903	0.20398645	0.06976744186046512
4144.266311416951	300	7.778470498638395	0.0	161857	1051.0193261491413	0.26189843	0.06976744186046512
4146.428852947687	300	7.8841701847656624	0.0	145210	894.3003138727327	0.45934233	0.06976744186046512
4149.163606369886	300	7.7609140580981295	0.0	172312	1123.2561266675334	0.6205077	0.06976744186046512
4150.580315038124	300	7.518308419744652	0.0	167025	1242.6056383534772	0.49442464	0.06976744186046512
4154.346239530279	300	7.752383927590571	0.0	160064	2265.9244921540812	0.33929852	0.06976744186046512
4158.221341744087	300	7.877281713782093	0.0	137507	2375.102213808477	0.072391726	0.06976744186046512
4162.2778832966005	300	7.82074016126903	0.0	118421	2056.541552513062	0.028990652	0.06976744186046512

