6217.305469195971	750	4.0	4.746018619318359	450283	4746.018619318359	0.015858442	0.021418003184443257
6218.606624286963	300	6.698844909008274	0.0	155580	1301.1550909917264	0.004705182	0.2478565694034791
6221.529573561659	300	7.510957131585015	0.0	139857	1187.8877774232599	0.004705182	0.8094563500465017
6223.853749081034	300	7.781400020414154	0.0	155432	1229.5571111708612	0.004705182	0.8386815173775002
6225.772769685179	300	7.854199017793641	0.0	163442	1427.2010026205132	0.004705182	0.8279057596670627
6227.194111265811	300	7.719438032989982	0.0	126289	1134.7609848036595	0.004705182	0.8405105649246568
6229.282945708243	300	7.988311028638927	0.0	153295	1231.127004351055	0.004705182	0.8640722259622968
6232.709323293221	300	7.568976045789361	0.0	173849	1919.3349828495657	0.004705182	0.7434753358018551
6236.121049743602	300	7.9816340930632865	0.0	150710	1587.3419527260744	0.004705182	0.8276263171196312
6238.237527665504	300	7.755587299889747	0.0	139105	1226.04679317354	0.004705182	0.8358454032072559
6239.432022684829	300	7.838555449942205	0.0	141840	917.0318499475414	0.004705182	0.8769911336934196
6240.937931006432	300	7.604332830928401	0.0	156148	1234.222619013805	0.004705182	0.8163521420664
6243.542559928778	300	7.917861201950174	0.0	160746	1186.471628978227	0.004705182	0.8598391886630257
6246.03458640254	300	7.85092660220333	0.0	179801	1566.9345997468447	0.004705182	0.8135283485429992
6248.024294712613	300	7.738618422324531	0.0	140051	1112.3081798787985	0.004705182	0.8451240847707744
6250.89962132786	300	7.934655194147763	0.0	138313	1303.9632281767692	0.004705182	0.8501636150783178
6253.047449417449	300	7.776422799938413	0.0	143509	1158.2323942093499	0.004705182	0.8451994421425774
6255.653800166218	300	7.983045339993365	0.0	150616	1793.3774599450471	0.004705182	0.8071970157552005
6258.192282937105	300	7.825290603762345	0.0	165384	2157.7547362310197	0.004705182	0.7512810091382262
6260.373881738866	300	7.604855129609858	0.0	140881	1720.4354741524871	0.004705182	0.7677953457696275
6262.733652810942	300	7.765551352726136	0.0	157671	1839.3037768837225	0.004705182	0.7757499854961974
6265.444990440283	300	7.75011619040175	0.0	157812	1515.4351623243856	0.004705182	0.8062310379401914
6268.37763709275	300	7.9767440881764795	0.0	163927	1773.3721022252703	0.004705182	0.8084195239142032
6271.014968755305	300	7.77271546047003	0.0	137654	1704.0286277064508	0.004705182	0.7901620664984194
6274.5145904559895	300	7.949556127552213	0.0	146754	2323.1593329178177	0.004705182	0.7500838513496956
6277.169103332137	300	7.910530882911585	0.0	153938	2039.0252446406273	0.004705182	0.7736787385858559
6281.357359648374	300	7.722274566674241	0.0	181901	3188.256316237345	0.004705182	0.6355112640201546
6285.519988984268	300	7.559645230779574	0.0	111155	3662.6293358946673	0.004705182	0.5679938069229028
6290.778480101121	300	6.301154113925801	0.0	153605	5258.491116853773	0.004705182	0.25301932376479586
6296.342211362082	300	4.737422852965504	0.0	149029	5563.731260960297	0.004705182	0.02941841992733918
6302.170087884308	300	4.0	1.090453669260508	157421	5827.876522226012	0.004705182	-0.08804711617608957
6307.18732177337	300	4.0	1.0172338890623651	157488	5017.233889062365	0.0047068503	-0.006982852859724831
6311.180723121565	300	4.006598651805338	0.0	143881	3993.401348194662	0.00473057	0.09621514938537207
6316.498878658082	300	4.0	1.311556884711037	163444	5318.155536516375	0.0047409404	-0.03707501760512594
6321.73251357522	300	4.0	1.233634917137716	179328	5233.634917137716	0.0047262795	-0.028622955667259975
6324.53866963261	300	5.1938439426089085	0.0	159914	2806.1560573910915	0.0047149556	0.36153112512786467
6326.820666040859	300	6.911847534361776	0.0	131610	2281.9964082471324	0.0047105458	0.6260722791978565
6330.117432016698	300	7.615081558521291	0.0	124011	2296.7659758404834	0.0047134063	0.7114249723365679
6334.177917852179	300	7.554595723040691	0.0	144254	3060.4858354805997	0.004740702	0.6275846845866062
6338.818219196475	300	6.914294378744604	0.0	149991	4640.301344296087	0.0047557205	0.3905439021484985
6342.29681903198	300	7.4356945432398565	0.0	147968	3478.5998355047477	0.0047422517	0.5710923285156759
6347.637536150249	300	6.094977424971433	0.0	161857	5340.717118268423	0.0047786646	0.21933969352521754
6350.119420362634	300	7.613093212586569	0.0	145210	2481.8842123848635	0.0048263385	0.6926676438068582
6352.018608626873	300	7.516401373418497	0.0	172312	1596.6918391680717	0.0055396305	0.769248154823313
6352.451777876845	300	7.586065032468505	0.0	167025	430.3363409499932	0.005352371	0.8944852098597733
6353.024598521342	300	7.67607112673036	0.0	160064	409.99390573814395	0.00868871	0.9076326779761247
6353.650100266867	300	7.7947336088479355	0.0	137507	381.3375178824246	0.018829737	0.9251498003707508
6354.223598059313	300	7.980066811945926	0.0	118421	314.6667969020102	0.026264176	0.954700317505052

