14150.045434930202	750	4.0	1.3915974527875299	450283	1391.5974527875298	0.004705182	-5.7143945669570915
14151.479685632912	750	5.688673456098364	0.0	398865	1311.3265439016354	0.65005726	0.2859699605288622
14153.342463064932	750	5.773746824263146	0.0	350812	1414.9266318352188	0.5251453	0.2650314098008102
14154.459414230352	300	5.65419663686515	0.0	155432	619.5501873979955	0.56262314	-0.20788886348340196
14156.46091005106	750	5.632149196471862	0.0	411561	1522.0474403932888	0.713179	-0.2036213457951731
14157.750434265196	750	5.672111293862254	0.0	318564	960.0379026096078	0.51277167	0.3906095779975584
14159.282601255212	750	5.550770935517623	0.0	352642	1121.3403583446304	0.5302485	0.3344212104820616
14161.2418182577	750	5.936575678608037	0.0	437162	1614.195256909587	0.5374	0.23231390279137973
14163.410764671522	750	5.994613334937912	0.0	374758	1441.962343670125	0.5787424	0.2600622697577102
14165.842360731349	750	5.847307344899215	0.0	362795	1647.3059900386984	0.5231348	0.22764440988355208
14168.149672892107	750	5.705796385214642	0.0	353220	2141.5109596845728	0.64373565	0.17511000740114563
14169.38719229657	300	5.5599372310693616	0.0	156148	645.8591541452802	0.6366958	-0.21775122093220523
14171.098504144575	300	5.695111446526662	0.0	160746	864.8257845427	0.66764486	0.17344533740898643
14172.169303367804	300	5.922954861892451	0.0	179801	772.1565846342108	0.61858785	0.19426111618417216
14174.176173512082	750	5.923841089951057	0.0	337059	1499.1137719413941	0.68194413	-0.1998522080052907
14175.695504109353	750	5.953054025184545	0.0	366214	1470.7870647665109	0.6510848	0.25496552763029073
14176.548942883068	300	5.825606342578048	0.0	143509	627.4476826064971	0.6960138	-0.2109362435177368
14177.58498293961	300	5.6255818646627045	0.0	150616	700.024477915343	0.62897736	0.21427822130834137
14178.649235480489	300	5.916463435985847	0.0	165384	709.1184286768581	0.49593228	0.21153025211865462
14180.737298346101	750	5.884999059281419	0.0	350713	1531.4643767044274	0.6130625	-0.20513632200380266
14181.714794744112	300	5.699550042729599	0.0	157671	685.44901655182	0.7010673	-0.2311653436245612
14182.851947997458	300	5.566997149685471	0.0	157812	632.5528930441288	0.42505962	0.23713431975329774
14183.636613827011	300	5.506964419861106	0.0	163927	560.0327298243641	0.44813094	0.2678414885627177
14185.745610079588	750	5.8047828147853595	0.0	343800	1202.1816050757463	0.5185769	-0.138067095340082
14186.874673208164	300	5.73865861239837	0.0	146754	566.124202386989	0.6917865	-0.18504047456804618
14188.275367022301	300	5.52478117322483	0.0	153938	713.8774391735411	0.40775758	0.2101201015312315
14189.144412891068	300	5.733666459622152	0.0	181901	791.1147136026786	0.30572113	0.18960587816261304
14189.722797288327	300	5.748439786075872	0.0	111155	485.22667354627976	0.29110897	0.3091338711941057
14190.833334262219	300	5.669750189485794	0.0	153605	578.689596590079	0.2950591	0.2592063186963669
14191.46931964539	300	5.632681134550769	0.0	149029	537.0690549350259	0.2565614	0.27929369346768057
14192.59120227033	300	5.931198009698026	0.0	157421	701.4831248527435	0.3004926	0.21383265638997126
14193.745971313496	300	5.719013290661136	0.0	157488	712.1847190368908	0.21120207	0.21061951483998365
14195.084072340542	300	5.526254896200931	0.0	143881	692.7583944602046	0.1543678	0.21652570535342205
14196.017721083648	300	5.857101826941322	0.0	163444	669.1530692596094	0.10268194	0.22416395723323645
14197.381155543386	750	5.522632428995557	0.0	401088	1334.4693979457643	0.1419526	-0.16898943461928617
14198.05035753339	300	5.857514017388519	0.0	159914	665.1184116070382	0.5987285	-0.22447624756383647
14200.13734074008	300	5.751064107742721	0.0	131610	606.4499096457994	0.14308202	0.24734112020497848
14202.546976889747	300	5.78151276743171	0.0	124011	969.5513403110108	0.09011738	0.15471073450518183
14204.39096501779	300	5.554561093589531	0.0	144254	1226.951673842178	0.025670797	0.12225420381087837
14205.306014960643	300	5.895554320761452	0.0	149991	659.0067728280792	0.00991633	0.22761526312739702
14206.261710089591	300	5.7107283842997205	0.0	147968	684.8259364617319	0.03068881	0.21903376027929108
14207.104964382399	300	5.959535762640671	0.0	161857	751.1926216590487	0.030362254	0.19968247247785403
14208.147784383818	300	5.819156597504272	0.0	145210	640.3791651363997	0.035742514	0.23423622779490375
14209.290392734207	300	5.5590729359521465	0.0	172312	760.0836615521245	0.034925275	0.19734669693293153
14210.80336845844	300	5.793847332253016	0.0	167025	765.225603699131	0.0282601	0.1960206235584565
14212.165423650938	300	5.916694824771094	0.0	160064	877.1525074819222	0.029565116	0.17100789055555593
14213.160009514013	300	5.741853240742341	0.0	137507	674.8415840287515	0.017240768	0.22227438787116782
14213.863757098417	300	5.634851588062676	0.0	118421	607.0016526796645	0.016169207	0.24711629587466727

