732.7629849368747	750	4.0	0.8872836624630916	450283	887.2836624630917	0.031179965	-3.3926815147721303
733.7107515266006	750	5.644758531598576	0.0	398865	855.2414684014233	0.5812181	0.43847265813821235
734.2757080408194	300	5.78354291621644	0.0	139857	361.2156153821368	0.44577464	-0.034735560666965704
735.1554553238534	750	5.945539685972802	0.0	382355	838.0032302436382	0.70981455	-0.002507691538404022
735.8204707090534	300	5.563904048367933	0.0	163442	381.6356376048701	0.4983276	-0.05695494545165136
736.1620832529611	300	5.734787659761661	0.0	126289	329.116388606271	0.7050942	0.4557658177862671
737.0276734281944	300	5.8182406020957895	0.0	153295	416.5470576658709	0.7066667	0.3601033718507766
737.823672045203	300	5.784762919125118	0.0	173849	533.4776829706709	0.70409834	0.28117389871817106
738.6289561511645	300	5.813381247363402	0.0	150710	471.3816717617152	0.70637286	0.3182134753763304
739.6630029287105	750	5.893309104290245	0.0	362795	920.0721430731576	0.6984532	-0.04242326504152982
741.089753684128	750	5.931921058117867	0.0	353220	961.3880461723776	0.50775343	0.390061018017653
743.9118574639657	300	5.933550551421675	0.0	156148	1498.3705066961916	0.5298885	-0.34989124897370005
747.5106285501378	300	5.796031606756294	0.0	160746	2137.51894466538	0.63952297	0.07017481663699683
751.7683318927914	300	5.538328264102744	0.0	179801	3757.70334265355	0.3252168	0.03991799945923235
755.1227406144761	300	5.700601707340505	0.0	140051	1837.7265567622387	0.029225811	0.08162258930636257
757.450401597106	300	5.895112284186888	0.0	138313	1805.4894231536173	0.024717696	0.08307996606150014
758.5946144011625	300	5.764091571296722	0.0	143509	631.0207128901678	0.021852048	0.23771010512947807
759.5510878905557	300	5.777450967533378	0.0	150616	486.64060376334413	0.22897874	0.3082356853086303
761.3615355753878	750	5.90214348688211	0.0	405596	1375.307480651267	0.65635407	-0.17733370153529493
761.8706678360167	300	5.980147549258207	0.0	140881	421.9959376239041	0.7217699	-0.09454634126434497
762.6038482639082	300	5.882125482514872	0.0	157671	598.0220667433356	0.5960264	0.2508268646621335
764.8231656713571	300	5.675045959364504	0.0	157812	707.0795231503669	0.4989984	0.21214021208205905
768.2650308162132	750	5.660232338635685	0.0	401853	2514.8136207288185	0.48925668	-0.30088358162649
769.0005404035229	300	5.541003235494544	0.0	137654	619.2291031411427	0.6759502	-0.20776332339823816
769.8001909024512	300	5.634318251964694	0.0	146754	406.6849835298491	0.24710241	0.3688358461088608
770.8134639498729	300	5.539164481203012	0.0	153938	595.1537707616828	0.580601	0.2520357046684401
771.8391314337915	300	5.710390363373708	0.0	181901	828.7741178293035	0.40958923	0.18099020803506125
772.9010275417528	300	5.742888987437765	0.0	111155	467.50137593594275	0.38064888	0.3208546706406979
773.6540965000861	300	5.543551950783771	0.0	153605	699.3370366539949	0.21888617	0.21448885464107664
774.0476693655016	300	5.653631411915674	0.0	149029	389.920538868096	0.23511273	0.38469376462044397
775.0259279698026	750	5.826328321038869	0.0	358218	827.3030908768055	0.45761234	0.003280066441624818
776.6540093051408	750	5.902765429081858	0.0	400322	923.5628919570121	0.70125794	0.40603623561074675
777.3793452847713	300	5.992356646457261	0.0	143881	410.40878262459614	0.70383793	-0.0845107455041817
778.7209287426687	750	5.974028482511479	0.0	412837	1018.3281639457828	0.43546358	-0.08174935813720113
779.9751662174959	750	5.5135373495736895	0.0	401088	960.4911329377892	0.71104383	0.39042525968252606
780.6392238102857	300	5.5733818096234975	0.0	159914	440.1555399501915	0.70876867	-0.10921137783026846
781.5540121231558	750	5.782938589108226	0.0	321064	790.4432205152716	0.36281377	0.024417377829550113
782.7500175786705	750	5.927108436028286	0.0	361565	855.8301530799404	0.70380914	0.43817105374291765
783.4841578920024	300	5.520125973579783	0.0	144254	406.9824624485025	0.7086693	-0.08143375000100833
784.041194834317	300	5.600186442364069	0.0	149991	419.939531215714	0.30797583	0.35719428358114774
784.9418862065073	300	5.583389433307413	0.0	147968	516.7970090566566	0.2748579	0.2902493578161468
785.5500301378426	300	5.686264644437666	0.0	161857	397.12478886974714	0.17600626	0.3777150261178948
786.1547638365832	300	5.7944073949100074	0.0	145210	391.85724952765804	0.2717562	0.3827924586844034
786.9809826957139	300	5.897736118421253	0.0	172312	396.6712764887536	0.2272816	0.37814686590813135
787.7310311296267	300	5.892485745235776	0.0	167025	505.2503731854789	0.31093577	0.29688251203910454
788.5648722799343	300	5.952964181395542	0.0	160064	439.5215638402327	0.1836029	0.34128018359191453
789.3180785175847	300	5.543520798554114	0.0	137507	409.44338284142793	0.18295385	0.36635101771346257
790.2660375796285	300	5.6964226997367655	0.0	118421	347.09809881734867	0.13401295	0.43215448459985256

