19186.178382642167	750	4.0	7.862962959107444	450283	7862.962959107444	0.6743443	-33.636322119510844
19187.743711761024	300	6.434670881144126	0.0	155580	1565.3291188558746	0.013447774	-0.3802325581395349
19190.64648577626	300	7.53189686591194	0.0	139857	1402.7740152321862	0.048397522	0.06976744186046512
19193.353282249824	300	7.529031704326359	0.0	155432	1502.8651615855813	0.3233033	0.06976744186046512
19197.37800521266	300	7.50430874149042	0.0	163442	3024.7229628359387	0.091871314	0.06976744186046512
19201.46865495712	750	7.413658997032173	0.0	318564	4090.649744458247	0.6451373	-0.2755813953488372
19204.06714717186	300	7.679064875450375	0.0	153295	1234.594121581799	0.6400136	-0.3802325581395349
19209.134986908808	750	6.611225138498909	0.0	437162	5067.839736951465	0.65215814	-0.2755813953488372
19213.850968094896	750	5.895243952412562	0.0	374758	4715.981186086347	0.675334	0.1744186046511628
19215.518731766493	300	7.635221629512414	0.0	139105	1260.022322900148	0.29697233	-0.3802325581395349
19218.082876929726	750	7.702019784243763	0.0	353220	1933.2018452686516	0.6867729	-0.2755813953488372
19221.92482096846	750	7.82651940475945	0.0	405134	2875.500379484313	0.4294755	0.1744186046511628
19225.7617249447	750	7.626289222414491	0.0	386351	3200.23018234496	0.13510218	0.1744186046511628
19228.602920645233	750	7.774028230944343	0.0	434409	2352.260991470148	0.17702426	0.1744186046511628
19230.123565016023	750	7.958173409630039	0.0	337059	1315.8548213143047	0.09522295	0.1744186046511628
19231.966267935306	750	7.904216791478464	0.0	366214	1553.9566181515743	0.042580426	0.1744186046511628
19234.004675749577	750	7.934385968156457	0.0	360831	1469.830823322007	0.044830173	0.1744186046511628
19236.734432211142	750	7.8187962280991306	0.0	372963	2115.5897400573276	0.03814997	0.1744186046511628
19239.21166241956	750	7.84226448939595	0.0	405596	2476.5317387031814	0.035742946	0.1744186046511628
19241.21157914303	750	7.842655443564748	0.0	350713	1999.6090458312015	0.04177218	0.1744186046511628
19244.882696938676	750	7.502250351212512	0.0	386472	2840.4050923522377	0.04185795	0.1744186046511628
19250.338658912617	750	6.046288377267892	0.0	399894	5455.961973944619	0.08197163	0.1744186046511628
19257.14297333367	750	4.0	0.758026043787394	401853	6804.314421055286	0.6188416	-3.0850933836346317
19259.238036955878	300	5.904936377795349	0.0	137654	2095.0636222046514	0.045556232	-0.3802325581395349
19261.57819223558	300	7.564781098090235	0.0	146754	1840.1552797051138	0.056683294	0.06976744186046512
19265.67376202728	750	7.469211306392586	0.0	379700	4095.5697916976496	0.23639654	-0.2755813953488372
19267.122495845735	300	7.650733211913968	0.0	181901	1318.4780944786162	0.6959162	-0.3802325581395349
19268.3773733614	750	7.998422364071035	0.0	277716	1152.310847842933	0.64655936	-0.2755813953488372
19271.319317688813	750	7.5337335387770725	0.0	400396	2464.6888252939616	0.07796068	0.1744186046511628
19274.933558639656	750	7.620240866913668	0.0	400508	2413.4926718634056	0.12314954	0.1744186046511628
19278.714626022578	750	7.839173483994243	0.0	358218	3781.0673829194247	0.0772989	0.1744186046511628
19282.161169001407	750	7.526809825528272	0.0	400322	2812.3636584659716	0.2200681	0.1744186046511628
19285.448375661043	750	7.820296122394369	0.0	369834	2706.5137031339023	0.17972828	0.1744186046511628
19289.137502462083	750	7.58107921912492	0.0	412837	3239.21690326945	0.14840269	0.1744186046511628
19293.0736707148	750	7.64491096640616	0.0	401088	3436.16825271876	0.29262623	0.1744186046511628
19297.018843061258	750	7.630363777921477	0.0	365161	2514.5471884846834	0.18806942	0.1744186046511628
19300.722114243606	750	7.569040775233776	0.0	321064	2561.3230026877004	0.23557061	0.1744186046511628
19303.095145852367	750	7.718499127684478	0.0	361565	2350.5416475492975	0.24330255	0.1744186046511628
19307.406381044122	750	7.407263935929156	0.0	378327	4311.2351917553215	0.17548236	0.1744186046511628
19311.370076005827	750	7.443568974224914	0.0	390680	3963.6949617042424	0.39937806	0.1744186046511628
19312.56455388955	300	7.575040018199208	0.0	147968	868.5289560257069	0.5229411	-0.3802325581395349
19314.57774694308	750	7.7714179982816844	0.0	384505	1803.6220199175243	0.6174793	-0.2755813953488372
19317.19677449403	750	7.891689749112636	0.0	372093	1879.7282491690476	0.13453573	0.1744186046511628
19327.62703103371	750	4.0	2.538566790568035	438281	10430.256539680671	0.06341875	-10.741418594791387
19331.278907684882	300	4.3481233488286435	0.0	167025	3651.876651171357	0.026647907	-0.3802325581395349
19332.88603098604	300	6.7410000476687095	0.0	160064	1607.1233011599338	0.0056938273	0.06976744186046512
19334.170853638272	300	7.747866646949671	0.0	137507	993.1334007190368	0.094024256	0.06976744186046512
19335.28835841705	300	7.589958840317604	0.0	118421	657.9078066320674	0.09778328	0.06976744186046512

