1367.9505475579356	750	4.0	1.1482833162359447	450283	1148.2833162359448	0.023090674	0.22238097070198692
1368.4042659586282	300	7.546281599307435	0.0	155580	453.71840069256433	0.70280874	0.011154480817690826
1369.4431922873312	300	7.632819364945246	0.0	139857	413.46223436218986	0.05354973	0.4705887078030915
1371.0343769634621	300	7.7349590740500895	0.0	155432	897.8602908951549	0.045962248	0.42853263396884766
1372.2160323149872	300	7.510793533680546	0.0	163442	724.1655403695432	0.029049661	0.4318917627483123
1373.0117140731115	300	7.911697574496133	0.0	126289	599.0959591844129	0.034228705	0.4694552234177995
1374.3135847064677	300	7.509055095287906	0.0	153295	902.6424792082273	0.0380716	0.4139354164649039
1375.1548786018232	300	7.91802230098423	0.0	173849	591.0327943036762	0.028861694	0.47065683531137925
1375.946730852738	300	7.967226740352709	0.0	150710	450.7955606315204	0.06137005	0.48775583613912477
1377.3246698013602	300	7.788785606433203	0.0	139105	678.4411339195067	0.06243725	0.453838707940357
1379.4018290640936	300	7.829954863367932	0.0	141840	958.8307430652716	0.036653236	0.42837282558420114
1383.1224060815462	300	7.8038305524755796	0.0	156148	1526.1243108923518	0.021641485	0.37001069937072106
1386.5115154017144	300	7.966502317171591	0.0	160746	1837.3282353039883	0.018664584	0.3490572922230582
1389.1009986715674	300	7.597651162727301	0.0	179801	2368.8511544442895	0.015623855	0.27285180315625984
1391.4757850557903	300	7.580574052120137	0.0	140051	1517.0771106071634	0.011767949	0.3569618881270248
1393.1086916231745	300	7.997975433885849	0.0	138313	582.5986182342874	0.010761027	0.4764973237246694
1393.7470468165677	300	7.973951754514406	0.0	143509	524.0236793714425	0.018707186	0.48085333765023863
1394.7875210193718	300	7.915880462573096	0.0	150616	558.0712919413102	0.02101461	0.47381912064692
1395.9116067449634	300	7.760039098158642	0.0	165384	655.8413644144517	0.017552437	0.4543020281237025
1396.6192336815488	300	7.770347767504511	0.0	140881	489.69133065413206	0.017434068	0.4715613233338512
1397.4520371250744	300	7.6579138630074555	0.0	157671	612.4339044970551	0.024765085	0.452259946918493
1398.737384203068	300	7.505425050624916	0.0	157812	652.4888123825402	0.02850487	0.4387239053560358
1399.9995987582158	300	7.795746886806508	0.0	163927	709.6781638184073	0.027898092	0.4511500849737986
1400.5930625693074	300	7.805283229375469	0.0	137654	490.46365743104	0.030764427	0.4736675570230953
1401.0664960476843	300	7.875066524067305	0.0	146754	430.2167053081636	0.037347283	0.48405370815362275
1401.5619563168577	300	7.893944861864806	0.0	153938	481.1216622024991	0.048561383	0.480143108576533
1402.7828385326811	300	7.765673043138707	0.0	181901	628.2718187260991	0.04277139	0.45741110425379183
1403.300155527771	300	7.8433196676423576	0.0	111155	422.3533754963489	0.041659925	0.48285586260824503
1404.198140971544	300	7.841808813052678	0.0	153605	501.5108545896799	0.035118476	0.47484568628705687
1404.9762152138992	300	7.951009019966634	0.0	149029	390.79979308604334	0.044223975	0.49274180536954276
1405.8774727261637	300	7.534017483469144	0.0	157421	416.9915364974891	0.06427717	0.4640606599973051
1407.5972243698345	750	7.7512746495172555	0.0	400322	1282.742833951888	0.06519756	-0.006610315474778972
1408.5385951408755	750	7.869093635356017	0.0	369834	882.1810141612386	0.57756674	0.4908095531192086
1410.5473742723138	750	7.759298919576832	0.0	412837	1609.7947157791868	0.6551331	0.41118601322121473
1411.7281577083213	300	7.693399418902836	0.0	179328	565.8995006739948	0.5269864	0.009131234544260347
1413.1555021218887	300	7.5171691607856665	0.0	159914	676.2302581171697	0.049478214	0.4370837676676197
1414.6596164233422	300	7.8156691212840945	0.0	131610	701.5000395015724	0.04150098	0.4532130370603312
1415.598405653773	300	7.6325815890446735	0.0	124011	683.0875322394204	0.03237006	0.44361131702158263
1416.6215613750016	300	7.513854644525896	0.0	144254	618.7269445187771	0.029562008	0.4426269417612233
1417.4693464480897	300	7.962176415336926	0.0	149991	551.6782291889706	0.034964256	0.4773519239698934
1418.286208866953	300	7.911798627854789	0.0	147968	550.3777874821367	0.050072815	0.47433335642294316
1419.4418456280978	300	7.877222610473003	0.0	161857	534.5760173817855	0.042681117	0.4737525323466167
1420.707404411531	300	7.729973624138044	0.0	145210	647.2489863349606	0.057321057	0.4532821738053642
1421.4699735740003	300	7.967843965452274	0.0	172312	762.1296586857691	0.043908738	0.4566610029024228
1422.2419227764606	300	7.797089111113808	0.0	167025	670.7548543384667	0.047952797	0.4551263049409988
1423.0766485160668	300	7.685323372371775	0.0	160064	611.7657387420334	0.05947473	0.4540398578292651
1423.9474066086466	300	7.741424403003991	0.0	137507	443.898969367784	0.0743344	0.47433284918120355
1424.5391570109252	300	7.858978773005607	0.0	118421	382.4456299983853	0.0975578	0.4878253312432444

