10139.109660688535	750	4.0	1.26305294249572	450283	1263.05294249572	0.004705182	-5.256709048080433
10140.10204483652	750	7.00761585201587	0.0	398865	992.3841479841305	0.16208899	0.1744186046511628
10141.52770570988	750	7.522503989186353	0.0	350812	985.1118628295166	0.103929505	0.1744186046511628
10143.37325071697	750	7.87000590507493	0.0	382355	1652.4980841114232	0.10256713	0.1744186046511628
10145.261792209298	750	7.877258601321306	0.0	411561	1492.7473037536242	0.0761022	0.1744186046511628
10147.08506616919	750	7.598518739512347	0.0	318564	1278.7398618089594	0.06793866	0.1744186046511628
10148.72376576117	750	7.926436073614579	0.0	352642	1172.082665897767	0.05714075	0.1744186046511628
10150.550016260417	750	7.766619229830845	0.0	437162	1659.8168437837342	0.046507046	0.1744186046511628
10152.675412544153	750	7.712137949045111	0.0	374758	1554.4812807857336	0.040299207	0.1744186046511628
10154.739762197392	750	7.815420609601271	0.0	362795	1896.71733944384	0.041201998	0.1744186046511628
10156.590658733487	750	7.838788469851348	0.0	353220	1476.6321397499223	0.05375245	0.1744186046511628
10159.070101768524	750	7.631199140955268	0.0	405134	1707.5893288960785	0.049941543	0.1744186046511628
10162.097560399141	750	7.613396654866414	0.0	386351	1517.8024860888538	0.04962292	0.1744186046511628
10163.994931031728	750	7.834539453787118	0.0	434409	1278.8572010792955	0.042917557	0.1744186046511628
10165.394849107635	750	7.608837174487624	0.0	337059	1225.7022792994946	0.032275256	0.1744186046511628
10166.888740926453	750	7.838999110932698	0.0	366214	1269.838063554925	0.033152148	0.1744186046511628
10169.06030310928	750	7.660244935301289	0.0	360831	1678.7541756314101	0.030417621	0.1744186046511628
10171.193812057418	750	7.87989438852907	0.0	372963	1780.3505467722189	0.042486247	0.1744186046511628
10172.9915859305	750	7.992586652670492	0.0	405596	1387.3077358585786	0.05188812	0.1744186046511628
10174.443047797891	750	7.827088887738031	0.0	350713	1165.497764932461	0.03249789	0.1744186046511628
10176.746722057009	750	7.783233804607772	0.0	386472	1543.8550831302603	0.029301941	0.1744186046511628
10179.811971516327	750	7.685518572342702	0.0	399894	2597.7152322650695	0.030049048	0.1744186046511628
10181.660560965645	750	7.564990975559074	0.0	401853	1620.527596783627	0.13681126	0.1744186046511628
10183.269793768814	750	7.909405547893697	0.0	343800	1155.5854276653777	0.07297151	0.1744186046511628
10186.249060211392	750	7.971596023905149	0.0	359903	1937.8095239885472	0.033359047	0.1744186046511628
10188.397443384296	750	7.528132872899446	0.0	379700	1943.4631510057025	0.08158492	0.1744186046511628
10191.525567795788	750	7.976530725800083	0.0	425781	2051.602147099363	0.14362268	0.1744186046511628
10192.712154123992	750	7.62649869854602	0.0	277716	850.0320272540632	0.19591713	0.1744186046511628
10194.672869949896	750	7.764417826568646	0.0	400396	1862.0808719773738	0.033968806	0.1744186046511628
10197.44237119012	750	7.713984730920143	0.0	400508	2050.433095648502	0.06736256	0.1744186046511628
10199.268129246771	750	7.52063975138235	0.0	358218	1693.3449795377917	0.14272173	0.1744186046511628
10201.19004776189	750	7.735887008379844	0.0	400322	1784.7527430025054	0.21176837	0.1744186046511628
10203.017029325812	750	7.92597915997565	0.0	369834	1309.9078484041952	0.21005578	0.1744186046511628
10205.11366186624	750	7.841199752522185	0.0	412837	1584.7794074534647	0.04530657	0.1744186046511628
10207.028270823712	750	7.744821821272999	0.0	401088	1596.3779312491854	0.052705802	0.1744186046511628
10209.036016607537	750	7.8300644709707665	0.0	365161	1914.7573503022322	0.062843725	0.1744186046511628
10210.576337519255	300	7.776398269874361	0.0	131610	1053.6662010964067	0.20747527	-0.3802325581395349
10212.852251412563	750	7.671768602529972	0.0	361565	1604.6296673443885	0.601869	-0.2755813953488372
10214.741066754545	750	7.713003101522638	0.0	378327	1458.765501007335	0.36629316	0.1744186046511628
10216.478562701112	750	7.744280072725266	0.0	390680	1468.7230287973725	0.17095703	0.1744186046511628
10217.335528417347	750	7.59518361599357	0.0	345516	649.0964567316951	0.07755734	0.1744186046511628
10218.902240996538	750	7.875761956149061	0.0	384505	1219.4216598445103	0.011618327	0.1744186046511628
10220.542044613478	750	7.599505573852748	0.0	372093	1276.2563822963127	0.016166229	0.1744186046511628
10221.985897760807	750	7.8243526845091855	0.0	438281	1275.1528893435625	0.017054964	0.1744186046511628
10224.673496895133	750	7.7749032463388446	0.0	398987	2049.4494381703407	0.018844392	0.1744186046511628
10227.093608505207	750	7.783922227379813	0.0	393804	1990.9810189590316	0.17999958	0.1744186046511628
10228.5141622752	750	7.758210628441772	0.0	331053	1025.7115989380425	0.253739	0.1744186046511628
10230.626287481267	750	7.684569158435461	0.0	314107	1573.6414700063096	0.08457136	0.1744186046511628

