1545.229821917447	750	4.0	3.478694088168143	450283	3478.694088168143	0.12302346	-14.783965974471853
1546.434949085165	300	6.794872832282032	0.0	155580	1205.1271677179675	0.0731013	-0.3802325581395349
1547.7031566546586	300	7.987679694553293	0.0	139857	807.1931377287391	0.4963243	0.06976744186046512
1550.7986138589579	750	7.530458284461179	0.0	382355	2457.2214100921146	0.55474806	-0.2755813953488372
1554.3428569060504	750	7.986215237368532	0.0	411561	3544.2430470926483	0.3275491	0.1744186046511628
1557.8116465743649	750	7.693059771411084	0.0	318564	2793.1554659574463	0.1654948	0.1744186046511628
1563.1449924053688	750	6.35971394040702	0.0	352642	5333.345831004064	0.27767074	0.1744186046511628
1566.0982921810908	300	7.406414164685233	0.0	173849	2953.2997757217877	0.64733756	-0.3802325581395349
1568.7813157538715	300	7.611042344786285	0.0	150710	2295.371819898949	0.48465627	0.06976744186046512
1575.0257680015504	750	5.366590097107421	0.0	362795	6244.452247678863	0.59246063	-0.2755813953488372
1577.6802008353006	300	6.7121572633572395	0.0	141840	2654.4328337501825	0.06178276	-0.3802325581395349
1580.6338555270918	300	7.758502571566085	0.0	156148	2453.6546917911537	0.17554513	0.06976744186046512
1583.6202245580707	300	7.9254137476276485	0.0	160746	2333.0888239384376	0.27860558	0.06976744186046512
1585.0691356472175	300	7.7875983780745734	0.0	179801	1137.8153695530755	0.27121487	0.06976744186046512
1590.0965576830429	750	6.7601763422491565	0.0	337059	5027.422035825417	0.5949354	-0.2755813953488372
1594.955956548398	750	5.900777476894026	0.0	366214	4859.3988653551305	0.6031778	0.1744186046511628
1597.3077431668835	300	7.548990858408668	0.0	143509	1351.7866184853588	0.43916833	-0.3802325581395349
1600.9854364400528	750	7.674995865303872	0.0	372963	3373.9949931047963	0.5952796	-0.2755813953488372
1606.2170100026526	750	6.443422302703899	0.0	405596	5231.573562599973	0.6928409	0.1744186046511628
1607.8607407399852	300	7.624192793369822	0.0	140881	1319.229509334076	0.52032167	-0.3802325581395349
1610.62976714416	300	7.716930224381511	0.0	157671	1407.262568988311	0.6495732	0.06976744186046512
1614.587820844895	750	7.758876523646613	0.0	399894	3458.053700734897	0.6718043	-0.2755813953488372
1618.145330894928	750	7.790030285640942	0.0	401853	3468.846238005672	0.3082885	0.1744186046511628
1622.0257877135762	750	7.904133734680463	0.0	343800	3385.8965509604786	0.18860787	0.1744186046511628
1625.936302262551	750	7.993619185705762	0.0	359903	3410.514548974701	0.35788104	0.1744186046511628
1630.0178916824789	750	7.620361960373051	0.0	379700	3373.257225332711	0.31938243	0.1744186046511628
1633.8649422644905	750	7.773311378361345	0.0	425781	3847.0505820117073	0.45708266	0.1744186046511628
1636.7892374925464	750	7.933855104736789	0.0	277716	2839.4562736245553	0.5147622	0.1744186046511628
1641.1982580353615	750	7.524834561921747	0.0	400396	3409.0205428150416	0.4051106	0.1744186046511628
1645.5790128541887	750	7.144079743094492	0.0	400508	4380.754818827255	0.48927653	0.1744186046511628
1649.5829652851241	750	7.140127312158933	0.0	358218	4003.9524309355597	0.6957243	0.1744186046511628
1653.7618645246623	750	6.961228072620905	0.0	400322	4178.899239538028	0.6960896	0.1744186046511628
1657.556724038249	750	7.1663685590339625	0.0	369834	3794.8595135869423	0.6048245	0.1744186046511628
1662.3322627819516	750	6.390829815331503	0.0	412837	4775.53874370246	0.6512966	0.1744186046511628
1664.864860008832	300	7.858232588450952	0.0	179328	2032.597226880551	0.2977069	-0.3802325581395349
1666.4137664875823	300	7.944010108434386	0.0	159914	1414.222480016566	0.33990464	0.06976744186046512
1667.9981008086622	300	7.804184947261412	0.0	131610	1139.8251611729731	0.66834015	0.06976744186046512
1670.315961603788	300	7.912509048651762	0.0	124011	1391.6758986096504	0.6963907	0.06976744186046512
1671.6606738917333	300	7.588245424437482	0.0	144254	1324.2636242142792	0.53145486	0.06976744186046512
1676.5615187229514	750	6.687400593219257	0.0	390680	4900.844831218225	0.59528077	-0.2755813953488372
1680.0928712013758	750	7.156048114794892	0.0	345516	3531.3524784243646	0.56688	0.1744186046511628
1683.2859921662957	750	7.962927149874897	0.0	384505	2693.120964919995	0.5877529	0.1744186046511628
1687.2310865804513	750	7.733263335443662	0.0	372093	2729.663814431235	0.29855764	0.1744186046511628
1692.102832294881	750	6.861517621014033	0.0	438281	4871.745714429629	0.56996346	0.1744186046511628
1695.4249788100317	300	7.5393711058633075	0.0	167025	2322.1465151507264	0.6943071	-0.3802325581395349
1698.3919502901854	300	7.655546885438834	0.0	160064	2383.8242204244725	0.31569844	0.06976744186046512
1700.178035541609	300	7.699077832591742	0.0	137507	956.469052847093	0.46960634	0.06976744186046512
1703.8932943740622	750	7.983819000138425	0.0	314107	2715.258832453317	0.68947744	-0.2755813953488372

