4694.11128077117	750	4.0	4.782926972877741	450283	4782.926972877741	0.09396637	-20.61975939436992
4695.856565007311	300	6.254715763859471	0.0	155580	1745.2842361405292	0.14822513	-0.006458942683653546
4700.49912597617	750	5.612154794999303	0.0	350812	4642.560968860168	0.5481802	-0.33396505024802586
4702.142882718799	300	7.968398052370485	0.0	155432	1643.756742628818	0.55684423	0.1686377054833093
4706.2078610775225	750	7.723173376162414	0.0	411561	3245.2246762080704	0.55349624	0.008956554748769718
4709.951013208784	750	7.980021244900923	0.0	318564	2743.1521312614914	0.14829642	0.5338857131554222
4713.852087283568	750	7.550937047647756	0.0	352642	2929.084197253167	0.19181286	0.47399265716779165
4721.516797933193	750	4.0	0.11377360197756571	437162	7664.710649625322	0.13604242	-0.8305782671739235
4723.361275414904	300	6.15552251828866	0.0	150710	1844.4774817113396	0.17146873	-0.02592573165133888
4725.081855335482	300	7.925821552882997	0.0	139105	1229.7009654056644	0.47358248	0.6559452459728907
4727.743476336865	750	7.8254506251779565	0.0	353220	2600.370927705041	0.27300605	0.08328623290189491
4731.611520632181	750	7.957406329861857	0.0	405134	2868.0442953161	0.2552591	0.5192197850672068
4734.754919117242	750	7.835354209828433	0.0	386351	3122.0521200334238	0.5040515	0.48207134512593375
4738.644343231527	750	7.945930095543419	0.0	434409	3389.424114285014	0.47292963	0.4659772023671809
4743.398735631601	750	7.191537695470041	0.0	337059	4754.392400073378	0.4702387	0.2568692342910561
4747.118470516334	750	7.471802810736898	0.0	366214	3719.734884733143	0.31107047	0.38731082675201095
4750.336942579248	750	7.88501567088901	0.0	360831	2586.7871398478874	0.105819	0.5403778161086346
4754.442407633212	750	7.779550616925351	0.0	372963	3605.465053963658	0.28241184	0.4283588914874712
4758.505397307269	750	7.716560942867901	0.0	405596	4062.9896740574495	0.11439195	0.3765436006247932
4764.445413068105	750	5.776545182032032	0.0	350713	5940.01576083587	0.08876949	0.0021122351046374277
4767.730675623616	300	6.491282626520955	0.0	157671	3285.2625555110762	0.61458176	-0.137686940959237
4770.704231601027	300	7.517726649110476	0.0	157812	2973.555977410478	0.052422434	0.44228013911482755
4774.001969001939	300	7.723344949676686	0.0	163927	2294.3816994337903	0.03299196	0.5299885657403691
4775.990863026691	300	7.640575716489573	0.0	137654	1082.7692331871121	0.14063945	0.6431831781088482
4777.423438427973	300	7.712350411630912	0.0	146754	1428.2253048586601	0.6335913	0.6155459682171381
4781.362915958137	750	7.77287288146693	0.0	379700	3439.4775301639816	0.44127044	-0.005685095880270996
4787.416773081566	750	5.719015758037618	0.0	425781	6053.857123429312	0.09888087	-0.014809174635259548
4789.137346592161	300	7.99844224744296	0.0	111155	1720.573510594658	0.44325137	0.16384781715023444
4792.709703223356	300	7.786393062051544	0.0	153605	2712.049185391416	0.3308841	0.4942902707534264
4796.758165384231	300	7.7379309011762345	0.0	149029	3548.46216087531	0.054095954	0.4059844342683843
4801.590262578256	300	6.905833707150725	0.0	157421	4832.097194025509	0.016911065	0.19753061532344607
4804.966164468549	300	7.529931816857823	0.0	157488	3375.901890292902	0.005343849	0.40322030931384856
4808.921890465995	300	7.57420581941298	0.0	143881	2955.725997444843	0.02373904	0.4494993224615183
4813.5179471077945	300	6.978149177612215	0.0	163444	4596.056641800766	0.009837482	0.22809511807028648
4817.516793075781	300	6.979303209626139	0.0	179328	3998.8459679860757	0.004705182	0.28792726236549326
4819.96239204212	300	7.9802024520707855	0.0	159914	1499.1007575553542	0.0047708307	0.6342394910906806
4821.726313483374	300	7.661490830835875	0.0	131610	818.7116212349089	0.25722885	0.6716020432076251
4824.278390815896	750	7.973057046084628	0.0	361565	1688.4337847512472	0.3256685	0.18868723562980272
4826.415987100219	750	7.656080692308078	0.0	378327	1816.9763537765514	0.7194879	0.5953236387085072
4830.1505585604355	1200	7.559104903473322	0.0	587506	3596.975788834756	0.5648783	-0.01794153560221956
4834.567435116245	1200	7.142228347663839	0.0	566904	4416.876555809483	0.46558312	0.3099435378952366
4838.910786424999	1200	6.798877038909952	0.0	641452	4343.351308753888	0.74165034	0.28424810271403156
4841.819033890897	1200	7.890629573011886	0.0	599477	2908.2474658980664	0.75264424	0.5328409288991911
4845.953134039704	1200	7.5116150520300105	0.0	634861	3379.014520981875	0.72201574	0.44928363815183386
4850.052716037508	1200	7.412033054226209	0.0	630203	4099.581997803802	0.6470957	0.3676420082077744
4853.923712138479	1200	7.541036953256062	0.0	638661	3870.996100970148	0.45782918	0.40291737211532286
4856.206494501903	750	7.627477649343494	0.0	331053	1913.5593039125658	0.39545023	0.13291226778567566
4859.501278190029	1200	7.709697253536294	0.0	550906	2917.780395807199	0.45263737	0.0644726912617885

