6491.349767278392	750	4.0	2.7931852023610926	450283	2793.1852023610927	0.081685126	0.057890782089472126
6491.989129931475	300	7.360637346917347	0.0	155580	639.3626530826534	0.20301937	-0.0190127101956986
6492.877160501762	300	7.787896084860769	0.0	139857	572.7412620565774	0.023239844	0.4643531000283728
6494.136720548001	300	7.625760620491386	0.0	155432	662.1354643693842	0.024588082	0.4452802132740057
6495.220436591749	300	7.797614932452005	0.0	163442	828.1456880393821	0.02868929	0.4394200854045446
6496.767823212673	300	7.686706847544425	0.0	126289	610.9080849075796	0.020879826	0.45421209041100113
6498.2970025	300	7.77035642898906	0.0	153295	916.3504185553659	0.022765063	0.4288959558865122
6500.67804248304	300	7.576250890905135	0.0	173849	1694.1055380839255	0.021696888	0.338988847803411
6503.105136597064	300	7.566171032520668	0.0	150710	2010.0798583844685	0.018356295	0.3067614246243274
6506.6435205433145	300	7.810486215865585	0.0	139105	2255.684816655083	0.013736391	0.2974706277563233
6510.92776368457	300	7.5262430746097815	0.0	141840	2284.243141255804	0.010890642	0.2768495989677635
6513.168235432939	300	7.799478273850902	0.0	156148	1226.7648007588803	0.009186109	0.3996746329700258
6514.351573128772	300	7.629662942639373	0.0	160746	1169.8153312115273	0.009556785	0.3947561217240407
6516.952282269403	300	7.651069573734503	0.0	179801	978.5933689048707	0.009496173	0.41521623239815186
6517.927657470924	300	7.774439892187642	0.0	140051	876.6296815468604	0.011285966	0.4331232460372741
6519.014169341382	300	7.720556616795315	0.0	138313	553.8832753923282	0.009569438	0.4620301819407069
6519.8529367554265	300	7.942487288405886	0.0	143509	778.069328389428	0.014967556	0.45348224361665757
6520.974154330497	300	7.922227495997482	0.0	150616	520.2597924084031	0.014837376	0.4779969601892349
6521.804983315174	300	7.767291894991053	0.0	165384	654.9356010064304	0.021945016	0.4548459042665304
6522.331513310567	300	7.766973622529125	0.0	140881	500.31827246192705	0.024562176	0.47028774509211013
6523.290946581668	300	7.7653628436446365	0.0	157671	501.6107788844891	0.028244138	0.47005782076957336
6524.139504045529	300	7.624995386422597	0.0	157812	640.3674572220392	0.03718224	0.4474091868594409
6525.588165046629	300	7.74975985584252	0.0	163927	875.2355305800763	0.029468022	0.43172015886238235
6526.842565046107	300	7.539272548412957	0.0	137654	710.4873074295626	0.02665829	0.43503952446308614
6527.838272966282	300	7.9533750011497215	0.0	146754	585.8975472632352	0.024434663	0.4733799037757666
6528.939582240035	300	7.737625507778717	0.0	153938	715.7494933710042	0.03296011	0.446910365829302
6530.282252487992	300	7.774070340591419	0.0	181901	963.5551671872981	0.026644066	0.42440760049846643
6531.250300561984	300	7.6246037869801855	0.0	111155	649.4665536112332	0.023334853	0.44647480225537084
6532.504680096415	300	7.551704722455423	0.0	153605	572.8990645247634	0.019044619	0.4495753596312201
6533.304162805949	300	7.822703607640964	0.0	149029	729.0011148144575	0.027025092	0.450902584926347
6534.351216558809	300	7.609417585570983	0.0	157421	713.2860220699806	0.022350248	0.439143717821421
6535.144617539221	300	7.934600989760002	0.0	157488	674.8165958109818	0.02083199	0.4633146232091344
6536.386395721581	300	7.938004109880847	0.0	143881	996.5968798791537	0.023856325	0.4313492898098701
6537.703392368868	300	7.962096341977438	0.0	163444	975.9077679034082	0.016533585	0.43492396551348167
6538.911506840379	300	7.693583588913723	0.0	179328	768.512753063714	0.016512068	0.43888141993096885
6539.601573387818	300	7.578351126918363	0.0	159914	615.2324619953595	0.021561174	0.44700742016309425
6540.5764637431275	300	7.513323063484599	0.0	131610	565.0280634337655	0.028443731	0.44796360605464336
6541.284353492277	300	7.604309305848452	0.0	124011	409.01375763614743	0.022358729	0.4692516767821461
6541.984157303058	300	7.998845386714336	0.0	144254	605.4639191341147	0.031733505	0.47426516568646704
6544.027085059446	300	7.719551468843027	0.0	149991	1279.2939178713084	0.030252121	0.3894262959457909
6544.800626588877	300	7.959597589886596	0.0	147968	759.9538789564306	0.020514451	0.45636318240250173
6546.698405476126	300	7.567502004999918	0.0	161857	892.0955848866791	0.027391165	0.4186430377540595
6548.1242832912985	300	7.682404758093708	0.0	145210	885.0972469062103	0.03384048	0.4265242936204683
6548.834106952261	300	7.537883230746373	0.0	172312	644.5215273473345	0.031877592	0.4415492701171474
6549.801366557133	300	7.576904466617769	0.0	167025	460.9787641286039	0.04693348	0.4623423736809827
6550.649110083512	300	7.916173076299991	0.0	160064	660.7313903177777	0.079808086	0.46357139916720413
6551.7547068940385	300	7.751880777067287	0.0	137507	664.2922992327029	0.05884183	0.45294703957366766
6554.86145521685	300	7.929158823308466	0.0	118421	1822.72195375882	0.047188677	0.3481839520111296

