6068.955639559361	750	4.0	6.819045761582508	450283	6819.045761582508	0.045702286	-0.24850457615825083
6070.902615226474	300	6.053024332886424	0.0	155580	1946.975667113577	0.50586605	-0.05604095033815293
6073.437732430781	300	7.517907128580474	0.0	139857	1535.1172043059482	0.048266113	0.5776047478238564
6075.779603776703	300	7.537540700570771	0.0	155432	1980.3664280097041	0.040486533	0.5349891903295371
6077.614214192309	300	7.840987994673256	0.0	163442	1196.5527058975144	0.054012842	0.6428808118922227
6078.169075647721	300	7.83258613137192	0.0	126289	508.4018633013369	0.061059218	0.7108788149457855
6079.3697234761585	300	7.985491994108281	0.0	153295	847.0941372636387	0.10075754	0.6918796827006665
6080.526045033888	300	7.614108113280674	0.0	173849	871.3838808276073	0.0744176	0.6533336259337847
6081.264716566804	300	7.897241137573859	0.0	150710	716.8669757068147	0.091985196	0.6963200030583764
6082.910848458383	300	7.720077541938593	0.0	139105	677.163595635265	0.09436625	0.6830611813900017
6083.663337051315	300	7.518317293295226	0.0	141840	701.7602486433678	0.092135414	0.6609803319086239
6084.892971745823	300	7.818864184934533	0.0	156148	699.4531083606922	0.08912052	0.6904392311488141
6087.078839639888	300	7.88602097377639	0.0	160746	932.8432111581428	0.09809543	0.6736312185839397
6091.0685130325755	300	7.8963475810893415	0.0	179801	3989.6733926870493	0.092163794	0.36895246299223355
6095.390642402719	300	7.57421821094551	0.0	140051	3322.1293701438312	0.062888585	0.40437978400006774
6097.9324918411485	300	7.995707305199532	0.0	138313	2078.5109057459777	0.040132523	0.5697314448560566
6100.938667159541	300	7.834288888494226	0.0	143509	1661.4184167053052	0.032189213	0.595742752735533
6102.198554613003	300	7.7167236078677055	0.0	150616	1117.5652806265196	0.035509817	0.6386948428024825
6105.931065011684	300	7.984213209186382	0.0	165384	3232.5103986813237	0.039474223	0.4532136947252433
6110.016690494266	300	7.89858772660355	0.0	140881	2085.625482582833	0.029883344	0.559575108153912
6111.825254769436	300	7.804534663758361	0.0	157671	1594.0530628451895	0.024646845	0.5995856897659817
6114.299758493237	300	7.984538312619328	0.0	157812	1319.9963511390324	0.025407087	0.6444967157883265
6115.823303159489	300	7.595019703974857	0.0	163927	889.5186086444713	0.03154902	0.6496638053471077
6117.586644139297	300	7.760362223824723	0.0	137654	834.6574801501347	0.045383476	0.6712294782519408
6118.499542727105	300	7.528254751249573	0.0	146754	732.1074725751508	0.043835305	0.6589120273015059
6119.225901921243	300	7.920470635546955	0.0	153938	607.7841157026178	0.055208415	0.7094873577366797
6120.4949170653545	300	7.520250636059252	0.0	181901	900.2199994877028	0.07009362	0.641322374407992
6121.5972216431255	300	7.983495924284849	0.0	111155	536.7547117744031	0.06601613	0.7227195074592613
6122.340283045546	300	7.774740113123806	0.0	153605	708.7558111610434	0.06421842	0.6852178948851858
6123.274508850858	300	7.524780015646727	0.0	149029	749.9600974770792	0.07261902	0.6567888467739363
6127.230527441959	300	7.568761424546802	0.0	157421	2956.0185910999257	0.07267366	0.4404601894271839
6131.250895490392	300	7.548393376113734	0.0	157488	4020.3680484330675	0.053375736	0.33204445098375385
6134.64344323166	300	7.702445664864215	0.0	143881	2345.9477112495197	0.038507767	0.514468069783093
6138.49027811362	300	7.855610782904365	0.0	163444	1846.8348819598511	0.030727144	0.5792746604414644
6140.027737035332	300	7.848598878187298	0.0	179328	1507.011904717066	0.030929103	0.6125750504320081
6143.989081082731	300	7.8872548307889305	0.0	159914	1961.3440473983676	0.036194645	0.5709011275543867
6146.89837650805	300	7.778502597875593	0.0	131610	2108.752232913337	0.030855816	0.5455841543520678
6149.1159041691435	300	7.78001036353308	0.0	124011	1498.4922343425135	0.02748022	0.6067567844193407
6150.84199291351	300	7.631483685624426	0.0	144254	1648.5266779086535	0.026360849	0.5773091206361101
6152.5507930354615	300	7.550864753277408	0.0	149991	1080.6189323470182	0.030978248	0.6262597040215261
6153.513500488798	300	7.86360160231157	0.0	147968	687.263150965839	0.0404773	0.6960089407282163
6154.758874661895	300	7.548636705098665	0.0	161857	814.9648972129055	0.05925621	0.6526084298495547
6155.788012277492	300	7.819272430342007	0.0	145210	729.3642747566581	0.0685528	0.6874878163750944
6157.057328076116	300	7.604501263450116	0.0	172312	714.7711668918912	0.075479284	0.6680606311813347
6157.978507584241	300	7.7911837918541424	0.0	167025	813.3174715959734	0.09931624	0.6763608765982181
6159.022006378901	300	7.563365384188075	0.0	160064	727.8184076660672	0.096774176	0.6627554428456836
6160.130211575708	300	7.937103041281758	0.0	137507	626.262342906317	0.10008651	0.7092570364740193
6163.349222900533	300	7.708568753369494	0.0	118421	728.5342879122638	0.109400004	0.676804882473957

