3321.074331039642	750	4.0	12.266701258043659	450283	12266.701258043659	0.06464974	-0.876670125804366
3325.706251569902	300	4.0	0.6319205302601922	155580	4631.920530260192	0.12330331	-0.6631920530260192
3328.7540832362342	300	4.952168333667658	0.0	139857	3047.8316663323417	0.010222083	0.004727354220994462
3332.0235596734724	300	5.682691896429397	0.0	155432	3269.4764372382615	0.007113435	0.028220599803011115
3335.3808350942786	300	6.325416475623024	0.0	163442	3357.275420806372	0.007232497	0.059610987645801805
3338.008600559327	300	7.69765101057458	0.0	126289	2127.765465048444	0.006236121	0.2683266416560668
3341.586049797727	300	7.574411689639563	0.0	153295	2123.239320935018	0.0055169086	0.26107679850897086
3344.253823694911	300	7.992629756979868	0.0	173849	2081.7819326596946	0.0062072827	0.2913611665452723
3346.9184316902856	300	7.948321708204572	0.0	150710	1544.3080487752961	0.0072695008	0.3423393018852562
3349.692307083183	300	7.941533999355475	0.0	139105	1506.7877088490964	0.007288463	0.3456671040748076
3353.148344721513	300	7.727059098514583	0.0	141840	1714.4749008408937	0.0076869996	0.31149370357307204
3355.040633032261	300	7.836696216485028	0.0	156148	1890.362882029554	0.0080723595	0.3007572253273588
3358.832063915548	300	7.561943575051005	0.0	160746	2274.7526414340227	0.008046454	0.24514620929728556
3362.6016201064185	300	7.7923873841802616	0.0	179801	2269.556190870744	0.008024528	0.2600685924241919
3365.58970120527	300	7.806463984366441	0.0	140051	1485.9233998138202	0.007924195	0.3393116590415205
3367.691318769467	300	7.661734104236535	0.0	138313	1644.7298801299053	0.007923002	0.3143853935017929
3371.2403005024357	300	7.875687032085849	0.0	143509	1786.047072150686	0.008003522	0.31362573229029694
3375.290973973147	300	7.825013561374319	0.0	150616	2550.6734707115306	0.007857092	0.23399600051474184
3377.9234199470193	300	7.945594654503089	0.0	165384	1879.4189068712305	0.007411758	0.30865777521932003
3379.7605015520817	300	7.953567418872255	0.0	140881	992.027235630835	0.007522417	0.3978952401164324
3381.1000058869354	300	7.646342455211363	0.0	157671	1307.2249636608924	0.009159703	0.3471739070846209
3383.251613231457	300	7.976678416096424	0.0	157812	1169.6640391149406	0.009666273	0.3815759970945324
3385.0284900102006	300	7.67421166992846	0.0	163927	1302.4667461679626	0.01089211	0.3493915547537325
3386.9002435192783	300	7.600539893527337	0.0	137654	1073.6717764011228	0.0113287745	0.3676665657053463
3388.6641371221226	300	7.9476339629933355	0.0	146754	1152.9059305340018	0.012523111	0.3814365296336833
3390.7320437091726	300	7.66917451512365	0.0	153938	1278.4594478696863	0.011997785	0.3514774624082595
3393.152704302436	300	7.678567798081923	0.0	181901	990.6067170417259	0.01241065	0.3808498156759476
3394.3054591106925	300	7.902217332064774	0.0	111155	776.3504660171485	0.021085951	0.41625353665233356
3396.5724135642567	300	7.891942299902134	0.0	153605	1010.2750321626407	0.017572958	0.39221889052761927
3398.027582054598	300	7.76769775143242	0.0	149029	1124.2445484697123	0.018741272	0.37305665461755505
3400.0923302350634	300	7.630785612635602	0.0	157421	1136.912138796819	0.017475288	0.36323288691004324
3401.3499745772892	300	7.89088149585704	0.0	157488	1239.9041167785629	0.01914646	0.3691896818132087
3403.934773195704	300	7.63235235687304	0.0	143881	1758.529138984	0.01758987	0.30116910840616495
3406.2809077154852	300	7.522419774697788	0.0	163444	1109.932582175253	0.012285006	0.35915797770108643
3410.1425276799705	300	7.660799810212579	0.0	179328	2861.6199644852086	0.0181663	0.1926379916897653
3413.309587783137	300	7.991180762175019	0.0	159914	2169.6190480375585	0.011313017	0.28248689283218287
3414.591120855946	300	7.599134714834982	0.0	131610	892.0460473400371	0.009431071	0.38574131494318264
3415.586498191091	300	7.7711895459972276	0.0	124011	827.9451688377542	0.013637458	0.4029048297410513
3416.913455017749	300	7.951427167821363	0.0	144254	819.7623781758651	0.019246675	0.41498796017124867
3420.9620230175037	300	7.902859168066949	0.0	149991	3048.567999754414	0.028101679	0.18907189802874297
3424.994161573472	300	7.870720612098548	0.0	147968	2532.1385559684	0.013388877	0.23870618265931925
3428.3518085738333	300	7.530847695020495	0.0	161857	2839.8729170780534	0.015120849	0.1866906892309756
3432.320787125246	300	7.505245470955706	0.0	145210	3025.60222406479	0.012511829	0.16651761952825261
3436.164792183534	300	7.661240412668205	0.0	172312	2844.0050582875	0.012362124	0.19442701996301276
3438.222677616079	300	7.955988379213269	0.0	167025	1205.2520334549354	0.013520495	0.3767240703553358
3442.5610767380113	300	7.617589257281495	0.0	160064	2338.399121931773	0.025301816	0.24225941638691617
3445.818373410348	300	7.869457191623897	0.0	137507	1748.1320656575997	0.025892269	0.31702786791073356
3447.2907525060655	300	7.527849894605273	0.0	118421	1341.6072970186228	0.022619277	0.3363298887109673

