18135.590347377653	750	4.0	3.9127276647253035	450283	3912.7276647253034	0.004705182	-16.790882438499192
18137.02194039776	300	6.568406979893699	0.0	155580	1431.593020106301	0.0393803	0.055103320637951675
18139.139262417528	300	7.901906226594865	0.0	139857	1166.500753298834	0.14756611	0.6599633894166956
18140.73010333018	300	7.816896379683487	0.0	155432	1085.0098469113782	0.5433614	0.6599301841413722
18142.243202758258	300	7.648262198515906	0.0	163442	1168.6341811675818	0.6610226	0.6353365160803296
18146.153896537817	750	7.555147951239737	0.0	318564	3093.1142472761694	0.6935445	0.007994956497954453
18148.68062429457	300	7.855573891455427	0.0	153295	1699.574059784308	0.68043613	0.15219651801758174
18151.655724152206	300	7.86160081587332	0.0	173849	2493.973075582108	0.13155049	0.5233367148714614
18153.216323868273	300	7.886864367965384	0.0	150710	974.7364479079379	0.017471205	0.6776920236959906
18155.84974863427	750	7.683083633347007	0.0	362795	2203.7807346183754	0.6823303	0.10924226487579933
18158.287044302822	750	7.654257800462041	0.0	353220	2028.825832884966	0.1179876	0.5739632353528493
18160.855938816203	750	7.73904538530159	0.0	405134	2415.2124151604517	0.26094732	0.5434854800583417
18163.817997751354	750	7.6798569572879645	0.0	386351	2559.1884280136246	0.21501529	0.5233909242402051
18167.620838527884	750	7.877016180759572	0.0	434409	3802.8407765283923	0.14119866	0.4180024922797455
18171.270962633072	300	7.509809831997709	0.0	140051	1367.2063487618636	0.3628824	0.15215309919215586
18173.73150763899	300	7.590996245402733	0.0	138313	2418.813586594976	0.10550693	0.5048066614335494
18175.763308228466	300	7.960961631725595	0.0	143509	1130.0346136771389	0.009034428	0.6692941543056231
18179.753378663358	300	7.970891196834562	0.0	150616	2490.0704348910326	0.28935492	0.5342463042902366
18182.469646555932	300	7.67367538914394	0.0	165384	2297.215807690622	0.012287899	0.5249244023669914
18184.6573416533	300	7.864353892401268	0.0	140881	1309.3214967426725	0.009623979	0.642066859549808
18186.36939993904	300	7.867511587992411	0.0	157671	1496.8423044088581	0.028711345	0.6236187106295816
18189.123659344474	300	7.547989885493085	0.0	157812	1319.5217024993249	0.045529306	0.6105964380484485
18192.571149505944	300	7.616613665774108	0.0	163927	1431.3762197189767	0.0742178	0.6060161044087067
18195.803999145894	300	7.713245821423024	0.0	137654	1403.3678443510835	0.083420984	0.6181178984941896
18199.531474735275	300	7.79424885778579	0.0	146754	3418.9969636372352	0.09046844	0.4243516223382421
18203.64075094717	300	7.68497264589021	0.0	153938	3109.2762118955798	0.004705182	0.44480573595166895
18207.36380188134	300	7.961921711719334	0.0	181901	3223.0509341708744	0.004705182	0.4600849310641157
18211.49056859478	300	7.8351549982790205	0.0	111155	2626.766713440314	0.004705182	0.5075119106089434
18215.8166359998	300	7.509087593259461	0.0	153605	3326.0674050195585	0.004705182	0.40619747725396316
18219.7459990306	300	7.579724562457497	0.0	149029	3429.3630308019633	0.004705182	0.40266680451555326
18223.590954023144	300	7.734769569913646	0.0	157421	3844.9549925438514	0.004705182	0.37603086931756385
18228.84153289834	300	6.484190694718573	0.0	157488	5250.578875195072	0.004705182	0.1150988204483333
18233.895961000315	300	5.429762592742671	0.0	143881	5054.428101975902	0.004705182	0.03322397555604717
18238.05168874548	300	5.274034847577984	0.0	163444	4155.727745164688	0.004705182	0.1081050359682616
18240.825533490122	300	6.5001901029369655	0.0	179328	2773.8447446410178	0.004705182	0.3643121950170133
18243.74807419729	300	7.577649395770786	0.0	159914	2422.54070716618	0.004705182	0.5031492996896341
18246.006517965176	300	7.945966589303676	0.0	131610	1631.6828064671097	0.004705182	0.6176860448808614
18247.62936014958	300	7.907925977811811	0.0	124011	1038.0406114918665	0.004705182	0.6733888116021789
18249.971429805835	300	7.794291883642422	0.0	144254	1613.6340941693893	0.004705182	0.6048920505734033
18253.896331957356	300	7.869389732121904	0.0	149991	1924.9021515205172	0.004705182	0.5809934994593069
18258.248765793905	300	7.516955895571092	0.0	147968	3852.433836550813	0.004705182	0.3543181672827482
18263.012479080084	300	6.753242609392289	0.0	161857	4763.713286178803	0.004705182	0.18968193677350453
18266.114510613043	300	7.651211076434518	0.0	145210	3102.03153295777	0.004705182	0.4422806138056295
18271.68276844101	300	6.082953248465841	0.0	172312	5568.257827968678	0.004705182	0.04471135771700707
18277.396352036816	300	4.369369652660314	0.0	167025	5713.583595805526	0.004705182	-0.1347556185956198
18281.772902053533	300	4.0	0.007180364060773172	160064	4376.550016721088	0.004705182	-0.06748008167596115
18285.643361679093	300	4.129540374443931	0.0	137507	3870.4596255560687	0.004705182	0.026472933504045892
18288.449044561883	300	5.323857491653707	0.0	118421	2805.6828827902245	0.004705182	0.247905009221158

