5398.609615668463	750	4.0	4.549356298858494	450283	4549.356298858494	0.017495727	-19.59204842868523
5400.096424744454	300	6.513190924009408	0.0	155580	1486.8090759905917	0.007910794	0.04426710592048805
5401.164476113046	300	7.592247960518019	0.0	139857	920.942963491389	0.043175645	0.6547142027689327
5402.48110352694	300	7.807488370290575	0.0	155432	1284.7595902274438	0.4265677	0.6390496780435997
5404.263329578367	300	7.897309251661218	0.0	163442	1410.1791186293574	0.5907042	0.6351530887388028
5406.806719723018	300	7.726637688634162	0.0	126289	1170.6715630270558	0.6712215	0.6426765093073598
5408.66255980331	300	7.9550769297509305	0.0	153295	1271.560758883232	0.35120916	0.6545751304257191
5412.697713141306	750	7.64463996435642	0.0	437162	3810.43696539451	0.5823627	-0.05512360572762631
5414.083548333849	300	7.774080554386221	0.0	150710	1370.559409970199	0.65025485	0.17725415521724922
5416.454283284914	300	7.721350932040027	0.0	139105	1552.7296223461933	0.36716646	0.6039618469493901
5418.401892569775	300	7.966548977768911	0.0	141840	1754.8019542711145	0.1773698	0.6073552087538131
5421.469263635009	300	7.619267105696272	0.0	156148	2347.281872072638	0.09991738	0.5146809358294007
5424.007608022142	300	7.770139532561076	0.0	160746	1349.1275731351973	0.02238034	0.6290180109999386
5425.959083465308	300	7.92401014642685	0.0	179801	1346.1293861342253	0.0940749	0.6441280539372556
5427.985477172377	300	7.803486316658462	0.0	140051	1620.5238297683889	0.3814701	0.6050880518068089
5430.314747854287	300	7.601785985853137	0.0	138313	1701.7003308053243	0.06591153	0.5775565119882533
5432.744113046282	300	7.825888527308323	0.0	143509	1775.897458544814	0.03741338	0.5917069275688802
5434.660151386928	300	7.569603185560572	0.0	150616	1256.285341747752	0.020424262	0.6190003792089227
5436.412518092385	300	7.8982964133314075	0.0	165384	1171.3067722291655	0.11827824	0.6591353388293137
5438.014446945526	300	7.717861958123871	0.0	140881	1180.434455207537	0.3327494	0.640855545895601
5441.297960391485	750	7.731852448412103	0.0	386472	2986.0095097117687	0.291154	0.03571344212292976
5443.046548825104	300	7.841310199725422	0.0	157812	1390.542248686681	0.6892839	0.18172680233006366
5445.049522180666	300	7.533846561961058	0.0	163927	1307.463637764363	0.12582281	0.6104409333026913
5446.9161070823975	300	7.833308922343753	0.0	137654	1200.5376396173046	0.18352716	0.6499571310510721
5448.674535793639	300	7.562118254980527	0.0	146754	1271.1906673632254	0.17417602	0.616789413437255
5450.364765429123	300	7.740622511627534	0.0	153938	1321.4957433529933	0.17511672	0.6289401466341755
5453.208567095267	300	7.783088557670344	0.0	181901	1457.53395395719	0.09760357	0.6194237315349145
5455.319435862698	300	7.895788016049406	0.0	111155	1387.300541620939	0.12996148	0.6372945257556522
5458.8538057563355	300	7.585387172635264	0.0	153605	3310.400843414141	0.018725459	0.41510805602176065
5461.202520760381	300	7.768014281223976	0.0	149029	1817.3728914112887	0.004705182	0.5819889212774064
5465.140993024989	300	7.82954201661584	0.0	157421	2438.4722646081354	0.0054220553	0.5258010995265641
5467.92660075946	300	7.666645266502077	0.0	157488	2162.896750113763	0.004705182	0.5376796507037095
5470.515834974306	300	7.5683837227571695	0.0	143881	1598.2615437449076	0.004705182	0.5846853843064383
5473.106230457032	300	7.648672274444663	0.0	163444	1919.711448312507	0.004705182	0.5602682596474367
5475.970834183253	300	7.976712461541094	0.0	179328	1671.959812903569	0.004705182	0.6166176699379777
5478.647238296656	300	7.764832294998588	0.0	159914	1211.8801665425065	0.005262226	0.6422319239163016
5481.268720787241	300	7.731353061136071	0.0	131610	1033.479233862517	0.010134055	0.6568496022712962
5484.243608103257	300	7.882911021989483	0.0	124011	1348.4420391465878	0.026481982	0.6399409504575756
5486.765561229755	300	7.920157073174993	0.0	144254	1462.7539488144894	0.006864032	0.6320947349201391
5489.084419691763	300	7.735327445513212	0.0	149991	1684.82962766178	0.006122906	0.5920971019763293
5493.006469179666	300	7.8132779576102225	0.0	147968	2422.049487902991	0.004705778	0.5258779427399787
5496.620818824145	300	7.839142286994742	0.0	161857	1974.13567061548	0.004705182	0.5731587960338735
5500.9275906763405	300	7.5323704347996046	0.0	145210	3306.771852195138	0.004705182	0.4103680329160487
5504.634305463989	300	7.825655647150785	0.0	172312	3206.7147876488198	0.004705182	0.44860277967444284
5507.891226099646	300	7.764045650176475	0.0	167025	2561.6099969743104	0.004705182	0.5071832254007651
5510.839524656596	300	7.5125516530426	0.0	160064	1751.493997133875	0.004705182	0.5639882377961186
5513.354498905237	300	7.743466875629756	0.0	137507	1769.0847774128429	0.004705182	0.5844550165473894
5516.815126212048	300	7.541097890838251	0.0	118421	2202.368984791505	0.004705182	0.521648347376491

