17598.860641302137	750	4.0	2.005422751396268	450283	2005.4227513962683	0.26933822	-8.398740819851438
17601.09467882465	750	5.765962477485412	0.0	398865	2234.037522514588	0.39342088	0.3716914614058011
17603.197367605473	750	7.663273696664623	0.0	350812	2102.6887808207885	0.51932937	0.5674447309781461
17607.19226458794	1200	7.668376714200653	0.0	617681	3494.8969824639703	0.95001674	0.002783882978072305
17611.209460147325	1200	7.651181154814511	0.0	652874	3517.1955593861426	0.82740235	0.44889893284165816
17614.66581982898	1200	7.7851220645782995	0.0	520315	2866.05909023621	0.65813637	0.5269045469640439
17618.633479299588	1200	7.817462593971595	0.0	561791	3967.659470606705	0.6731504	0.41985732222013517
17623.98089651572	1850	6.470045377836677	0.0	1060487	5347.417216134918	0.6896948	-0.46304286940771566
17627.80985069975	1850	6.641091193807677	0.0	852833	3828.954184029	0.35769373	0.3552667910725009
17631.85616182303	1850	6.594780070524121	0.0	913888	4046.3111232835568	0.12509811	0.3290735980620977
17636.314627170006	1850	6.136314723545849	0.0	939819	4458.4653469782725	0.12726888	0.24373035672086296
17641.141599364397	1850	5.3093425291561145	0.0	917428	4826.972194389734	0.21560352	0.1272826434818542
17646.62262792073	1850	4.0	0.1716860271769492	946851	5481.0285563330635	0.708375	-0.8023986397173004
17649.328710007678	750	5.293917913049173	0.0	434409	2706.082086950827	0.8356112	-0.8209478293679175
17651.468870364024	750	7.1537575567030185	0.0	337059	2140.1603563461545	0.3640554	0.5146560566880689
17653.863603897233	750	7.953066401033681	0.0	366214	2200.691155669337	0.7145151	0.585537375871469
17658.31331826775	1200	7.503352030516973	0.0	617242	3449.714370516707	0.47283527	-0.008581672162421616
17663.11241677243	1200	6.7042535258370215	0.0	581493	4799.0985046799515	0.5689459	0.22956576073976576
17668.055063176475	750	5.761607121791089	0.0	405596	4942.646404045933	0.6856485	-0.3495886347614253
17673.232639240436	750	4.58403105782882	0.0	350713	5177.576063962269	0.42439497	-0.03642465648998705
17675.465901613363	300	6.350768684904122	0.0	157671	2233.2623729246975	0.3457207	-0.04601155181279759
17677.88496096294	300	7.931709335328069	0.0	157812	2419.059349576053	0.26618043	0.5375761134139798
17680.475997795256	300	7.878890602643281	0.0	163927	2552.8187326847874	0.42322004	0.519116311099874
17684.758548892638	750	7.54172415146745	0.0	343800	2837.166451175831	0.36374018	0.0322976798813423
17688.660881970576	750	7.639391073530253	0.0	359903	2902.333077937197	0.087734014	0.4851815712159343
17692.47740010011	750	7.822872943998776	0.0	379700	3816.5181295314756	0.13922209	0.41142340792967147
17697.855286338916	750	6.444986705192062	0.0	425781	5377.886238806715	0.08841273	0.12266345566660841
17700.680122150105	750	7.620150894002018	0.0	277716	2824.8358111900443	0.69138396	0.4910794083971425
17704.57599640249	750	7.724276641614822	0.0	400396	3895.874252387195	0.10408215	0.3939977877044361
17708.647535483156	750	7.652737560950984	0.0	400508	3571.539080663839	0.105457075	0.41954558576681716
17712.325114575116	750	7.975158468988637	0.0	358218	3177.579091962347	0.084638804	0.4899749692894194
17716.697399005257	750	7.602874038850034	0.0	400322	4372.284430138602	0.11138199	0.3346716292467667
17723.185565042495	750	5.114708001612502	0.0	369834	6488.166037237532	0.07356144	-0.1164053852807101
17726.436127248024	300	5.864145796087239	0.0	163444	3250.562205525263	0.07621175	-0.19457954995611548
17729.853134744088	300	6.447138300021354	0.0	179328	3417.007496065885	0.006186273	0.2948896225924842
17733.793204483594	300	6.507068560516172	0.0	159914	3940.0697395051825	0.00710448	0.24835175501417767
17736.9351112206	300	7.365161823512822	0.0	131610	3141.906737003351	0.004705182	0.41076052254673606
17739.35273417242	300	7.6423237296340085	0.0	124011	2222.8380938788127	0.0057209125	0.5293445403230136
17741.570895173918	300	7.965635657853893	0.0	144254	1176.6880717801164	0.024457173	0.6650786889066111
17742.86465269653	300	7.719493437906711	0.0	149991	1246.1422199471817	0.5723794	0.6344418012343739
17745.345606967694	300	7.607823934658925	0.0	147968	1111.669503247785	0.7065637	0.63714075428773
17749.244048570687	750	7.708245488121023	0.0	384505	3399.5784465379015	0.34151822	-0.007915648743318626
17752.591462722357	750	7.648969962012136	0.0	372093	3059.275526108888	0.103137426	0.4704093054745345
17756.384558201305	750	7.8558744830636735	0.0	438281	3793.095478948462	0.14728008	0.41694210922517955
17760.416034809008	750	7.824397875360239	0.0	398987	3531.4766077034337	0.10466261	0.440074336516639
17764.233480324394	750	7.712030488273164	0.0	393804	3612.3673870870753	0.104704745	0.4211697678364119
17768.28604678032	750	7.6594640323501295	0.0	331053	3552.566455923034	0.088762835	0.42209027887917083
17772.109831805043	750	7.8356790076249965	0.0	314107	3323.785024725133	0.081956334	0.4619293168196802

