15660.225272828055	750	4.0	6.275717151967713	450283	6275.717151967713	0.05149468	-27.1880361823658
15662.39995554641	300	5.825317281643536	0.0	155580	2174.6827183564637	0.055963695	-0.09072889058423694
15664.48588005081	300	7.7393927772440305	0.0	139857	2085.924504399506	0.11365743	0.5523789071753116
15668.412845886613	300	7.812426941441434	0.0	155432	3926.9658358025963	0.50063133	0.3753043966612242
15670.526823894557	300	7.5070829521331905	0.0	163442	1805.343989308242	0.13254651	0.5580768698022156
15676.451615248394	750	5.582291598296211	0.0	318564	5924.791353836979	0.3968523	-0.4650624559071898
15678.541957752963	300	7.4919490937264674	0.0	153295	2090.342504569744	0.3074567	0.07812036693149216
15681.50985169142	300	7.774886086868186	0.0	173849	2717.063006858282	0.4359187	0.49268132895986455
15685.447113088932	300	7.837624689358268	0.0	150710	2437.2613975099166	0.27098227	0.5267001528197639
15688.545378220064	300	7.5675382740465995	0.0	139105	1770.0864153116695	0.48705605	0.5674215217352496
15691.777932921768	300	7.695350285854138	0.0	141840	1372.187988192462	0.342424	0.6195134181501021
15696.386536187265	750	7.086747020358997	0.0	405134	4608.6032654951405	0.43809575	-0.18863807571753216
15704.714950584488	750	4.0	1.2416673768644677	386351	8328.414397223465	0.21792066	-5.746891873947416
15708.790489973802	300	4.0	0.07553938931471885	179801	4075.539389314719	0.025475841	-0.7813228275272908
15711.45554936502	300	5.334940608781639	0.0	140051	2665.0593912183613	0.005787246	0.2630341211980158
15714.029240592274	300	6.761249381529956	0.0	138313	2573.691227251682	0.008385951	0.40945480372875476
15717.139251953882	300	7.6512380199199725	0.0	143509	3110.011361609984	0.01418577	0.44148522428199094
15721.237088043234	300	7.553401930569627	0.0	150616	3597.836089350346	0.022689722	0.3832859149504867
15725.228674638112	300	7.561815335690013	0.0	165384	3991.586594879613	0.07854642	0.3447206643541662
15729.130596353105	300	7.6598936206982815	0.0	140881	2901.921714991731	0.029573966	0.4631273005121268
15731.99230658275	300	7.805553583050782	0.0	157671	2354.3400376475006	0.016257646	0.5319054077959386
15736.147518303187	300	7.650341862611649	0.0	157812	3155.211720439132	0.053090326	0.43687893222348395
15740.078887913805	300	7.7189722519939785	0.0	163927	3431.3696106176694	0.028031006	0.41586889742148503
15744.22156846849	300	7.576291697308426	0.0	137654	3142.680554685552	0.024417873	0.4310046348931523
15747.862870412908	300	7.934989752891255	0.0	146754	3141.3019444171705	0.020630747	0.4656675979077589
15752.270193065297	300	7.5276671005022795	0.0	153938	3407.322652388975	0.02218299	0.3998602515402725
15756.124755075216	300	7.673105090582708	0.0	181901	3354.562009919572	0.009796381	0.4191348902491347
15759.075412683142	300	7.787685700402202	0.0	111155	1385.4193901805052	0.016488032	0.6270776682081951
15760.859260833022	300	7.943380681834917	0.0	153605	1344.305018567285	0.12987466	0.6461749270913941
15766.113896239942	750	6.68874527491482	0.0	400508	5254.635406920097	0.6688391	-0.29154941737536394
15773.426720874135	750	4.0	0.6240793592780337	358218	7312.824634192853	0.6875422	-2.989704422022689
15776.286402991433	300	5.140317882701788	0.0	157488	2859.682117298213	0.011093094	-0.22516081349849532
15778.53970612749	300	6.8870147466443585	0.0	143881	2253.3031360574287	0.0050549624	0.4535986744439239
15781.91233118963	300	7.51438968450679	0.0	163444	2372.6250621375684	0.0106189735	0.5020520439462925
15785.477010510924	300	7.949710363212807	0.0	179328	3564.6793212939824	0.0147192525	0.42474673595933427
15789.880908578702	300	7.545812295435015	0.0	159914	3403.8980677777927	0.017483655	0.4019492059633572
15793.72646604399	300	7.700254830145892	0.0	131610	2345.557465289123	0.033788655	0.522648538491101
15797.056761194477	300	7.548481454541805	0.0	124011	2151.773375604086	0.01849206	0.527418584826457
15799.770635045987	300	7.51080539722865	0.0	144254	2037.676057313155	0.01050283	0.5352019526399433
15804.33830520421	750	6.943135239004915	0.0	390680	4567.670158223736	0.019132964	-0.1983675647539379
15807.550325241544	300	7.731115201672517	0.0	147968	1712.0200373323971	0.6588019	0.13897262767631838
15810.377591067083	300	7.840426245778044	0.0	161857	1890.688955894473	0.24019493	0.5816270500212728
15813.398200089452	300	7.768410159916466	0.0	145210	2072.016085861578	0.24230288	0.5565627056135949
15817.180161136417	300	7.986449112953209	0.0	172312	2281.961046963257	0.08041992	0.5565547104719595
15821.4773633178	300	7.689246931570414	0.0	167025	2297.2021813827946	0.07862844	0.5264245439345804
15825.61927261832	300	7.54733763105015	0.0	160064	2641.9093005202653	0.122641295	0.47829489800315594
15829.195731535794	300	7.9708787135761705	0.0	137507	2076.4589174739785	0.03427767	0.5756062545039091
15831.736514992333	300	7.928549243230205	0.0	118421	1542.3294703459658	0.048339233	0.6249449388240577

