20750.290021080993	750	4.0	3.666539248000215	450283	3666.5392480002147	0.06185511	-15.707653404908804
20751.222268900066	300	7.067752180926023	0.0	155580	932.2478190739762	0.052300677	0.15310039286383662
20754.696673011138	750	7.593348069854693	0.0	350812	2974.4041110713297	0.5950267	0.02354277563940299
20757.066615428394	300	7.779972455050935	0.0	155432	1313.37561480376	0.22970347	0.18353963697541636
20760.012604834443	750	7.675261148499873	0.0	411561	2604.7113065510625	0.68925166	0.06839628448447682
20763.058944589844	750	7.512730339597682	0.0	318564	2662.530808902192	0.16581249	0.4969705562411866
20765.236108058598	300	7.646053011723194	0.0	153295	866.6773278744882	0.39650065	0.21531956463020485
20768.376199446666	750	7.571250383376408	0.0	437162	2574.8026283467866	0.42924774	0.061375996075248684
20771.587950620866	750	7.908019223838581	0.0	374758	2163.2311595378264	0.26760554	0.5849475326699864
20775.990451650214	750	7.505518194492755	0.0	362795	4402.501029345826	0.55771637	0.3222793569036298
20780.116222606306	750	7.379747238399645	0.0	353220	4125.77095609311	0.6984589	0.33784676449500184
20781.89457564813	300	7.913966712739195	0.0	156148	1465.780525660449	0.49565065	0.1811962478964637
20783.924617509507	300	7.725232078281261	0.0	160746	1688.7346344579355	0.05829224	0.5907349105449454
20786.02099944331	300	7.672694734387132	0.0	179801	1052.5373438941274	0.033145837	0.6492978595940747
20789.443148660102	750	7.653542339899155	0.0	337059	2519.152394487978	0.591749	0.0748617152873291
20793.888038759866	1200	7.208652240136336	0.0	587876	4444.890099762819	0.100518815	-0.1364644401593435
20799.211669748413	750	5.885021251588341	0.0	360831	5323.630988547995	0.10695243	-0.37580834072980224
20802.904355726372	300	6.192335273631034	0.0	150616	3692.685977957307	0.005649353	-0.20720331107174922
20807.46096425309	300	5.635726746914605	0.0	165384	4556.60852671643	0.004705182	0.10283022071872638
20811.153808676878	300	5.942882323128682	0.0	140881	3692.8444237859217	0.004705182	0.21877070985149116
20814.307524054224	300	6.789166945778955	0.0	157671	3153.7153773497266	0.004705182	0.35413948651038
20816.39294545631	300	7.840142362446457	0.0	157812	1949.0245833324987	0.004705182	0.5757661631790449
20818.831820053027	300	7.8689035021162725	0.0	163927	1471.2388603301843	0.004705182	0.626313028378917
20820.356425042548	300	7.570418856447775	0.0	137654	1298.484645668497	0.004705182	0.6148589580814812
20822.340748133793	300	7.886317497050286	0.0	146754	1184.1013593974897	0.0048098094	0.6567028955900628
20825.576810167913	300	7.658397317316157	0.0	153938	1227.9201797341289	0.018090848	0.6303834331097876
20827.38964168692	300	7.5460525281538775	0.0	181901	1112.3447891622804	0.03644799	0.6311276565014616
20828.840435620783	300	7.880898926144595	0.0	111155	665.1536020092827	0.47329375	0.7080761276231531
20831.65613912223	750	7.870867298347552	0.0	400396	2010.0316277970428	0.4550584	0.14669157012147846
20835.621688244668	750	7.505928668956811	0.0	400508	2864.938629390742	0.23500232	0.47607510554022037
20839.341827391454	750	7.626164370586166	0.0	358218	2379.764298370644	0.055915076	0.5361653637432178
20842.566783592723	750	7.67387366565883	0.0	400322	2952.2907049273354	0.055380877	0.48350479782146905
20845.734521887036	750	7.621337328672676	0.0	369834	2552.536336986153	0.09231553	0.5184235515243908
20849.4210423171	750	7.934816898608467	0.0	412837	3686.5204300642085	0.06401305	0.43519791275343533
20855.650744818577	750	5.705114397133908	0.0	401088	6229.7025014745595	0.4536857	-0.03373173447670208
20858.119330048765	300	7.2365291669423115	0.0	159914	2468.5852301915966	0.004705182	0.01571163151906138
20861.40699699759	300	7.947700738058829	0.0	131610	2288.8284288834816	0.004705182	0.552138396459084
20865.69547637833	300	7.659221357320035	0.0	124011	2288.479380738793	0.004705182	0.5244068278110969
20869.577932764354	300	7.776764971294288	0.0	144254	3382.456386025747	0.004705182	0.42632283583841246
20873.853228128373	300	7.501469607276591	0.0	149991	3775.2953640176966	0.004705182	0.3605414414078869
20877.589997418367	300	7.764700317283414	0.0	147968	3236.7692899931776	0.004705182	0.43973030856377293
20881.631254958254	300	7.7234427773980245	0.0	161857	3041.25753988539	0.004705182	0.45531039772633586
20885.523876134324	300	7.8308216013266865	0.0	145210	2892.6211760713386	0.004705182	0.48050936988601833
20890.025280612383	300	7.329417123266845	0.0	172312	4501.4044780598415	0.004705182	0.27137027977306105
20894.01726027842	300	7.337437457230202	0.0	167025	3991.9796660366437	0.004705182	0.3230847273792994
20897.789285075578	300	7.565412660068972	0.0	160064	3272.0247971612284	0.004705182	0.4170230907508013
20900.734055015186	300	7.548590950732196	0.0	137507	2516.8217093367757	0.004705182	0.4909242905879329
20904.087653449675	300	7.7907658536221405	0.0	118421	1757.8250971100556	0.004705182	0.5901335658188764

