6259.847279581839	750	4.0	1.4326655545084757	450283	1432.6655545084757	0.06552021	-5.986043279735282
6260.402617802055	300	7.444661779784371	0.0	155580	555.3382202156292	0.5720303	-0.3802325581395349
6262.434852781732	750	7.65254620114809	0.0	350812	1292.1155786362808	0.27769727	-0.2755813953488372
6265.5364622555435	750	7.661801183837778	0.0	382355	2990.7450173103116	0.059052728	0.1744186046511628
6267.095050579645	750	7.7779392452715	0.0	411561	1383.8619385662792	0.14137033	0.1744186046511628
6268.249796516091	750	7.757929460267234	0.0	318564	1020.0097850042663	0.049927674	0.1744186046511628
6269.9535826730435	750	7.573404443211922	0.0	352642	1184.525017055311	0.05084098	0.1744186046511628
6271.801436737485	750	7.599108000038775	0.0	437162	1474.2964431731466	0.051402424	0.1744186046511628
6274.009021480802	750	7.947094505765228	0.0	374758	2152.0134942735485	0.055715244	0.1744186046511628
6275.912478119739	750	7.793151753569066	0.0	362795	1653.942752196162	0.042288557	0.1744186046511628
6277.602279390182	750	7.978008114166841	0.0	353220	1315.1436394022237	0.0404795	0.1744186046511628
6279.209969506615	750	7.566491876270691	0.0	405134	1411.5162378961493	0.04287207	0.1744186046511628
6280.601463242863	750	7.7338318949259195	0.0	386351	1332.6599813447715	0.05196113	0.1744186046511628
6282.652851480245	750	7.812554663221501	0.0	434409	1421.2772317044173	0.04875	0.1744186046511628
6285.501635758868	750	7.688218002907973	0.0	337059	2124.336660313527	0.051969033	0.1744186046511628
6287.275042792079	750	7.943738347902559	0.0	366214	1244.4796550054145	0.040014833	0.1744186046511628
6288.508175364974	750	7.7916357601081	0.0	360831	1152.102587794459	0.04121748	0.1744186046511628
6290.175095704014	750	7.593690573588316	0.0	372963	1197.9451865197843	0.048556976	0.1744186046511628
6292.284771628893	750	7.558340115909268	0.0	405596	1535.350457679047	0.049527712	0.1744186046511628
6294.758087665833	750	7.618844902539134	0.0	350713	1939.4952133701345	0.044788722	0.1744186046511628
6296.760651474922	750	7.819473433629195	0.0	386472	1799.3714689099402	0.041754022	0.1744186046511628
6298.783510728501	750	7.879639967379431	0.0	399894	1439.8334662497637	0.03664507	0.1744186046511628
6300.80774867099	750	7.899033861199791	0.0	401853	1480.6061061796413	0.038961343	0.1744186046511628
6302.144824653776	750	7.7473117545614185	0.0	343800	1151.7221066383722	0.041439407	0.1744186046511628
6303.491323311722	750	7.586739401806532	0.0	359903	1160.5723527548876	0.04242589	0.1744186046511628
6307.1485611014705	750	7.9160836786035	0.0	379700	1670.6557232030323	0.04308718	0.1744186046511628
6308.831273219405	750	7.768018662438324	0.0	425781	1648.0650161651752	0.035055272	0.1744186046511628
6310.281260444974	750	7.850348524239051	0.0	277716	917.6701381992731	0.036740165	0.1744186046511628
6312.081457082099	750	7.576408844760653	0.0	400396	1273.9396794783975	0.037764654	0.1744186046511628
6314.10794994111	750	7.576290855929257	0.0	400508	1500.1179888313966	0.041059777	0.1744186046511628
6316.565043111802	750	7.8109317151729885	0.0	358218	1765.3591407562697	0.039606247	0.1744186046511628
6318.775418334848	750	7.816611066167916	0.0	400322	1994.3206490050713	0.035296973	0.1744186046511628
6320.738902521495	750	7.962896321864928	0.0	369834	1353.7147443029878	0.036473297	0.1744186046511628
6323.003540543655	750	7.835462041506726	0.0	412837	1627.4342803582028	0.033042617	0.1744186046511628
6324.396040457367	750	7.532813965101472	0.0	401088	1302.648076405253	0.036407247	0.1744186046511628
6326.378162124956	750	7.821679026075162	0.0	365161	1211.1349390263101	0.038801566	0.1744186046511628
6329.265891533739	750	7.583307700270656	0.0	321064	1238.3713258045068	0.03568688	0.1744186046511628
6331.44238151893	750	7.89974175394369	0.0	361565	1683.5659463269662	0.035241764	0.1744186046511628
6332.818209664183	750	7.618289629199832	0.0	378327	1281.452124743859	0.03082164	0.1744186046511628
6334.471332807079	750	7.808916177706283	0.0	390680	1309.373451493548	0.03446044	0.1744186046511628
6336.236957696233	750	7.5879785502304005	0.0	345516	1220.9376274758845	0.033185974	0.1744186046511628
6338.040624027717	750	7.558489000977646	0.0	384505	1529.4895492527542	0.034971226	0.1744186046511628
6340.508583127636	750	7.621597770633354	0.0	372093	1936.8912303442924	0.035147846	0.1744186046511628
6342.7526698652355	750	7.9800884510705	0.0	438281	1641.509319562855	0.03907314	0.1744186046511628
6344.937721185492	750	7.83885143796191	0.0	398987	1641.23701310859	0.029844813	0.1744186046511628
6346.935854916947	750	7.541691754407022	0.0	393804	1297.1596835548878	0.034236744	0.1744186046511628
6348.261263559959	750	7.819474452066901	0.0	331053	1222.2173023401208	0.036218658	0.1744186046511628
6350.511535135662	750	7.565934348856545	0.0	314107	1253.5401032103566	0.031666584	0.1744186046511628

