16448.292306874824	750	4.0	10.535228578788095	450283	10535.228578788096	0.20501235	-45.12706428413764
16449.683153823356	300	6.609153051467327	0.0	155580	1390.8469485326723	0.018251033	-0.3802325581395349
16451.414413293674	300	7.926561113369437	0.0	139857	1682.5919380978908	0.09997219	0.06976744186046512
16454.235699122488	300	7.830252007971493	0.0	155432	2596.3091053979438	0.45895767	0.06976744186046512
16458.34048479408	300	7.58034743373442	0.0	163442	2249.904574237073	0.18333656	0.06976744186046512
16461.214040826588	300	7.501009994756285	0.0	126289	1579.3374389781347	0.09109026	0.06976744186046512
16464.973140240083	300	7.741910581263295	0.0	153295	2759.09941349299	0.025388768	0.06976744186046512
16468.85225540582	300	7.86279541552541	0.0	173849	3879.1151657378855	0.021068754	0.06976744186046512
16473.176453378837	300	7.538597442510701	0.0	150710	3824.197973014708	0.066384606	0.06976744186046512
16476.991096785947	300	7.7239540353995295	0.0	139105	3814.6434071111717	0.021503903	0.06976744186046512
16481.0441289612	300	7.670921860149386	0.0	141840	3553.032175250143	0.01345465	0.06976744186046512
16484.790477248524	300	7.924573572821734	0.0	156148	2746.3482873276544	0.0113622155	0.06976744186046512
16488.737105811186	300	7.977945010161482	0.0	160746	2946.628562660252	0.01299075	0.06976744186046512
16493.058334132787	300	7.656716688560009	0.0	179801	3321.228321601473	0.009692322	0.06976744186046512
16495.92451614673	300	7.677881636252903	0.0	140051	2478.8350523071063	0.0076993685	0.06976744186046512
16499.640032153915	300	7.9623656290703435	0.0	138313	2715.5160071825585	0.009515289	0.06976744186046512
16504.06612097442	300	7.5362768085640415	0.0	143509	3426.0888205063025	0.011234849	0.06976744186046512
16506.569976691808	300	7.623824896981496	0.0	150616	1912.451911582545	0.0083336895	0.06976744186046512
16509.640438906168	300	7.9592957022553525	0.0	165384	1664.5291947261435	0.016813844	0.06976744186046512
16512.283030998202	300	7.645966075455163	0.0	140881	1813.3296268001893	0.043701466	0.06976744186046512
16515.936373028042	300	7.992624045612826	0.0	157671	3153.342029842338	0.03966107	0.06976744186046512
16520.25220211022	300	7.676794963436598	0.0	157812	3315.8290821762284	0.025741942	0.06976744186046512
16523.16471881478	300	7.894753499881437	0.0	163927	2782.04146355516	0.012123828	0.06976744186046512
16526.456130739687	300	7.639285048280072	0.0	137654	2255.468451601366	0.014796839	0.06976744186046512
16528.973677783793	300	7.708483286481773	0.0	146754	1930.8017617982982	0.017633848	0.06976744186046512
16531.653169212605	300	7.5921102422299915	0.0	153938	1616.3730442517797	0.023547295	0.06976744186046512
16534.604286462854	300	7.828110837884287	0.0	181901	2263.9994043457054	0.02901143	0.06976744186046512
16537.73756300472	300	7.7100314709039	0.0	111155	2118.0793669803884	0.026029132	0.06976744186046512
16541.99431813248	300	7.453276343141612	0.0	153605	4256.755127762288	0.01687294	0.06976744186046512
16545.64760660245	300	7.799987873170654	0.0	149029	3653.288469970957	0.0076143336	0.06976744186046512
16549.828393360804	300	7.619201114817699	0.0	157421	4180.786758352955	0.0072244285	0.06976744186046512
16553.585193012295	300	7.862401463322674	0.0	157488	3756.7996514950255	0.0052060336	0.06976744186046512
16557.68795959012	300	7.759634885499054	0.0	143881	3102.766577823619	0.0048515946	0.06976744186046512
16562.121908606205	300	7.325685869416308	0.0	163444	4433.949016082746	0.0047399867	0.06976744186046512
16568.264910762697	300	5.1826837129235885	0.0	179328	6143.002156492719	0.004705182	0.06976744186046512
16572.527651813096	300	4.919942662523743	0.0	159914	4262.741050399845	0.004705182	0.06976744186046512
16575.37336831684	300	6.074226158781189	0.0	131610	2845.716503742554	0.004705182	0.06976744186046512
16577.963901074738	300	7.483693400883238	0.0	124011	2590.5327578979504	0.004705182	0.06976744186046512
16581.868540663087	300	7.579053812534218	0.0	144254	2904.6395883490204	0.004705182	0.06976744186046512
16585.91001990034	300	7.537574575278884	0.0	149991	2541.4792372553334	0.004705182	0.06976744186046512
16589.871183155985	300	7.576411319635191	0.0	147968	3961.163255643692	0.004705182	0.06976744186046512
16593.80013211639	300	7.647462359231233	0.0	161857	3928.9489604039595	0.004705182	0.06976744186046512
16597.498157607202	300	7.9494368684161705	0.0	145210	3198.025490815062	0.004705182	0.06976744186046512
16601.278780588327	300	7.842021233039804	0.0	172312	3107.415635376367	0.004705182	0.06976744186046512
16604.121514285704	300	7.952258071726317	0.0	167025	2389.763161313487	0.004705182	0.06976744186046512
16608.329220228392	300	7.744552129040565	0.0	160064	2707.705942685752	0.004727591	0.06976744186046512
16611.46103909669	300	7.828980910265989	0.0	137507	1415.5712187745764	0.004705182	0.06976744186046512
16614.54167937414	300	7.711784615300017	0.0	118421	1617.1962949659708	0.0054683397	0.06976744186046512

