14070.198209750202	750	4.0	1.464606764188326	450283	1464.606764188326	0.0047306893	-6.019150476136493
14071.433195945727	750	6.765013804474078	0.0	398865	1234.9861955259219	0.41201514	0.5677564377906181
14074.480257829044	1850	7.717951921156034	0.0	877771	3047.0618833180433	0.2364759	-0.5628948905503213
14077.701878842345	1850	7.800468735886842	0.0	933276	2917.4831852691927	0.6854639	0.5580053179429013
14082.132749669157	2850	7.369597909073877	0.0	1472558	4430.870826812964	0.5983299	-0.5813190366807959
14085.824355738932	1850	7.616299268343606	0.0	801058	3253.298640730272	0.5849077	-0.49330275148868374
14089.499726696682	1850	7.940928310594601	0.0	905515	3175.370957749005	0.019088795	0.5457359369293505
14093.392331472616	1850	7.551465039773504	0.0	1060487	3389.463270821098	0.010725856	0.4868404161474458
14096.502024335845	1850	7.553189389317649	0.0	852833	2998.2756504558556	0.0075115226	0.5261251488184566
14102.42644965217	1850	5.62876407299056	0.0	913888	5924.42531632709	0.009338918	0.04828202367307133
14104.88596967619	750	7.169244048969861	0.0	353220	2459.5200240206987	0.5437017	-0.6157893173186393
14107.168336029008	750	7.540742139571051	0.0	405134	1628.5019093988105	0.6229525	0.6030696142802258
14110.905508173984	1850	7.803569994595033	0.0	946851	3737.172144976018	0.7368268	-0.623665078296533
14115.950175165735	1850	6.758903002843887	0.0	1036454	5044.666991751146	0.034797087	0.24503503294065754
14119.297880250524	1850	7.411197918054835	0.0	821631	3347.7050847890523	0.097653754	0.47751536233861835
14123.241710032324	1850	7.467368136255336	0.0	923170	3943.8297817994994	0.046743974	0.4233093409911797
14127.349560411043	1850	7.3595177575348165	0.0	966699	4107.85037872052	0.0520263	0.39652655782764645
14131.174418300014	1850	7.5346598685644	0.0	885714	3824.8578889704163	0.04794906	0.441683437201083
14134.992654320224	1850	7.716423848355006	0.0	987708	3818.236020209395	0.043585725	0.45984061698919504
14138.583814620455	1850	7.644935132305261	0.0	923755	3571.4887160497433	0.027032364	0.4776344759474612
14142.092840528243	1850	7.790257918054081	0.0	891604	3354.6772142511804	0.027415948	0.513303112039312
14146.317588759324	1850	7.565509686972813	0.0	955231	3724.748231081268	0.021807402	0.4546637336297304
14149.952080768438	1850	7.931017677858476	0.0	968026	3634.4920091143376	0.025388297	0.49886992194955904
14153.813515290365	1850	7.77209487421005	0.0	874175	3158.922803648425	0.019102175	0.5311303391593012
14158.194861303138	1850	7.39074886143761	0.0	897976	4381.34601277244	0.016015008	0.37218302423123745
14164.335160773435	1850	5.250449391138857	0.0	905935	6140.299470298753	0.05956265	-0.009718616638787037
14166.731007802313	750	6.854602362261851	0.0	425781	2395.8470288770063	1.1084155	-0.6397066434221783
14169.3566484493	1200	7.796784172731879	0.0	487160	2557.8181895299713	0.6025608	0.10885112840903705
14173.337606473719	1200	7.815826148313318	0.0	622896	3480.958024418562	0.69384545	0.46836995705496787
14179.523708118157	1200	5.62972450387295	0.0	641447	6186.101644440368	0.61719096	-0.012559212207030046
14182.52587495817	750	6.627557663859701	0.0	358218	3002.166840013249	0.24909857	-0.07219193889341624
14186.23235643095	750	6.9210761910814655	0.0	400322	3706.4814727782364	0.2430873	0.3356280949595168
14189.712378663846	750	7.441053958185628	0.0	369834	3480.0222328958375	0.10646735	0.4083224793763299
14192.736505779334	750	7.8207666939432405	0.0	412837	2620.287264242388	0.11676917	0.5308437654589458
14195.410480381806	750	7.825699384830084	0.0	401088	2495.0673091131553	0.55243975	0.5438405381648084
14199.1765074987	1200	7.507139459062478	0.0	598727	3318.5599257676054	0.69141316	0.004898316682801607
14202.946360940534	1200	7.680946333708001	0.0	487812	3326.1931253544767	0.38194376	0.47086410907896614
14206.516888782236	1200	7.647512623097558	0.0	575591	3533.4337106104435	0.42610157	0.44692201730593656
14210.500279322705	1200	7.664122082629114	0.0	605884	3983.390540468445	0.37851685	0.4035250139766428
14214.650566592376	1200	7.5138348129561345	0.0	587506	3650.2872696729787	0.46480656	0.422370017834707
14218.411590642036	1200	7.752810763298612	0.0	566904	3761.024049657522	0.4546696	0.4342980509684524
14230.20086343372	1200	4.0	4.036462028387207	641452	11789.272791685818	0.43129128	-18.086525914106762
14232.66356066534	300	5.537302768381132	0.0	145210	2462.6972316188685	0.037610427	-0.5972520713416141
14237.22907079953	300	4.971792634188844	0.0	172312	4565.510134192287	0.014595589	0.03803563507045321
14241.53934213791	300	4.661521295809674	0.0	167025	4310.27133837917	0.004705182	0.03369554010633102
14245.102115104006	300	5.098748329713367	0.0	160064	3562.772966096307	0.004705182	0.15052898415207538
14248.399267838955	300	5.801595594764739	0.0	137507	3297.1527349486287	0.004705182	0.24474086800638506
14252.009885158646	300	6.190978275073241	0.0	118421	3610.6173196914983	0.005105015	0.2508729420769097

