15444.925828023901	750	4.0	1.8710689380755445	450283	1871.0689380755446	0.020613821	-7.845176239487797
15446.313238936276	300	5.831828969935454	0.0	155580	668.1710300645457	0.7276044	-0.22550657952723585
15447.512672615594	750	5.811732181102736	0.0	350812	1020.096788832719	0.7518482	-0.08238782426802194
15449.006017027865	750	5.714728324853475	0.0	382355	1097.0038562492612	0.5194787	0.3418401839371406
15452.141586958796	750	5.725113713698629	0.0	411561	1489.6146111548453	0.51151407	0.2517429657253938
15453.465782035504	750	5.905993777982814	0.0	318564	1319.119935715816	0.49609014	0.2842804432308936
15454.860797877245	750	5.711023508709226	0.0	352642	1194.9702692735884	0.6220834	0.313815338876974
15456.325167172616	750	5.94886161385649	0.0	437162	1262.1618948527366	0.50355303	0.2971092706326341
15458.304564431233	750	5.585266622807734	0.0	374758	1363.5949910487564	0.50643176	0.2750083437249819
15459.456018054321	750	5.527440945047952	0.0	362795	1057.8256777597821	0.5622066	0.35450075365362554
15461.337208775252	750	5.798659600146384	0.0	353220	1228.7813449015682	0.5774159	0.30518041436415155
15462.780704654677	750	5.883116329399198	0.0	405134	1415.543270747186	0.5859739	0.2649159568269916
15463.687319982477	300	5.703785041387693	0.0	160746	679.3312880115042	0.59049994	-0.2291946247035514
15466.35552459243	750	5.783324670453718	0.0	434409	1920.4603709339751	0.6574315	-0.25473432012677943
15468.00554072846	750	5.862188774401373	0.0	337059	1421.1358960523444	0.6652286	0.2638734276163746
15469.733045926732	300	5.68787630480139	0.0	138313	674.3124695999832	0.6449082	-0.2275511995366432
15471.411102752985	300	5.830444260761953	0.0	143509	1357.4320440394358	0.58364487	0.11050276929785093
15475.476621045786	300	5.764925967961879	0.0	150616	2065.5182928000736	0.22179466	0.07262099809179412
15476.85419759419	300	5.604209193115839	0.0	165384	660.7167748460388	0.064552784	0.22702617174348755
15480.611886455843	300	5.846520331462915	0.0	140881	2257.688861652924	0.32980585	0.0664396244087329
15483.284847548624	300	5.837314059778851	0.0	157671	2509.2062716840633	0.028851703	0.0597798601465024
15484.640198981513	300	5.561515768182573	0.0	157812	1275.798291596278	0.009426907	0.11757344478986573
15487.120344335419	300	5.786219695225809	0.0	163927	1275.296072956763	0.01643275	0.11761974586201483
15490.001908314898	300	5.817862312610607	0.0	137654	1468.3573826152026	0.016100632	0.10215496702365746
15492.39649959765	300	5.58717004116752	0.0	146754	1230.6922714430887	0.015918313	0.12188262125357509
15494.4910967549	300	5.751820925296186	0.0	153938	1335.3491158713327	0.00800544	0.11233017509591343
15497.422058187181	300	5.5409641915457	0.0	181901	2210.856733750486	0.010180124	0.06784700144072238
15498.377442953872	300	5.598324190965512	0.0	111155	942.6400005801873	0.0053504594	0.15912755655146843
15502.306943100128	300	5.5699465293918715	0.0	153605	2028.3776615736406	0.006751322	0.07395072566694909
15505.244078663602	300	5.701939927996619	0.0	149029	1868.0066013952521	0.004705182	0.08029950209381592
15507.833371721139	300	5.771857885267915	0.0	157421	1430.0820427287047	0.004705182	0.10488908714201366
15510.075134161998	300	5.53558220074251	0.0	157488	1236.2756845254044	0.0050486797	0.12133216068031276
15511.358336049696	300	5.78672458256014	0.0	143881	1248.8576181823705	0.004889573	0.1201097689729555
15514.016958799979	300	5.794585356677358	0.0	163444	1492.1392258827816	0.006540292	0.10052681237654401
15516.123757791069	300	5.809427718831188	0.0	179328	1485.15763784617	0.004790946	0.1009993795793526
15518.098952429096	300	5.5176510284387	0.0	159914	1291.7766903924864	0.0052634026	0.11611914126924276
15519.31803198068	300	5.84982021246534	0.0	131610	1167.8308159733604	0.005177203	0.12844326245576798
15521.687044844597	300	5.63593816231178	0.0	124011	1213.8820501535583	0.0050924495	0.12357049021445266
15523.4953876592	300	5.644332161891507	0.0	144254	1491.606000420274	0.004705182	0.1005627491158765
15526.18314088176	300	5.538823962704019	0.0	149991	1605.5081991874877	0.004705182	0.09342836123534698
15528.255786559479	300	5.508623630530607	0.0	147968	1530.2003321734117	0.004705182	0.09802638049813277
15530.04224736895	300	5.7866158365673215	0.0	161857	1222.0077939632845	0.004705182	0.1227488079380505
15532.093367641257	300	5.803282279668116	0.0	145210	983.3335568992061	0.004705182	0.1525423382000736
15534.41837715073	300	5.994670897135071	0.0	172312	1308.6113825330456	0.0049658166	0.11462532116268838
15536.64626835084	300	5.67392428905068	0.0	167025	1320.7466080843906	0.004749666	0.11357212585808556
15538.650334662154	300	5.820463443405843	0.0	160064	1353.4608456448373	0.004705182	0.11082699620212111
15540.251504479143	300	5.680181267746135	0.0	137507	1140.2821756597089	0.004705182	0.13154638667680452
15542.561740465446	300	5.54050714325995	0.0	118421	1139.6741244861848	0.004705182	0.13161657071720093

