1260.421319990308	750	4.0	2.4304790559882594	450283	2430.4790559882595	0.016477725	0.25297195951745316
1261.4912078327397	300	6.930112157568032	0.0	155580	1069.8878424319682	0.004705182	0.29953830373774104
1262.7018530098833	300	7.79997304681631	0.0	139857	1130.1391107517218	0.004705182	0.8509165645102014
1264.8147102345845	300	7.718797491501577	0.0	155432	1081.1755553147332	0.004705182	0.8457900189909406
1267.1795142621056	300	7.742236331534448	0.0	163442	976.5611599671278	0.004705182	0.8591454969313413
1268.7759431132986	300	7.763143301564924	0.0	126289	1479.0930299695244	0.004705182	0.8114737335053446
1270.3847054937794	300	7.702430045736285	0.0	153295	1060.7132558286403	0.004705182	0.8458153291081693
1274.572334491366	300	7.514801048149709	0.0	173849	2687.6289975865743	0.004705182	0.6599568437599035
1277.7483264280586	300	7.714644140922723	0.0	150710	1800.1569072269874	0.004705182	0.7733790616604611
1282.1498266257079	300	7.313143943273414	0.0	139105	4401.500197649309	0.004705182	0.4636707353453408
1285.5504105991156	300	7.91255996986577	0.0	141840	3400.5839734076444	0.004705182	0.6377734009560163
1289.722828869881	300	7.740141699100344	0.0	156148	3172.4182707654254	0.004705182	0.6393011575788882
1293.5375177413375	300	7.9254528276437455	0.0	160746	3814.6888714565985	0.004705182	0.597954816958558
1297.6330480576153	300	7.829922511365924	0.0	179801	4095.530316277822	0.004705182	0.5580753616238832
1300.8900844052228	300	7.976682657573398	0.0	140051	2353.2398537925274	0.004705182	0.750425163803429
1304.9798919428695	300	7.886875119926603	0.0	138313	1589.8075376467946	0.004705182	0.8156796869878368
1306.860663249542	300	7.508291463221067	0.0	143509	1378.5836567055364	0.004705182	0.7900576269472865
1310.8550322477518	300	7.513922465011412	0.0	150616	1994.368998209655	0.004705182	0.7291743633572194
1313.1638842529749	300	7.532774781738393	0.0	165384	1981.1476832730177	0.004705182	0.7328242264522193
1314.464774284913	300	7.8511819553442805	0.0	140881	681.5928263941141	0.004705182	0.9020940548189482
1316.4698778914985	300	7.603278769123401	0.0	157671	1247.9031862208785	0.004705182	0.8148539383187361
1317.716697737196	300	7.503468999257193	0.0	157812	1099.8097698662073	0.004705182	0.8173395767826378
1318.5407136079843	300	7.79996605407859	0.0	163927	703.502945178603	0.004705182	0.8935793176608133
1319.749919704834	300	7.670619511358571	0.0	137654	629.3465427200185	0.004705182	0.8850242929017681
1320.5829528499203	300	7.584032758830165	0.0	146754	586.5867525284066	0.004705182	0.8786092399890828
1321.5724745192222	300	7.66749512520827	0.0	153938	916.537633621894	0.004705182	0.8559194098782144
1323.1043753983906	300	7.828036651014037	0.0	181901	839.4584741942333	0.004705182	0.8834496950478866
1325.3743283586962	300	7.724281397348385	0.0	111155	603.7552536656533	0.004705182	0.8942091574987239
1327.7286314101382	300	7.51022868194717	0.0	153605	1714.0527154012148	0.004705182	0.7567499131787616
1331.706867526495	300	7.531992565590377	0.0	149029	1978.2361163567928	0.004705182	0.7330188014200579
1333.2441151830535	300	7.6126119680100235	0.0	157421	1419.3805975803523	0.0047069695	0.7988585850990629
1335.9109659485541	300	7.633120153248834	0.0	157488	979.4918147611887	0.0047176974	0.8453796482343194
1338.975683698003	300	7.72944080139422	0.0	143881	2403.6793518546156	0.004729974	0.7148537891647271
1341.4481414358356	300	7.888731031274989	0.0	163444	2340.70977011923	0.004734385	0.7408186166642089
1342.5299793565366	300	7.968686083280974	0.0	179328	920.0449479940147	0.004747615	0.8927573020619464
1343.8570046032664	300	7.586069955769682	0.0	159914	882.6161275112906	0.0047484497	0.8492578390930556
1344.9502621625074	300	7.6266457072585	0.0	131610	959.4242485111834	0.004777532	0.8465869926305154
1346.7820992019917	300	7.862643842881403	0.0	124011	1764.001864377097	0.004832059	0.7952683721957183
1348.4421920016218	300	7.691515111619796	0.0	144254	671.1287312616082	0.004871545	0.883426093774698
1349.9788506065245	300	7.917667805352823	0.0	149991	1273.8473062669739	0.005611055	0.8510777418864052
1352.436660876769	300	7.820168281048187	0.0	147968	1597.4995243046349	0.0055534006	0.8066740673489055
1354.7955472676267	300	7.630880482589451	0.0	161857	1189.2877984587353	0.006409394	0.8241235134448807
1356.7991453441816	300	7.9488807165114155	0.0	145210	1181.9997660780355	0.0077998172	0.8641164137407429
1359.1192576197573	300	7.939623705462101	0.0	172312	1509.2570110493145	0.008689998	0.8302477083853226
1360.5642771045368	300	7.782541643335386	0.0	167025	1157.082062126717	0.009847398	0.8460699806473531
1363.112162394492	300	7.917567776184145	0.0	160064	1364.9738671512403	0.011229095	0.8419527350052161
1364.7570908932205	300	7.736559152222118	0.0	137507	1181.0086239620261	0.015058898	0.8379997783445526
1365.4537014416633	300	7.570213824883743	0.0	118421	666.3453273383756	0.015905095	0.8689271323050101

