12113.367606744705	750	4.0	4.236019030700693	450283	4236.019030700693	0.0047891466	0.07241796204620976
12114.510315762289	300	6.857290982416554	0.0	155580	1142.7090175834455	0.036028225	0.2832648164561429
12116.39490390884	300	7.879360914208802	0.0	139857	1477.9300682077526	0.0097229555	0.8259396405808457
12118.247217475393	300	7.906533131977576	0.0	155432	1472.8277822312257	0.008636795	0.8298048748732754
12120.387776839603	300	7.540996289584509	0.0	163442	1365.5368423930656	0.009181725	0.7954004358376083
12122.582089637872	300	7.556351256258258	0.0	126289	1984.6450333262512	0.011427546	0.7353855238458713
12125.85652639362	300	7.823966675006037	0.0	153295	2732.3845812522213	0.008054232	0.693654556620551
12129.929574697988	300	7.750918370638323	0.0	173849	3573.048304367713	0.007878576	0.600568770463838
12134.049199771458	300	7.631293297167944	0.0	150710	3119.625073470378	0.0070447912	0.6311407569492308
12136.611599316459	300	7.517456377134202	0.0	139105	2113.836920033742	0.007149333	0.7176639100632187
12140.378994133955	300	7.750061559637936	0.0	141840	2767.3948174962657	0.0067273043	0.6810283270581138
12144.394798609987	300	7.734257083606079	0.0	156148	3015.8044760318567	0.0061281747	0.6542359523228409
12146.118168674635	300	7.558452948529688	0.0	160746	1675.8041350763913	0.005802137	0.7665291136350971
12148.486761981016	300	7.7729392219740365	0.0	179801	1285.513726555651	0.0060149506	0.832041184874343
12149.674211714322	300	7.875754197684391	0.0	140051	897.1850242896451	0.007879369	0.883568816785542
12152.01634998391	300	7.804817422199705	0.0	138313	570.9367754846864	0.009282657	0.9074349423303607
12154.639414500807	300	7.718885906001088	0.0	143509	2085.931516198617	0.011822504	0.7453253396098996
12157.41779641025	300	7.863261399179716	0.0	150616	1355.624506821373	0.009388031	0.8361823588085198
12159.919290739537	300	7.7138930025965635	0.0	165384	1149.3683965831508	0.0097663775	0.8383651682391619
12161.768777196876	300	7.900212764128999	0.0	140881	1313.6802384675655	0.011193585	0.844939241343674
12164.61530573626	300	7.769851541872238	0.0	157671	1630.361222256762	0.011769253	0.7971751935368745
12167.15457400354	300	7.833301052496352	0.0	157812	2436.5504893758857	0.011400508	0.7243904992489105
12168.59076377954	300	7.556565120197589	0.0	163927	1276.7359322987625	0.009182228	0.8062028401382241
12170.108640335287	300	7.947353778525788	0.0	137654	609.2113416717998	0.0117490515	0.9212067222280123
12171.543179089962	300	7.6744169795762485	0.0	146754	772.9367989495402	0.012582271	0.8711341479423105
12173.497503207596	300	7.5630559463218665	0.0	153938	1111.361033254381	0.0131841265	0.8235417647579318
12176.673829575386	300	7.541374247616648	0.0	181901	1521.6816987052184	0.012234777	0.779832617407466
12177.996903450745	300	7.907159653979365	0.0	111155	1134.2145936372842	0.011695942	0.8637435516024538
12179.98121539538	300	7.834433332021639	0.0	153605	1572.7263219577255	0.011148397	0.8109127207091984
12181.416854244651	300	7.767406732726627	0.0	149029	1067.0265992950117	0.010600053	0.8532067905721435
12183.464747705111	300	7.857766036983168	0.0	157421	1909.6406957434594	0.012959041	0.7801022170360232
12185.654627941114	300	7.571952391840514	0.0	157488	1285.8136451426535	0.011955676	0.807194964711744
12189.465004569525	300	7.761575763430434	0.0	143881	3810.3766284100807	0.011692871	0.578151826729907
12194.64990224527	300	6.576678087686042	0.0	163444	5184.897675744392	0.008313233	0.2943981398555109
12200.023897295907	300	5.202683037049839	0.0	179328	5373.995050636203	0.0068291966	0.10583860569874348
12204.786797050418	300	4.439783282539276	0.0	159914	4762.899754510563	0.0059578624	0.07275144357610763
12209.312531195872	300	4.0	0.08595086291366988	131610	4525.734145452946	0.0054530697	0.0421671215012171
12213.321063324816	300	4.0	0.0085321289444978	124011	4008.532128944498	0.005380532	0.09388732315206189
12217.871789038794	300	4.0	0.5507257139771182	144254	4550.725713977118	0.004711618	0.03966796464879979
12222.539902287972	300	4.0	0.6681132491778835	149991	4668.1132491778835	0.004705182	0.027929211128723264
12226.852230274179	300	4.0	0.31232798620727226	147968	4312.327986207272	0.004705182	0.06350773742578442
12231.577207196773	300	4.0	0.7249769225964956	161857	4724.976922596496	0.004705182	0.022242843786862032
12235.73185303142	300	4.0	0.15464583464619044	145210	4154.64583464619	0.004705182	0.07927595258189257
12240.727511891993	300	4.0	0.9956588605724283	172312	4995.658860572428	0.004705182	-0.0048253500107312
12245.60857862764	300	4.0	0.8810667356480417	167025	4881.066735648042	0.004705182	0.006633862481707442
12249.84544879021	300	4.0	0.2368701625712929	160064	4236.870162571293	0.004705182	0.07105351978938235
12251.547952679945	300	6.2974961102668665	0.0	137507	1702.5038897331335	0.004705182	0.6081663857691593
12253.986159486009	300	7.662088300579289	0.0	118421	1135.4078096875774	0.0048910333	0.8333648012941537

