19465.56762405241	750	4.0	3.666539248000215	450283	3666.5392480002147	0.0050214194	-15.707653404908804
19466.499871871485	300	7.067752180926023	0.0	155580	932.2478190739762	0.021860395	0.15310039286383662
19469.319073351224	300	7.5125449269096265	0.0	139857	1055.2072540163974	0.5491383	0.6336162647098019
19471.721603825226	300	7.7232768552025775	0.0	155432	1289.2680717070498	0.5226183	0.6304933743412913
19474.69700576591	750	7.632207081262036	0.0	411561	2591.06977394054	0.6814803	0.06561643406544415
19478.252350063733	750	7.9717010491180265	0.0	318564	2660.5060321440114	0.33294076	0.541349494616913
19480.496108486677	300	7.5922408893871145	0.0	153295	879.4601597309115	0.56099844	0.20886180254046677
19483.65207835619	750	7.536405081486675	0.0	437162	2555.8358079004397	0.4060081	0.05991877758205394
19486.952051438508	750	7.846485618834888	0.0	374758	2189.9194626517874	0.1284046	0.5763560218328326
19491.386905959902	750	7.411631097442144	0.0	362795	4434.854521392744	0.20809373	0.31000726620966235
19495.508281462167	750	7.290255595174407	0.0	353220	4121.375502267737	0.33944738	0.32967263589376455
19497.316176667424	300	7.854449809410417	0.0	156148	1435.8057857639908	0.12428025	0.17846515122496268
19499.35530279083	300	7.690931495600849	0.0	160746	1663.5183138095667	0.17654099	0.5899550719247604
19501.494433969914	300	7.634169820408981	0.0	179801	1056.761675191869	0.0808655	0.6451673590146332
19504.95286811298	750	7.616137419772733	0.0	337059	2518.0324006362475	0.55510277	0.07137344792416228
19508.304584608126	750	7.910480124463769	0.0	366214	2705.657295308963	0.4450029	0.530941783619301
19512.56478225237	750	7.65028248021722	0.0	360831	4260.197644246549	0.5212318	0.35044342505338677
19516.458059394467	300	7.757005338120667	0.0	150616	3393.277142096552	0.0583354	-0.026661127275283247
19520.808171123277	300	7.406893609311808	0.0	165384	4350.111728808859	0.004705182	0.2939567559311296
19524.6507049692	300	7.564359763387079	0.0	140881	3842.533845924729	0.004705182	0.35987084335318814
19528.47932794503	300	7.735736787557563	0.0	157671	3828.6229758295153	0.004705182	0.377757166803934
19530.83894330267	300	7.9263303055591825	0.0	157812	2309.4064819983823	0.004705182	0.5480236623460866
19533.179826117313	300	7.960993364708138	0.0	163927	1465.336940851045	0.004705182	0.6357669759244399
19534.65800853049	300	7.639675075917072	0.0	137654	1321.318288791067	0.00702592	0.6192415848535072
19536.573075402266	300	7.955573716519583	0.0	146754	1184.1013593974897	0.006744245	0.6633688866743457
19539.742839206832	300	7.7261745418263414	0.0	153938	1229.399174693241	0.01727194	0.6367591697257584
19541.510914131304	300	7.602319437678405	0.0	181901	1123.8551041479357	0.023643412	0.6353923800080755
19542.88459626159	300	7.947588282698227	0.0	111155	654.7311549801788	0.32768393	0.71553729989112
19545.63930244532	750	7.934710635481726	0.0	400396	2012.8776472165018	0.6883986	0.1525519630895702
19549.530054755523	750	7.575248743641125	0.0	400508	2859.4618918406018	0.05315697	0.48329491651768736
19551.96986761327	300	7.550987552449671	0.0	157421	1024.2611911914532	0.28812093	0.1904110180847892
19555.24032397438	750	7.613535176670536	0.0	400322	2937.452375779135	0.69849396	0.02918098150684495
19558.461256238632	750	7.564571099208548	0.0	369834	2548.9640774619866	0.5989963	0.5133169623509473
19562.20694003757	750	7.81888730026771	0.0	412837	3745.6837989408377	0.37463906	0.41812321817796094
19566.057549536392	300	7.9224085197228655	0.0	179328	2896.4787805448445	0.11359018	0.03893895607676329
19570.03047122845	300	7.94948682766264	0.0	159914	2472.9216920602257	0.004705182	0.5339009833279215
19573.49069866422	300	7.717899324947946	0.0	131610	2231.587502714693	0.004705182	0.5357438377448449
19577.27865911725	300	7.929938871913164	0.0	124011	2287.9604530347815	0.004705182	0.5505155939203186
19581.532049423717	300	7.6765485654493935	0.0	144254	3253.3903064637707	0.004705182	0.4295834990263268
19585.28956459023	300	7.919033398936662	0.0	149991	3757.5151665127314	0.004705182	0.40251045820752773
19589.540956250778	300	7.667641738386357	0.0	147968	3251.391660550305	0.004705182	0.42892607122940246
19593.55364655	300	7.654951439167106	0.0	161857	3012.6902992192513	0.004705182	0.451574751410961
19597.476682160144	300	7.731915829022797	0.0	145210	2923.0356101443094	0.004705182	0.46794813170196276
19602.00153221926	300	7.2070657699059035	0.0	172312	4524.850059116893	0.004705182	0.2572492626445592
19605.977692831264	300	7.230905157903645	0.0	167025	3976.160612002259	0.004705182	0.31441277597477546
19609.235067559755	300	7.973530429411073	0.0	160064	3257.374728492572	0.004705182	0.4577699041127205
19611.874397557134	300	7.9053698065168865	0.0	137507	2568.1606228941864	0.004705182	0.520130776023561
19615.37121713584	300	7.647544709406831	0.0	118421	1757.8250971100556	0.004705182	0.5763483653309505

