12773.697509179907	750	4.0	6.275717151967713	450283	6275.717151967713	0.51030564	-26.811165148810005
12775.872191898265	300	5.825317281643536	0.0	155580	2174.6827183564637	0.021181516	-0.3802325581395349
12777.958116402664	300	7.7393927772440305	0.0	139857	2085.924504399506	0.028506152	0.06976744186046512
12781.885082238465	300	7.812426941441434	0.0	155432	3926.9658358025963	0.29336816	0.06976744186046512
12783.99906024641	300	7.5070829521331905	0.0	163442	1805.343989308242	0.040281504	0.06976744186046512
12789.923851600246	750	5.582291598296211	0.0	318564	5924.791353836979	0.47122508	-0.2755813953488372
12792.014194104817	300	7.4919490937264674	0.0	153295	2090.342504569744	0.03028398	-0.3802325581395349
12794.982088043274	300	7.774886086868186	0.0	173849	2717.063006858282	0.26225612	0.06976744186046512
12798.919349440785	300	7.837624689358268	0.0	150710	2437.2613975099166	0.47230738	0.06976744186046512
12802.017614571918	300	7.5675382740465995	0.0	139105	1770.0864153116695	0.16523734	0.06976744186046512
12805.910133290015	750	7.675019555949201	0.0	353220	3392.518718097398	0.69146407	-0.2755813953488372
12810.53082152146	750	7.054331324503402	0.0	405134	4620.688231445799	0.61608374	0.1744186046511628
12818.871924079245	750	4.0	1.2867712332809842	386351	8341.102557784387	0.6033902	-5.3586976984570684
12822.938331349216	300	4.0	0.06640726997231013	179801	4066.40726997231	0.0071430434	-0.6657838190204683
12825.603390740436	300	5.334940608781639	0.0	140051	2665.0593912183613	0.004705182	0.06976744186046512
12828.176229216435	300	6.762102132782842	0.0	138313	2572.8384759987966	0.004942056	0.06976744186046512
12831.296719365657	300	7.641611983560574	0.0	143509	3120.4901492222684	0.008915371	0.06976744186046512
12835.394356467237	300	7.54397488198014	0.0	150616	3597.6371015804334	0.2286828	0.06976744186046512
12839.387478618586	300	7.550852730630783	0.0	165384	3993.1221513493565	0.100301534	0.06976744186046512
12843.278989697877	300	7.659341651339493	0.0	140881	2891.5110792912906	0.1513303	0.06976744186046512
12846.154908982371	300	7.816158939483314	0.0	157671	2343.1827118561787	0.12271077	0.06976744186046512
12850.31290193504	300	7.658165986816728	0.0	157812	3157.992952666586	0.20641246	0.06976744186046512
12854.242261378613	300	7.728806543242594	0.0	163927	3429.359443574134	0.13881856	0.06976744186046512
12858.39130868558	300	7.579759236277274	0.0	137654	3149.0473069653203	0.18456367	0.06976744186046512
12862.02476296899	300	7.946304952866767	0.0	146754	3133.4542834105064	0.13269736	0.06976744186046512
12866.441536834456	300	7.529531087400028	0.0	153938	3416.773865466739	0.17172348	0.06976744186046512
12870.28038162393	300	7.690686297926532	0.0	181901	3338.844789473496	0.09656428	0.06976744186046512
12873.242862286948	300	7.808550645064426	0.0	111155	1382.135652862105	0.11927643	0.06976744186046512
12875.034581042715	300	7.967863719760145	0.0	153605	1340.6869253042796	0.32670093	0.06976744186046512
12880.292142424521	750	6.710302337952777	0.0	400508	5257.561381807368	0.6379481	-0.2755813953488372
12887.607603352038	750	4.0	0.6051585895641938	358218	7315.460927516971	0.5422828	-2.4277633304748703
12890.463943277124	300	5.143660074914366	0.0	157488	2856.3399250856337	0.008200634	-0.3802325581395349
12892.716161003766	300	6.891442348274018	0.0	143881	2252.2177266403473	0.006085226	0.06976744186046512
12896.090351732071	300	7.517251619967952	0.0	163444	2374.1907283060655	0.014773948	0.06976744186046512
12899.662104148189	300	7.945499203850608	0.0	179328	3571.7524161173446	0.07008413	0.06976744186046512
12904.05996385522	300	7.547639496819334	0.0	159914	3397.859707031274	0.32480428	0.06976744186046512
12909.638253551693	750	5.969349800345175	0.0	321064	5578.289696474159	0.13572018	-0.2755813953488372
12911.659339304071	300	7.948264047967549	0.0	124011	2021.0857523776256	0.100017205	-0.3802325581395349
12914.102052681701	300	7.854802414561629	0.0	144254	2093.4616334059197	0.14628816	0.06976744186046512
12918.706646439441	750	7.250208656822158	0.0	390680	4604.593757739471	0.1993022	-0.2755813953488372
12922.276286777253	300	7.537311191397712	0.0	147968	1712.8974654244478	0.319839	-0.3802325581395349
12925.253216695755	300	7.677217677839812	0.0	161857	1860.0935135579005	0.4671644	0.06976744186046512
12927.353927169137	300	7.640280648122105	0.0	145210	2036.9370297177065	0.35213542	0.06976744186046512
12931.14178093906	300	7.8524268781983935	0.0	172312	2287.8537699237118	0.44484568	0.06976744186046512
12936.933842355016	750	6.060365462242756	0.0	398987	5792.061415955638	0.68311125	-0.2755813953488372
12939.430276439294	300	7.563931377964312	0.0	160064	2496.434084278444	0.16984336	-0.3802325581395349
12944.12982607635	750	6.864381740907383	0.0	331053	4699.549637056928	0.33620557	-0.2755813953488372
12946.71728212246	300	7.860489945792277	0.0	118421	1503.8917951151059	0.2995414	-0.3802325581395349

