13602.757589331224	750	4.0	1.5985734190571195	450283	1598.5734190571195	0.6466837	-6.69944709729445
13603.548195963467	300	7.209393367758037	0.0	155580	790.6066322419633	0.4609053	-0.3802325581395349
13605.816061108784	750	7.620050849358384	0.0	350812	1589.342518399653	0.553509	-0.2755813953488372
13607.812738067154	750	7.705973650253327	0.0	382355	1914.0771991050558	0.09495368	0.1744186046511628
13609.482189379925	750	7.722547897320026	0.0	411561	1483.4257529333006	0.101974875	0.1744186046511628
13611.18693562877	750	7.998187600515754	0.0	318564	1224.3602968042721	0.052807316	0.1744186046511628
13613.093631987998	750	7.750032392172063	0.0	352642	1248.155208343691	0.047354948	0.1744186046511628
13614.98830388306	750	7.876966986683993	0.0	437162	1873.0654054880704	0.045208566	0.1744186046511628
13617.0691031259	750	7.897370643450315	0.0	374758	1479.5963432336775	0.04675096	0.1744186046511628
13618.872141342197	750	7.611453004155414	0.0	362795	1285.9176392949014	0.04515195	0.1744186046511628
13620.503068678918	750	7.569549571845521	0.0	353220	1541.903432309894	0.04919445	0.1744186046511628
13622.607731524187	750	7.8867301109661385	0.0	405134	1682.819460879381	0.04617058	0.1744186046511628
13624.214943158559	750	7.81404592877727	0.0	386351	1572.6841821888681	0.043551337	0.1744186046511628
13626.664470810709	750	7.821545823991175	0.0	434409	1492.5001047860953	0.04342535	0.1744186046511628
13628.893794153375	750	7.69039800264053	0.0	337059	1631.147821350644	0.048326608	0.1744186046511628
13631.292815745786	750	7.944974900344252	0.0	366214	1745.4231022962783	0.04221106	0.1744186046511628
13633.635111567082	750	7.805626239502803	0.0	360831	1639.34866084145	0.03920402	0.1744186046511628
13635.83175381526	750	7.653778686140758	0.0	372963	1651.8475533620438	0.04039702	0.1744186046511628
13637.913798323327	750	7.95515379381517	0.0	405596	1698.6248923255891	0.04110605	0.1744186046511628
13639.357753396038	750	7.809886136830497	0.0	350713	1145.2676569846737	0.038398333	0.1744186046511628
13641.166184566375	750	7.515014259524871	0.0	386472	1794.8718773056257	0.042814672	0.1744186046511628
13643.2659084199	750	7.631931907778788	0.0	399894	1383.0823517460838	0.041650604	0.1744186046511628
13646.995388733485	750	7.902451594193186	0.0	401853	3729.480313585602	0.04002344	0.1744186046511628
13648.265034038677	750	7.665689844479458	0.0	343800	1236.7617497137276	0.045431554	0.1744186046511628
13650.47779234512	750	7.915752464247249	0.0	359903	1749.937380232209	0.0419733	0.1744186046511628
13654.170312732114	750	7.6659028244559595	0.0	379700	1749.8496397912893	0.03677082	0.1744186046511628
13656.809287372862	750	7.81775083953252	0.0	425781	2348.15198492344	0.051784582	0.1744186046511628
13658.982448121142	750	7.771581736154032	0.0	277716	1546.169103378489	0.03536557	0.1744186046511628
13661.76885949172	750	7.781871868315927	0.0	400396	1989.7098678381035	0.049126707	0.1744186046511628
13663.228391988729	300	7.9804564236831865	0.0	149029	801.4154446327418	0.034055136	-0.3802325581395349
13665.36268992417	750	7.852365958649236	0.0	358218	1628.0904650339507	0.12059638	-0.2755813953488372
13667.264889921229	750	7.62436968532278	0.0	400322	1727.9962733264563	0.03449413	0.1744186046511628
13669.27816312761	750	7.954835025500044	0.0	369834	1669.5346598227345	0.039432153	0.1744186046511628
13670.907936594744	750	7.931817531712677	0.0	412837	1523.0174937873667	0.030041978	0.1744186046511628
13673.152465292189	750	7.892931102661267	0.0	401088	1538.8864290514105	0.033395678	0.1744186046511628
13675.035223156812	750	7.744373323548436	0.0	365161	1648.557779112832	0.032640368	0.1744186046511628
13676.486954942226	750	7.930607512095635	0.0	321064	1313.7658114528	0.03857186	0.1744186046511628
13678.05491551472	750	7.8706102653297965	0.0	361565	1559.9972467658397	0.032772373	0.1744186046511628
13681.270456740533	750	7.761821281788253	0.0	378327	1608.7889835415447	0.032976665	0.1744186046511628
13683.65024413932	750	7.600303689027525	0.0	390680	1661.5175927607263	0.03426344	0.1744186046511628
13685.338733477925	750	7.965193908740235	0.0	345516	1635.1097802872903	0.03660719	0.1744186046511628
13687.812463920327	750	7.785018519198087	0.0	384505	1680.1753895421484	0.033078864	0.1744186046511628
13689.319227919554	750	7.8484139645136475	0.0	372093	1436.60455468444	0.03466168	0.1744186046511628
13692.144194092394	750	7.681010600365214	0.0	438281	2167.4033641484325	0.03314655	0.1744186046511628
13695.025315151519	750	7.999231504149699	0.0	398987	2181.7790962155163	0.03916	0.1744186046511628
13696.708215530443	750	7.907452353139968	0.0	393804	1591.7791510097295	0.03767599	0.1744186046511628
13698.596435819725	750	7.678902741457769	0.0	331053	1728.5496116821998	0.033818968	0.1744186046511628
13702.318373821252	750	7.847769088994231	0.0	314107	2831.1336524635376	0.04649841	0.1744186046511628

