582.0615196844827	750	4.0	2.322935537655054	450283	2322.935537655054	0.004705182	-9.795797079390097
583.1394098538602	300	6.922109830622425	0.0	155580	1077.8901693775754	0.47628915	0.12451791346412874
586.5034073272416	750	7.558112357241059	0.0	350812	3363.9974733813656	0.58007187	-0.01880803861235747
588.6715319957061	300	7.8564616990458	0.0	155432	1201.65065819526	0.57496744	0.2020743106820859
590.0544604361727	300	7.703234393367164	0.0	163442	1153.227305678636	0.6446016	0.6421683408522776
592.7178139109035	750	7.556408237695716	0.0	318564	2146.8261556714474	0.6668732	0.10274506968488914
595.9412108710618	750	7.702973498196252	0.0	352642	2853.4347394994643	0.2433163	0.4961912868434446
599.7607507657165	750	7.593184632598286	0.0	437162	3609.7888655979664	0.45645362	0.40998856916211235
601.422150927034	300	7.767360004467897	0.0	150710	1325.8246281303882	0.69587386	0.18108077271232303
603.8963776602438	750	7.523034414006546	0.0	362795	2244.3255904613507	0.5402604	0.08978285714378142
606.6635326193596	750	7.544407548722998	0.0	353220	2478.626865283548	0.17246352	0.5184099185545565
610.3440249131459	750	7.863915254936685	0.0	405134	3180.492293786313	0.19326183	0.47897636131771404
614.2548801079487	750	7.717997822744403	0.0	386351	2645.9174321922815	0.55259925	0.5183891261583853
620.5892538454544	750	5.383624085238616	0.0	434409	6334.373737505786	0.38100046	-0.0751426717791478
622.3152079074156	300	7.657670023277409	0.0	140051	1725.9540619612073	0.00810661	0.13051004199614658
623.7714804398875	300	7.85716652853027	0.0	138313	800.5034947471389	0.015750416	0.6922568676785451
624.4900366427333	300	7.695773031819723	0.0	143509	661.3934967105474	0.6708597	0.6906335570855662
629.8772638344997	750	6.3085458400534735	0.0	372963	5387.227191766249	0.09938048	-0.34140323042790716
631.3531434022773	300	7.827801014615476	0.0	165384	980.7448254379983	0.045227926	0.22140626999095395
632.87541919642	300	7.504230388613912	0.0	140881	1323.5706260015631	0.45426154	0.6059796436007012
633.8579120910333	300	7.727336615977853	0.0	157671	776.8937726360608	0.18497376	0.682121560910242
635.9811523584578	750	7.62351602415424	0.0	399894	1603.8205918236138	0.28620407	0.16350482799617677
638.0522236648172	750	7.782690232624904	0.0	401853	1840.825791529335	0.5703682	0.6051250093668558
639.6330232190763	750	7.832413198610398	0.0	343800	1450.2770340145055	0.4157579	0.64896577800252
641.1926546436813	750	7.907858670130248	0.0	359903	1424.5545284801508	0.6939676	0.6587997422959583
643.5569735450715	750	7.703237715197523	0.0	379700	1704.620954932724	0.5174875	0.611098096491545
645.7825698835095	750	7.510288514207318	0.0	425781	1692.949200990205	0.63100624	0.5936936885193322
649.0192183849396	1850	7.898287803716146	0.0	758197	3112.0007104911715	0.58837974	-0.552031236362881
653.3759894131442	1850	7.541516775511609	0.0	972798	3856.771028204537	0.019838013	0.43915210848804065
657.5781098444143	1850	7.33939634424149	0.0	975811	4202.120431270118	0.0385631	0.3851628433118534
661.1725973864252	1850	7.744908802230476	0.0	873429	3594.487542011014	0.38042173	0.48495717450709547
665.7568201751919	1850	7.1606860134637165	0.0	954453	4584.2227887667605	0.1582909	0.3297515318932809
668.6582015450836	750	7.746120186113574	0.0	369834	1914.5658273501424	0.44862497	-0.5057689034142019
672.0998721668581	750	7.883692617997049	0.0	412837	2862.4275681165254	0.022213899	0.5126864279133773
676.2510742789294	750	7.732490505925697	0.0	401088	4151.202112071352	0.1420855	0.36925559565932975
680.2607185909824	300	7.722846193872721	0.0	159914	1009.644312052976	0.112192005	0.20841429865647618
681.6220135110539	300	7.982243410728103	0.0	131610	740.6027831446191	0.34675282	0.7102857331589272
682.411558028964	300	7.7728173012365005	0.0	124011	709.4261094916014	0.69536585	0.6932458956909487
684.1396857179385	300	7.76381267995853	0.0	144254	1009.004621277972	0.4872077	0.662421339317944
685.0285341853174	300	7.523949970617254	0.0	149991	739.862709341276	0.5305161	0.6662484678019645
687.8545175686107	750	7.990451067489465	0.0	345516	2033.4989031277892	0.34729448	0.1558549184347808
690.1424428226106	750	7.817730690072289	0.0	384505	2172.720377417176	0.07224595	0.5753082352636436
693.665058415993	750	7.624025403172435	0.0	372093	2693.7052868998544	0.100434884	0.5045653868071619
696.5306754506983	750	7.855672000561113	0.0	438281	2768.353402611322	0.5870098	0.5193968276842442
698.9727822872607	750	7.8932503983268365	0.0	398987	1962.421602234278	0.47466043	0.6036069718933615
701.2836685783594	750	7.747649931941523	0.0	393804	1645.6004663853125	0.047073923	0.6212748724844024
702.9394754235481	750	7.837389421703949	0.0	331053	1410.2605102375749	0.019275438	0.6534463975983085
704.851383170688	750	7.989208692109478	0.0	314107	1848.180729594472	0.039683048	0.6242671557233936

