14483.978421242391	750	4.0	4.838144007766586	450283	4838.144007766587	0.01153551	0.012205464339620498
14485.569260568598	300	6.409160673793575	0.0	155580	1590.8393262064255	0.031552	0.18312027933895045
14487.884952448174	300	7.705806415296815	0.0	139857	1203.3542584967608	0.007805408	0.8319681156483026
14489.862448324855	300	7.923227225491215	0.0	155432	1282.5791898055993	0.008552518	0.8508909857694208
14491.853117501005	300	7.645350947504048	0.0	163442	1277.8762779871665	0.009819226	0.817051361469807
14493.150724331435	300	7.867944048119915	0.0	126289	1277.4068993841333	0.012152476	0.8445822951724562
14494.91907238651	300	7.723869967005268	0.0	153295	1144.0740811146466	0.009261086	0.8401264746624995
14497.157670625455	300	7.61670784406388	0.0	173849	1607.1621229413893	0.0112414835	0.7805861582126918
14498.469028688623	300	7.871746860931073	0.0	150710	1244.9609831328073	0.010725211	0.8482964273682622
14499.918400239036	300	7.640259625743118	0.0	139105	731.4872351879559	0.01180091	0.8710616305147532
14500.883345429633	300	7.986729178555386	0.0	141840	653.5304471877325	0.014391197	0.921636567623526
14502.095413136067	300	7.766402677943192	0.0	156148	720.326500612195	0.015728772	0.8877528278760596
14503.627940800488	300	7.936009467745133	0.0	160746	830.393210198059	0.01694708	0.8976878316273044
14504.629937437736	300	7.516078357132924	0.0	179801	919.9311106122078	0.015937908	0.8368843442403511
14505.468669787497	300	7.9527449646689385	0.0	140051	563.3333924639855	0.018020807	0.9264601772125318
14506.710464050337	300	7.78454733094803	0.0	138313	668.1976337209093	0.020512268	0.8952060695733445
14508.120964515514	300	7.636095355718062	0.0	143509	648.4519752299675	0.020255689	0.8788509861263919
14510.986505316732	300	7.924349314534042	0.0	150616	1211.7460411840207	0.02268445	0.8581128471116918
14513.976911754731	300	7.98604345645142	0.0	165384	2438.3058580826214	0.018339913	0.7430743591144169
14515.250047591679	300	7.735525804084791	0.0	140881	750.5176523666288	0.01521273	0.8809212860332982
14517.382447747346	300	7.890634818541968	0.0	157671	1844.8909855428224	0.017851036	0.7906355593766967
14518.683594502549	300	7.723816021253282	0.0	157812	1166.8187972886851	0.0138302175	0.8378453422599266
14520.02709438053	300	7.514230003969329	0.0	163927	1209.5860172839534	0.014398107	0.807690633873092
14521.035968326762	300	7.6417499803020075	0.0	137654	872.4800236673208	0.013324338	0.8571463685945058
14522.957741625129	300	7.9490603019517625	0.0	146754	692.6896783502463	0.012652835	0.9130695962712986
14524.939350682827	300	7.577797659409338	0.0	153938	1371.2626425424237	0.014787489	0.799371791337564
14527.541927125238	300	7.981682583881675	0.0	181901	2596.1150755276635	0.010903533	0.7267549920935574
14528.225032725715	300	7.663360529085272	0.0	111155	318.32205479640345	0.011589566	0.9152304612700418
14528.687255166175	300	7.769641014696164	0.0	153605	393.7195143891084	0.01874246	0.920813370130577
14529.11670611259	300	7.929167000022924	0.0	149029	340.47401467324136	0.02738525	0.9458348986039056
14529.705642654339	300	7.5491871615215365	0.0	157421	379.97983850138695	0.04292538	0.8949674788498836
14530.494417953674	300	7.979277853976503	0.0	157488	569.9093075450335	0.048240222	0.9290786522913829
14530.892888390552	300	7.62947572193246	0.0	143881	349.80213204404305	0.036528222	0.9078986316014265
14531.283092927546	300	7.763707515352395	0.0	163444	365.76820658006665	0.06127829	0.9228758803996883
14531.835975343254	300	7.724484577705911	0.0	179328	539.2229376464838	0.07726294	0.900687476167967
14532.516103631886	300	7.5512501009205515	0.0	159914	673.2344767853602	0.083160594	0.8658967300944541
14533.636781809482	300	7.5093579845444545	0.0	131610	541.892116376097	0.062669195	0.8738584664077512
14534.36884952021	300	7.837717093291572	0.0	124011	671.6408912528817	0.053863794	0.9014267160638749
14535.33567249242	300	7.619518992924564	0.0	144254	718.198100367007	0.045745727	0.8698296583962809
14537.395071671484	300	7.824131934814381	0.0	149991	795.3870581101837	0.0387157	0.8873747138793503
14538.560785253994	300	7.908281132535461	0.0	147968	915.8508022789196	0.0381005	0.8857184018404392
14540.794841469906	300	7.586184452694586	0.0	161857	822.0966798408757	0.031098906	0.8553239210143905
14541.864227300588	300	7.942471329390534	0.0	145210	643.7131233040524	0.028682034	0.9171536987323731
14542.956710369868	300	7.529066066938334	0.0	172312	913.4052624521987	0.027246267	0.839140546425021
14544.276176010226	300	7.888872179173524	0.0	167025	1140.19388776481	0.025479056	0.8608876327006284
14545.844982426117	300	7.794104833025056	0.0	160064	1094.7673461484687	0.021105073	0.8537291813907617
14547.69166720691	300	7.562781982499648	0.0	137507	731.3228505254076	0.021141471	0.861511756193744
14549.112940309582	300	7.864826400796773	0.0	118421	697.9555817028735	0.023341473	0.9021424850630935

