2218.2428793183594	750	4.0	6.240793125191714	450283	6240.793125191714	0.28329545	-27.0343704645514
2220.8510928507526	300	5.39178646760646	0.0	155580	2608.2135323935404	0.007144558	-0.17580981337573848
2223.379272141757	300	6.863607176602174	0.0	139857	2528.179291004286	0.005653044	0.4238580533072669
2226.6647290981673	300	7.578150220191981	0.0	155432	2285.456956410193	0.0051940857	0.5169058796940038
2230.48746978055	300	7.755409537809281	0.0	163442	3322.740682382701	0.010405967	0.430238921073686
2234.72051045257	300	7.522368865789316	0.0	126289	2233.0406720199644	0.004705182	0.5167784883689284
2237.7271108269865	300	7.893280884582324	0.0	153295	2629.0879812069916	0.004705182	0.5128744674987101
2242.0671644723493	300	7.553227239219327	0.0	173849	3840.053645362998	0.004705182	0.3590473451050637
2246.0474734688437	300	7.572918242724774	0.0	150710	2980.3089964945516	0.004705182	0.44691709181372485
2250.110477111207	300	7.509914600361618	0.0	139105	2563.0036423631545	0.004705182	0.4825834539080144
2253.6538433638257	300	7.966548347742626	0.0	141840	3043.366252618993	0.004705182	0.478498718278268
2257.709511306479	300	7.910880405089553	0.0	156148	3555.6679426530727	0.004705182	0.4219104455226004
2260.913617264306	300	7.833783900676961	0.0	160746	3077.0965044125915	0.004705182	0.462346961784505
2265.1424137572126	300	7.604987407770885	0.0	179801	2728.7964929060768	0.004705182	0.4751550363339905
2267.86847074303	300	7.919861811722495	0.0	140051	2185.1255960483895	0.004705182	0.5598291509410495
2271.869795511538	300	7.918537043214364	0.0	138313	2501.3247685081296	0.004705182	0.528081723196645
2275.709489808216	300	7.594817945414099	0.0	143509	1823.7190978002661	0.004705182	0.5646839533514908
2278.7113643863345	300	7.511868303443511	0.0	150616	2082.949641970589	0.004705182	0.5307769001245677
2281.800251485648	300	7.696887164660952	0.0	165384	2314.9811387825594	0.004705182	0.5253820294506649
2285.6289267223797	300	7.579502574260539	0.0	140881	2617.3845904004124	0.004705182	0.4838432819354527
2288.41460016053	300	7.672311135401022	0.0	157671	2407.1914388595183	0.004705182	0.513795528252235
2290.9197848215945	300	7.988959880813811	0.0	157812	1683.3512545872109	0.004705182	0.6166573540149757
2292.6476504165344	300	7.560943724582774	0.0	163927	1428.0161562310366	0.005186625	0.6009938146436261
2296.1770043745014	300	7.956191536503684	0.0	137654	1604.752188079091	0.010174865	0.6213632696929645
2299.8066994976302	300	7.848644826483142	0.0	146754	2607.546710020542	0.0115496125	0.5107323224903645
2302.637289390041	300	7.839424029632122	0.0	153938	2009.2207968510193	0.004705182	0.5696774014644559
2306.9496678612095	300	7.527045558463498	0.0	181901	4312.378471168624	0.004705182	0.3092948455234681
2309.7800079250765	300	7.828749328894158	0.0	111155	2198.29622956934	0.004705182	0.5497424059220274
2313.740844449304	300	7.867912804666359	0.0	153605	2460.836524227799	0.004705182	0.5272579062157832
2317.9056964590804	300	7.7030607948898195	0.0	149029	3664.85200977654	0.004705182	0.3909891613886132
2322.7218028928996	300	6.886954361070595	0.0	157421	4816.106433819225	0.004705182	0.19731253248655084
2328.0623635593	300	5.546393694669956	0.0	157488	5340.560666400639	0.004705182	0.015836597331515212
2332.538835817812	300	5.069921436158021	0.0	143881	4476.472258511935	0.004705182	0.056384433123472855
2336.7276632163453	300	4.881094037624639	0.0	163444	4188.827398533382	0.004705182	0.06697406400019512
2342.8325980666377	300	4.0	1.223840812667744	179328	6104.934850292383	0.004705182	-5.471958494043065
2348.6119668638185	300	4.0	1.7793687971808312	159914	5779.368797180831	0.004705182	-7.8281722221381855
2351.9749023604145	300	4.637064503403679	0.0	131610	3362.9354965963207	0.004705182	0.12607512977873903
2355.049227347249	300	5.562739516569342	0.0	124011	3074.324986834337	0.004705182	0.2440334695181704
2358.564888764109	300	6.047078099709451	0.0	144254	3515.66141685989	0.004705182	0.24651797434012224
2361.8717061641833	300	6.740260699635539	0.0	149991	3306.8174000739127	0.004705182	0.33412200158153105
2365.0510226874017	300	7.560944176416844	0.0	147968	2679.316523218695	0.004705182	0.4758638214344112
2368.8074076625944	300	7.804559201224158	0.0	161857	2756.3849751926873	0.004705182	0.49160520364253535
2371.2888426485456	300	7.843563565656448	0.0	145210	1960.99563556771	0.004705182	0.5748983527144651
2375.2696186999538	300	7.862787514248438	0.0	172312	3980.7760514080105	0.004705182	0.37477063837758895
2379.553375221803	300	7.579030992399271	0.0	167025	4283.756521849166	0.004705182	0.3171606984919614
2382.6095526204545	300	7.568428259894016	0.0	160064	3010.6027325052564	0.004705182	0.44345555218124566
2385.639167386041	300	7.886408114673917	0.0	137507	1682.020145220098	0.004705182	0.6069197390586998
2389.715430004351	300	7.810145496363546	0.0	118421	1576.2626183103712	0.004705182	0.6101551266876382

