4844.215541238704	750	4.0	1.4326655545084757	450283	1432.6655545084757	0.18840352	0.2067334445491524
4845.574245709289	750	6.641295529414785	0.0	398865	1358.7044705852145	0.99576056	0.3792105235299026
4848.175294363716	1200	7.966456238588484	0.0	571051	2174.839290826301	0.9326616	0.030419585829150164
4852.232254793262	1200	7.591080724690521	0.0	617681	3875.3755138979627	0.24666968	0.2869049939033612
4853.346869311077	300	7.999565885441749	0.0	163442	591.5148392487722	0.4235411	-0.45917861608476795
4854.142594229637	300	7.548253289295204	0.0	126289	451.3125961465449	0.07503018	0.42663457096629576
4854.804207570177	300	7.989652765932096	0.0	153295	558.6005233631075	0.076378286	0.44349324553444525
4855.698360166478	300	7.784082895469457	0.0	173849	705.5698704626388	0.061662868	0.4159481939205772
4856.660231226797	300	7.912438794979069	0.0	150710	871.6441004903891	0.051658668	0.4073630146371529
4857.68244607295	300	7.716444794567415	0.0	139105	695.9940004116545	0.038639728	0.412678399619298
4858.305906214837	300	7.65282514649455	0.0	141840	563.619648072864	0.046569593	0.421939606848623
4859.111480295509	300	7.554958410315438	0.0	156148	597.8667361791114	0.049723744	0.41239822702680373
4860.3479466198005	300	7.960578839316189	0.0	160746	594.3795709992479	0.07124595	0.43809822035733703
4861.571267246309	300	7.839961940852904	0.0	179801	620.6168984632849	0.070868716	0.427935931456978
4862.283651852905	300	7.6501214729678395	0.0	140051	689.8404678850649	0.08375642	0.40914854527198347
4863.038406566005	300	7.624016180988195	0.0	138313	526.1052919796434	0.054421067	0.4238904821137979
4863.801974796316	300	7.616556847942027	0.0	143509	507.4593330461685	0.06416417	0.42528886969175983
4864.791783482862	300	7.594706943752477	0.0	150616	521.8499041895503	0.079312906	0.42248419356557476
4865.677649601168	300	7.920753204277736	0.0	165384	673.9537394747399	0.08639693	0.4276517013198845
4866.8497776317245	300	7.70064544991463	0.0	140881	720.1077543631073	0.06475993	0.4092795651833536
4867.807612611316	300	7.882738122065679	0.0	157671	817.9073278489508	0.04794242	0.4108803998442099
4869.115163705173	300	7.7689263914582005	0.0	157812	613.8117306074782	0.04697816	0.4241767264053897
4870.02236365971	300	7.602196114914388	0.0	163927	666.7302765438121	0.058209676	0.40846422952776806
4870.8663954712765	300	7.595414967028346	0.0	137654	506.78114788604233	0.058045268	0.4240353206506674
4871.5828665979425	300	7.575804773680487	0.0	146754	519.6101933478596	0.064343825	0.4215267790202445
4874.181495173003	300	7.93992097188409	0.0	153938	635.8838017963982	0.07785499	0.43265668056311585
4875.276158464443	300	7.573961722326354	0.0	181901	865.9592495577363	0.06538789	0.3867766826896235
4875.847929430397	300	7.657428217390446	0.0	111155	416.5335049359085	0.05226513	0.43693591309331203
4876.880153092944	300	7.613935178626139	0.0	153605	543.4930387643064	0.06623458	0.42152164478770304
4878.058117623527	300	7.51931818707556	0.0	149029	594.61699155058	0.08471033	0.4104956875371645
4879.587580149519	300	7.746260703095906	0.0	157421	773.0574839796534	0.069845796	0.4068355455455288
4880.629336070734	300	7.868585211044814	0.0	157488	877.6754920510914	0.052433275	0.4040190264851917
4881.237843100286	300	7.776371987150757	0.0	143881	592.2132238940578	0.0467844	0.4268019268075165
4882.16587715917	300	7.560501831937819	0.0	163444	715.8701552129372	0.06415079	0.40094434897482
4883.012606259879	300	7.93821924771828	0.0	179328	622.282584219539	0.05767689	0.4339104445604386
4884.451469028535	300	7.796011116850503	0.0	159914	642.2081308677782	0.08306742	0.42302988171637856
4886.507758450606	300	7.736193739014385	0.0	131610	559.8173778361183	0.07739681	0.42753037090478724
4888.114839309163	300	7.760889336633234	0.0	124011	975.3044023811501	0.07520644	0.3875251433014621
4888.669910732975	300	7.709241781264486	0.0	144254	551.6475553687491	0.042680666	0.42666285579215546
4889.797151068904	300	7.617333657221705	0.0	149991	591.9081240427811	0.092147775	0.41689254117207847
4890.945369306255	300	7.550890615890001	0.0	147968	566.4430413317039	0.12790772	0.41528635935995467
4892.517289658797	300	7.9358179946783824	0.0	161857	615.0726212116185	0.14341256	0.43448136254623704
4893.947126628746	300	7.579323332468594	0.0	145210	856.4946622097897	0.18247083	0.38805824205830813
4894.713879292299	300	7.857618235612368	0.0	172312	721.7050968562254	0.13479018	0.41893063004015046
4895.635500839585	300	7.619331254867775	0.0	167025	738.2869807445925	0.22635832	0.4023795053547767
4896.927523086222	300	7.5349874052694865	0.0	160064	584.3438495982873	0.21857908	0.4125023278695142
4898.0949201344	300	7.9551280176946095	0.0	137507	579.859387574878	0.355839	0.4392095623484253
4899.253694118204	300	7.929509927619016	0.0	118421	525.6180900755928	0.3394797	0.4430325614686292

