7166.813938704385	750	4.0	4.264022486880352	450283	4264.022486880352	0.68474543	-18.336579655981406
7168.067519699981	300	6.746419004404097	0.0	155580	1253.5809955959026	0.23616461	0.09003838597342939
7171.926512700569	750	6.887426003815712	0.0	350812	3858.993000588385	0.44525707	-0.13286192719693957
7182.05656584638	750	4.0	3.2426271419951336	382355	10130.053145810845	0.19878611	-14.531182738868017
7186.7070637427105	300	4.0	0.650497896330111	163442	4650.497896330111	0.012455561	-3.3111402583950165
7190.5489880902205	300	4.158075652489755	0.0	126289	3841.924347510245	0.004705182	0.03207301476618907
7192.86362817797	300	5.843435564740557	0.0	153295	2314.6400877491983	0.0054712724	0.3470192781431973
7194.717144673041	300	7.989919069669395	0.0	173849	1853.5164950711628	0.015632402	0.5997331530013703
7197.515944642046	300	7.574133303385563	0.0	150710	1415.7857662838335	0.4014159	0.6034863658262563
7203.491019462326	750	5.599058483104465	0.0	362795	5975.074820281097	0.2768687	-0.4684769705304564
7205.628972840215	300	7.4611051052155375	0.0	141840	2137.953377888928	0.50832665	0.07039051009420477
7208.009130539964	300	7.634047470086454	0.0	156148	1827.057635129082	0.26354468	0.5681259866611081
7209.615573919382	300	7.802375826987154	0.0	160746	1331.6716430993004	0.6623136	0.633866384560729
7215.54043568472	750	5.877514061648768	0.0	434409	5924.861765338385	0.34108695	-0.4366539941080158
7217.479118174237	300	7.9388315721324725	0.0	140051	1438.6824895162968	0.58985406	0.18629932293541895
7221.811617866846	750	7.6063318795233155	0.0	366214	2832.4996926091576	0.26955524	0.03898292415679411
7228.751325372397	750	4.6666243739725966	0.0	360831	6939.707505550718	0.120612	-0.20468809861117104
7230.376715348494	300	7.041234397874952	0.0	150616	1625.3899760976442	0.12248936	0.08123380992646995
7232.609292762968	300	7.902902201853157	0.0	165384	1638.3321960217947	0.40528667	0.612876108912922
7238.08955107238	750	6.422643892440174	0.0	350713	5480.258309412984	0.29710066	-0.33972427291747415
7240.673078552613	300	7.839116412207874	0.0	157671	1583.5274802322992	0.6808878	0.16221712459408166
7244.115781534755	300	7.5867804156359675	0.0	157812	1752.335996571907	0.5199671	0.5710486419533825
7249.493446926136	750	6.209115024254483	0.0	401853	5377.665391381484	0.42954743	-0.35001738120878595
7251.702435878898	300	7.898636769749391	0.0	137654	1310.4782545050903	0.69062424	0.19525095029991357
7254.825507414689	300	7.726356370031667	0.0	146754	1672.2803997177243	0.5783163	0.5924885483980038
7256.775786331821	300	7.84661244605242	0.0	153938	1379.7439239792452	0.5490254	0.6333169821315349
7260.810337399195	750	7.564604418441843	0.0	425781	3782.0080276105773	0.40391493	-0.059984225649238165
7264.428834091388	750	7.946107726249353	0.0	277716	3118.49669219249	0.122422665	0.4930870417369644
7269.373929366386	750	7.00101245125103	0.0	400396	4945.0952749983235	0.08914468	0.21946067206992442
7271.458839753255	300	7.9516248042934565	0.0	149029	1549.3876469575725	0.5427475	0.1764601705573221
7275.727395414286	750	7.6830691432635465	0.0	358218	3768.55566102991	0.70318043	-0.047236622452616894
7279.524677360805	750	7.885787196744451	0.0	400322	3797.281946519096	0.14545637	0.4194025956958715
7283.041882594702	750	7.772864667966613	0.0	369834	3112.922528777839	0.0780836	0.47696961369945473
7293.968193038031	750	4.0	3.1534457753632634	412837	10926.310443329876	0.09943861	-14.227328592102879
7299.165112501801	300	4.0	1.1969194637694327	179328	5196.919463769433	0.0081426	-5.715395155128031
7303.120755083694	300	4.044357418106557	0.0	159914	3955.6425818934426	0.004705182	0.009755679974122189
7305.086660776892	300	6.0784517249091525	0.0	131610	1965.9056931974053	0.004705182	0.40451329435453043
7307.074740720125	300	7.83394222080701	0.0	124011	1244.5095041021416	0.005657578	0.6456209003108572
7308.841295091863	300	7.55245023540388	0.0	144254	1281.491985403131	0.043760493	0.6148287235867171
7312.688810424121	300	7.704934903145799	0.0	149991	2347.515332258081	0.6856072	0.5229032142238649
7316.372392713714	300	7.539432651045303	0.0	147968	2665.5022521004967	0.27597487	0.47517473939290367
7319.346127619669	300	7.7216052644646185	0.0	161857	1817.8273865806852	0.022145163	0.5774765503154495
7320.541752396962	300	7.59174658305497	0.0	145210	1129.85868140965	0.17084995	0.6337743728174184
7326.579442389641	750	5.554056590375641	0.0	438281	6037.689992679329	0.6795764	-0.47906997190275064
7328.380265525957	300	7.7532334540600205	0.0	167025	1300.8231363156206	0.18699875	0.18222122510711156
7331.691691293804	300	7.964660149225627	0.0	160064	1288.5733048343936	0.47710168	0.6537962717694309
7335.740686393544	300	7.9156650494851455	0.0	137507	3048.995099740481	0.21201134	0.47303825736108757
7338.622614597104	300	7.785624748131387	0.0	118421	2130.040301353757	0.11397321	0.5524172080553138

