654.2889529819221	750	4.0	4.127748728925795	450283	4127.748728925795	0.010863667	-17.65847098117996
656.9128927160347	300	5.376060265887466	0.0	155580	2623.939734112534	0.10970461	-0.39283405291290624
658.0677682373932	300	5.759466779627364	0.0	139857	1116.593486260102	0.03044597	0.13433716195354792
659.8523518459526	300	5.861315978596853	0.0	155432	898.1508010305105	0.27136514	0.16700981597733325
661.3412183112472	300	5.650099144964039	0.0	163442	1211.2168336328152	0.77094996	0.12384240033231989
665.2203288965247	750	5.770988559686431	0.0	318564	2379.1105852776077	0.7242502	-0.29237807089734635
667.2416906244335	300	5.533687780351725	0.0	153295	1237.3007793347058	0.7673708	-0.32876836214339517
670.094200363607	300	5.519463327852025	0.0	173849	2514.2244524997	0.36654836	0.05966054456707973
675.7795437224722	750	4.0	0.16588003101324558	374758	5685.343358865271	0.101164415	-1.0973250564235892
677.2810258499071	300	5.6260733115021555	0.0	139105	1373.9266884978445	0.02756424	-0.3408238690930449
678.8378507101318	300	5.596438624658226	0.0	141840	1029.6346868439316	0.04631994	0.1456827376899905
680.6593782073323	300	5.584269915098383	0.0	156148	1012.1687095598431	0.05218009	0.14819663815257614
681.6846904624778	300	5.591293152745997	0.0	160746	992.9767623523861	0.23948312	0.15106093685883076
683.5022165538344	750	5.883697877264184	0.0	434409	1707.5952754818131	0.4314016	-0.23039292718575224
684.833907178476	300	5.7428179633807845	0.0	140051	640.8799138833976	0.71941113	-0.21594679166791433
685.9396737573428	300	5.520340005476479	0.0	138313	722.477957904307	0.63077474	0.20761879080035223
686.6315663301677	300	5.996038105845331	0.0	143509	524.3018996311487	0.48773655	0.28609471013842674
687.2529015584479	300	5.984165823502124	0.0	150616	511.8722823432074	0.64126617	0.2930418488638263
688.7166021096808	750	5.652047011354165	0.0	405596	1332.118812147959	0.6598245	-0.16849357836532936
689.5827545960794	300	5.579761675847272	0.0	140881	572.2853355068929	0.7001828	-0.18789298677880711
690.3864952740146	300	5.804824893225566	0.0	157671	774.9367826217068	0.56246275	0.1935641762835563
691.4512008511117	300	5.506874042783729	0.0	157812	797.9508504418376	0.43283987	0.18798150276667128
692.8711587690377	750	5.795272418548381	0.0	401853	1211.6016242353494	0.35286164	-0.14049232643884474
694.3466882076025	750	5.666685803211348	0.0	343800	1128.5866153370314	0.6703663	0.3322740097249986
697.1536544488685	750	5.831674156192163	0.0	359903	2335.0116470191865	0.7084658	0.16059877066511208
700.3944503818681	750	5.907253486815825	0.0	379700	2924.420669376338	0.64083827	0.12823052576768051
702.1163436176837	300	5.659494505469541	0.0	181901	1247.7589813462816	0.32577145	-0.3297844758142666
703.8708368182278	300	5.81931506593226	0.0	111155	840.1794395372814	0.052306116	0.17853329055827727
705.4684600465259	300	5.937660332286538	0.0	153605	881.6547336457227	0.029412277	0.17013462784885908
706.512345833253	300	5.628701667249201	0.0	149029	808.9586650373371	0.06652685	0.18542356548350566
708.7866493163309	300	5.994013438555121	0.0	157421	1134.6882286940795	0.05747304	0.13219490271141354
711.3479329080055	300	5.918179341409718	0.0	157488	1075.8340971454031	0.02398785	0.13942670194038934
712.3674453904135	300	5.846147742470373	0.0	143881	572.0315989393434	0.024263564	0.26222327626328484
713.3132108144633	300	5.6870055866797555	0.0	163444	659.1421557906181	0.099013664	0.2275685126224103
714.3495774958124	300	5.882133775634917	0.0	179328	804.8718110448389	0.12036284	0.186365080676982
715.5295040321006	300	5.642918037642837	0.0	159914	739.2157379920782	0.10934891	0.20291775768660308
716.38568829268	300	5.950181254001189	0.0	131610	692.7367836416485	0.07775091	0.21653246015241878
718.8428481663808	300	5.978325089119715	0.0	124011	971.8561648814735	0.054882657	0.15434382722498224
720.0512111141617	300	5.6317954171389335	0.0	144254	846.5296719807809	0.020177033	0.17719402516513977
721.1050982106428	300	5.950768549798424	0.0	149991	681.0268673405088	0.017618084	0.22025562748466576
723.1074442290577	300	5.821025679161256	0.0	147968	629.7428706371692	0.03604701	0.2381924544032251
724.9050181504942	300	5.923540191831944	0.0	161857	1397.4854873293114	0.043202773	0.10733564059163153
725.5781431481613	300	5.782021996051903	0.0	145210	641.518195780041	0.010495656	0.23382033586375606
727.1502709194193	300	5.941761539866495	0.0	172312	840.2604561854079	0.023493644	0.17851607664719343
729.4639536767946	300	5.645853785715091	0.0	167025	795.9077541514032	0.023960538	0.18846405154065873
730.5287884117754	300	5.632323871836677	0.0	160064	513.5299138784137	0.020090964	0.29209593432859854
731.3122152822815	300	5.666262904634786	0.0	137507	466.06096720188987	0.061733335	0.3218463045737587
731.8757012744117	300	5.628202860221849	0.0	118421	538.0600444129365	0.05200057	0.27877929528043877

