15342.867451180498	750	4.0	3.791441730238546	450283	3791.441730238546	0.09196457	-16.128780835374585
15344.254497435071	300	6.6129537454278156	0.0	155580	1387.046254572185	0.06032097	-0.3802325581395349
15346.673410305912	750	7.922741373937822	0.0	350812	2190.212371489992	0.3364675	-0.2755813953488372
15350.205181738818	750	7.8812058833348075	0.0	382355	2541.535490603015	0.24566458	0.1744186046511628
15351.97398496276	300	7.641922180515456	0.0	163442	1239.2837028193524	0.39120066	-0.3802325581395349
15353.289808491809	750	7.863770267152657	0.0	318564	1278.1519133627987	0.58052707	-0.2755813953488372
15355.27539282295	750	7.5848139237246865	0.0	352642	1278.9563434279705	0.093806684	0.1744186046511628
15358.38294905867	750	7.984349785422095	0.0	437162	3100.464138302592	0.04271526	0.1744186046511628
15361.448879077037	750	7.809930805846643	0.0	374758	2174.4189795754514	0.04263818	0.1744186046511628
15363.39846571402	750	7.760892987701013	0.0	362795	1549.0378181456297	0.05004362	0.1744186046511628
15366.58605408206	750	7.837373203550149	0.0	353220	2423.519784150864	0.040181343	0.1744186046511628
15369.533239831795	750	7.545814654026488	0.0	405134	2791.5585495236605	0.061998352	0.1744186046511628
15373.547417770993	750	7.531636714829272	0.0	386351	3014.1779391972154	0.06764676	0.1744186046511628
15377.933464961992	750	7.145589523830457	0.0	434409	4386.047190998815	0.09257963	0.1744186046511628
15381.94329630954	750	7.135758176283727	0.0	337059	4009.8313475467303	0.22976995	0.1744186046511628
15384.963497713163	300	7.948499241899086	0.0	138313	1687.2589343846414	0.44938636	-0.3802325581395349
15386.958435991399	300	7.817501346951085	0.0	143509	1630.9978949480017	0.68251973	0.06976744186046512
15390.81284333499	750	7.963094003361037	0.0	372963	2854.4073435900486	0.6916264	-0.2755813953488372
15393.851196674752	750	7.673091244618836	0.0	405596	2790.002758742201	0.14857543	0.1744186046511628
15397.466556599302	750	7.939586582353524	0.0	350713	2233.504662265312	0.12273478	0.1744186046511628
15400.424236184057	750	7.5866744449684935	0.0	386472	2852.9121373850303	0.09514613	0.1744186046511628
15403.458252291688	750	7.72705009578769	0.0	399894	2359.6243491808027	0.16398	0.1744186046511628
15406.481092081016	750	7.667826051750115	0.0	401853	2559.2240440375763	0.12023666	0.1744186046511628
15408.62596920738	750	7.587195313513079	0.0	343800	2080.630738237035	0.13443069	0.1744186046511628
15412.512526093495	750	7.700638427399417	0.0	359903	2886.556886113661	0.11173603	0.1744186046511628
15416.306817613053	750	7.523894352439587	0.0	379700	3176.7440749598295	0.101904064	0.1744186046511628
15420.912850130662	750	6.917861834830348	0.0	425781	4606.032517609239	0.17704359	0.1744186046511628
15424.1270694568	300	7.587542157466239	0.0	111155	1330.3196773641077	0.47365385	-0.3802325581395349
15427.287395598014	300	7.864328954244651	0.0	153605	1723.2132032215877	0.6939995	0.06976744186046512
15431.512846555052	750	7.638877997207138	0.0	400508	3725.450957037513	0.65635115	-0.2755813953488372
15435.058114018506	750	7.587526122496927	0.0	358218	3051.3518747102103	0.37471253	0.1744186046511628
15439.922345100156	750	6.723295040844794	0.0	400322	4864.231081652134	0.18922526	0.1744186046511628
15442.770282912234	300	7.875357228768311	0.0	143881	1847.9378120764827	0.6438303	-0.3802325581395349
15447.952697668647	750	6.692942472355299	0.0	412837	5182.414756413012	0.59678775	-0.2755813953488372
15453.063072554589	750	5.582567586413788	0.0	401088	5110.374885941512	0.47877765	0.1744186046511628
15455.429348602414	300	7.216291538588635	0.0	159914	2366.2760478251516	0.042903576	-0.3802325581395349
15458.926723791938	300	7.718916349064155	0.0	131610	1997.3751895244814	0.2399677	0.06976744186046512
15462.685851351749	300	7.959788789253829	0.0	124011	2259.1275598103257	0.11082249	0.06976744186046512
15465.376602213646	300	7.8902399052986825	0.0	144254	2569.5488839551476	0.4675846	0.06976744186046512
15469.461792219141	300	7.80504989980338	0.0	149991	4085.1900054953016	0.4416932	0.06976744186046512
15477.599827330327	750	4.0	0.3329852113817451	345516	8138.035111185125	0.24352293	-1.707417804290341
15479.758453648989	300	5.841373681338257	0.0	161857	2158.626318661743	0.005435411	-0.3802325581395349
15481.21816387796	300	7.933045172993041	0.0	145210	1408.3285083452151	0.00842872	0.06976744186046512
15483.951900370848	300	7.606867853862968	0.0	172312	1826.1773191300738	0.104447104	0.06976744186046512
15486.947875555557	300	7.717659781386525	0.0	167025	1889.2080724764437	0.07317895	0.06976744186046512
15490.873135308555	750	7.648413575505405	0.0	393804	3569.2462058811197	0.6730737	-0.2755813953488372
15493.150017814443	300	7.607979015118728	0.0	137507	1040.4345603866764	0.6248796	-0.3802325581395349
15496.82112514479	750	7.936871684770258	0.0	314107	2171.1073303484695	0.64433855	-0.2755813953488372

