5392.782285951871	750	4.0	2.572266498290951	450283	2572.266498290951	0.059889883	0.09277335017090488
5393.791356109562	300	6.990929842309494	0.0	155580	1009.0701576905071	0.83791125	-0.11397390062470739
5396.6484253428325	300	7.7380635488948775	0.0	139857	752.8662934146156	0.047453716	0.40834234246446827
5400.640678451544	300	7.745810440184312	0.0	155432	3492.2531087105644	0.0424759	0.13488784164046302
5404.386708514915	300	7.6910234566022755	0.0	163442	3054.786983582036	0.015634663	0.1752102676794386
5407.735812954905	300	7.912092809901762	0.0	126289	2278.9306467005126	0.011073192	0.26661273594880885
5412.0599418776455	300	7.587963887160913	0.0	153295	2824.128922740849	0.0082086995	0.19183485067347222
5415.6491749149955	300	7.998730849810787	0.0	173849	3589.233037350127	0.007692333	0.1409973743781615
5419.937418336109	300	7.710487428697268	0.0	150710	2788.2434211135187	0.0069928076	0.2030811221822274
5424.119713904442	300	7.528191860364397	0.0	139105	3182.295568332872	0.0065031443	0.15228243443948764
5427.857958424993	300	7.7899473398131045	0.0	141840	2738.244520551293	0.006473723	0.21304725668318975
5431.750154561794	300	7.75500885065128	0.0	156148	2034.9384891618254	0.0061345706	0.28119420424952246
5435.3930625556795	300	7.6421837299786475	0.0	160746	2112.825120672633	0.006319789	0.26635397105640213
5437.524282764327	300	7.606615009811114	0.0	179801	2035.5687201675344	0.0065199053	0.27185656609644115
5438.918640486092	300	7.502261931318539	0.0	140051	1104.3530784925756	0.006967786	0.3584560628581511
5440.222303668715	300	7.945432671193267	0.0	138313	1056.8292601252733	0.0077807023	0.39090661593705184
5442.744006023769	300	7.762998459665381	0.0	143509	682.4342115278859	0.009044693	0.4169439825762977
5445.904847380316	300	7.752211910354454	0.0	150616	2010.7865493109284	0.017580621	0.28343458946606054
5449.96579482186	300	7.691264468810021	0.0	165384	4060.947441544432	0.00928995	0.07460928514618315
5453.582091228711	300	7.588617337325244	0.0	140881	2102.6471314847777	0.008055974	0.26402387043435
5456.794776679172	300	7.949099249777086	0.0	157671	3139.518087548159	0.007557297	0.18286689435625192
5460.853490793581	300	7.631325907429452	0.0	157812	3817.773342347634	0.007045357	0.0951805349795774
5464.878899527736	300	7.534091845332768	0.0	163927	3097.234062096684	0.006577397	0.16115733412362965
5468.7857958519535	300	7.627195521115842	0.0	137654	2406.8963242169266	0.006128422	0.23601008764804748
5471.703156356993	300	7.6260507714840475	0.0	146754	2001.1447496317944	0.006083338	0.2765136982545735
5474.484349399451	300	7.613562166108115	0.0	153938	2012.4886053759328	0.0061761914	0.2745987748441639
5477.519165315438	300	7.5055064838560686	0.0	181901	2108.0556822520457	0.0062420797	0.2582885870157997
5479.37176345079	300	7.517587518897289	0.0	111155	987.9189649587785	0.006616312	0.3710573234352027
5483.21237874637	300	7.676972223317947	0.0	153605	2340.6152955793427	0.007243732	0.2457492343994374
5486.150353792594	300	7.820631847192331	0.0	149029	2356.3403761256163	0.0071037314	0.25315545283695906
5487.745146935294	300	7.789052596392108	0.0	157421	1531.5792508002232	0.0069768294	0.33365786219448446
5491.8151912916655	300	7.545637436155463	0.0	157488	2243.415160236646	0.0076633613	0.24726082373605185
5494.374532372499	300	7.884281498306897	0.0	143881	1661.355937848567	0.007459464	0.32663199985932434
5496.775013062107	300	7.643033677494684	0.0	163444	1241.2478208122118	0.007674019	0.3535648227621966
5499.011182223099	300	7.684565535897144	0.0	179328	1458.4681415975415	0.009702896	0.33443853183381733
5501.504112069706	300	7.571951088790185	0.0	159914	1112.6144471069583	0.012505748	0.36198549833869076
5503.526388943962	300	7.970970461412759	0.0	131610	1100.9806273774257	0.013296199	0.3880875911005549
5504.9684823108555	300	7.780571796404831	0.0	124011	690.3986650079279	0.012867841	0.41724587077450914
5506.209347773944	300	7.900986506303619	0.0	144254	879.585290101212	0.025972102	0.405853127633855
5507.860259133212	300	7.701170927663405	0.0	149991	1199.8155786402144	0.030675068	0.3613416251149414
5510.050740212607	300	7.831478240279921	0.0	147968	1869.6926873834834	0.029160637	0.3024981212791467
5514.171667677139	300	7.7105507757485885	0.0	161857	3120.927464531332	0.025030877	0.16981667703115355
5518.099137343397	300	7.783081109490516	0.0	145210	3927.469666258072	0.020284005	0.09369560271735011
5522.171120205177	300	7.711098247711332	0.0	172312	3071.982861779184	0.01635801	0.1747453543040398
5525.819858267072	300	7.692313413553778	0.0	167025	3518.784834157553	0.014186091	0.1288911049313558
5528.72724310918	300	7.698597549368309	0.0	160064	2493.71586418547	0.013542196	0.23179076041697236
5530.749021014129	300	7.764543171355239	0.0	137507	1434.0543780130706	0.014541956	0.3418785104083954
5533.69975153084	300	7.758039590967097	0.0	118421	1006.5035803881417	0.020179873	0.3842271163966294

