384.0684102761824	750	4.0	6.650702047500183	450283	6650.702047500184	0.01239978	-0.32786090242443694
387.2767423175595	300	4.7916679586228605	0.0	155580	3208.33204137714	0.06895139	-0.43647023579355265
390.0298400965281	300	6.038570179654275	0.0	139857	2753.0977789685853	0.00576277	0.13698457926176622
393.61932942374654	300	6.449080852435839	0.0	155432	3589.4893272184354	0.0052739363	0.07900234148562896
397.1136526888766	300	6.9547575873057905	0.0	163442	3494.323265130049	0.0058394508	0.12012374362383954
399.96072128128304	300	7.899195511649753	0.0	126289	1555.5620756560363	0.004781286	0.37302723284273853
402.3167953510376	300	7.6069117065476854	0.0	153295	2292.2838051020676	0.004791665	0.28108732207925613
406.3149630285488	300	7.608744029036499	0.0	173849	2998.167677511186	0.004989651	0.2106134549938951
410.1938886020532	300	7.729818455532089	0.0	150710	2878.9255735044103	0.0051945187	0.23010481705054708
413.93157706438893	300	7.992129993196349	0.0	139105	2237.68846233574	0.004792343	0.3106229992714304
418.12337266368036	300	7.530518225452553	0.0	141840	1961.6117677437958	0.0049674716	0.3093799332466375
421.68989671848817	300	7.677348132922452	0.0	156148	1853.1700925301	0.0052928533	0.3294009699848758
425.47680566954847	300	7.890439181862173	0.0	160746	1786.9089510602787	0.005297888	0.3493452746905905
428.6897684079582	300	7.6190892311762894	0.0	179801	2271.349950685884	0.005392528	0.2839418028101622
430.6021236332456	300	7.913718064844539	0.0	140051	1705.3711663317508	0.005459643	0.3589539833498412
434.5867257896658	300	7.684908944562267	0.0	138313	1728.8091202822723	0.005475131	0.342309617937147
438.27876181745927	300	7.9928729167688415	0.0	143509	2192.036027793425	0.005562974	0.3152346754489426
441.5381819279653	300	7.5120773887314805	0.0	150616	1980.7955280373603	0.0054592118	0.306309004922214
443.476324460372	300	7.917318509112501	0.0	165384	1594.7588796189802	0.00536367	0.3702402397878658
445.98744042755817	300	7.638452261313245	0.0	140881	1278.8662477992564	0.005971226	0.38440036248238474
449.6851441758119	300	7.665725318429853	0.0	157671	1972.726942883391	0.006477597	0.31671885904375924
452.45767846558766	300	7.9569465952771425	0.0	157812	2208.7787231527104	0.0057784254	0.31131501081978297
455.11083692811013	300	7.74224515212743	0.0	163927	2214.701443149711	0.0053812503	0.29730389862322587
457.7557100874026	300	7.514037044017575	0.0	137654	1228.2081081098547	0.005466231	0.38169022537034547
461.38949476560936	300	7.53047719235548	0.0	146754	1483.5598516620958	0.0063025868	0.35718256028624046
464.5134283764022	300	7.858622819281401	0.0	153938	2171.854373074079	0.006288276	0.30886220982791224
467.48780059106025	300	7.647476364061764	0.0	181901	2711.1464552196385	0.005527176	0.24173634816212897
470.23198329584636	300	7.831997924887921	0.0	111155	2315.4784391738435	0.0053615225	0.2928357473183433
474.15233218273903	300	7.796175614247739	0.0	153605	3035.822310640183	0.0049888073	0.2185624657566979
476.07427379662454	300	7.702468009431228	0.0	149029	1093.7076048165118	0.005003042	0.40691721103803313
478.9727568596872	300	7.577343530434397	0.0	157421	1625.1244789968318	0.0061234557	0.3459552436826992
482.62709176018654	300	7.923008629935063	0.0	157488	2654.3349004993347	0.0057738163	0.26463827025124054
486.8113129882954	300	7.738787401826175	0.0	143881	3684.221228108886	0.0051268376	0.15013581073347992
490.8942444559974	300	7.65585593412412	0.0	163444	3582.9314677020557	0.0047528595	0.1550815700427845
494.89815705770246	300	7.651943332419074	0.0	179328	3503.912601705046	0.004755363	0.16273891903592003
498.9454582495306	300	7.604642140590966	0.0	159914	4047.301191828108	0.004856242	0.1054437355343571
502.80765088409885	300	7.7424495060226874	0.0	131610	1862.1926345682782	0.0047564353	0.33256755159982265
505.97534770098855	300	7.9477273873166085	0.0	124011	1294.7221187060795	0.0047455886	0.4021444707669126
507.5886797762723	300	7.582548655766575	0.0	144254	1365.1787315500344	0.0048348308	0.3722751387606401
509.9470862307019	300	7.857422105418542	0.0	149991	1225.126550348034	0.005319145	0.40345994748408803
513.4464370534578	300	7.864386665081503	0.0	147968	1493.0354403370382	0.005986941	0.3771043434641227
517.6742471777385	300	7.63657654080075	0.0	161857	4227.810124280753	0.0064174216	0.089388742302204
521.438426235002	300	7.872397483537284	0.0	145210	3264.1790572634654	0.0062280265	0.20049065792496623
525.3379290388406	300	7.972894679698653	0.0	172312	3399.5028038386317	0.0057751862	0.19323935802753517
529.7815693154826	300	7.529254403056729	0.0	167025	3943.640276641923	0.0060752667	0.11109809345708577
533.8522757016542	300	7.458548016885037	0.0	160064	4070.706386171692	0.0063305805	0.09397233336837812
537.0480877623005	300	7.56171901636947	0.0	137507	2396.8290005155663	0.0053994125	0.26780825940176783
539.5828338498995	300	7.778837502635324	0.0	118421	1282.8815137341455	0.0053555844	0.39277291347152576

