2709.184716123233	750	4.0	5.693969597015465	450283	5693.969597015464	0.2232079	-24.309650662515335
2710.9880527184077	300	6.1966634048252285	0.0	155580	1803.336595174772	0.025621068	-0.3802325581395349
2713.2333031713215	300	7.707691269693634	0.0	139857	1488.9721351315945	0.0708423	0.06976744186046512
2715.881158060549	300	7.631902950590819	0.0	155432	1575.7883191028166	0.48950964	0.06976744186046512
2718.8858149400176	300	7.970607824518663	0.0	163442	1661.2951260721543	0.24724841	0.06976744186046512
2720.3647676746677	300	7.557812267142044	0.0	126289	1412.795557376619	0.6649881	0.06976744186046512
2722.473585381498	300	7.541482078663683	0.0	153295	1516.3301884783612	0.61504555	0.06976744186046512
2726.9506903931724	750	7.06437706698969	0.0	437162	4477.105011673993	0.5767671	-0.2755813953488372
2729.5235353336384	300	7.917750804569408	0.0	150710	1646.6262624202811	0.36388096	-0.3802325581395349
2733.493727269787	750	7.947558868421149	0.0	362795	3970.191936148259	0.6305201	-0.2755813953488372
2737.6664350202022	750	7.774851118005725	0.0	353220	3672.707750415424	0.30804142	0.1744186046511628
2743.4847952303007	750	5.95649090790749	0.0	405134	5818.360210098234	0.55052614	0.1744186046511628
2745.674637724041	300	7.766648414167141	0.0	160746	2189.84249374035	0.40628117	-0.3802325581395349
2749.2941392929542	300	7.655558178234627	0.0	179801	2111.0902359325146	0.19030233	0.06976744186046512
2751.666469767966	300	7.903598635819107	0.0	140051	1751.9595424155184	0.5342189	0.06976744186046512
2754.330916226122	300	7.541560801489437	0.0	138313	1862.0378343296704	0.4667204	0.06976744186046512
2760.0275274095716	750	5.844949618040015	0.0	360831	5696.611183449421	0.69570106	-0.2755813953488372
2761.962885901162	300	7.9095911264497625	0.0	150616	1935.3584915902532	0.2891398	-0.3802325581395349
2766.5755583580235	750	7.296918669588515	0.0	405596	4612.672456861247	0.6899221	-0.2755813953488372
2768.3086866828457	300	7.653879899340715	0.0	140881	1643.0387702478015	0.6919674	-0.3802325581395349
2772.082520462638	300	7.582007848731948	0.0	157671	2571.8720506087675	0.24575552	0.06976744186046512
2775.76980894811	300	7.894719363260093	0.0	157812	3187.2884854718536	0.58434063	0.06976744186046512
2779.6937516822704	300	7.97077662909967	0.0	163927	3923.942734160424	0.18106037	0.06976744186046512
2784.118583899573	300	7.545944411797123	0.0	137654	3424.832217302546	0.574415	0.06976744186046512
2786.5823516450096	300	7.693073079238004	0.0	146754	2352.8713325591193	0.09655379	0.06976744186046512
2788.4999748122573	300	7.639709687752981	0.0	153938	1553.3633914850236	0.2927589	0.06976744186046512
2791.4710577448504	300	7.701298080587438	0.0	181901	1938.4116071655428	0.40120846	0.06976744186046512
2795.4097741756796	750	7.762581649758056	0.0	277716	3438.7164308293814	0.58472824	-0.2755813953488372
2800.2209385061997	750	6.95141731923832	0.0	400396	4811.164330519736	0.5087801	0.1744186046511628
2802.538521614793	300	7.893901851330229	0.0	149029	2057.5154679080915	0.6765066	-0.3802325581395349
2806.208749887001	300	7.833821597568858	0.0	157421	2560.08025376137	0.47368202	0.06976744186046512
2811.013129848539	300	7.029441636030542	0.0	157488	4804.379961538316	0.3151047	0.06976744186046512
2815.6567533626753	300	6.385818121894138	0.0	143881	4643.623514136404	0.04759639	0.06976744186046512
2820.770878404059	300	5.271693080510296	0.0	163444	5114.125041383842	0.02300735	0.06976744186046512
2825.566163741421	300	4.476407743148376	0.0	179328	4795.285337361921	0.004705182	0.06976744186046512
2828.4305951948904	300	5.611976289678716	0.0	159914	2864.43145346966	0.004705182	0.06976744186046512
2830.317469353195	300	7.7251021313738955	0.0	131610	1886.8741583048206	0.0052580414	0.06976744186046512
2833.2050259291927	300	7.850757476196017	0.0	124011	1874.34465517788	0.040492415	0.06976744186046512
2835.3790546695386	300	7.700349094932659	0.0	144254	2150.4083812633576	0.15104908	0.06976744186046512
2837.50953152541	300	7.976920851038318	0.0	149991	1223.4282438943408	0.31775087	0.06976744186046512
2839.962417226194	750	7.909002311634704	0.0	345516	2067.918539403614	0.69548976	-0.2755813953488372
2844.168493162489	750	7.702926375339712	0.0	384505	4206.075936294992	0.1635594	0.1744186046511628
2847.1918334910824	750	7.861777802880994	0.0	372093	2341.1485724587183	0.39147168	0.1744186046511628
2850.731454867583	750	7.843062921197947	0.0	438281	3518.7148816830477	0.1981138	0.1744186046511628
2854.6299095380136	750	7.9446082507675095	0.0	398987	3898.454670430438	0.3877923	0.1744186046511628
2860.8309942754468	750	5.743523513334364	0.0	393804	6201.084737433145	0.53367096	0.1744186046511628
2863.0420429505157	300	7.5324748382659	0.0	137507	2211.048675068464	0.16981007	-0.3802325581395349
2866.726230564299	300	7.848287224482355	0.0	118421	2184.187613783545	0.14773643	0.06976744186046512

