8274.949518742576	750	4.0	1.7227784527213061	450283	1722.7784527213062	0.04439365	0.26112215472786937
8276.745741596922	750	6.20377714565615	0.0	398865	1796.22285434385	0.8288218	0.4680950419806756
8277.934620491771	300	7.923838423288955	0.0	139857	779.9387223671957	0.78479326	0.24259941442813135
8279.00234674047	300	7.799445389950872	0.0	155432	624.3930333380832	0.10371931	0.696056760838914
8280.380706657505	300	7.531931929418626	0.0	163442	767.5134605322451	0.16400477	0.6557290340827369
8281.51237010921	300	7.906523503366967	0.0	126289	625.4084260516594	0.15144399	0.7063685680972717
8283.195930236154	300	7.64787095747242	0.0	153295	1258.6525458945466	0.108983725	0.6178901960247382
8284.776917700434	300	7.584830963406889	0.0	173849	1063.0399940655316	0.07843656	0.6313208117847668
8288.538653462923	1200	7.727936884018543	0.0	584846	2856.8940793883444	0.08733573	-0.3453475459680311
8291.105988469055	750	7.7766901796046914	0.0	362795	2451.246704413853	0.8670772	0.10555844952517099
8296.71029240732	1850	6.172386241338642	0.0	939819	5604.303938266049	0.51994616	-0.926965831856422
8299.909038061309	750	6.973640587348748	0.0	405134	3198.745653989894	0.8393561	-0.6972880182793237
8301.148741482559	300	7.768357871410361	0.0	160746	1205.282715938387	0.3395917	0.18494453140081887
8302.378981846126	300	7.7904480088815795	0.0	179801	977.9098625287811	0.034305956	0.6598300826108555
8304.028853986143	300	7.59167715124325	0.0	140051	1198.770857638331	0.04932096	0.6184135171945729
8305.238159902303	300	7.512574867752253	0.0	138313	1079.1022834909954	0.043050993	0.622687677539807
8306.64236051732	300	7.760576328878007	0.0	143509	1251.998538874246	0.040446647	0.6295161940959616
8308.52987194368	300	7.8129216919200974	0.0	150616	1447.6546369579096	0.040158607	0.6150411708434385
8312.821157955357	300	7.521635680241052	0.0	165384	1791.2860116790457	0.04549644	0.5523504687355378
8314.998339840007	300	7.648616205206694	0.0	140881	1873.019475034359	0.041263223	0.5565259784529152
8318.2966176365	300	7.951558425967264	0.0	157671	2697.05777923943	0.03664707	0.5035832790013733
8322.547196460087	300	7.700979602380961	0.0	157812	4250.578823586302	0.03353629	0.3238623839729183
8325.776982138977	300	7.706986159505843	0.0	163927	2993.9934428751185	0.026361872	0.45010505972443143
8329.713397718446	300	7.770570580036638	0.0	137654	1936.415579469205	0.02102261	0.5620464309616425
8333.61773377601	300	7.866234522473318	0.0	146754	2904.33605756332	0.019870434	0.4745577015541982
8336.854427890485	300	7.656159411309118	0.0	153938	2710.0751111642	0.019579392	0.47355399163339174
8338.824083401065	300	7.759641167175172	0.0	181901	1396.5182441339457	0.01742269	0.6149732790943909
8339.59232478473	300	7.587089142116625	0.0	111155	672.5520250585472	0.022557765	0.670589216564987
8341.197708313146	300	7.99224210471046	0.0	153605	1094.8470374061653	0.03233229	0.6677608409424757
8343.298936610698	300	7.526896206440262	0.0	149029	965.3458982701987	0.0365498	0.6354560662492956
8344.691067311489	300	7.903772012685083	0.0	157421	1123.1241937551797	0.040617023	0.6563294088581064
8346.969686561195	300	7.703965669850404	0.0	157488	1199.80634283468	0.042047676	0.6292300271094838
8348.899825195596	300	7.903302768084492	0.0	143881	1300.662901765913	0.04365267	0.6385299040196255
8350.457897042039	300	7.81400467268148	0.0	163444	1089.2980954030118	0.042389035	0.6509821448779728
8351.530120429867	300	7.997279949788079	0.0	179328	816.724722893401	0.04874332	0.6960630028275505
8352.724643113297	300	7.632767921538727	0.0	159914	864.5120282493522	0.064276114	0.6558354775447061
8353.981465023615	300	7.614362308470929	0.0	131610	518.4056130677993	0.062156457	0.6886561731920179
8355.431810262824	300	7.983397822991688	0.0	124011	630.9644854792401	0.08272448	0.7132889897380177
8356.991812513139	300	7.6880870841994	0.0	144254	795.3107387922873	0.08259681	0.6681353950591629
8358.98447604846	300	7.794101062800033	0.0	149991	1393.986021399368	0.07811035	0.6185777262173664
8360.64055062131	300	7.880402504835667	0.0	147968	913.6985579643671	0.06479975	0.6749992877988319
8363.074070056051	300	7.884830780408052	0.0	161857	995.5717244276144	0.0676597	0.6672426209519217
8366.380042451714	300	7.815818409232976	0.0	145210	1569.0123711750757	0.07399461	0.6031871031803994
8370.028677184528	300	7.754981117070265	0.0	172312	2060.8372921627106	0.059644464	0.5480881844188122
8374.33623288831	300	7.4474254132865205	0.0	167025	4307.555703783744	0.055189643	0.2935065510637397
8378.76599889311	300	7.017659408487998	0.0	160064	4429.766004798523	0.04449085	0.23949077699560561
8381.828246298697	300	7.955412002901069	0.0	137507	3062.2474055869297	0.032873176	0.467439076723436
8386.099592725412	300	7.684065576185585	0.0	118421	3771.346426715483	0.022855755	0.3701407346124998

