7222.1071407919935	750	4.0	2.54228302815134	450283	2542.28302815134	0.009945526	0.24179156230114507
7222.946561618567	300	7.160579173426026	0.0	155580	839.4208265739742	0.004705182	0.3510412085396949
7224.258549945808	300	7.525436984853442	0.0	139857	635.1421885725827	0.004705182	0.8665187641073415
7225.253353966298	300	7.586458034407386	0.0	155432	938.9789504460568	0.004705182	0.8436694736111767
7226.155724218025	300	7.778185414966167	0.0	163442	808.2726194412189	0.004705182	0.8804130530678685
7227.192546606998	300	7.641823036622238	0.0	126289	636.3623783439278	0.004705182	0.8807671535304242
7230.89797910197	300	7.54933681830079	0.0	153295	1092.4862183214486	0.004705182	0.8237353192766304
7234.781468267399	300	7.665847652872169	0.0	173849	3883.4891654286203	0.004705182	0.5590208401374126
7238.862358104197	300	7.584957816075024	0.0	150710	3580.889836797146	0.004705182	0.5792931501494035
7242.914835553329	300	7.532480366942673	0.0	139105	3052.477449132351	0.004705182	0.6256548979083902
7246.309799204419	300	7.834899934001969	0.0	141840	2197.5804329407047	0.004705182	0.7484849218497882
7247.924928672865	300	7.986026785003638	0.0	156148	1348.873148998331	0.004705182	0.8520155715673041
7250.754923508941	300	7.554157512389025	0.0	160746	1931.869272614613	0.004705182	0.7403922341659659
7253.4999688931875	300	7.865697578147189	0.0	179801	1688.459934241838	0.004705182	0.8031996157427794
7255.869205751507	300	7.864371926439178	0.0	140051	1001.3256517080094	0.004705182	0.8717493632444654
7258.388905873981	300	7.628477463758926	0.0	138313	1235.8944626802524	0.004705182	0.8191661416919505
7260.7546444491045	300	7.602510953643217	0.0	143509	1025.9665101157084	0.004705182	0.8369528022834677
7262.496572775817	300	7.901432784640747	0.0	150616	1701.0781690024694	0.004705182	0.8063500865560584
7265.531698988326	300	7.64429484784181	0.0	165384	1257.1379367989375	0.004705182	0.8189947969435426
7267.61008965951	300	7.809093549954454	0.0	140881	1335.2012978873554	0.004705182	0.8315364717620669
7268.841864642754	300	7.624800768830821	0.0	157671	1184.2927811236339	0.004705182	0.8238723412931601
7270.866397933722	300	7.8462752244072105	0.0	157812	1278.5255444236107	0.004705182	0.8417949395630757
7273.679594915847	300	7.957680668616845	0.0	163927	1388.594555790366	0.004705182	0.8445434816858757
7277.063919725421	300	7.632819410197018	0.0	137654	1324.8612584198263	0.004705182	0.810805570548677
7280.931621194612	300	7.765117941006803	0.0	146754	1367.7014691902139	0.004705182	0.8228567020916624
7282.708786666862	300	7.885117715053835	0.0	153938	1380.0002259529692	0.004705182	0.8364434280165418
7284.492788661223	300	7.811699426922027	0.0	181901	1573.4182881318095	0.004705182	0.8080365253505474
7285.780400866834	300	7.643185143731393	0.0	111155	668.5142831906336	0.004705182	0.8777201450155508
7287.251962542975	300	7.641953300370354	0.0	153605	1001.2318433610387	0.004705182	0.8442962909428224
7289.239394077933	300	7.80340236828195	0.0	149029	1838.5509320884053	0.004705182	0.7804988072564729
7290.166445813496	300	7.684316863935681	0.0	157421	619.0855043462693	0.004705182	0.8877416350580256
7290.708931706649	300	7.6420570424664875	0.0	157488	542.2598214691936	0.004705182	0.8902063023670234
7291.921676696633	300	7.6357975688171225	0.0	143881	506.2594736493644	0.0047428473	0.8930334679662758
7293.059504241981	300	7.985126573310623	0.0	163444	650.6709955064991	0.0048658373	0.9217246360570959
7294.84158296807	300	7.502665409185951	0.0	179328	982.4611641246718	0.005161124	0.828975216553829
7296.922354923985	300	7.932088226211493	0.0	159914	1570.5771829744579	0.005447482	0.8231852711581316
7299.149414979899	300	7.58365565622402	0.0	131610	1848.4325699874737	0.0052721226	0.7523780966631867
7300.964504198556	300	7.755424737859725	0.0	124011	828.2309183642968	0.0051899203	0.8756069188434334
7304.206645802787	300	7.5977830758902405	0.0	144254	1657.6416619694849	0.0062208865	0.7732015269898638
7307.106570096866	300	7.860070938481669	0.0	149991	2237.7121374085705	0.006295257	0.7475796634656561
7308.588902330621	300	7.650010909438512	0.0	147968	1210.0600290431582	0.0062182723	0.8244083607764332
7311.367415566904	300	7.9618904126533945	0.0	161857	1188.1204967851172	0.0058873026	0.8651106727337289
7313.1449188738015	300	7.973335109953678	0.0	145210	988.5553026997165	0.006558335	0.8864802908059185
7314.281559567275	300	7.6344887653160916	0.0	172312	838.846344637586	0.0075742286	0.8596131803960946
7315.9104063510495	300	7.868962485846085	0.0	167025	765.5262794700078	0.010218239	0.8958961056176812
7317.818119615789	300	7.531766129628354	0.0	160064	1337.1963562177316	0.015331735	0.7970948189526743
7318.651084783075	300	7.9605420237468385	0.0	137507	571.2241058815134	0.01533037	0.9266338236670029
7319.580993103752	300	7.6464583371106	0.0	118421	814.0836866362391	0.01907837	0.8635673521175034

