10934.130636273829	750	4.0	4.851455205977005	450283	4851.455205977005	0.49510527	-20.92128362000668
10936.334301153533	300	5.796335120296149	0.0	155580	2203.664879703851	0.13994351	-0.09641667321026492
10938.491167689452	300	7.639468584376665	0.0	139857	2156.8665359194842	0.17449039	0.5356668850914947
10942.153335959623	300	7.97730031420655	0.0	155432	2662.1682701701147	0.5684488	0.5176534057090838
10946.415608525629	300	7.715027748201291	0.0	163442	2762.2725660052583	0.464362	0.48239893883851925
10950.628907714914	300	7.501728558914059	0.0	126289	2713.2991892872324	0.20197725	0.46676598327501456
10953.68006392735	300	7.991013780977481	0.0	153295	2010.7147779365787	0.21209237	0.5841186919421403
10957.90585778785	750	7.6933376061283765	0.0	437162	3797.676174849105	0.5841591	-0.049160322428254466
10963.239859402933	750	6.359335991046418	0.0	374758	5334.001615081958	0.10593671	0.11880793791379807
10965.762821137709	300	7.83637425626824	0.0	139105	2522.9617347781777	0.6408601	0.0680097634643243
10974.163758701554	750	4.0	0.5645633075749629	353220	8400.937563843203	0.4268904	-3.292596692664519
10976.742780305809	300	5.420978395744844	0.0	156148	2579.021604255157	0.013628554	-0.17008086377478931
10979.006316642439	300	7.157442059114455	0.0	160746	2263.5363366303877	0.0151619855	0.4786042954360514
10982.527342374908	300	7.636416326644941	0.0	179801	3021.0257324695144	0.0947742	0.4489571821058028
10985.431722318228	300	7.874027424588395	0.0	140051	1762.3889020565448	0.22371128	0.5976912076600915
10987.446332551972	300	7.992717856949306	0.0	138313	1381.3095676390892	0.24425076	0.6472232322516329
10991.802959401693	750	7.636091007227927	0.0	360831	3856.626849721379	0.4710852	-0.06056544115420259
10996.159682170857	750	7.279368238064457	0.0	372963	4356.722769163471	0.1321695	0.30508998851226676
10999.252896480368	300	7.651086235352741	0.0	165384	1628.2820027117148	0.45853633	0.13964355073197773
11001.882701849023	750	7.938649671075781	0.0	350713	2212.436564276961	0.55305517	0.1329752081072994
11006.120617158345	1200	7.7007343617529855	0.0	601738	4237.915309322794	0.48076034	-0.06840348877209806
11010.01353141831	750	7.807820101788855	0.0	399894	3892.9142599641314	0.76313514	-0.047665058555687256
11016.282783934115	750	5.538567585985399	0.0	401853	6269.252515803456	0.12731875	-0.05371705877068722
11020.141522416345	750	5.67982910375547	0.0	343800	3858.738482229929	0.5535298	0.20093092876673352
11026.485739354266	750	4.0	0.6643878341668351	359903	6344.216937922305	0.693604	-3.06617009441748
11029.714098701466	300	4.771640652800254	0.0	153938	3228.3593471997456	0.021929065	-0.29751414552613376
11031.678912434296	300	6.806826919970194	0.0	181901	1964.8137328300597	0.007431901	0.4747294438677284
11033.373450675123	300	7.711347527932321	0.0	111155	1095.4793920378738	0.14579543	0.6487240307853394
11036.78707969363	750	7.889062443071911	0.0	400396	2822.285084860411	0.696727	0.06721752810222187
11039.06621646394	750	7.735166043740523	0.0	400508	2153.896399331388	0.17088276	0.5692436905370684
11044.859184166775	1200	5.942198340906889	0.0	570392	5792.967702833634	0.7111858	-0.39316985046248737
11051.031194041789	750	4.0	0.22981153410805838	400322	6172.009875014947	0.106148325	-1.6302712978740046
11053.191075506138	300	5.840118535650854	0.0	143881	2159.8814643491455	0.05493374	-0.08782412739638579
11056.387871669305	300	6.6433223724821895	0.0	163444	3196.7961631686644	0.016942546	0.3357936993625677
11060.229204405026	300	6.801989636761959	0.0	179328	3841.33273572023	0.016426789	0.2866119494849918
11062.971513006314	300	7.5049494489005735	0.0	159914	2297.0401878613857	0.0063697393	0.5087018977975074
11065.295592013901	300	7.840544209070922	0.0	131610	1164.4052398296506	0.06014949	0.6542667757308901
11069.860444583766	750	7.275691639206243	0.0	361565	4564.852569864679	0.5221543	-0.16607686844280595
11073.20144448818	300	7.934691734791171	0.0	144254	2340.999904415072	0.55127287	0.0956691173217564
11076.430650873632	300	7.907851615383726	0.0	149991	3026.8401194074454	0.053187773	0.47450170334106206
11080.736545065829	300	7.6019574231851665	0.0	147968	4305.89419219856	0.03268199	0.3171536268900721
11084.267464548882	300	7.965627953679339	0.0	161857	3136.329469505827	0.005750779	0.46911380759834426
11087.442076915228	300	7.520616791631015	0.0	145210	1945.0111620483242	0.0059862263	0.5454128002054837
11091.066743014531	300	7.895950692326085	0.0	172312	2624.666099304929	0.033042677	0.5135736277667029
11093.105816371719	300	7.638547627382708	0.0	167025	1757.403064943376	0.036831193	0.5755245890151384
11095.925677578789	300	7.679452193770198	0.0	160064	1459.0954336125094	0.08948211	0.6092924638897393
11098.935724148747	300	7.559811800319895	0.0	137507	1619.6403934503032	0.5950287	0.5817224419045244
11101.738714343579	300	7.663519695756995	0.0	118421	1396.292104562899	0.31621364	0.6140392754659272

