12272.814504908925	750	4.0	5.067185897414644	450283	5067.185897414644	0.004705182	-21.03889935888297
12275.14778641018	300	5.6667184987460475	0.0	155580	1833.2815012539522	0.004705182	-0.15000000000000002
12278.735848607019	300	5.627921018600867	0.0	139857	1538.7974801451799	0.004705182	0.3
12280.581934929343	300	5.539510268245368	0.0	155432	1588.4107503554999	0.004705182	0.3
12284.489923090934	300	5.534354016333969	0.0	163442	2005.1562519113982	0.004705182	0.3
12285.948394526025	300	5.851534153479264	0.0	126289	1182.8198628547052	0.004705182	0.3
12288.115505750493	300	5.5008043464629885	0.0	153295	1350.729807016275	0.004705182	0.3
12290.92037790829	300	5.616558981039527	0.0	173849	1884.2453654234607	0.004705182	0.3
12293.809572118722	300	5.5622753292617055	0.0	150710	1554.2836517778221	0.004706612	0.3
12296.866540749103	300	5.621246240947767	0.0	139105	1941.0290883139387	0.004705182	0.3
12299.19196820059	300	5.986502305287353	0.0	141840	2134.743935660413	0.004705182	0.3
12300.613127061264	300	5.696264671014111	0.0	156148	1290.2376342732425	0.004705182	0.3
12303.015999722196	300	5.535288968048157	0.0	160746	1160.975702965955	0.004705182	0.3
12305.31750031286	300	5.62048715169939	0.0	179801	1414.8018163487673	0.009136615	0.3
12307.471175325021	300	5.5969989183259425	0.0	140051	1023.4882333734472	0.01107315	0.3
12309.090455652211	300	5.552452182274907	0.0	138313	1044.5467360510352	0.021062627	0.3
12310.325469921443	300	5.847311833679188	0.0	143509	1205.1403485957173	0.021878382	0.3
12312.153407147747	300	5.8782802380956785	0.0	150616	1469.0315955835106	0.010787709	0.3
12316.248742100044	300	5.782945285796435	0.0	165384	2595.334952299243	0.0053820917	0.3
12319.023850874159	300	5.597511194998173	0.0	140881	2185.434090798262	0.004705182	0.3
12322.891066501958	300	5.730295567200011	0.0	157671	3867.215627798161	0.004705182	0.3
12326.499920678498	300	5.884313634487086	0.0	157812	2345.9819327129258	0.004705182	0.3
12330.48166824896	300	5.902566064023922	0.0	163927	3481.747570463164	0.004705182	0.3
12334.397117308114	300	5.987117004871596	0.0	137654	2915.4490591523268	0.004705182	0.3
12338.503445838476	300	5.880788474509669	0.0	146754	2606.328530361927	0.004705182	0.3
12342.03386060489	300	5.993779759754973	0.0	153938	2887.008714754696	0.004705182	0.3
12346.351691649072	300	5.675948715573145	0.0	181901	3317.8310441818276	0.004705182	0.3
12348.458711021938	300	5.9680575675616145	0.0	111155	1707.89114801153	0.004705182	0.3
12352.094284076275	300	5.879835114819274	0.0	153605	3088.2224527423405	0.004705182	0.3
12356.468604814167	300	5.505514376929041	0.0	149029	4374.320737890233	0.004705182	0.3
12361.903337670323	300	4.070781520772858	0.0	157421	5434.732856156183	0.004705182	0.3
12366.529850478666	300	4.0	0.5557312875707175	157488	4626.512808343576	0.004705182	-2.0896445365540854
12370.23941442306	300	4.290436055606997	0.0	143881	3709.5639443930027	0.004705182	0.3
12373.52403272866	300	5.0058177500082275	0.0	163444	3284.61830559877	0.004705182	0.3
12376.877512954046	300	5.652337524620415	0.0	179328	2853.4802253878124	0.004705182	0.3
12380.665477242785	300	5.864373235882206	0.0	159914	1787.9642887382086	0.004705182	0.3
12383.846037704718	300	5.818364945967174	0.0	131610	2046.0082899150325	0.004705182	0.3
12387.96682182019	300	5.5052489122402415	0.0	124011	1813.116033726933	0.004705182	0.3
12391.767730767218	300	5.704339965211224	0.0	144254	3300.908947029018	0.004705182	0.3
12395.721677558255	300	5.750393174175777	0.0	149991	2953.946791035447	0.004705182	0.3
12398.178545499564	300	5.903221108926005	0.0	147968	2347.172065249772	0.004705182	0.3
12401.20250709478	300	5.6310883018487985	0.0	161857	1772.1328070772074	0.004705182	0.3
12404.083135434737	300	5.816688516438861	0.0	145210	1314.3997854099377	0.004705182	0.3
12407.923270330919	300	5.889735374120924	0.0	172312	1926.9531423179358	0.004705182	0.3
12411.505270130712	300	5.885326384655813	0.0	167025	2004.4089894651113	0.004705182	0.3
12415.535931713597	300	5.854664801770292	0.0	160064	3030.6615828855215	0.004705182	0.3
12419.613467619476	300	5.777128895892014	0.0	137507	3077.5359058782783	0.004705182	0.3
12422.454243136122	300	5.544635287115739	0.0	118421	2232.4936087762753	0.004705182	0.3

