14388.674550664602	750	4.0	6.212365695121308	450283	6212.365695121308	0.026671667	-0.1878365695121308
14390.181639918615	300	6.492910745984942	0.0	155580	1507.089254015058	0.51808435	0.030726644645529738
14392.751187419213	300	7.923363245387267	0.0	139857	1569.547500597674	0.05571472	0.6135923255541444
14396.828523874508	300	7.846026790092508	0.0	155432	3077.3364552947583	0.043557562	0.4552924598070206
14398.709961350047	300	7.513477504837918	0.0	163442	1832.5492852545906	0.04718783	0.5474307588200285
14401.388222233194	300	7.94379112500476	0.0	126289	2069.686379833158	0.043032646	0.5655650489233972
14404.221150452535	300	7.521614286092734	0.0	153295	1922.1768389120264	0.03449412	0.5392593054313157
14406.73867647324	300	7.9432269516549825	0.0	173849	2078.3873344377507	0.03448698	0.564640087604672
14408.74982245494	300	7.967223327787924	0.0	150710	976.0036238670581	0.03777477	0.6772121062406699
14410.04242056227	300	7.843495410089765	0.0	139105	1123.7279176981592	0.044343628	0.6504071368614137
14414.077305292481	300	7.808610679877748	0.0	141840	3034.8847302120175	0.045238834	0.4558989155969092
14418.131601151357	300	7.7543148210024375	0.0	156148	2554.295858875309	0.037902545	0.49867753045495616
14421.199929288248	300	7.659176208665966	0.0	160746	2595.138612336472	0.032223623	0.485341025059118
14425.391237541226	300	7.4678679556890915	0.0	179801	4191.308252976874	0.028077804	0.30711933339307673
14429.055975366538	300	7.803130130375607	0.0	140051	3664.7378253134852	0.027713764	0.39238062264767926
14433.004672275292	300	7.854433221621497	0.0	138313	3448.6969087541083	0.020037219	0.4189739399272798
14437.010087551695	300	7.849017945219777	0.0	143509	4005.4152764017194	0.017628768	0.3627754675324514
14440.258462627655	300	7.7665043250901	0.0	150616	3082.5136201296764	0.016089648	0.4470411836020446
14442.913800734774	300	7.8117659231463	0.0	165384	1454.7384019437984	0.013604391	0.6142203958315979
14444.554173819533	300	7.966879314453774	0.0	140881	1344.8866086925268	0.018964134	0.6402903524613768
14447.029385900727	300	7.97201650234015	0.0	157671	1494.8628121136253	0.023787785	0.6257923236412171
14449.545917778029	300	7.608925131479824	0.0	157812	1363.0913708603246	0.02711688	0.6036588319503804
14451.188533025968	300	7.639337817930007	0.0	163927	1469.5873135498168	0.029439457	0.5959668714387114
14452.969372442742	300	7.810432062439769	0.0	137654	1328.905755490238	0.03140751	0.6266739425232437
14456.805735762686	300	7.768217171107828	0.0	146754	2542.214891331942	0.033266224	0.5012376307570421
14460.747771515471	300	7.826181418322403	0.0	153938	3442.035752785425	0.030432012	0.4168925676533113
14466.046311976486	300	6.527640957307338	0.0	181901	5298.540461015065	0.026914712	0.10495903699663212
14469.478754380616	300	7.095198553178272	0.0	111155	3432.4424041290654	0.023439322	0.3467638188836804
14474.589645601069	300	5.984307332723549	0.0	153605	5110.891220454722	0.016089179	0.07088476606189287
14478.936068524532	300	5.6378844092614	0.0	149029	4346.422923462149	0.016093409	0.11364196645445634
14483.058240169357	300	5.515712764436429	0.0	157421	4122.171644824972	0.014224455	0.12418590185894557
14485.93411025101	300	6.6398426827839225	0.0	157488	2875.870081652507	0.01238903	0.35813769273548585
14488.640434043755	300	7.9335188900390134	0.0	143881	2206.323792744908	0.01180616	0.5509023327818032
14491.899748376938	300	7.888285073488687	0.0	163444	2545.233816550326	0.01289731	0.5126123417417422
14495.865996314564	300	7.922037135863898	0.0	179328	2966.2479376247875	0.015138459	0.47379331770028543
14500.034886850917	300	7.75314659950901	0.0	159914	3168.890536354889	0.015637774	0.43710445316676233
14502.26784261794	300	7.666278235304486	0.0	131610	2086.8683642045235	0.015774863	0.5368587219629091
14504.504636501608	300	7.965924985378157	0.0	124011	1700.3532499263295	0.017009247	0.6046508798353928
14508.734341088453	300	7.736220398532787	0.0	144254	3729.70458684537	0.020944022	0.3793769750727765
14512.659884722525	300	7.810676764461255	0.0	149991	2425.5436340715314	0.021008316	0.517033951936704
14516.531187067534	300	7.939374419451064	0.0	147968	2371.3023450101923	0.019518618	0.5349739277905968
14519.209982242111	300	7.566472460498166	0.0	161857	1372.901958952898	0.019459913	0.5985492508881569
14521.450589532868	300	7.88911546593175	0.0	145210	1677.3569945664149	0.029396366	0.5994807796052213
14523.367800645738	300	7.932135048091262	0.0	172312	1456.9804178404872	0.030810058	0.6257020916428266
14527.782494180257	300	7.517441513572463	0.0	167025	2414.6935345188003	0.03499575	0.489601833743042
14530.584225546236	300	7.829037964356867	0.0	160064	2688.4035492155967	0.033677477	0.4925335871121457
14532.665114685935	300	7.970257264889902	0.0	137507	1358.780699466964	0.030798942	0.6392294490638466
14534.325458071542	300	7.506139749201737	0.0	118421	964.1175156881651	0.034012306	0.6335603390410525

