5284.2398658675975	750	4.0	2.2982937896467757	450283	2298.2937896467756	0.02881111	-9.708244690829973
5285.1289011211975	300	7.11096474639953	0.0	155580	889.0352536004698	0.19393492	-0.3802325581395349
5287.31130611701	750	7.963426679517237	0.0	350812	1647.5380668822925	0.6882043	-0.2755813953488372
5289.097289520996	750	7.962868523054159	0.0	382355	1500.5581564630775	0.096207336	0.1744186046511628
5290.87411039287	750	7.687170701363766	0.0	411561	1275.697821690394	0.0775408	0.1744186046511628
5292.078522616525	750	7.640526024027261	0.0	318564	1046.6446773365046	0.050678164	0.1744186046511628
5294.057751103425	750	7.6997956633868965	0.0	352642	1440.7303606403668	0.053043857	0.1744186046511628
5296.925851051409	750	7.799994700074985	0.0	437162	2399.800963311912	0.042855922	0.1744186046511628
5298.760359112445	750	7.711890152342516	0.0	374758	1588.1045477324685	0.04240148	0.1744186046511628
5300.122783660722	750	7.558879687306107	0.0	362795	1153.0104650364087	0.04373712	0.1744186046511628
5301.795471242629	750	7.522242952273256	0.0	353220	1036.63673503285	0.052515116	0.1744186046511628
5303.855902880304	750	7.940052513972423	0.0	405134	1582.190438300833	0.05797133	0.1744186046511628
5305.745400199373	750	7.51442438737474	0.0	386351	1425.6281265976827	0.048423924	0.1744186046511628
5308.126271198867	750	7.605923517213711	0.0	434409	1408.50087016103	0.047690477	0.1744186046511628
5310.072492421717	750	7.658998013405297	0.0	337059	1446.925503808415	0.051179927	0.1744186046511628
5311.760956058215	750	7.834413997426474	0.0	366214	1324.5840159788227	0.04432362	0.1744186046511628
5313.072662226325	750	7.605500809481699	0.0	360831	1228.9131879447768	0.044784278	0.1744186046511628
5314.433349528256	750	7.866553586599022	0.0	372963	1238.9472228826767	0.050189458	0.1744186046511628
5316.135729372185	750	7.501233737558618	0.0	405596	1365.319849040404	0.048037253	0.1744186046511628
5317.427507421483	750	7.823874743703671	0.0	350713	1177.3589938549471	0.047666807	0.1744186046511628
5319.322032007649	750	7.728821897292299	0.0	386472	1595.0528464113718	0.04583901	0.1744186046511628
5321.147876042654	750	7.635635787816831	0.0	399894	1593.1861094754677	0.041581925	0.1744186046511628
5322.982342058894	750	7.829731709062649	0.0	401853	1305.9040787541826	0.04096128	0.1744186046511628
5325.02109999863	750	7.699633669835953	0.0	343800	1130.0980392266956	0.043370336	0.1744186046511628
5326.891915990516	750	7.928555624148437	0.0	359903	1771.0780456875152	0.04488621	0.1744186046511628
5328.931672340592	750	7.678546531860422	0.0	379700	1750.0090922880158	0.036655217	0.1744186046511628
5331.2863779173385	750	7.941067291380372	0.0	425781	2237.4792404800496	0.03862388	0.1744186046511628
5333.257201567978	750	7.819268662693817	0.0	277716	1621.7986286865544	0.03661768	0.1744186046511628
5336.196154233487	750	7.904304797915786	0.0	400396	2414.9638647780325	0.042105556	0.1744186046511628
5339.516180669012	750	7.92128602351807	0.0	400508	2983.0187743977153	0.04308799	0.1744186046511628
5344.045812503052	750	7.391654189478224	0.0	358218	4529.631834039847	0.060766794	0.1744186046511628
5348.562833265243	750	6.874633427287366	0.0	400322	4517.0207621908585	0.185615	0.1744186046511628
5352.29270004904	750	7.1447666434900965	0.0	369834	3729.8667837972685	0.6365691	0.1744186046511628
5355.644730965538	300	7.792735726992194	0.0	163444	2852.030916497902	0.6329036	-0.3802325581395349
5359.077003820531	300	7.654378235323038	0.0	179328	3138.357491669157	0.37313652	0.06976744186046512
5361.21090162429	300	7.959387001105535	0.0	159914	1694.991234217503	0.33076602	0.06976744186046512
5363.798271464853	300	7.5401554180946295	0.0	131610	1419.231583010905	0.63022375	0.06976744186046512
5369.94355266636	750	5.3948742165879775	0.0	361565	6145.281201506652	0.645071	-0.2755813953488372
5372.663096138423	300	6.675330744526218	0.0	144254	2719.54347206176	0.11617317	-0.3802325581395349
5375.819112646201	300	7.519314236748148	0.0	149991	3156.0165077780703	0.12487347	0.06976744186046512
5378.126535900411	300	7.575092305092102	0.0	147968	1444.2219316560445	0.13866344	0.06976744186046512
5380.699593613144	300	7.900164138503025	0.0	161857	1674.9281665890776	0.1456618	0.06976744186046512
5382.024907270084	300	7.816572040104948	0.0	145210	1083.5920983980768	0.6957445	0.06976744186046512
5384.017907506803	300	7.655932696516022	0.0	172312	1160.6393435889263	0.6677983	0.06976744186046512
5386.432217476077	750	7.894958210944271	0.0	398987	2260.974485571751	0.43088195	-0.2755813953488372
5389.145160062338	750	7.510154602165571	0.0	393804	2384.8036087787004	0.09919241	0.1744186046511628
5390.893728324299	750	7.544940045924741	0.0	331053	1465.214556240829	0.1030339	0.1744186046511628
5392.846679544228	750	7.735141226821193	0.0	314107	1309.7988191035479	0.0807891	0.1744186046511628

