10738.158069735578	750	4.0	2.7039540741785544	450283	2703.9540741785545	0.004705182	-11.472278640093498
10739.018296612194	300	7.139773123385195	0.0	155580	860.2268766148045	0.16248778	0.16723458597384686
10740.167070942238	300	7.882476524359732	0.0	139857	757.2965990254636	0.71593744	0.6990136735711715
10742.553554500018	750	7.519973563278654	0.0	382355	1862.5029610810789	0.5344215	0.12767050966531746
10750.984777596077	1850	4.0	0.9112495327782489	996749	8431.223096056903	0.5443775	-5.377541167775274
10753.21213300595	300	5.772644590127018	0.0	126289	2227.355409872982	0.06284924	-1.201065967108062
10754.775533267371	300	7.722224001231938	0.0	153295	1550.420588895081	0.023015663	0.6042767842122325
10756.18495076434	300	7.534005041310127	0.0	173849	1188.218959921811	0.10832363	0.6223806549072682
10757.857567999605	300	7.603295730350903	0.0	150710	930.7093109592253	0.6606635	0.6548009286238616
10759.991858108488	750	7.642104614212805	0.0	362795	1961.1911161380972	0.34877342	0.12955694881948165
10762.132362411456	750	7.928402021100446	0.0	353220	1713.7025931123583	0.12374385	0.6318622570821214
10766.969737635982	1850	7.091026796575641	0.0	917428	4837.375224524805	0.31186944	-0.802268491733648
10775.371300196477	1850	4.0	1.3105357639184494	946851	8401.56256049409	0.63398427	-5.991505908121854
10776.44759573661	300	6.923704459866411	0.0	179801	1076.2955401335892	0.019587459	-0.9751691387056461
10777.145943684443	300	7.735547931904511	0.0	140051	688.1565279619002	0.6158148	0.6917856340160443
10779.397472112636	750	7.629879494493462	0.0	366214	1605.6684374110498	0.20820984	0.16393253480458264
10792.693799370429	1850	4.0	5.666447763300341	966699	13296.327257793802	0.59054196	-26.311403975193958
10793.914632216396	300	6.7791671540330025	0.0	150616	1220.832845966997	0.004705182	-1.0035347518522406
10796.850188518609	300	7.843610851821013	0.0	165384	1935.5563022119904	0.012995826	0.577446837397971
10800.160832755335	300	7.582576927085267	0.0	140881	1761.0339247357465	0.012032916	0.5697742585108198
10802.072354805825	300	7.97162107213512	0.0	157671	1110.955854950146	0.008541079	0.6722280136246876
10803.280105561555	300	7.893028753891491	0.0	157812	1078.5923182436295	0.24165818	0.6678997659249539
10805.72055315004	300	7.882384240390362	0.0	163927	1510.64451350113	0.10671911	0.6236699996850057
10807.620151004865	300	7.547486788470555	0.0	137654	834.8974519198069	0.12886016	0.6590104394371267
10809.00821002488	300	7.595807479815994	0.0	146754	951.6793086545592	0.055532962	0.6519831760947192
10810.379831841685	300	7.873186393593374	0.0	153938	1222.6210862226203	0.6697135	0.6515870390391936
10813.018805591513	300	7.968199879471053	0.0	181901	2404.9865141223213	0.5560417	0.5424956539635863
10814.093663092017	300	7.722764780570824	0.0	111155	745.4350989002286	0.016730493	0.6848273838474468
10815.498459853505	300	7.970077648129674	0.0	153605	1252.6871324411504	0.54161406	0.6579063295330897
10817.130065183786	300	7.985329754510567	0.0	149029	984.7478936191065	0.22988988	0.6861682862639055
10820.33186379187	300	7.52785918330164	0.0	157421	957.4705712089276	0.6465095	0.6448639478494864
10827.620357639536	750	4.2393653356361565	0.0	400322	7288.493847665483	0.6609601	-0.7306909085581228
10829.05600422861	300	6.803718746561612	0.0	143881	1435.6465890745449	0.004705182	0.07734699296413547
10832.058525955857	300	7.801197019313903	0.0	163444	3002.5217272477094	0.0071461354	0.4666679145463351
10836.023267782057	300	7.634321216145076	0.0	179328	2166.8758031688276	0.004705182	0.5341705182313318
10838.691042281745	300	7.9443669443167835	0.0	159914	2189.9542718282923	0.004705182	0.5617049306678707
10840.995626990054	300	7.925984766092288	0.0	131610	1518.382178224496	0.004705182	0.627092834150841
10842.612396943836	300	7.815700963743744	0.0	124011	1110.2838023485444	0.004705182	0.6572877284332775
10843.586360324052	300	7.871962392350495	0.0	144254	943.738571393248	0.0060191173	0.6793574789893226
10845.115437827908	300	7.512535992336026	0.0	149991	859.4264000144685	0.012166455	0.6531934901469703
10846.828407598243	750	7.810876673088769	0.0	345516	1701.659319247257	0.3969732	0.1717546340326076
10850.105305289444	750	7.538083148531303	0.0	384505	1772.793524557467	0.08963841	0.5883845218068233
10852.401534755718	750	7.847020384216324	0.0	372093	1691.0627643149774	0.037591364	0.6262931634518949
10854.74359665381	750	7.598572872150391	0.0	438281	2248.4475120659345	0.04219983	0.5466413287932439
10857.801036361001	750	7.696660216566958	0.0	398987	2401.9126555834346	0.029367719	0.5407358345891744
10860.633991487928	750	7.617946130907592	0.0	393804	2578.714085659364	0.07493126	0.5154793699568438
10863.407827242387	750	7.76814882231103	0.0	331053	2349.797308596562	0.29699463	0.5528282301285126
10864.686604926266	300	7.525779226803883	0.0	118421	742.3695955071458	0.5854312	0.21617384720532395

