13627.973897755432	750	4.0	2.752351768226307	450283	2752.351768226307	0.004705182	-11.698865483971787
13630.80294247254	750	5.17095528289082	0.0	398865	2829.0447171091805	0.581355	0.13255357815029112
13633.49138468137	750	5.917432378227826	0.0	350812	2253.5229046629934	0.7447759	0.16640611871485725
13637.316317716271	750	5.587425484226699	0.0	382355	2330.006894001127	0.6180682	0.16094372980847438
13642.200153311102	750	4.703589889396514	0.0	411561	4883.835594830185	0.63512456	0.07678391148075472
13644.99084103117	300	5.912902169327986	0.0	126289	2290.687720068527	0.7184144	-0.38451748193965407
13647.668405671187	300	5.503844610618065	0.0	153295	1909.0575587099215	0.040581472	0.0785728011791143
13649.82994926894	300	5.77732634284586	0.0	173849	1226.5182677722066	0.02519285	0.12229740391266519
13652.574179534247	300	5.72772385613329	0.0	150710	2049.6024867125698	0.1468553	0.0731849229167312
13658.052261428957	750	4.249641961425191	0.0	362795	5478.081894708099	0.10096527	-0.3815453826343387
13660.328607711595	300	5.973295678785782	0.0	141840	1776.3462826394093	0.0075714346	-0.3655570051481627
13661.32641915114	300	5.7439180180328036	0.0	156148	729.3776607529783	0.011397835	0.20565477676564212
13662.433291973268	300	5.854698429616088	0.0	160746	889.2195884167161	0.1477913	0.16868724210976932
13664.89468829405	300	5.51282693853017	0.0	179801	1841.8714910859192	0.41829026	0.08143890641988488
13666.193479413247	300	5.878193798531073	0.0	140051	634.6331399990977	0.17856024	0.23635702352419424
13668.307502204483	300	5.568261316211023	0.0	138313	1309.932482320049	0.17460907	0.11450971864926339
13672.36139338575	300	5.514370134943052	0.0	143509	2053.8911812679708	0.14757983	0.07303210674841956
13675.352752220839	300	5.797681529290552	0.0	150616	2716.6886056525004	0.024901265	0.05521427803241832
13677.564838501909	300	5.553973489174965	0.0	165384	1243.7080401155881	0.009279332	0.12060708394717723
13681.180659593749	300	5.9381523973340915	0.0	140881	2615.8210918408736	0.017532118	0.0573433712526716
13684.724644214602	300	5.87825975330227	0.0	157671	2059.892644031822	0.0086848065	0.0728193289269704
13688.376341344741	300	5.619457186143813	0.0	157812	1758.8025671584571	0.0052549173	0.08528529739545572
13692.029588318916	300	5.714280966247512	0.0	163927	2405.176219896301	0.0063447226	0.06236549270658731
13694.610447343817	300	5.877886835736915	0.0	137654	2336.3941305105964	0.004705182	0.06420149667437272
13698.593635053958	300	5.638525384912078	0.0	146754	1239.3614508248368	0.004705182	0.12103006745947274
13699.973253008928	300	5.865629575232812	0.0	153938	1272.8958096792655	0.004705182	0.11784153805785239
13701.73495344656	300	5.933140371914014	0.0	181901	1432.4892033187978	0.007576772	0.10471283110021304
13702.549605517217	300	5.730419996741544	0.0	111155	702.7203751724703	0.009056882	0.2134561701917141
13704.572597668699	300	5.874889754242759	0.0	153605	1855.5302424987847	0.015847681	0.08083942614591917
13707.142698336522	300	5.633570374823777	0.0	149029	1241.3193794189815	0.00576826	0.1208391671692178
13709.746893618016	300	5.535863421277749	0.0	157421	1097.7069535460291	0.007217438	0.13664849212755778
13711.944423437444	300	5.525342675537592	0.0	157488	1510.5207457401566	0.009969527	0.09930350206908271
13714.673016742496	300	5.7195505548563705	0.0	143881	1305.7921206812207	0.005945673	0.11487280220510618
13716.84780075881	300	5.938559129384479	0.0	163444	1780.991425471892	0.006973951	0.08422275248195311
13719.316170567066	300	5.896270487677108	0.0	179328	1542.2886417073712	0.004705182	0.09725805918789909
13721.443230079145	300	5.525781295412639	0.0	159914	1370.4891922644697	0.0052517997	0.10944996928589701
13722.351536490847	300	5.744913287968135	0.0	131610	780.8680074445027	0.0048420895	0.1920939244148259
13723.68101796608	300	5.573891780979795	0.0	124011	1171.0215069883395	0.008371484	0.128093292142664
13725.815000645884	300	5.661130434701528	0.0	144254	1912.7613462782663	0.005481623	0.07842065623704746
13728.047851577912	300	5.800315578449187	0.0	149991	1360.814856252343	0.004705182	0.11022807350376598
13730.927888756767	300	5.676315102910574	0.0	147968	1624.0004755386126	0.004705182	0.09236450497359079
13733.071742148697	300	5.782406672603094	0.0	161857	1393.9084303074808	0.004705182	0.10761108602156289
13735.47312414217	300	5.676688147177753	0.0	145210	1605.7185254253409	0.004705182	0.093416123451815
13739.514168329893	300	5.635643959455778	0.0	172312	3041.044187721975	0.004705182	0.04932516291792654
13743.301863416607	300	5.847948872742154	0.0	167025	3787.695086713624	0.004705182	0.0396019205786036
13745.748206967795	300	5.736978544890208	0.0	160064	2110.9703278519455	0.004705182	0.07105737016807578
13746.618278787351	300	5.894629160780544	0.0	137507	842.3493841096642	0.004705182	0.17807337766210288
13747.270179262252	300	5.767540165053418	0.0	118421	627.0889957271239	0.004705182	0.2392004978911671

