12810.711836480668	750	4.0	5.775321338143219	450283	5775.321338143219	0.03500757	-24.65946314936468
12812.028996225534	300	6.682840255133825	0.0	155580	1317.159744866175	0.068509735	-0.3802325581395349
12814.575740407015	300	7.565708724972165	0.0	139857	1117.1315301616603	0.4242635	0.06976744186046512
12816.827711733808	300	7.754529372912417	0.0	155432	1311.1793520597464	0.6958042	0.06976744186046512
12819.224711994328	300	7.986425230017497	0.0	163442	1768.1041428949195	0.70255464	0.06976744186046512
12821.921040222578	300	7.882709203355406	0.0	126289	1603.7160266620926	0.6989088	0.06976744186046512
12823.383690968682	300	7.562689902448396	0.0	153295	1320.01930090701	0.33090317	0.06976744186046512
12826.198964534347	300	7.571368832711687	0.0	173849	2491.3210697367085	0.361071	0.06976744186046512
12828.749974296124	300	7.962840276089046	0.0	150710	1108.5285566226419	0.36000806	0.06976744186046512
12830.570015433637	300	7.6840602383593355	0.0	139105	1278.7800377297094	0.719663	0.06976744186046512
12831.816336088443	300	7.7015305466988195	0.0	141840	982.529691660517	0.6456406	0.06976744186046512
12837.899411811324	750	5.618454823817789	0.0	405134	6083.075722881031	0.70630074	-0.2755813953488372
12840.893376046555	300	6.624490588587214	0.0	160746	2993.964235230575	0.12799746	-0.3802325581395349
12843.94306114061	300	7.574805494533092	0.0	179801	3049.6850940541217	0.032941524	0.06976744186046512
12846.518098292143	300	7.737544888271353	0.0	140051	2337.2606062617383	0.046224207	0.06976744186046512
12848.57178755348	300	7.769588549288745	0.0	138313	1467.956338982609	0.0394132	0.06976744186046512
12852.266091727648	300	7.800302923382496	0.0	143509	1969.285625906249	0.0714118	0.06976744186046512
12855.351495171066	300	7.895110413803166	0.0	150616	2405.1925095793304	0.025529765	0.06976744186046512
12858.417524949733	300	7.692201081990203	0.0	165384	1702.9093318129628	0.01966519	0.06976744186046512
12862.473450348685	300	7.63627568303823	0.0	140881	2555.925398951973	0.07192096	0.06976744186046512
12864.096225388845	300	7.649411019110264	0.0	157671	1486.8646639279648	0.032834683	0.06976744186046512
12866.395770191744	300	7.572593762878187	0.0	157812	1576.817256232078	0.12159393	0.06976744186046512
12870.12756008081	300	7.84080387381356	0.0	163927	3231.789889064626	0.12840025	0.06976744186046512
12874.418267761199	300	7.550096193423604	0.0	137654	2290.7076803899554	0.043674488	0.06976744186046512
12877.530594063808	300	7.881545709829141	0.0	146754	2168.550483594464	0.028754022	0.06976744186046512
12881.58429896045	300	7.827840813187369	0.0	153938	2553.704896641772	0.028901996	0.06976744186046512
12884.900297445232	300	7.918581852274175	0.0	181901	2909.258960913193	0.024701025	0.06976744186046512
12888.643717608098	300	7.725241518775654	0.0	111155	1693.340333498521	0.02124375	0.06976744186046512
12891.76626301966	300	7.904008722679266	0.0	153605	2821.232796096388	0.0164753	0.06976744186046512
12895.281210267154	300	7.857191430663188	0.0	149029	2546.817292016078	0.012188798	0.06976744186046512
12897.648091639709	300	7.577815760126148	0.0	157421	2279.3756705370392	0.012304043	0.06976744186046512
12900.397321079387	300	7.986953862795808	0.0	157488	2090.8618973303405	0.011317721	0.06976744186046512
12904.586710977888	300	7.7975639642950485	0.0	143881	2189.38989850076	0.015961839	0.06976744186046512
12907.676801981172	300	7.6363971445769625	0.0	163444	2661.1668197180857	0.013901629	0.06976744186046512
12910.000752787242	300	7.698883905325443	0.0	179328	1437.513239251519	0.010965631	0.06976744186046512
12913.080200351904	300	7.622378848903609	0.0	159914	1576.5050564218352	0.032981973	0.06976744186046512
12915.543626271725	300	7.872137124112305	0.0	131610	1750.2417247913024	0.03990247	0.06976744186046512
12918.289362685315	300	7.8508611008333595	0.0	124011	2521.2760232789456	0.03570365	0.06976744186046512
12922.402329847466	300	7.737893938682705	0.0	144254	3612.967162150655	0.015094878	0.06976744186046512
12926.332215192642	300	7.808008593507744	0.0	149991	2429.885345174961	0.0068874434	0.06976744186046512
12928.30156289232	300	7.82699120198651	0.0	147968	1481.0173915212347	0.0082289735	0.06976744186046512
12930.97377168538	300	7.720051935534559	0.0	161857	1606.9392664519507	0.018067893	0.06976744186046512
12934.783302590387	300	7.910521030528882	0.0	145210	2309.530905005677	0.02374652	0.06976744186046512
12937.312224398587	300	7.55846028973592	0.0	172312	1852.0607407929617	0.011747813	0.06976744186046512
12939.90468886978	300	7.815658583343277	0.0	167025	1742.8017063926443	0.010997074	0.06976744186046512
12942.196084504762	300	7.61479221025299	0.0	160064	1700.8663730902865	0.01466654	0.06976744186046512
12944.79256336977	300	7.566817413193263	0.0	137507	1547.9747970597277	0.02031676	0.06976744186046512
12946.533281851798	300	7.715710172654315	0.0	118421	1351.1072405389473	0.020892823	0.06976744186046512

