18470.643111128484	750	4.0	6.152365695121308	450283	6152.365695121308	0.004705182	-25.70517248902162
18473.090200382496	300	5.552910745984942	0.0	155580	1447.089254015058	0.004705182	-0.15000000000000002
18476.68975855937	300	5.61785916071696	0.0	139857	2935.0515852679823	0.004705182	0.3
18480.410427695635	300	5.8971900244512705	0.0	155432	2220.6691362656898	0.004705182	0.3
18484.337562970373	300	5.636210222416391	0.0	163442	1760.9798020348796	0.004705182	0.3
18487.150285932632	300	5.877926525339078	0.0	126289	1758.283697077313	0.004705182	0.3
18489.87391828525	300	5.543329972069808	0.0	153295	1834.59655326927	0.004705182	0.3
18492.14202078689	300	5.753796587527732	0.0	173849	1289.5333845420764	0.004705182	0.3
18494.771081523944	300	5.598550725097466	0.0	150710	1155.2458624302662	0.0061969864	0.3
18498.384134478307	300	5.985497770734306	0.0	139105	1113.05295436316	0.013031045	0.3
18501.828542146122	300	5.506727879970209	0.0	141840	2478.7698907640965	0.011555677	0.3
18505.5519752371	300	5.7832947889946915	0.0	156148	2223.433090975517	0.004705182	0.3
18509.8232485187	300	5.512021507394565	0.0	160746	3271.2732816001267	0.004705182	0.3
18514.41292986477	300	4.922340161322759	0.0	179801	4589.681346071807	0.004705182	0.3
18517.839705119633	300	5.495564906461679	0.0	140051	3426.7752548610792	0.004705182	0.3
18521.620190285175	300	5.715079740919224	0.0	138313	3780.4851655424554	0.004705182	0.3
18525.806188813185	300	5.5290812129124625	0.0	143509	3185.998528006761	0.004705182	0.3
18527.5382551014	300	5.95469027650874	0.0	150616	1574.3909364037224	0.004705182	0.3
18529.659796109565	300	5.992757538933394	0.0	165384	1461.9327375753448	0.004705182	0.3
18531.06849729322	300	5.878211063347349	0.0	140881	1114.5464755860453	0.004705182	0.3
18532.696606677775	300	5.646233658359168	0.0	157671	1231.9774049881808	0.004705182	0.3
18535.008917051204	300	5.788144475726993	0.0	157812	1358.0891826321754	0.004705182	0.3
18538.234966628566	300	5.802230249041791	0.0	163927	1485.914226685201	0.004705182	0.3
18541.46130374899	300	5.549129364167895	0.0	137654	2253.1008848738966	0.004705182	0.3
18545.466537085387	300	5.543896027773062	0.0	146754	3005.233336394833	0.004705182	0.3
18549.882284118892	300	5.128148994271058	0.0	153938	4415.747033502004	0.004705182	0.3
18555.44643779568	300	4.0	0.43600468251638175	181901	5564.1536767874395	0.004705182	-1.5748201348204414
18559.107001016993	300	4.339436778687903	0.0	111155	3660.563221312097	0.004705182	0.3
18563.55205682915	300	4.0	0.10561903346798499	153605	4445.055812155888	0.004705182	-0.15416184391233545
18567.407342743478	300	4.144714085673785	0.0	149029	3855.285914326215	0.004705182	0.3
18570.316190329035	300	5.2358665001192675	0.0	157421	2908.8475855545175	0.004705182	0.3
18572.982152756173	300	5.87194680404341	0.0	157488	2363.9196960758572	0.004705182	0.3
18576.662596852566	300	5.66774600687731	0.0	143881	2204.2007971661005	0.004705182	0.3
18580.102271421707	300	5.516030405421651	0.0	163444	3151.71560145566	0.004705182	0.3
18583.721353612687	300	5.8969482144407515	0.0	179328	3119.082190980899	0.004705182	0.3
18587.036432764246	300	5.557929208494245	0.0	159914	2339.019005946507	0.004705182	0.3
18589.377281317986	300	5.830535037929954	0.0	131610	1727.3941705642908	0.004705182	0.3
18593.37769975952	300	5.830116596394457	0.0	124011	3000.418441535496	0.004705182	0.3
18597.65352878519	300	5.5542875707238855	0.0	144254	2275.829025670572	0.004705182	0.3
18600.221681616644	300	5.695062070188741	0.0	149991	1859.2255005351442	0.004705182	0.3
18601.5926356565	300	5.624048696720707	0.0	147968	1071.0133734680333	0.004705182	0.3
18603.549634280163	300	5.920519708580377	0.0	161857	1703.5289881403291	0.004705182	0.3
18606.167830429822	300	5.918156509014007	0.0	145210	1002.36319956637	0.004705182	0.3
18610.17241604272	300	5.913570896118503	0.0	172312	3004.5856128955043	0.004705182	0.3
18613.853744215823	300	5.968116110059353	0.0	167025	2445.4547860591497	0.004705182	0.3
18616.196096162224	300	5.644876839881574	0.0	160064	1323.23927017778	0.004705182	0.3
18617.70645285122	300	5.914254809496029	0.0	137507	1230.622030385545	0.004705182	0.3
18619.23515147695	300	5.939772792435328	0.0	118421	974.4820170607012	0.004705182	0.3

