16631.096482841815	750	4.0	2.752351768226307	450283	2752.351768226307	0.004705182	-11.68522849390361
16632.11638262051	300	6.980100221306277	0.0	155580	1019.8997786937232	0.1447518	0.13589859458913844
16634.822552121936	300	7.858141158220798	0.0	139857	1121.959063085479	0.56160593	0.6602051200776915
16638.204130921466	750	7.679457087299137	0.0	382355	1678.6840709216615	0.55537677	0.16140287200130332
16650.545122625044	1850	4.0	4.6615346162772875	996749	12340.991703576425	0.51242226	-21.894743887573092
16651.611603460402	300	6.933519164641923	0.0	126289	1066.480835358078	0.004705182	-0.9732429915618003
16653.32754622028	300	7.93573137078444	0.0	153295	997.7877938574825	0.090345	0.6800903945421881
16656.421249888623	300	7.862956991021667	0.0	173849	2072.7743797627727	0.4430477	0.565587117877207
16660.28491798136	300	7.50158761279221	0.0	150710	1861.3693782294579	0.28021133	0.5519453981538334
16664.93737917102	750	6.849126423135415	0.0	362795	4652.461189656795	0.1179072	-0.215895124963369
16666.574792020056	300	7.5927998887016	0.0	141840	756.3265344338151	0.010926889	0.2212289693995931
16669.253025884274	750	7.839226175892498	0.0	405134	1753.5737128091034	0.6623152	0.16929186705244376
16673.303462961914	750	7.788789098251809	0.0	386351	4050.4370776406886	0.26867238	0.3847509036138077
16677.08103274932	750	7.887552861976219	0.0	434409	2401.2362362755907	0.6903663	0.5591771140373438
16680.71106723674	750	7.895702346129881	0.0	337059	2991.8505158463386	0.10658994	0.500900083339116
16682.885572785493	300	7.732541538489251	0.0	138313	1163.1608076406294	0.68991554	0.19399583721089517
16686.81511885708	300	7.802995466903976	0.0	143509	2429.5460715852755	0.5719912	0.5241385827695362
16688.970954071945	300	7.58052329922086	0.0	150616	1722.4721676831164	0.015617335	0.5734327701630999
16692.352784008108	300	7.606289816581724	0.0	165384	974.2334826391367	0.030509245	0.6507366957124351
16697.168299770896	750	6.790774053791253	0.0	350713	4815.515762790471	0.69475156	-0.23781706519734153
16699.223189503788	300	7.994885343151372	0.0	157671	1795.8887106398809	0.014547549	0.1559739410009925
16703.28046287946	300	7.937611967484094	0.0	157812	2057.2733756672787	0.020446844	0.5743228459648093
16706.795356251914	300	7.568302423014557	0.0	163927	2869.3095444695373	0.0071778316	0.4575727590398836
16709.0607890259	300	7.963377954766598	0.0	137654	1104.9244682479575	0.0048853457	0.6720377427310243
16712.17366607679	300	7.79719360604004	0.0	146754	2166.1843487265573	0.033929303	0.5499163192486659
16715.561756614457	300	7.721494750287681	0.0	153938	1075.6988557523603	0.004709592	0.6516787662811567
16717.81088110633	300	7.903128283460801	0.0	181901	1318.366466826879	0.117568746	0.6448944424481737
16718.751571406956	300	7.668162207668592	0.0	111155	734.9660757922087	0.076950274	0.6806187254745395
16721.60578936628	300	7.913915235424713	0.0	153605	1254.2469722438807	0.5042593	0.6523446484871681
16722.945172878033	300	7.679209044586615	0.0	149029	1234.706190838098	0.19811226	0.6317079847775307
16725.26892814032	300	7.744670107401183	0.0	157421	1934.5389371854303	0.10256096	0.568025413017332
16726.538722484507	300	7.679381059359777	0.0	157488	1065.2890480414073	0.0144452425	0.6486662556777177
16728.60126038639	300	7.720364746992465	0.0	143881	1459.016312367312	0.17043683	0.6132382564978421
16730.71875877979	300	7.73337628804751	0.0	163444	1486.988458944956	0.030441308	0.6116934176892124
16732.801899652004	300	7.757060900168032	0.0	179328	1476.3153878794783	0.029510941	0.6150403960576327
16734.26679767674	300	7.588024582466234	0.0	159914	1169.036317701797	0.04254679	0.6294983623342701
16736.586591091458	300	7.681058709126473	0.0	131610	906.9658733397608	0.08790009	0.6646600488748718
16738.973273899606	300	7.694131157241612	0.0	124011	1986.9275518848606	0.28099817	0.5579221192443513
16741.097519523664	300	7.896885872843286	0.0	144254	1297.2452843983267	0.0047693923	0.6464057214618644
16742.477733187006	300	7.595279316002743	0.0	149991	1301.606556840543	0.01532886	0.6169396148992994
16744.912000089735	300	7.567449355889039	0.0	147968	1527.8299601137046	0.010692133	0.5916386087797197
16747.711903187694	300	7.900716330717365	0.0	161857	1666.7330251716744	0.006225733	0.6098256333773977
16750.74117093117	300	7.682667476370891	0.0	145210	1718.048854346474	0.005250388	0.5837065964788917
16755.001353553915	300	7.422484853626964	0.0	172312	4260.182622743927	0.004705182	0.3044503418039614
16758.672238794396	300	7.751599613148434	0.0	167025	2670.88524047853	0.004705182	0.4950577556167154
16760.41650018644	300	7.885612288303464	0.0	160064	865.9873248449697	0.004705182	0.6884464218892282
16761.44870219204	300	7.998648338603518	0.0	137507	886.9639496999472	0.021742243	0.6972286097518535
16762.43205794197	300	7.9645894435893245	0.0	118421	534.058895014193	0.056535326	0.729240907252323

