14727.286300062406	750	4.0	6.3928079957343495	450283	6392.80799573435	0.004705182	-27.430414712815743
14729.177283258547	300	5.93091239026107	0.0	155580	1069.0876097389298	0.017141754	-0.3096934445469536
14731.042500654205	300	5.6892515380692945	0.0	139857	1741.660852191775	0.22422978	0.08612468943723117
14732.966835816847	300	5.513862214180079	0.0	155432	1175.3893238892156	0.14601082	0.1276172898216132
14734.786940238218	300	5.733282879970793	0.0	163442	1280.5793342092863	0.35639727	0.11713448436415681
14738.57063729611	750	5.94958582207917	0.0	318564	3283.6970578916234	0.6963836	-0.3357994530589318
14742.009216514261	750	5.626907342731254	0.0	352642	2822.678479347915	0.30407733	0.1328525380214863
14744.255538686088	300	5.781696616720026	0.0	173849	1345.2107260112277	0.7509482	-0.33849330658790183
14746.599381101854	300	5.740331160344598	0.0	150710	1041.365456375428	0.21357253	0.14404165135464483
14749.433361911213	300	5.849579197209823	0.0	139105	1390.7519631347761	0.48855627	0.10785532142043339
14751.169016166425	300	5.903366502266694	0.0	141840	946.2126949431286	0.34296635	0.15852672533527531
14752.927838612239	300	5.6186760689939526	0.0	156148	784.6904332727412	0.31831744	0.19115818626001177
14755.224674356525	300	5.542324203121088	0.0	160746	2076.3518658728653	0.5035746	0.07224209078693046
14758.962024644192	300	5.8049739154524955	0.0	179801	2237.350287668591	0.0892202	0.06704359206814504
14760.27926078244	300	5.640272958019221	0.0	140051	1164.7009574332756	0.03981953	0.12878842336539706
14761.774349480089	300	5.688996190052687	0.0	138313	951.2767679665333	0.05318906	0.15768281645376744
14763.776678031936	300	5.689737859869234	0.0	143509	999.2583301834525	0.13722856	0.15011133304484106
14765.623540852546	300	5.707841579496758	0.0	150616	1481.8962803724762	0.18243703	0.10122165902346239
14767.49399619399	300	5.510097088293576	0.0	165384	1197.7444912031822	0.040933073	0.12523539127223954
14769.685191223058	300	5.650855056079737	0.0	140881	859.2420322138389	0.048151925	0.17457246547113703
14771.77435894732	300	5.917247635175267	0.0	157671	1233.6074209044705	0.110733934	0.12159459926888351
14772.954759210133	300	5.949827669748322	0.0	157812	967.4199654269454	0.06739999	0.15505158603358102
14773.957212215339	300	5.590091363539013	0.0	163927	859.7363062093071	0.12175296	0.17447210140673267
14776.207813009863	300	5.501149310974244	0.0	137654	1088.9420525647686	0.14346895	0.1377483766438327
14778.99983961933	300	5.770965377221448	0.0	146754	2230.1839337527963	0.05458522	0.06725902636541309
14781.217833872472	300	5.792889574407098	0.0	153938	1978.0758028143496	0.009531388	0.07583126985658704
14783.598709572632	300	5.737411015990197	0.0	181901	1555.4785584168997	0.006030707	0.09643334470175124
14784.524139292636	300	5.92239470286012	0.0	111155	815.0163131300774	0.008759799	0.18404539588161575
14785.775974287264	300	5.9766838709838845	0.0	153605	945.7108318762347	0.014055343	0.15861085116515883
14787.337332185458	300	5.819066993761831	0.0	149029	1157.616877222054	0.031263262	0.12957654898739612
14789.530867589303	300	5.7141698453267455	0.0	157421	1104.8971484350857	0.014070381	0.13575924257968408
14793.38353004842	300	5.861507386208519	0.0	157488	2352.662459118226	0.014222845	0.06375755239288332
14797.391314836468	300	5.853722598161004	0.0	143881	3507.7847880475156	0.004705182	0.042762030473224154
14801.837154206922	300	5.4078832277066065	0.0	163444	4445.839370454397	0.004705182	0.03373941060418224
14806.408471787385	300	4.836565647244146	0.0	179328	4571.317580462461	0.004705182	0.03281329668301565
14809.299818154945	300	5.945219279685684	0.0	159914	2891.3463675584617	0.004705182	0.051878945284118426
14811.35566852587	300	5.8560885047464	0.0	131610	1589.1307749392845	0.004705182	0.09439122466540302
14813.682400634945	300	5.646082238704239	0.0	124011	1210.0062660421604	0.004705182	0.12396630018341866
14815.34536607838	300	5.912962362001184	0.0	144254	1233.1198767030558	0.004705182	0.1216426746773794
14816.986319556476	300	5.737408434820471	0.0	149991	1175.5539271807145	0.004705182	0.1275994206065384
14818.943761731905	300	5.671387151562498	0.0	147968	1066.0212832579732	0.004705182	0.1407101362381529
14819.93023014755	300	5.818863403825551	0.0	161857	852.5237477369456	0.004705182	0.17594817786387806
14821.56546168516	300	5.523219973975516	0.0	145210	795.6434298500361	0.007899405	0.18852666203536952
14823.962990412441	300	5.959249659214303	0.0	172312	1063.9703147612122	0.010095349	0.14098137694157814
14826.327015359435	300	5.749016420978034	0.0	167025	1210.23323823627	0.009544749	0.12394305102593454
14827.86667562497	300	5.5760820850892125	0.0	160064	1172.9343358888223	0.00604035	0.12788439677344213
14829.300116219269	300	5.552724824262981	0.0	137507	1023.3572608262313	0.005068163	0.146576377323882
14830.387133436598	300	5.7342578253342875	0.0	118421	818.4669989286933	0.0047296043	0.18326945398695096

