10027.735650980425	750	4.0	2.3226168467032533	450283	2322.6168467032535	0.03250955	-9.812833836172826
10028.751498269672	300	6.984152710752376	0.0	155580	1015.8472892476235	0.1889392	-0.3802325581395349
10031.832491624184	750	7.903159356240078	0.0	350812	2580.9933545122985	0.6895475	-0.2755813953488372
10034.854674302413	750	7.971796733747459	0.0	382355	2431.3626224926193	0.19752151	0.1744186046511628
10039.106155168114	750	7.720315868045536	0.0	411561	3751.4808657019225	0.22155017	0.1744186046511628
10043.200116644683	750	7.626354391477954	0.0	318564	3593.9614765675824	0.25243485	0.1744186046511628
10051.26402978542	750	4.0	0.43755874925872557	352642	8063.913140736679	0.5036642	-1.707084017161357
10053.345815828834	300	5.91821395658433	0.0	173849	2081.78604341567	0.017075656	-0.3802325581395349
10055.292491379489	300	7.971538405930518	0.0	150710	1446.675550653811	0.042521935	0.06976744186046512
10056.461578185768	300	7.811313545355674	0.0	139105	1160.2248605748446	0.6264502	0.06976744186046512
10060.693385482504	750	7.5795062486213105	0.0	353220	3231.8072967343624	0.4878311	-0.2755813953488372
10065.917659050081	750	6.355232681044026	0.0	405134	5224.273567577285	0.12881337	0.1744186046511628
10068.446082849272	300	7.826808881853754	0.0	160746	1528.4237991902698	0.5906876	-0.3802325581395349
10071.715278750398	750	7.623894264493316	0.0	434409	3202.9146173604386	0.6243931	-0.2755813953488372
10075.40342964336	750	7.935743371530832	0.0	337059	2688.1508929624842	0.4095614	0.1744186046511628
10078.880135589805	750	7.944606534375238	0.0	366214	2991.1368371555955	0.30230755	0.1744186046511628
10082.435590631927	750	7.749663563157696	0.0	360831	2194.942971217542	0.14284939	0.1744186046511628
10086.32518265159	750	7.770123517277891	0.0	372963	2479.540045879804	0.20107861	0.1744186046511628
10090.288766026142	750	7.806540142726006	0.0	405596	3463.5833745518853	0.08874285	0.1744186046511628
10094.216166302656	750	7.879139866212425	0.0	350713	3427.4002765135815	0.20230472	0.1744186046511628
10098.790260653064	750	7.305045515805835	0.0	386472	4574.09435040659	0.1680544	0.1744186046511628
10101.741746900494	300	7.521867460768277	0.0	157812	2283.1780550375584	0.5525958	-0.3802325581395349
10105.877677559072	750	7.385936802188638	0.0	401853	4135.9306585796385	0.56437296	-0.2755813953488372
10109.527182496318	750	7.736431864942748	0.0	343800	3149.504937245891	0.60994697	0.1744186046511628
10113.851097554367	750	7.412516806894659	0.0	359903	4323.915058048089	0.5149833	0.1744186046511628
10116.419199102947	300	7.652295412837795	0.0	153938	1760.2213940568638	0.59594	-0.3802325581395349
10118.632576700948	300	7.724546628899683	0.0	181901	1427.748783938113	0.38639727	0.06976744186046512
10120.392288410909	750	7.592505281450503	0.0	277716	1632.04134744918	0.6881201	-0.2755813953488372
10121.750358181242	300	7.557305582040117	0.0	153605	1035.1996994103865	0.23075306	-0.3802325581395349
10125.677837810397	750	7.629825952884302	0.0	400508	3927.4796291558137	0.332729	-0.2755813953488372
10129.685983918856	750	7.6216798444251985	0.0	358218	3508.146108459105	0.1811523	0.1744186046511628
10133.36000580388	750	7.947657959402859	0.0	400322	3174.02188502234	0.19507995	0.1744186046511628
10137.182349582421	750	7.607744902912349	0.0	369834	3339.913056490511	0.19286007	0.1744186046511628
10140.777834886732	750	7.501217621281814	0.0	412837	3106.5272816305355	0.545446	0.1744186046511628
10143.703257347008	750	7.732985411983802	0.0	401088	2768.232209298012	0.32547215	0.1744186046511628
10146.247598896027	750	7.894409743964145	0.0	365161	2338.5756680196578	0.29327744	0.1744186046511628
10149.711359613437	750	7.685412244257088	0.0	321064	2208.997499707056	0.16027702	0.1744186046511628
10152.682332555143	750	7.662307382256077	0.0	361565	2523.1048620010115	0.16518295	0.1744186046511628
10155.29469588256	750	7.645059777901261	0.0	378327	2517.2476043548154	0.1503135	0.1744186046511628
10157.303078566323	750	7.73842633054883	0.0	390680	1906.6334473524312	0.1197802	0.1744186046511628
10159.832785329338	750	7.994447557747534	0.0	345516	2243.978772801296	0.07225645	0.1744186046511628
10162.211682320927	750	7.632863081061423	0.0	384505	1861.5844766861103	0.07159995	0.1744186046511628
10165.456027945453	750	7.824346554747737	0.0	372093	2308.5165263136864	0.06417444	0.1744186046511628
10169.963831613508	750	7.316542886693841	0.0	438281	4507.803668053896	0.0648335	0.1744186046511628
10174.886638288493	750	6.393736211707009	0.0	398987	4922.806674986832	0.27757588	0.1744186046511628
10178.163865471917	750	7.116509028283397	0.0	393804	3277.2271834236117	0.69678664	0.1744186046511628
10180.25611490509	750	7.7022175335361425	0.0	331053	1914.2914947472548	0.6279207	0.1744186046511628
10184.098878011422	750	7.859454427205494	0.0	314107	3342.7631063306485	0.3221902	0.1744186046511628

