12497.271715226765	750	4.0	2.148641230861048	450283	2148.641230861048	0.017030373	0.2811557420301743
12498.358407955771	300	6.913307270993737	0.0	155580	1086.6927290062629	0.004705182	0.295782883595638
12499.30540075276	300	7.582477833357409	0.0	139857	830.8294376363284	0.004705182	0.8539929818563745
12501.135340928982	300	7.710589401083006	0.0	155432	1371.8884322744022	0.004705182	0.8157052626730197
12502.567374222444	300	7.7885986453913505	0.0	163442	1421.9907556916542	0.004705182	0.8203269809187256
12503.671845499048	300	7.671384304574116	0.0	126289	617.2143408172351	0.004705182	0.8863319435730368
12505.709433137969	300	7.9562189768582865	0.0	153295	1215.165327715829	0.004705182	0.8617059266164147
12506.797141218532	300	7.723576030178201	0.0	173849	732.6429466800857	0.004705182	0.8812332951637634
12507.813441219902	300	7.542958653685453	0.0	150710	680.6173764927477	0.004705182	0.8641346792762049
12508.596337974557	300	7.88435148864465	0.0	139105	658.6071650408018	0.004705182	0.9084881266676085
12509.831634452568	300	7.7538480778470475	0.0	141840	630.5034107976013	0.004705182	0.8951849963729754
12511.290059878225	300	7.5370318986261005	0.0	156148	716.8161792209454	0.004705182	0.8597830112212879
12512.59693771883	300	7.769397668289794	0.0	160746	767.6342303363069	0.004705182	0.8833918520896624
12514.787553625765	300	7.838711462709115	0.0	179801	1430.6862055806796	0.004705182	0.8256449613248105
12516.656267019738	300	7.77931958304874	0.0	140051	1059.3918796603734	0.004705182	0.8554411649482049
12517.720311915018	300	7.566957935464617	0.0	138313	712.361647584123	0.004705182	0.8639234893869673
12518.809478090796	300	7.603216523872957	0.0	143509	463.74141159165936	0.004705182	0.8932624302415417
12520.285300956306	300	7.538017449362292	0.0	150616	1065.1990745106655	0.004705182	0.8250664095265793
12521.643153272547	300	7.7344031056909515	0.0	165384	803.6143436713415	0.004705182	0.8754729951849789
12522.231546398483	300	7.7423255862575715	0.0	140881	492.0775194333804	0.004705182	0.9076048814360798
12523.623989693815	300	7.744261799043535	0.0	157671	498.06378721403615	0.004705182	0.907245322553704
12524.987627919509	300	7.699632340106098	0.0	157812	1044.6294589374384	0.004705182	0.8470782707325183
12527.234878356032	300	7.690511510021483	0.0	163927	1009.1208300846152	0.004705182	0.8495029672836656
12529.568834591675	300	7.7725982716688815	0.0	137654	1417.9132383526003	0.004705182	0.818759135908403
12531.912967564202	300	7.8335532221029025	0.0	146754	1939.0450495659788	0.004705182	0.7741721790934966
12532.780662869778	300	7.55724953554447	0.0	153938	776.3036865584324	0.004705182	0.8563305707840808
12535.046486185396	300	7.960033658643306	0.0	181901	1597.2158769011637	0.004705182	0.8239718777534565
12539.014801092742	300	7.520179924079813	0.0	111155	1439.8537345634925	0.004705182	0.7853985101604017
12543.02820473389	300	7.506776282931903	0.0	153605	3513.40364114791	0.004705182	0.5763885462949638
12544.763659844057	300	7.9899812208121945	0.0	149029	1516.7950621197097	0.004705182	0.8357116420073072
12545.943550311253	300	7.614365992239942	0.0	157421	875.6152285722535	0.004705182	0.8534516947261122
12547.981780985749	300	7.592388264802587	0.0	157488	521.9777274373554	0.004705182	0.886101812800508
12551.076816285746	300	7.602997121832362	0.0	143881	1989.3911429702237	0.004731643	0.7406703671141266
12553.197130808438	300	7.680661939001382	0.0	163444	1922.335182830981	0.0047380794	0.7569653866378726
12553.976561324413	300	7.679936274443596	0.0	179328	500.7256645577862	0.004726637	0.8990367392744087
12554.58931831061	300	7.647910278552882	0.0	159914	532.0259958907147	0.0048051234	0.8919523951787722
12555.083482766117	300	7.701193498454721	0.0	131610	446.7167800981609	0.0052056853	0.9070622978234658
12555.708734939742	300	7.632291239845272	0.0	124011	568.9022586094494	0.007638282	0.8863362563262587
12559.059340951215	300	7.920163215116933	0.0	144254	1712.12802472834	0.008463256	0.8075577830563143
12563.145713589574	300	7.833790576758136	0.0	149991	2586.3726383587973	0.008349558	0.7094687268474371
12565.760012948744	300	7.979066167225228	0.0	147968	1354.7244095329083	0.006344853	0.8505710047245646
12568.897724937626	300	7.899997742602385	0.0	161857	1579.0684246228425	0.007698859	0.8183738736090266
12572.880285060426	300	7.917437619801203	0.0	145210	2982.560122801181	0.0101193255	0.680178038782696
12578.995242991099	300	5.80247968912778	0.0	172312	6114.957930673424	0.00961691	0.10580035743818172
12581.651922731786	300	7.145799948441814	0.0	167025	2656.6797406859646	0.006940278	0.6174904979544275
12583.469035643566	300	7.62366415776115	0.0	160064	1522.1357906806645	0.006910571	0.7899477007949162
12584.763605361446	300	7.708867859371731	0.0	137507	914.7962983894196	0.0070039593	0.8612019140139784
12585.356566737533	300	7.682273885573508	0.0	118421	526.5939737982221	0.011975532	0.8967385376672568

