14216.212812470167	750	4.0	10.535228578788095	450283	10535.228578788096	0.05938576	-0.6201228578788094
14217.603659418699	300	6.609153051467327	0.0	155580	1390.8469485326723	0.4602911	0.05365543940193038
14219.334918889013	300	7.926561113369437	0.0	139857	1682.5919380978908	0.044275757	0.6025988744653887
14222.156204717829	300	7.830252007971493	0.0	155432	2596.3091053979438	0.04047629	0.5018610972354333
14226.260990389419	300	7.58034743373442	0.0	163442	2249.904574237073	0.059701666	0.5121983305069651
14229.13454642193	300	7.501009994756285	0.0	126289	1579.3374389781347	0.04363744	0.5715394780922353
14232.893645835424	300	7.741910581263295	0.0	153295	2759.09941349299	0.040746696	0.4769908626785564
14236.772761001163	300	7.86279541552541	0.0	173849	3879.1151657378855	0.034425724	0.37674533758605755
14241.096958974176	300	7.538597442510701	0.0	150710	3824.197973014708	0.03606728	0.3507088039826949
14244.91160238129	300	7.7239540353995295	0.0	139105	3814.6434071111717	0.023546543	0.36969018923148705
14248.96463455654	300	7.670921860149386	0.0	141840	3553.032175250143	0.019148644	0.39069393337451347
14252.710982843866	300	7.924573572821734	0.0	156148	2746.3482873276544	0.017369457	0.49602995122414817
14256.657611406528	300	7.977945010161482	0.0	160746	2946.628562660252	0.016980518	0.481192295972179
14260.978839728128	300	7.656716688560009	0.0	179801	3321.228321601473	0.016982522	0.41249286580231365
14263.845021742072	300	7.677881636252903	0.0	140051	2478.8350523071063	0.01640981	0.4987904838948842
14267.560537749256	300	7.9623656290703435	0.0	138313	2715.5160071825585	0.015705904	0.502788456708835
14271.98662656976	300	7.5362768085640415	0.0	143509	3426.0888205063025	0.016135778	0.3902940375822228
14274.49048228715	300	7.623824896981496	0.0	150616	1912.451911582545	0.016886747	0.550171780073196
14277.560944501509	300	7.9592957022553525	0.0	165384	1664.5291947261435	0.017915238	0.6075885875717186
14280.20353659354	300	7.645966075455163	0.0	140881	1813.3296268001893	0.022138387	0.5622372381579956
14283.856878623383	300	7.992624045612826	0.0	157671	3153.342029842338	0.023914691	0.4619484854516136
14288.172707705558	300	7.676794963436598	0.0	157812	3315.8290821762284	0.02167703	0.4149854019765864
14291.085224410122	300	7.894753499881437	0.0	163927	2782.04146355516	0.018868968	0.48956063150795376
14294.37663633503	300	7.639285048280072	0.0	137654	2255.468451601366	0.018297527	0.5173736257851004
14296.894183379134	300	7.708483286481773	0.0	146754	1930.8017617982982	0.018336682	0.5565698234305225
14299.573674807945	300	7.5921102422299915	0.0	153938	1616.3730442517797	0.02051594	0.5766954166316887
14302.524792058195	300	7.828110837884287	0.0	181901	2263.9994043457054	0.02276009	0.5348838385496764
14305.65806860006	300	7.7100314709039	0.0	111155	2118.0793669803884	0.023057923	0.5379926238473653
14309.914823727822	300	7.453276343141612	0.0	153605	4256.755127762288	0.019920278	0.299155611594293
14313.568112197792	300	7.799987873170654	0.0	149029	3653.288469970957	0.019461475	0.39321997366875033
14317.748898956144	300	7.619201114817699	0.0	157421	4180.786758352955	0.016847104	0.3228886325807257
14321.505698607638	300	7.862401463322674	0.0	157488	3756.7996514950255	0.0149226375	0.38893857715862756
14325.608465185462	300	7.759634885499054	0.0	143881	3102.766577823619	0.014303498	0.44434783483242113
14330.042414201545	300	7.325685869416308	0.0	163444	4433.949016082746	0.013417918	0.2690280491924613
14336.185416358037	300	5.1826837129235885	0.0	179328	6143.002156492719	0.012938671	-0.1102842245674529
14340.448157408437	300	4.919942662523743	0.0	159914	4262.741050399845	0.01387135	0.052190318890449505
14343.29387391218	300	6.074226158781189	0.0	131610	2845.716503742554	0.011765357	0.30614684356721533
14345.884406670079	300	7.483693400883238	0.0	124011	2590.5327578979504	0.011997706	0.4687359074460999
14349.789046258427	300	7.579053812534218	0.0	144254	2904.6395883490204	0.013680145	0.44659902443405064
14353.830525495681	300	7.537574575278884	0.0	149991	2541.4792372553334	0.014656112	0.4788812037203382
14357.791688751326	300	7.576411319635191	0.0	147968	3961.163255643692	0.01514293	0.3406896752701532
14361.720637711729	300	7.647462359231233	0.0	161857	3928.9489604039595	0.015170587	0.35082081839484147
14365.418663202545	300	7.9494368684161705	0.0	145210	3198.025490815062	0.015746599	0.45328018637196643
14369.19928618367	300	7.842021233039804	0.0	172312	3107.415635376367	0.014833794	0.45189500137548433
14372.042019881046	300	7.952258071726317	0.0	167025	2389.763161313487	0.016630942	0.5343807813440357
14376.249725823733	300	7.744552129040565	0.0	160064	2707.705942685752	0.018637829	0.4823871002806197
14379.381544692029	300	7.828980910265989	0.0	137507	1415.5712187745764	0.018930499	0.6198112716459099
14382.462184969481	300	7.711784615300017	0.0	118421	1617.1962949659708	0.023815174	0.5882514243413295

