12859.835755189933	750	4.0	4.955564253110452	450283	4955.564253110451	0.6430416	-21.379363427393844
12862.937625386787	300	4.898129803144833	0.0	155580	3101.870196855167	0.015444387	-0.27269050373187514
12867.469694637257	300	4.366060552675044	0.0	139857	4532.06925046979	0.004937305	-0.01692268875617825
12871.930252708926	300	4.0	0.09449751899309194	155432	4460.558071668135	0.004705182	-0.45134465337963664
12876.132827117048	300	4.0	0.20257440812354435	163442	4202.574408123544	0.004705182	-0.8902769102861229
12878.694463597618	300	5.4383635194307365	0.0	126289	2561.6364805692638	0.004705182	0.2833309868207111
12882.239211993226	300	5.893615123821788	0.0	153295	3544.7483956089477	0.004705182	0.22883828785403182
12886.413555195591	300	5.719271921455934	0.0	173849	4174.343202365854	0.004705182	0.1490980726611858
12890.127243198385	300	6.005583918662889	0.0	150710	3713.6880027930442	0.004705182	0.22272145291361212
12894.797371486657	300	5.335455630391578	0.0	139105	4670.128288271311	0.004705182	0.06257680291730011
12900.333065847797	300	4.0	0.20023873074991025	141840	5535.694361141488	0.004705182	-1.0135454928812906
12903.75140939967	300	4.5816564481259725	0.0	156148	3418.343551874027	0.004705182	0.11520123495864298
12906.401481667604	300	5.931584180193429	0.0	160746	2650.0722679325436	0.004705182	0.32196046613494295
12908.57802140405	300	7.755044443746576	0.0	179801	2176.5397364468536	0.004705182	0.544823874942213
12911.056635808822	300	7.639652474976108	0.0	140051	2115.3919687704674	0.004705182	0.5398320414889053
12914.826426951238	300	7.7713681217676145	0.0	138313	2868.284353208494	0.004705182	0.47722058612221646
12917.079480716395	300	7.535594652845081	0.0	143509	1235.7734689225347	0.004705182	0.6177782059527348
12919.404434551245	300	7.521757831085044	0.0	150616	1513.8368217600364	0.004705182	0.5886400605991596
12921.75013798597	300	7.864464596468611	0.0	165384	1657.293234616432	0.0051251454	0.6072803411567282
12924.197786942059	300	7.569845218477387	0.0	140881	1294.619377991225	0.013650457	0.6151902715322599
12926.93451287557	300	7.827997074121727	0.0	157671	2241.8481443556598	0.025540393	0.5453148090530267
12931.772858779274	300	6.989651170418343	0.0	157812	4838.3459037033845	0.008558712	0.204973271967339
12935.452468221043	300	7.310041728650156	0.0	163927	3679.6094417681866	0.004705182	0.351684879300342
12938.77836429557	300	7.984145654123551	0.0	137654	3325.8960745266045	0.004705182	0.45193949714379206
12942.793917191877	300	7.968592757815424	0.0	146754	3515.552896308127	0.004705182	0.43147683073925264
12946.918031755975	300	7.844478193717418	0.0	153938	3124.1145640980067	0.004705182	0.45867449386829534
12950.959910628331	300	7.747737044668087	0.0	181901	2096.7411490493314	0.004705182	0.5521003880838402
12953.855817757158	300	7.6723523989101485	0.0	111155	1575.3846457579373	0.004705182	0.5969801792227878
12957.517123948282	300	7.536960473381165	0.0	153605	1635.3919255289827	0.004705182	0.5779478220956079
12959.307512620302	300	7.804723327668787	0.0	149029	1732.2371457123782	0.004705182	0.5940357839503554
12961.238169887098	300	7.5284705049256155	0.0	157421	1276.2528227431733	0.004705182	0.6130445631081761
12963.151226441158	300	7.794144392921284	0.0	157488	1234.3261120043321	0.009910421	0.6428086526377129
12964.564492867305	300	7.676876362376417	0.0	143881	1117.2680305448657	0.04192888	0.6432272774509041
12968.761897667227	300	7.479471562452897	0.0	163444	4197.40479992352	0.15604766	0.3162131606049925
12971.330005958933	300	7.7971190763613745	0.0	179328	1682.3524860915243	0.004705182	0.5982923319445488
12972.473079072686	300	7.743460431792935	0.0	159914	1053.6586445684388	0.013939143	0.6559970096050959
12974.841864810447	300	7.958774778504481	0.0	131610	784.6856532884551	0.1743554	0.7036185631971091
12977.891831679653	750	7.64084142913745	0.0	361565	2817.9333493670306	0.48558536	0.04376114247466423
12980.353782174445	750	7.755882922661653	0.0	378327	2384.958506475798	0.15707743	0.5481315033376366
12984.043760834193	750	7.50938961094583	0.0	390680	2746.493311715823	0.044638343	0.4882527569700157
12987.33351751558	750	7.751253867766993	0.0	345516	2258.135743178837	0.16149521	0.5603682277892066
12989.837689112861	750	7.909978600232113	0.0	384505	2341.275267534881	0.1365137	0.5673317141103733
12995.763662194646	750	5.98400551844704	0.0	372093	5925.973081785073	0.041088246	0.023484799914775256
12998.981965828038	300	6.765701885055918	0.0	172312	3218.303633391122	0.008483911	-0.10457787828013926
13001.789010891156	300	7.958656821936347	0.0	167025	2307.04506311957	0.004705182	0.5513712687581269
13005.464709224145	300	7.762916714462594	0.0	160064	2195.740107473754	0.004705182	0.5436615529849373
13008.330748571274	300	7.934876124654242	0.0	137507	2828.0405898083513	0.004705182	0.4969827965196379
13011.39604571722	300	7.956226858844295	0.0	118421	1478.649265809947	0.004705182	0.6339769617359445

