10318.066550671641	750	4.0	1.6132241480558394	450283	1613.2241480558394	0.08069577	0.27207758519441605
10319.628002473877	750	6.438548197762211	0.0	398865	1561.4518022377888	0.8450731	0.5144036320085962
10320.372989495356	300	7.7433925811092505	0.0	139857	695.1556166529606	0.8157337	0.23352936684757858
10321.927203181509	300	7.566201449980785	0.0	155432	677.1911311284657	0.121793956	0.6680939778977847
10322.751845796534	300	7.752391467654954	0.0	163442	813.8099823258316	0.16275886	0.6725390719968611
10323.99349666186	750	7.676982275041721	0.0	318564	1075.4091926132328	0.14741763	0.23344560698648412
10324.86869298444	300	7.632504973957974	0.0	153295	544.4773010837469	0.7605038	0.23781337860903834
10326.579612611595	300	7.657404666379111	0.0	173849	975.1003075788626	0.12757781	0.6471725730474823
10327.489718455732	300	7.910261399299125	0.0	150710	747.1432670799853	0.10455756	0.6945585943738414
10329.535801231488	300	7.663701314249132	0.0	139105	746.5600850499919	0.10896325	0.6706389443057289
10331.531799168515	300	7.780463686338786	0.0	141840	1383.2376279103462	0.101478964	0.6183263307054123
10333.689301081398	300	7.593092884456528	0.0	156148	1187.370801882257	0.07526995	0.6196912028251716
10335.283766925651	300	7.690925565529418	0.0	160746	1402.1673189271087	0.06778547	0.607725779355025
10337.885171777312	300	7.62637234991277	0.0	179801	1564.5532156166475	0.06398071	0.5852093894673521
10340.688045801204	300	7.738361241788262	0.0	140051	1388.0111081245084	0.060335588	0.6137545199514577
10342.17646936944	300	7.56658088695283	0.0	138313	1171.7803548354316	0.04816782	0.6186719557726197
10344.85060305621	300	7.5878356598199295	0.0	143509	978.7452271329004	0.047861155	0.6400424952041982
10346.05946819905	300	7.766097222867694	0.0	150616	821.738436952235	0.052272975	0.6730791112286598
10348.383558220314	300	7.932615636679627	0.0	165384	833.4815861880662	0.055023216	0.6880987120482872
10352.558107045199	300	7.758066811793174	0.0	140881	3174.548824886452	0.061752357	0.43701711495824097
10355.61902752035	300	7.990185194649919	0.0	157671	2767.8816171432554	0.043944374	0.500257348465379
10357.055410390027	300	7.698513241264846	0.0	157812	1291.6719533850737	0.032349072	0.6195132173744988
10358.737754548605	300	7.564696572470797	0.0	163927	1133.8166687940482	0.033732545	0.6222850747933802
10360.35376525854	300	7.865954962396932	0.0	137654	1198.7416100738656	0.041351106	0.6450899590857151
10361.141922106193	300	7.635511093250203	0.0	146754	730.4438691467295	0.038607135	0.6695090669039093
10361.755749798564	300	7.617453688617548	0.0	153938	518.0574046326536	0.049517117	0.6889916307547912
10362.540424222674	300	7.893001706281682	0.0	181901	724.4519823358659	0.07976413	0.6951492177023071
10363.30346902003	300	7.521590509491616	0.0	111155	371.4111967900662	0.07237602	0.6943335573690531
10364.473992066452	300	7.527145729062538	0.0	153605	494.4447804290777	0.090740696	0.6825704441084242
10365.225069818083	300	7.559646000743978	0.0	149029	467.49972831856064	0.115734674	0.6884256007404957
10366.182517134364	300	7.7877113732592536	0.0	157421	771.9346274847251	0.118785605	0.6801614683009899
10369.493588009107	300	7.54993228978584	0.0	157488	1237.779083473414	0.08953723	0.6104530068343316
10371.756351773587	300	7.8901963271806705	0.0	143881	1659.7359626051682	0.071987785	0.6013479965578035
10372.96322647017	300	7.838272841826889	0.0	163444	1051.923485353781	0.060726773	0.6570796853322869
10374.487543962872	300	7.773589667591415	0.0	179328	1064.6831742354725	0.058539294	0.6495132777497179
10376.137393433177	300	7.543482063172221	0.0	159914	730.1076044191949	0.062484197	0.6605928702015791
10377.281954536184	300	7.7310724776111766	0.0	131610	812.4095855610448	0.07443858	0.6706058398915825
10378.789863467662	300	7.613193761093931	0.0	124011	617.8787165172465	0.06781782	0.6785952216146602
10379.509091309868	300	7.9335949239717065	0.0	144254	679.5988371222246	0.07417179	0.703582222644026
10380.22996449158	300	7.767972868658049	0.0	149991	665.6220553136585	0.08363476	0.6888731559456295
10381.448048006827	300	7.601556717233557	0.0	147968	666.416151424491	0.08628533	0.6726097756085143
10382.42400139823	300	7.964413712943042	0.0	161857	637.1430042905154	0.09543442	0.7108249331546592
10383.2539367722	300	7.928851219514858	0.0	145210	535.5624934281849	0.11304813	0.7175245317550015
10384.737280787916	300	7.824365623426391	0.0	172312	604.4855960884678	0.13162336	0.7004709972693698
10385.83478315558	300	7.7000436254091005	0.0	167025	624.3219980172905	0.13915363	0.6863970427693059
10386.54754714246	300	7.685251797793782	0.0	160064	514.7918276153185	0.14457881	0.6959115545739135
10387.17300899099	300	7.761506996159671	0.0	137507	423.74480163411124	0.16915426	0.7124320752131169
10388.899637037333	300	7.844051486936234	0.0	118421	417.45550922343614	0.18406095	0.7210884561822051

