7577.467201996491	750	4.0	3.1328471558220468	450283	3132.8471558220467	0.004786428	-13.359408199324864
7578.529641156313	300	6.937560840178129	0.0	155580	1062.4391598218708	0.11562649	0.12755019192853162
7579.719715095209	300	7.5651670333222265	0.0	139857	872.393806855903	0.7002212	0.6569625479233691
7583.178730731904	750	7.624499238074619	0.0	382355	2440.667795247608	0.3301115	0.07991474312879188
7587.0714751093055	750	7.731754860673264	0.0	411561	2892.744377401355	0.16261782	0.49503056242143717
7590.798872494777	750	7.758602382261082	0.0	318564	2973.1524784121816	0.1581853	0.4895738572702187
7594.518293205537	750	7.826014394611902	0.0	352642	2932.587987649179	0.5566618	0.5001187903664033
7598.616977767165	750	7.727329832983629	0.0	437162	4098.6845616282735	0.37068748	0.3740106299746643
7602.8013165073435	750	7.54299109280532	0.0	374758	3184.3387401783098	0.62377584	0.4477023955476225
7603.878744563481	300	7.569205172545289	0.0	139105	973.7859202600306	0.48514962	0.19721201214544443
7607.696545927903	750	7.751403808123483	0.0	353220	3817.801364421806	0.60964036	-0.045583902402663246
7609.154713786087	300	7.55804160058062	0.0	156148	1193.3622075428634	0.6900605	0.17417987672656388
7611.212897116783	300	7.896352736703559	0.0	160746	1661.6888638770615	0.21064678	0.6099100485450051
7613.212319009538	300	7.549889028485266	0.0	179801	1346.4637082182928	0.052702583	0.608085032182221
7614.668781229468	300	7.888136982188593	0.0	140051	1161.7520462966725	0.30133307	0.6591129544454086
7615.927666865623	300	7.851049265228201	0.0	138313	1037.0877169603914	0.32200992	0.668009651801657
7618.598966771105	300	7.731298253034416	0.0	143509	1119.7510121937858	0.699501	0.6482171490951059
7620.958450639598	300	7.657330770181299	0.0	150616	1573.9674828531176	0.69862914	0.5956760464047675
7622.452606423145	300	7.858011099828431	0.0	165384	1299.3196703528688	0.20100492	0.6424565410805272
7624.455213180427	300	7.974125720584387	0.0	140881	1383.885379244044	0.6459582	0.6451761365003033
7628.879849923731	750	7.549488977280405	0.0	386472	3424.6367433039813	0.3582837	-0.025701975882029438
7632.530552335261	750	7.898786565751076	0.0	399894	3650.7024115293298	0.5132215	0.43531175347026896
7635.828803901714	750	7.601691048929606	0.0	401853	2797.0955168214696	0.60461783	0.4920766564328075
7639.158245331799	750	7.587548415923382	0.0	343800	2014.142633006225	0.2335422	0.5690107000589846
7642.47025707475	750	7.9741918952970225	0.0	359903	2113.3565206263584	0.07232613	0.5963041925892345
7646.663109501146	750	7.781339468901595	0.0	379700	2692.8524263954278	0.07856441	0.5197923333123421
7650.429347158381	750	7.698974526643972	0.0	425781	3582.364942257623	0.09734564	0.4229133609386748
7654.043505613767	750	7.773831580139952	0.0	277716	2425.142946504021	0.57361794	0.5458406383398772
7657.987115118456	750	7.830222075450306	0.0	400396	3943.6095046896453	0.64665174	0.3994216328010671
7659.495389886644	300	7.642397241042137	0.0	149029	1187.8248344081687	0.37839836	0.18285294182798367
7660.752395876724	300	7.514119208141927	0.0	157421	1128.278032900211	0.10697347	0.6264607132076294
7662.961005271462	300	7.734178441662845	0.0	157488	1779.940766479082	0.26670653	0.582475395147409
7664.183546640835	300	7.727242137856287	0.0	143881	1006.9363038065594	0.053518303	0.6591082141649109
7666.036984021136	300	7.613325985288448	0.0	163444	1613.9161525678383	0.3267731	0.5874456680812561
7668.639352169027	300	7.57690246796001	0.0	179328	1536.423517328438	0.058636762	0.5916891260092492
7670.778003704859	300	7.890549001024974	0.0	159914	1186.3534669350367	0.11527072	0.6568849719793909
7672.846498446345	300	7.787450669530331	0.0	131610	1103.0983314946423	0.3672068	0.6552871520840069
7674.196037157898	300	7.6753795234999	0.0	124011	1112.0711460304315	0.60887015	0.6436028934322946
7676.6821094958195	300	7.856077165900184	0.0	144254	1319.302357599717	0.291087	0.6402721289824085
7678.380125835039	300	7.980453934001609	0.0	149991	1375.6232318985753	0.2219045	0.646611449082551
7680.639225129155	300	7.6521009073535025	0.0	147968	1328.3530266481077	0.31172183	0.6197341116899099
7682.685526752921	300	7.979323181555092	0.0	161857	1672.7777257984108	0.14431152	0.61678716346407
7684.860859423539	300	7.54341879041904	0.0	145210	1435.9043911360513	0.119980425	0.598518196006302
7686.879747932462	300	7.928688613714308	0.0	172312	1114.730176704732	0.07699025	0.6677182827581872
7688.419470159341	300	7.945906666378698	0.0	167025	982.7819473356093	0.6927109	0.6825703631432978
7692.313745242657	750	7.607239269242131	0.0	393804	2838.6673971365676	0.29019505	0.0384534910121237
7696.244877805479	750	7.524476931071225	0.0	331053	3082.762338170906	0.060541738	0.45607802630577177
7699.415678409366	750	7.913261655652787	0.0	314107	2611.2152754184385	0.4545225	0.5406537111967372

