6171.564489610438	750	4.0	8.215266709904062	450283	8215.266709904063	0.10061305	-0.3881266709904062
6174.593551456858	300	4.97093815357864	0.0	155580	3029.0618464213608	0.48410195	-0.2694824492066133
6177.047218238726	300	6.517271371711869	0.0	139857	2453.6667818667706	0.042221915	0.3884379627123023
6179.70316793258	300	7.861321677856908	0.0	155432	2155.9496938549614	0.030090073	0.5489185637860882
6182.611332510117	300	7.759211905112741	0.0	163442	2102.1097727441665	0.044401024	0.5443723804977975
6184.069246045667	300	7.618282563583489	0.0	126289	1140.9293415292523	0.03707707	0.6267850451555691
6186.491424008942	300	7.855685721855952	0.0	153295	1262.5968417275371	0.041592654	0.6377057522777377
6188.323310276759	300	7.649533105821323	0.0	173849	1706.1526160346284	0.04386612	0.5733018329376609
6192.337023087984	300	7.635820294596455	0.0	150710	2513.7128112248674	0.05228357	0.49121224252701845
6194.258658608136	300	7.779725775574422	0.0	139105	1356.0945190220348	0.03738107	0.6209688797724091
6196.415357687795	300	7.55414675060953	0.0	141840	1225.5790249648903	0.037183933	0.6120828690002879
6198.791267086889	300	7.901752092710328	0.0	156148	2152.394657899201	0.042658567	0.5532059252261594
6201.50604622292	300	7.531119857141049	0.0	160746	1870.6322355692794	0.040122025	0.5453381825500391
6203.583588513651	300	7.954422204907636	0.0	179801	1576.6976522334135	0.037115518	0.6158977942039263
6206.292907945616	300	7.725184770023026	0.0	140051	1229.2374348846092	0.03814618	0.6283504753962784
6209.453354206874	300	7.820002661784416	0.0	138313	1905.1821082386114	0.039516643	0.5699770480346734
6210.959010436914	300	7.984806666174285	0.0	143509	1335.1959956101305	0.0348579	0.6430028487244361
6213.4286517775245	300	7.78021600818423	0.0	150616	1204.5906579900548	0.035995863	0.636166940996911
6215.411640979107	300	7.7062467964031205	0.0	165384	1573.969211781111	0.039635785	0.5920355797720924
6217.373338895397	300	7.754907842708242	0.0	140881	1451.3389536948782	0.03807064	0.6090308923338887
6221.294122168478	300	7.8341245696279005	0.0	157671	1920.7832730803416	0.03599165	0.5697902870882792
6224.9262674141155	300	7.708623012197151	0.0	157812	2625.5015574307486	0.033993036	0.4871134321930981
6228.714360689848	300	7.920529736464902	0.0	163927	2288.0932757322494	0.03146628	0.5414621892979868
6230.773884015304	300	7.653136608156012	0.0	137654	1267.3931283088891	0.026849788	0.6175282223122832
6232.175081593575	300	7.953602898494715	0.0	146754	1199.5337096612966	0.0288498	0.6535345109124814
6234.992629912489	300	7.660660740242329	0.0	153938	1292.9421582523855	0.03315442	0.615705041163328
6237.082402132984	300	7.768077657826266	0.0	181901	1892.5830824160623	0.03383776	0.5661872439819982
6238.245735796725	300	7.6150053994942795	0.0	111155	1153.0722583319878	0.032357972	0.6252520492676199
6239.942796077416	300	7.756605938354471	0.0	153605	1358.3994611398077	0.0301965	0.6184899813909915
6241.976330185757	300	7.859169303458566	0.0	149029	1397.4366348959043	0.033459604	0.6245605512717551
6244.6716391886675	300	7.884563567226085	0.0	157421	1474.6057362324807	0.0350635	0.6193132332894887
6247.921549187152	300	7.809960220323244	0.0	157488	1574.6033469028412	0.035735726	0.6020582967361514
6251.589920007422	300	7.583428078978324	0.0	143881	1726.5321413449196	0.03545139	0.5648351665461501
6253.487934420162	300	7.5303402450712165	0.0	163444	1553.0878339071082	0.03419468	0.5770168054424649
6256.146061831904	300	7.55373985761599	0.0	179328	1976.6003874552266	0.034736957	0.5369411624076323
6258.1996287784195	300	7.772719829502612	0.0	159914	1781.0200281133784	0.035207704	0.5777950006077912
6261.202300173896	300	7.852657605464954	0.0	131610	2920.0622240376583	0.034054607	0.471664729727701
6263.500567566071	300	7.639828557096702	0.0	124011	2212.829048368252	0.029078983	0.5216904223408291
6267.330127630482	300	7.682767620295403	0.0	144254	1457.0609368012992	0.026459739	0.601443057393598
6269.4266572733	300	7.665752353190732	0.0	149991	1517.015267104671	0.029482385	0.5937928896373316
6272.445795769122	300	7.8409403551361265	0.0	147968	1824.8119980546048	0.032925673	0.5800502497315279
6276.542480991782	300	7.744255132475621	0.0	161857	2596.685222660506	0.032427154	0.4934602893672036
6278.477392061971	300	7.982305443095651	0.0	145210	1761.9496893799699	0.029347558	0.6000842354030551
6280.579899396281	300	7.7075324858453165	0.0	172312	1274.7729572503351	0.030185983	0.6220802385234235
6282.755768045566	300	7.778465316231681	0.0	167025	1429.0671696136355	0.03906796	0.6135490350421675
6284.411680700136	300	7.958909680783341	0.0	160064	1319.5556354483385	0.04185047	0.6420484029113461
6287.088726653772	300	7.758565323525243	0.0	137507	2200.344357258098	0.0447824	0.5344860419870201
6288.641500979641	300	7.52552886828011	0.0	118421	1233.0364552451333	0.039104484	0.6085540369157273

