14224.317284272307	750	4.0	6.212365695121308	450283	6212.365695121308	0.0062706363	-0.1252167043958517
14225.824373526322	300	6.492910745984942	0.0	155580	1507.089254015058	0.024491776	0.20183606814356833
14228.393921026918	300	7.923363245387267	0.0	139857	1569.547500597674	0.0076115476	0.822210949326917
14232.471257482213	300	7.846026790092508	0.0	155432	3077.3364552947583	0.0073598055	0.6618831738159939
14234.352694957752	300	7.513477504837918	0.0	163442	1832.5492852545906	0.006574896	0.7453013945691185
14237.0309558409	300	7.94379112500476	0.0	126289	2069.686379833158	0.007963166	0.7747193307680602
14239.863884060242	300	7.521614286092734	0.0	153295	1922.1768389120264	0.00620051	0.7373433031465011
14242.381410080945	300	7.9432269516549825	0.0	173849	2078.3873344377507	0.0074530384	0.7737795757451225
14244.392556062647	300	7.967223327787924	0.0	150710	976.0036238670581	0.0070814607	0.8869808252563952
14245.685154169974	300	7.843495410089765	0.0	139105	1123.7279176981592	0.009934989	0.8569314732454508
14249.720038900186	300	7.808610679877748	0.0	141840	3034.8847302120175	0.010275405	0.6615085076377407
14253.774334759062	300	7.7543148210024375	0.0	156148	2554.295858875309	0.0073901177	0.7028633812352469
14256.842662895953	300	7.659176208665966	0.0	160746	2595.138612336472	0.0073397364	0.6870321594713504
14261.03397114893	300	7.4678679556890915	0.0	179801	4191.308252976874	0.0068977783	0.5037939995352216
14264.698708974243	300	7.803130130375607	0.0	140051	3664.7378253134852	0.006826833	0.5978465041990136
14268.647405882997	300	7.854433221621497	0.0	138313	3448.6969087541083	0.005924273	0.6257850866482435
14272.6528211594	300	7.849017945219777	0.0	143509	4005.4152764017194	0.0053584035	0.5694446153494459
14275.90119623536	300	7.7665043250901	0.0	150616	3082.5136201296764	0.0049883584	0.6515466664919405
14278.556534342479	300	7.8117659231463	0.0	165384	1454.7384019437984	0.004710069	0.8199127243853336
14280.196907427238	300	7.966879314453774	0.0	140881	1344.8866086925268	0.0057079475	0.8500500507895553
14282.672119508432	300	7.97201650234015	0.0	157671	1494.8628121136253	0.00642748	0.8356867288606482
14285.188651385733	300	7.608925131479824	0.0	157812	1363.0913708603246	0.006649843	0.8040322870136071
14286.831266633675	300	7.639337817930007	0.0	163927	1469.5873135498168	0.007192272	0.7971378053049247
14288.612106050447	300	7.810432062439769	0.0	137654	1328.905755490238	0.0080685485	0.8323312946982456
14292.44846937039	300	7.768217171107828	0.0	146754	2542.214891331942	0.008471914	0.7057880277453408
14296.390505123178	300	7.826181418322403	0.0	153938	3442.035752785425	0.0075266752	0.6229628980601989
14301.689045584193	300	6.527640957307338	0.0	181901	5298.540461015065	0.007107258	0.276979153057073
14305.121487988321	300	7.095198553178272	0.0	111155	3432.4424041290654	0.006164245	0.5336663805617594
14310.232379208775	300	5.984307332723549	0.0	153605	5110.891220454722	0.0055168644	0.2286576353601899
14314.578802132237	300	5.6378844092614	0.0	149029	4346.422923462149	0.0049441266	0.26233096416573465
14318.700973777064	300	5.515712764436429	0.0	157421	4122.171644824972	0.00475284	0.2696713253896424
14321.576843858715	300	6.6398426827839225	0.0	157488	2875.870081652507	0.004705182	0.5330999526237228
14324.28316765146	300	7.9335188900390134	0.0	143881	2206.323792744908	0.004705182	0.759787256980015
14327.542481984643	300	7.888285073488687	0.0	163444	2545.233816550326	0.0048043565	0.7203111487603303
14331.508729922269	300	7.922037135863898	0.0	179328	2966.2479376247875	0.0047208453	0.6823771683451708
14335.677620458624	300	7.75314659950901	0.0	159914	3168.890536354889	0.004949418	0.6412596709452718
14337.910576225644	300	7.666278235304486	0.0	131610	2086.8683642045235	0.0048518786	0.7387360850962292
14340.147370109315	300	7.965924985378157	0.0	124011	1700.3532499263295	0.005249194	0.8143855538300543
14344.377074696158	300	7.736220398532787	0.0	144254	3729.70458684537	0.005843943	0.5830883554903301
14348.302618330232	300	7.810676764461255	0.0	149991	2425.5436340715314	0.0055116313	0.7226977206667018
14352.17392067524	300	7.939374419451064	0.0	147968	2371.3023450101923	0.0058544837	0.7440123951686926
14354.852715849816	300	7.566472460498166	0.0	161857	1372.901958952898	0.0057560457	0.7978095157275111
14357.093323140572	300	7.88911546593175	0.0	145210	1677.3569945664149	0.007566387	0.8072013611017921
14359.010534253443	300	7.932135048091262	0.0	172312	1456.9804178404872	0.0074504213	0.8345507288585705
14363.425227787962	300	7.517441513572463	0.0	167025	2414.6935345188003	0.008469712	0.6875764133823183
14366.22695915394	300	7.829037964356867	0.0	160064	2688.4035492155967	0.0079627875	0.6986788216192013
14368.30784829364	300	7.970257264889902	0.0	137507	1358.780699466964	0.0071810745	0.8490777237127907
14369.968191679249	300	7.506139749201737	0.0	118421	964.1175156881651	0.008937582	0.831238564803904

