4278.055911894444	750	4.0	1.256359210868177	450283	1256.359210868177	0.010714345	-5.103863092245863
4279.540017951784	750	5.691126567228839	0.0	398865	1308.8734327711609	0.6373865	0.2865059299171853
4281.280555442466	750	5.948474057877313	0.0	350812	1242.6525093515256	0.5237171	0.3017738242814901
4283.826740873991	750	5.989323851859824	0.0	382355	1959.1502060174885	0.5366478	0.19140951972349818
4284.632931488571	300	5.9197462002245045	0.0	163442	569.5776516353188	0.5932113	-0.1866469706644321
4285.321994173081	300	5.898521344241044	0.0	126289	521.2248559834607	0.7148417	0.28778366625854035
4286.8045017343975	750	5.811186492146746	0.0	352642	1087.3348520942993	0.7158506	-0.10512004027304184
4288.757670277829	750	5.712188484441864	0.0	437162	1598.9980077048833	0.50381315	0.23452186819060208
4290.728312402273	750	5.90395277113245	0.0	374758	1808.235713309414	0.53457606	0.2073844672128939
4291.309780954226	300	5.9394216673243845	0.0	139105	464.5311038080657	0.6512423	-0.12709374298006798
4292.704615707948	750	5.965473057485618	0.0	353220	973.9486098387654	0.7110166	-0.06496941808656592
4294.125079929286	750	5.505683942457707	0.0	405134	959.7891150279124	0.5224285	0.39071082816884656
4295.910168529084	750	5.86347725771385	0.0	386351	1142.2066847438564	0.5253474	0.32831185897331266
4297.0348573195115	300	5.512573767527207	0.0	179801	850.9034901866437	0.59923744	-0.27371678841380964
4298.140020260285	300	5.506884994960598	0.0	140051	505.6887725666103	0.58300626	0.29662513414857694
4298.628793762408	300	5.582235270802852	0.0	138313	424.64972415774497	0.6606103	0.35323230292333685
4299.234121470044	300	5.646633305968036	0.0	143509	435.601964834815	0.6460669	0.3443510638361827
4300.101526947307	300	5.747793448236153	0.0	150616	398.8398577318829	0.6577182	0.37609079707584386
4301.564962269728	300	5.955358601592183	0.0	165384	792.4348466439692	0.63486516	0.18929000994247427
4302.929714752283	300	5.863482674502768	0.0	140881	1091.8759270894152	0.5747853	0.13737824626269673
4305.232141861651	300	5.563707392751634	0.0	157671	1299.775281751134	0.34389818	0.11540456423968239
4307.661572701012	300	5.550317777229603	0.0	157812	2013.3896155220311	0.1284694	0.07450122859658638
4311.2526015731555	300	5.95928890508625	0.0	163927	2091.028872143352	0.021558423	0.07173502097378817
4315.616838695269	300	5.595051782973444	0.0	137654	3864.237122112806	0.014928866	0.0388174936630147
4319.221743872744	300	5.99014660549751	0.0	146754	3604.905177475934	0.004705182	0.041609971029813966
4323.420707354425	300	5.791183123817227	0.0	153938	4198.963481680283	0.004705182	0.035723101821303546
4327.421274621203	300	5.79061585703842	0.0	181901	4000.5672667788076	0.004705182	0.037494682628040794
4331.517898887813	300	5.693991590428443	0.0	111155	2096.624266609977	0.004705182	0.07154357716298608
4334.712512637525	300	5.927868444792577	0.0	153605	2766.123145635866	0.004705182	0.0542275206498511
4336.438597029808	300	5.8090716031887535	0.0	149029	1118.7968416038243	0.004705182	0.1340725987257625
4337.427962197558	300	5.918032828153133	0.0	157421	891.0387750356216	0.004705182	0.16834284231233748
4338.582585442834	300	5.689884315873052	0.0	157488	728.1485122800817	0.005375999	0.206001931570661
4339.847804769596	300	5.715512032989329	0.0	143881	974.3722828837233	0.014947612	0.1539452657212954
4342.198478476877	300	5.910598687287964	0.0	163444	804.913345701365	0.019223513	0.18635546397767427
4345.525896215703	300	5.859769993665255	0.0	179328	2050.828693622708	0.031868607	0.07314116506485527
4347.510041188997	300	5.795992072619896	0.0	159914	1563.777921045359	0.0076799025	0.0959215486939012
4348.941489135671	300	5.9404515634070885	0.0	131610	855.5405092128079	0.005465921	0.17532775874986517
4350.699732228702	300	5.819283845622355	0.0	124011	1121.1677177847334	0.010533655	0.1337890822404149
4352.479916916406	300	5.777729122393472	0.0	144254	1041.5547232288832	0.00584272	0.14401547672405618
4354.514740979095	300	5.844632068286062	0.0	149991	933.0970541074089	0.007957175	0.16075498185286682
4356.7615596421965	300	5.637086212526572	0.0	147968	2207.5458557594907	0.007475428	0.06794875839550502
4360.443888932696	300	5.95475692202715	0.0	161857	1182.3292904994203	0.004705182	0.12686820939421997
4363.956865369787	300	5.979069752401985	0.0	145210	1975.687169625165	0.0047508837	0.07592295091355913
4367.148825845936	300	5.95173418156104	0.0	172312	2527.335570840945	0.004705182	0.059351042153096056
4371.318175973831	300	5.782384053665835	0.0	167025	2669.3501278952053	0.004705182	0.056193452643200345
4374.770838337514	300	5.558040350425721	0.0	160064	2224.343703240114	0.004705182	0.06743562147410083
4376.332817655067	300	5.591210031370657	0.0	137507	1466.8303190550628	0.004705182	0.10226131683494961
4378.806873748795	300	5.5217565692551105	0.0	118421	1069.453462115546	0.004705182	0.14025855758442876

