4231.803637047864	750	4.0	12.266701258043659	450283	12266.701258043659	0.42264992	-52.57239680493657
4236.435557578124	300	4.0	0.6319205302601922	155580	4631.920530260192	0.005844309	-3.0974908382583615
4239.483389244457	300	4.952168333667658	0.0	139857	3047.8316663323417	0.004705182	0.06976744186046512
4242.752865681695	300	5.682691896429397	0.0	155432	3269.4764372382615	0.004705182	0.06976744186046512
4246.110141102501	300	6.325416475623024	0.0	163442	3357.275420806372	0.004705182	0.06976744186046512
4248.7379065675495	300	7.69765101057458	0.0	126289	2127.765465048444	0.021723408	0.06976744186046512
4252.3153558059485	300	7.574411689639563	0.0	153295	2123.239320935018	0.015671697	0.06976744186046512
4254.983129703131	300	7.992629756979868	0.0	173849	2081.7819326596946	0.2697745	0.06976744186046512
4257.647737698507	300	7.948321708204572	0.0	150710	1544.3080487752961	0.52711475	0.06976744186046512
4260.421613091404	300	7.941533999355475	0.0	139105	1506.7877088490964	0.69284284	0.06976744186046512
4263.877650729733	300	7.727059098514583	0.0	141840	1714.4749008408937	0.66356516	0.06976744186046512
4268.735137159173	750	6.8695726690750805	0.0	405134	4857.486429439502	0.6551281	-0.2755813953488372
4274.169479526879	750	5.435230301370542	0.0	386351	5434.342367704539	0.61650753	0.1744186046511628
4276.247585803256	300	7.357124024993352	0.0	179801	2078.1062763771897	0.198946	-0.3802325581395349
4279.0477838385195	300	7.932773836566594	0.0	140051	1424.3501884267582	0.3825585	0.06976744186046512
4283.09012295692	750	7.890434718167225	0.0	366214	4042.3391183993676	0.47550273	-0.2755813953488372
4288.048387633416	750	6.932170041670875	0.0	360831	4958.264676496351	0.5233072	0.1744186046511628
4290.815984193769	300	7.726597596660813	0.0	150616	2705.5724450100624	0.6847343	-0.3802325581395349
4294.758509532314	750	7.78407225811528	0.0	405596	3442.5253385455326	0.36874056	-0.2755813953488372
4298.281388046245	750	7.779907766244241	0.0	350713	2504.1644918710385	0.62340534	0.1744186046511628
4301.218146151745	750	7.5108857435742955	0.0	386472	2769.0220226699453	0.4293152	0.1744186046511628
4304.750947638426	750	7.978084256892638	0.0	399894	3032.8014866816575	0.34296215	0.1744186046511628
4307.776810050228	750	7.800421773797603	0.0	401853	2677.662483095036	0.2657531	0.1744186046511628
4310.856343351629	750	7.809755049299793	0.0	343800	2490.6667244978103	0.13891561	0.1744186046511628
4314.430496052261	750	7.647111991985945	0.0	359903	2662.6430573138487	0.18488438	0.1744186046511628
4318.192723710186	750	7.671752994182239	0.0	379700	2975.358997803706	0.17222586	0.1744186046511628
4321.849820122283	750	7.811639128195264	0.0	425781	2360.1138659869757	0.16054541	0.1744186046511628
4323.890043409007	750	7.510018771887226	0.0	277716	1801.6203563080392	0.09337585	0.1744186046511628
4327.4274655454865	750	7.972596635408292	0.0	400396	2537.422136478934	0.10846684	0.1744186046511628
4330.713375530601	750	7.642654171798736	0.0	400508	2829.942463609556	0.07899113	0.1744186046511628
4333.896731767825	750	7.758959794439645	0.0	358218	2383.6943773590924	0.10268922	0.1744186046511628
4337.449526614748	750	7.557393334410455	0.0	400322	3201.5664600291893	0.094247475	0.1744186046511628
4341.329055249086	750	7.677864700072265	0.0	369834	3379.528634338191	0.16491729	0.1744186046511628
4345.389095763345	750	7.6178241858138644	0.0	412837	3060.0405142583995	0.20900574	0.1744186046511628
4351.27007265798	750	5.736847291179417	0.0	401088	5880.9768946344475	0.20530638	0.1744186046511628
4353.115301199127	300	7.650120202168256	0.0	159914	1586.7270890111613	0.2766194	-0.3802325581395349
4354.200858308304	300	7.7765924166475635	0.0	131610	873.5277855206913	0.64297473	0.06976744186046512
4356.84201279806	750	7.537029819597763	0.0	361565	2239.5625970498013	0.664875	-0.2755813953488372
4359.687440118267	750	7.8251120578470506	0.0	378327	2211.917761750711	0.29861253	0.1744186046511628
4366.138568711122	750	5.3739834649913325	0.0	390680	6451.128592855718	0.05654252	0.1744186046511628
4369.041529009715	300	6.471023166398022	0.0	147968	2902.9602985933107	0.26771966	-0.3802325581395349
4371.900282058907	300	7.612270117207159	0.0	161857	2858.7530491908633	0.19325271	0.06976744186046512
4375.787838188133	300	7.58666789314237	0.0	145210	3025.60222406479	0.32454684	0.06976744186046512
4379.678182888374	300	7.696323192902249	0.0	172312	2890.3447002401203	0.07926716	0.06976744186046512
4381.715436443125	300	7.983845708227537	0.0	167025	1212.4774846747134	0.53811926	0.06976744186046512
4387.348491198564	750	6.35079095278865	0.0	393804	5633.054755438887	0.64681864	-0.2755813953488372
4390.190220122853	300	7.509062028498954	0.0	137507	1841.7289242896952	0.4516019	-0.3802325581395349
4392.202159023418	300	7.852872386619374	0.0	118421	1156.189641879581	0.2842688	0.06976744186046512

