9360.074494484643	750	4.0	5.057839080863765	450283	5057.839080863765	0.006914097	-0.16857460576079514
9361.505231999698	300	6.569262484946178	0.0	155580	1430.7375150538228	0.09090381	-0.14761112526601364
9364.160984962391	300	7.670674249107658	0.0	139857	1398.5882358385181	0.007040402	0.37444203791560937
9366.194446671629	300	7.582525791316185	0.0	155432	1588.1484577914728	0.007162518	0.34997673710834687
9369.023707240884	300	7.530552079912725	0.0	163442	1551.973711403461	0.0091309855	0.35034585478443175
9370.327660443876	300	7.917218964591937	0.0	126289	1113.3331153207878	0.007143341	0.4183765946851498
9372.6987404174	300	7.956988978765559	0.0	153295	1460.2299858263789	0.0074224407	0.3861725335204421
9374.426059750129	300	7.928754382500196	0.0	173849	1528.2345962653633	0.0076419273	0.37760741020995847
9376.572946303888	300	7.699853440502731	0.0	150710	1728.9009419974639	0.00936804	0.3432344667619069
9379.159366518254	300	7.605636110600725	0.0	139105	2094.2173299020064	0.007999747	0.3008142448525772
9380.719460749773	300	7.801690417971682	0.0	141840	1303.9456926290427	0.007100826	0.3920948027905584
9382.625938054027	300	7.95152602099159	0.0	156148	1350.1643969800905	0.0078033786	0.39683765754419786
9384.435741087644	300	7.739781000720239	0.0	160746	1711.7450202713524	0.008311171	0.3474455314481122
9386.576002818005	300	7.513679180361805	0.0	179801	1726.1018203584338	0.007490763	0.33187848766700195
9390.171342730233	300	7.918339268133535	0.0	140051	2095.33991222827	0.0072449343	0.3202459339657515
9393.504333260653	300	7.691593899738231	0.0	138313	1726.7453683953042	0.0063078394	0.34293380282434155
9397.222465620169	300	7.973461540222546	0.0	143509	2218.1323595156846	0.006285355	0.3114118312425732
9401.156044472717	300	7.5088608318193675	0.0	150616	1964.6007084031792	0.0057696085	0.30772745207862506
9404.379311456145	300	7.94671643122712	0.0	165384	2062.1444005922476	0.005798704	0.3253390578227027
9406.512857537737	300	7.820504658049227	0.0	140881	1126.2117731778928	0.005705485	0.4110440847405199
9409.74617467823	300	7.947513332610102	0.0	157671	1372.9913254391256	0.0064919447	0.3943041716744513
9413.327085188776	300	7.987220922863573	0.0	157812	1960.2924097465295	0.0066427253	0.33805578763455285
9416.257167459422	300	7.587488794990051	0.0	163927	1399.7321278735221	0.005745506	0.3691285578297585
9419.292781602288	300	7.539856799744653	0.0	137654	2047.6319952453982	0.006478792	0.3013615713897335
9421.228012239411	300	7.736232593142239	0.0	146754	1303.6242066024151	0.0058827167	0.3880358373413809
9424.0427520789	300	7.744665874358925	0.0	153938	1491.5667187833126	0.0067887204	0.36976866619933413
9426.079390308021	300	7.962933329551852	0.0	181901	1281.732544807074	0.006468288	0.4043937995465159
9427.40421846664	300	7.977972125898661	0.0	111155	984.9612036531906	0.00815722	0.4350108584335798
9431.420132752099	300	7.962057840440293	0.0	153605	2515.9142854583683	0.007134924	0.280920907411914
9435.132603638564	300	7.723712998419753	0.0	149029	2738.3448420205395	0.005852999	0.2437812991294131
9438.940750413405	300	7.89670262822022	0.0	157421	2827.010370199532	0.005688836	0.24572659817404302
9441.744243013529	300	7.810524539980594	0.0	157488	2086.1780882396265	0.0051972717	0.31442369585505703
9443.619285333374	300	7.711660616999183	0.0	143881	1598.8639229814114	0.005672822	0.35697611719454025
9447.354071576545	300	7.976874373828749	0.0	163444	2234.7862431704352	0.005511774	0.30995974497748585
9451.462806459509	300	7.6479892048640705	0.0	179328	2328.8851689646776	0.0051949727	0.27999452933776925
9455.007902141015	300	7.5453662736117035	0.0	159914	2602.622931252366	0.005041935	0.24620681990572735
9457.611548456787	300	7.559779481351019	0.0	131610	1985.5867922606838	0.0049571423	0.30881125928860287
9459.7793410905	300	7.7099129592514215	0.0	124011	1349.866522099597	0.004977963	0.3817666286734867
9461.879757497598	300	7.723667745008848	0.0	144254	1986.2452142425739	0.0054141576	0.3189884335690281
9465.888866029267	300	7.621199066101522	0.0	149991	2602.468678907325	0.0054708077	0.25096179467084523
9468.684015875386	300	7.801944150422651	0.0	147968	2319.2549156788723	0.0053039137	0.290579738763761
9472.763502640395	300	7.6801482616384495	0.0	161857	2621.7958887842024	0.005259037	0.2527133984042154
9476.614201717539	300	7.573644156678805	0.0	145210	2606.504104959644	0.005717786	0.24758607022669343
9480.220840969276	300	7.96700490494266	0.0	172312	2606.639251736145	0.00566316	0.27215760231553426
9483.428189433873	300	7.81374768410471	0.0	167025	2653.2572208379493	0.005728915	0.257917229102982
9487.40732995105	300	7.834607166928323	0.0	160064	2979.1405171763863	0.0059364974	0.2266326171456141
9490.056089766907	300	7.75684320146762	0.0	137507	2077.7639654607024	0.0058987793	0.31191002447588856
9491.743780549794	300	7.628495764221831	0.0	118421	1628.3474372457897	0.0061066328	0.34882996246951803

