4489.149233298167	750	4.0	4.39150033291431	450283	4391.50033291431	0.030300956	-18.133451431531533
4490.535213054718	300	6.61402024344835	0.0	155580	1385.979756551649	0.004705182	-0.15000000000000002
4491.831132947482	300	9.31810035068476	0.0	139857	1295.91989276359	0.004705182	0.3
4493.186423853342	300	11.96280944482504	0.0	155432	1355.2909058597209	0.004705182	0.3
4494.295968496355	300	14.853264801810942	0.0	163442	1109.5446430140978	0.021421252	0.3
4495.2455279508395	300	17.903705347327072	0.0	126289	949.5594544838722	0.6867093	0.3
4496.231371957026	300	20.917861341140917	0.0	153295	985.8440061861529	0.48624086	0.3
4499.139651515783	750	22.009581782383627	0.0	437162	2908.279558757289	0.052501693	0.3
4501.4106353201305	750	23.73859797803601	0.0	374758	2270.9838043476157	0.19050476	0.75
4504.195938018657	750	24.95329527950962	0.0	362795	2785.3026985263914	0.57648146	0.75
4506.558594924228	750	26.590638373939647	0.0	353220	2362.656905569971	0.13808654	0.75
4509.3692646619265	750	27.77996863623983	0.0	405134	2810.66973769982	0.37405396	0.75
4512.11126401912	750	29.03796927904623	0.0	386351	2741.9993571935984	0.414466	0.75
4514.909446208232	750	30.23978708993447	0.0	434409	2798.182189111757	0.32450575	0.75
4516.755649268988	750	32.39358402917775	0.0	337059	1846.2030607567165	0.60619324	0.75
4520.200357721906	1200	32.94887557626134	0.0	587876	3444.7084529164176	0.4512499	0.75
4524.3721968504615	1200	32.777036447704816	0.0	617242	4171.8391285565185	0.005025916	1.2
4527.940141086295	1200	33.20909221187278	0.0	581493	3567.9442358320352	0.010345357	1.2
4532.205015391769	1200	32.944217906397945	0.0	639204	4264.874305474835	0.0076240287	1.2
4536.4230902506015	1200	32.72614304756535	0.0	586839	4218.074858832588	0.008934271	1.2
4541.327012532297	1200	31.8222207658696	0.0	601738	4903.922281695754	0.01154439	1.2
4545.602395483456	1200	31.546837814710003	0.0	616206	4275.382951159598	0.047161892	1.2
4551.717123896113	1200	29.432109402053847	0.0	656471	6114.728412656153	0.019363727	1.2
4554.98346162416	1200	30.16577167400727	0.0	536667	3266.3377280465775	0.31939256	1.2
4558.671997936301	1200	30.477235361865933	0.0	587236	3688.536312141341	0.012638933	1.2
4563.20859173319	1200	29.940641564977174	0.0	590335	4536.593796888761	0.012150798	1.2
4570.02935941388	1200	27.1198738842865	0.0	696376	6820.767680690674	0.05206734	1.2
4577.604351470237	1200	23.54488182793006	0.0	487160	7574.992056356442	0.69228536	1.2
4585.812890098703	750	19.336343199463435	0.0	400396	8208.538628466624	0.017990507	0.3
4593.421922034221	750	15.727311263946149	0.0	400508	7609.031935517285	0.28881	0.75
4595.285050793642	300	17.864182504524784	0.0	157421	1863.1287594213675	0.1990993	-0.15000000000000002
4596.874450609695	300	20.274782688472634	0.0	157488	1589.399816052147	0.19233489	0.3
4598.31231299127	300	22.83692030689738	0.0	143881	1437.8623815752526	0.67554724	0.3
4601.463648617532	750	23.685584680634733	0.0	412837	3151.3356262626494	0.08483939	0.3
4605.236534364061	750	23.912698934105606	0.0	401088	3772.8857465291244	0.00626974	0.75
4608.453606584034	750	24.695626714133333	0.0	365161	3217.0722199722723	0.004994482	0.75
4611.443999433694	750	25.705233864472476	0.0	321064	2990.3928496608564	0.018115947	0.75
4614.491336697443	750	26.657896600723788	0.0	361565	3047.337263748689	0.030227385	0.75
4618.391009964346	750	26.758223333820954	0.0	378327	3899.673266902833	0.2744937	0.75
4622.722344919927	750	26.42688837823931	0.0	390680	4331.334955581645	0.19011424	0.75
4626.867357030494	750	26.28187626767375	0.0	345516	4145.012110565559	0.174866	0.75
4632.621574853228	750	24.527658444939593	0.0	384505	5754.2178227341565	0.20488529	0.75
4635.634726002604	750	25.514507295562836	0.0	372093	3013.151149376758	0.04219355	0.75
4639.974487667893	1200	25.174745630273378	0.0	634861	4339.7616652894585	0.61039793	0.75
4644.864724936265	1200	24.28450836190151	0.0	630203	4890.237268371869	0.004705182	1.2
4650.497600045266	1200	22.651633252899472	0.0	638661	5632.875109002038	0.004705182	1.2
4655.793938520243	1200	21.355294777923337	0.0	538612	5296.338474976135	0.0047110226	1.2
4659.25692562251	1200	21.892307675655605	0.0	550906	3462.987102267732	0.005214924	1.2

