2391.84369716237	750	4.0	3.5949223786930258	450283	3594.9223786930256	0.014283612	-0.022282935543721183
2393.2280188462987	300	6.615678316071856	0.0	155580	1384.3216839281442	0.1393549	-0.14006855270809088
2396.2368585355957	300	7.500880483658929	0.0	139857	1114.7978324129251	0.008159067	0.39220896791762316
2398.445153317017	300	7.878754069065548	0.0	155432	1622.1264145933824	0.008744548	0.3650932087874911
2401.3280312123657	300	7.8953992285047425	0.0	163442	1483.3548405608065	0.00952873	0.3800106886556983
2403.193698150887	300	7.717327315288192	0.0	126289	1178.0719132165495	0.008161988	0.3994094868140896
2405.292219743862	300	7.566864060053347	0.0	153295	1150.463255234846	0.0080948295	0.39276639916008216
2407.416541164919	300	7.618732465944233	0.0	173849	1448.1315941091138	0.009319666	0.36624134064083574
2409.5374215769248	300	7.741387163865905	0.0	150710	1377.345302078327	0.010710473	0.3809858884640189
2410.8855577387912	300	7.9290867284961895	0.0	139105	1312.3004353697158	0.009177368	0.39922159792427275
2412.5495858121344	300	7.764990493073121	0.0	141840	1164.0962354230694	0.00910731	0.40378600320499564
2414.9374923191717	300	7.84100322051426	0.0	156148	1423.9872725588618	0.009514652	0.38254769495648755
2417.105405039005	300	7.889006415837015	0.0	160746	1451.9968046772458	0.009227406	0.38274694145232135
2420.147077616972	300	7.641128127331424	0.0	179801	1747.8782885055919	0.008528932	0.3376664000378873
2422.258546432655	300	7.547290883320991	0.0	140051	1593.8372440104326	0.008579299	0.34720567673675123
2424.4094586732276	300	7.765650477320629	0.0	138313	1281.6404060003613	0.007590953	0.3920728351627358
2427.013525531166	300	7.598252975187348	0.0	143509	1667.397502133282	0.007743826	0.34303478166611356
2429.4618118305393	300	7.842444584453646	0.0	150616	1755.8083907337032	0.0072142924	0.34945566838521513
2432.6316785855392	300	7.598750127923467	0.0	165384	1743.6944565301776	0.0066724853	0.3354361582724315
2434.643471818211	300	7.785939641722238	0.0	140881	1312.8104862012299	0.006632357	0.3902238999177494
2437.396556483851	300	7.758888643987675	0.0	157671	1527.0509977345625	0.0069430973	0.367109161406006
2439.2270143391047	300	7.636676578963273	0.0	157812	1622.2120650244012	0.006879146	0.349954800612997
2441.541434567078	300	7.563589340991562	0.0	163927	1573.0872379717116	0.006459461	0.350299330945034
2443.9091621369766	300	7.7753921082929915	0.0	137654	1288.1972326985708	0.0067290943	0.39202600442868746
2446.264051772368	300	7.762712421047314	0.0	146754	1512.679687245678	0.0068066134	0.36878527852112186
2449.193587499354	300	7.729049483927307	0.0	153938	2033.6629371200065	0.0066985306	0.31458301996368854
2453.0864666078483	300	7.8361703754330225	0.0	181901	2392.8791084942836	0.006030946	0.28535645854536806
2454.88208596146	300	7.552736719257238	0.0	111155	1283.4336561757852	0.0060222866	0.37858640026623136
2457.1738692398903	300	7.892937909759705	0.0	153605	1659.7988094975328	0.005904015	0.3622124593404608
2459.4428342835654	300	7.974447679389046	0.0	149029	1418.4902303706576	0.00612224	0.3914376778549821
2463.1379496256372	300	7.702127353004762	0.0	157421	1772.3203263842831	0.0064177117	0.33903464785460186
2464.965387200156	300	7.859806050089703	0.0	157488	1342.3213029150588	0.005813894	0.3918894687693331
2466.2243019310326	300	7.7479068774530555	0.0	143881	1111.899172636647	0.006499209	0.4079379835073838
2468.699513015116	300	7.573809086031357	0.0	163444	1674.0977914216974	0.00707953	0.34083700966502256
2471.6660993656546	300	7.681072576092695	0.0	179328	1892.736509938663	0.0066722273	0.3256771059421597
2474.4906390684905	300	7.975727682975132	0.0	159914	2205.344893117563	0.0064701173	0.3128322118044219
2478.352761527725	300	7.6392637867167466	0.0	131610	2336.4638962583854	0.006098549	0.2786913179741906
2481.4206630981853	300	7.878142354474625	0.0	124011	1761.1214322421208	0.005656752	0.35115547486068455
2485.533216426629	300	7.765589026031011	0.0	144254	2612.5533284436137	0.0056552337	0.2589777022128094
2489.4404505415832	300	7.858354911076694	0.0	149991	2907.2341149543163	0.0055527305	0.23530749137709434
2492.3914697850546	300	7.776128985149222	0.0	147968	2582.2259259274724	0.0053520026	0.2626691899093117
2496.4573372107	300	7.710261559503593	0.0	161857	3065.867425645629	0.0050787604	0.2101883258346442
2499.5756788004983	300	7.5284211456994345	0.0	145210	1681.8404138041587	0.0052684285	0.3372260011560313
2501.562052221947	300	7.768485089471824	0.0	172312	1759.9360562276104	0.005742386	0.3444204333994605
2503.722355410697	300	7.71155210620706	0.0	167025	1556.932983264764	0.006382508	0.3611624292416974
2506.8119675200237	300	7.55843114978686	0.0	160064	1653.1209564201997	0.00761976	0.3419735721498913
2509.990258343305	300	7.59253136709924	0.0	137507	1465.8997826876202	0.008048615	0.36282695310517304
2513.9014603865908	300	7.681329323813739	0.0	118421	2411.202043285501	0.00897853	0.27384659934004113

