2853.641489823064	750	4.0	4.39150033291431	450283	4391.50033291431	0.010608196	-0.08915003329143101
2855.027469579616	300	6.61402024344835	0.0	155580	1385.979756551649	0.505343	-0.17522171043964302
2856.8567895022893	300	7.818100350684761	0.0	139857	1295.91989276359	0.024007194	0.35903928264143853
2859.065726285135	300	7.755332031426733	0.0	155432	1062.768319258029	0.01633177	0.37843142003836794
2860.7424885200203	300	7.615035107627886	0.0	163442	1140.2969237988482	0.022714542	0.36191000184685806
2862.055042147335	300	7.681990954313587	0.0	126289	933.0441533142994	0.022699594	0.3868200193131692
2864.1260160633205	300	7.511258766671323	0.0	153295	1170.7321876422636	0.019560792	0.35238045415273134
2865.8461367779105	300	7.641319197247692	0.0	173849	1369.9395694236305	0.01831647	0.3405884928856177
2867.0615250663286	300	7.638715654271844	0.0	150710	1002.6035429758483	0.01579225	0.3771593740944054
2868.794449882718	300	7.773645680748406	0.0	139105	865.0699735234377	0.020902539	0.39934585769443165
2869.9969536824733	300	7.746321149853655	0.0	141840	1027.3245308947528	0.02199065	0.38141261877637817
2871.3934545687334	300	7.760660303003951	0.0	156148	985.6608468497026	0.019921659	0.3864751842527767
2873.7058071444194	300	7.609904068266233	0.0	160746	1150.7562347377188	0.021200225	0.36054338079286763
2875.844336672358	300	7.766437417570713	0.0	179801	1343.4666506955193	0.019790046	0.35105567352861766
2877.2933204701894	300	7.9694770097270355	0.0	140051	1296.9604078436764	0.017468171	0.3683962723235721
2878.921881287755	300	7.631208353137835	0.0	138313	838.2686565891995	0.013266824	0.39312365641219477
2881.5417892337086	300	7.51640037479905	0.0	143509	1614.8079783387868	0.01850484	0.308294225591062
2883.6696248131734	300	7.835032645174357	0.0	150616	1181.3677296246942	0.012956325	0.37155276736092785
2885.275597471767	300	7.680280154997308	0.0	165384	1154.752490177048	0.013033846	0.3645422606696269
2887.404853410181	300	7.691262255698803	0.0	140881	989.0178992985062	0.015622272	0.3818021010513245
2889.721025624645	300	7.528295201374792	0.0	157671	1162.9670543240097	0.016176034	0.3542217446535235
2892.485894204943	300	7.712463462695703	0.0	157812	1815.8317386790893	0.01495845	0.30044579255057247
2895.2929810297587	300	7.533438552147208	0.0	163927	2179.0249105484945	0.0107811205	0.2529374184543511
2898.407351726585	300	7.900284137017545	0.0	137654	2633.154415129663	0.010081343	0.2304523170506303
2902.61502622954	300	7.692609634062899	0.0	146754	3207.6745029546455	0.0077775633	0.16002065183346664
2906.4598350662936	300	7.564650579411586	0.0	153938	3127.959054651314	0.007291035	0.1599947557480927
2910.4646572568704	300	7.559828388835101	0.0	181901	3504.822190576484	0.0066889725	0.12200705524454547
2914.1282778769564	300	7.896207768749424	0.0	111155	2163.620620085677	0.0064218775	0.2771509235382713
2917.760086022482	300	7.562949959068983	0.0	153605	1833.2578096804407	0.006033916	0.2893585914737674
2919.8451775121507	300	7.804679453657474	0.0	149029	1258.270505411508	0.0062586768	0.3619654153124413
2922.88176105588	300	7.994798211921332	0.0	157421	1309.8812417361423	0.007040616	0.36868676407146905
2925.5967922590976	300	7.545633680308873	0.0	157488	1449.164531612459	0.008099461	0.32668565185805865
2927.419986761406	300	7.641969845957432	0.0	143881	1403.6638343514394	0.00868199	0.3372567319371955
2928.864152661296	300	7.834652234990781	0.0	163444	1307.3176109666508	0.009389867	0.35893400359025873
2932.7672553714324	300	7.8065250053844775	0.0	179328	2528.1272296063034	0.011146083	0.2350950898758995
2935.2313647076503	300	7.561957991540407	0.0	159914	1744.567013844071	0.009341669	0.2981656730868683
2938.6955285893246	300	7.854647254890289	0.0	131610	1707.3107366501163	0.009624732	0.3201843797656314
2941.593971013812	300	7.663852572158649	0.0	124011	2190.794682731641	0.009518554	0.25991131748675145
2943.26405669765	300	7.9726336441172645	0.0	144254	1191.2189280413843	0.008969622	0.3791677099531906
2944.9754240406733	300	7.931383360004165	0.0	149991	1041.250284113099	0.012726136	0.39158643158895046
2946.717263337773	300	7.6805222884091595	0.0	147968	1250.8610715950044	0.020446684	0.35494653586607205
2949.5960737028117	300	7.741606175642653	0.0	161857	1438.9161127665054	0.024482585	0.3399587747010153
2953.064715454324	300	7.562232426022314	0.0	145210	2179.3737496203403	0.02347092	0.2547021516643606
2955.36995680031	300	7.729245787475484	0.0	172312	1332.9866385468308	0.023232598	0.34977919786253464
2957.0229171842084	300	7.548892877745737	0.0	167025	1180.3529097297478	0.038871095	0.3537705138861338
2958.434227141461	300	7.534541641203678	0.0	160064	1014.351236542059	0.050715335	0.3694737289210239
2959.582844288159	300	7.9187124997102565	0.0	137507	1115.8291414934215	0.08100349	0.38333661708254885
2962.023201249736	300	7.934928012023654	0.0	118421	983.784487686601	0.07964388	0.3975545519828183

