10148.273206674134	750	4.0	2.5585548523374078	450283	2558.5548523374077	0.03766176	0.1775445147662592
10151.00827293895	750	5.264933735184073	0.0	398865	2735.066264815927	0.6988169	0.28290817926505846
10152.072499665997	300	7.77463091593207	0.0	139857	990.3028192520035	0.6392833	0.2070525746491934
10153.779488283972	300	7.718098513157451	0.0	155432	1056.5324027746192	0.069879875	0.6449318401271003
10155.195850820259	300	7.805145343053919	0.0	163442	912.9531701035318	0.08238399	0.6677550676016405
10157.098622326657	300	7.970464244346347	0.0	126289	834.681098707571	0.09688967	0.6916595378919251
10158.898185957187	300	7.929727642478156	0.0	153295	1040.7366018681914	0.074391134	0.6670923530441815
10161.009862759285	300	7.913302803457707	0.0	173849	1016.4248390204485	0.0650569	0.6679262137342171
10163.110800075463	300	7.540460083958958	0.0	150710	872.8427194987477	0.07544994	0.646025471215134
10164.885418303493	300	7.862198258782921	0.0	139105	1178.261825176038	0.07585432	0.6467725981490353
10167.321209818361	300	7.6674806884766475	0.0	141840	1694.7175703062735	0.066380866	0.5761907399237267
10168.864025526911	300	7.9216098589318245	0.0	156148	1245.8708295448234	0.05681929	0.6457894758266376
10170.118153380998	300	7.7030183236921035	0.0	160746	1218.5915352397196	0.05778433	0.6272593784550852
10174.219147878572	300	7.602023826116405	0.0	179801	2600.994497575699	0.055577345	0.47919736733225055
10180.35023803612	750	5.4709336685679855	0.0	337059	6131.0901575484195	0.047105458	-0.4866607164866053
10182.338895472178	300	7.482276232509527	0.0	138313	1988.657436058458	0.3503958	0.07878562000570566
10184.229914644611	300	7.839905889456481	0.0	143509	1642.3703430530459	0.024863452	0.5981938134443382
10186.598998466565	300	7.914688345470775	0.0	150616	1425.2175439857049	0.026802395	0.6271816871984623
10190.076991902055	300	7.857624766709436	0.0	165384	1557.0635787613382	0.033685036	0.6084476506863589
10192.113415448237	300	7.519878031681552	0.0	140881	1837.7467350278835	0.032231037	0.5475334650782426
10194.502166771012	300	7.744840670971782	0.0	157671	1275.0373607097706	0.028778989	0.6256820191810287
10197.722901686355	300	7.596330246782749	0.0	157812	1648.5104241890342	0.031810865	0.573892074080719
10200.715377021286	300	7.986204810544726	0.0	163927	1610.1254362380225	0.0350252	0.6156458742016724
10203.345123750185	300	7.997506466991599	0.0	137654	1488.6983435531263	0.033312906	0.6288876695596204
10205.74507522462	300	7.923054831847063	0.0	146754	1574.4516351445359	0.031660102	0.6130719188826733
10208.121027026207	300	7.527828926998118	0.0	153938	1895.225904848946	0.0322445	0.5425587726656723
10211.200566126996	300	7.628422262973303	0.0	181901	1399.406664024815	0.031463154	0.6019233986716723
10214.599985886369	300	7.688778639969649	0.0	111155	939.6436230036549	0.033868957	0.6537693604366829
10218.213960335637	300	7.766679416519495	0.0	153605	1922.0992234501537	0.034592718	0.5630996509115056
10220.242836754021	300	7.793178834735052	0.0	149029	1473.5005817844421	0.032430116	0.6105365834995395
10222.469522477328	300	7.912523895883707	0.0	157421	1880.6549388513452	0.032575868	0.5814274549895561
10226.25126868603	300	7.929666160258574	0.0	157488	2482.8577356251326	0.030938255	0.5228742605226331
10228.271916365362	300	7.583786623631779	0.0	143881	1845.8795366267955	0.029711995	0.552935295485511
10230.712976957488	300	7.900640408422022	0.0	163444	1683.1462152097577	0.02741187	0.6000226581980659
10232.44724032065	300	7.677465862798555	0.0	179328	1223.1745456234648	0.029858932	0.624316100594813
10233.99578960983	300	7.963735655977963	0.0	159914	1213.7302068205922	0.03860546	0.6531002718617978
10236.112593676964	300	7.757743187089718	0.0	131610	1205.9924688882454	0.038369793	0.6338412780556506
10237.617606837412	300	7.8856424394893985	0.0	124011	872.1007476003199	0.037799496	0.679668652480312
10239.194152115708	300	7.513825992265309	0.0	144254	1371.81644722409	0.044118382	0.5935379330253923
10241.26747180368	300	7.589530516315554	0.0	149991	1424.2954759497545	0.04442111	0.5956522951167122
10242.55115614281	300	7.962200471761608	0.0	147968	1127.3300445539471	0.044634856	0.6615909914234217
10245.01780636527	300	7.972052550819013	0.0	161857	1490.1479209425943	0.047095295	0.6262673184728895
10246.537693564804	300	7.805360082811627	0.0	145210	1166.6924680073864	0.04948231	0.6424020212526921
10250.617074261354	300	7.725979386262084	0.0	172312	2079.380696549542	0.050184287	0.5434134256590335
10254.229176680781	300	7.691215881086035	0.0	167025	3034.76350517605	0.04547768	0.444494393918012
10257.121315795266	300	7.808815718969003	0.0	160064	1382.4001621170316	0.04081732	0.6211673124580324
10259.279734224654	300	7.59947607095911	0.0	137507	1209.3396480098927	0.039481774	0.6181150830997841
10261.340218615056	300	7.673773223446849	0.0	118421	1425.7028475122597	0.04235747	0.6037041612289802

