5998.5469372457555	750	4.0	6.819045761582508	450283	6819.045761582508	0.011019022	-0.18588471104197174
6000.493912912869	300	6.053024332886424	0.0	155580	1946.975667113577	0.022118224	0.10353381012567742
6003.029030117174	300	7.517907128580474	0.0	139857	1535.1172043059482	0.006777662	0.7755915367791315
6005.370901463097	300	7.537540700570771	0.0	155432	1980.3664280097041	0.006974513	0.7334908090916042
6007.205511878704	300	7.840987994673256	0.0	163442	1196.5527058975144	0.0072157634	0.849339399048607
6007.760373334116	300	7.83258613137192	0.0	126289	508.4018633013369	0.0106395865	0.9171170891778452
6008.961021162553	300	7.985491994108281	0.0	153295	847.0941372636387	0.012584944	0.902127441086136
6010.117342720282	300	7.614108113280674	0.0	173849	871.3838808276073	0.013938365	0.8538429886922824
6010.856014253198	300	7.897241137573859	0.0	150710	716.8669757068147	0.014247653	0.9042536552057502
6012.502146144778	300	7.720077541938593	0.0	139105	677.163595635265	0.01635258	0.8863492652344422
6013.254634737708	300	7.518317293295226	0.0	141840	701.7602486433678	0.018171357	0.8589778761671598
6014.484269432218	300	7.818864184934533	0.0	156148	699.4531083606922	0.019329049	0.8963176897020629
6016.670137326282	300	7.88602097377639	0.0	160746	932.8432111581428	0.021470133	0.8812706565779806
6020.659810718969	300	7.8963475810893415	0.0	179801	3989.6733926870493	0.021124352	0.5768626843796567
6024.981940089113	300	7.57421821094551	0.0	140051	3322.1293701438312	0.0150087625	0.6038431572298992
6027.523789527543	300	7.995707305199532	0.0	138313	2078.5109057459777	0.011694546	0.7802470682351212
6030.529964845936	300	7.834288888494226	0.0	143509	1661.4184167053052	0.010583539	0.8020256765158624
6031.789852299396	300	7.7167236078677055	0.0	150616	1117.5652806265196	0.0106993085	0.8418949800811855
6035.522362698078	300	7.984213209186382	0.0	165384	3232.5103986813237	0.011406474	0.6634279209243845
6039.607988180661	300	7.89858772660355	0.0	140881	2085.625482582833	0.00771384	0.7675440704409959
6041.416552455829	300	7.804534663758361	0.0	157671	1594.0530628451895	0.0069299643	0.805088400868782
6043.891056179631	300	7.984538312619328	0.0	157812	1319.9963511390324	0.0066932254	0.8547194668212398
6045.414600845884	300	7.595019703974857	0.0	163927	889.5186086444713	0.008187931	0.8496726335070239
6047.177941825692	300	7.760362223824723	0.0	137654	834.6574801501347	0.011155194	0.8755739034998898
6048.0908404135	300	7.528254751249573	0.0	146754	732.1074725751508	0.01059024	0.8571701507129932
6048.817199607638	300	7.920470635546955	0.0	153938	607.7841157026178	0.0130941495	0.9180301317473231
6050.086214751748	300	7.520250636059252	0.0	181901	900.2199994877028	0.014335554	0.8393706146113188
6051.18851932952	300	7.983495924284849	0.0	111155	536.7547117744031	0.015735306	0.9329149250764769
6051.931580731941	300	7.774740113123806	0.0	153605	708.7558111610434	0.017220192	0.88993933588827
6052.865806537253	300	7.524780015646727	0.0	149029	749.9600974770792	0.01880894	0.8549558559724851
6056.821825128353	300	7.568761424546802	0.0	157421	2956.0185910999257	0.020677611	0.6397804752815371
6060.842193176786	300	7.548393376113734	0.0	157488	4020.3680484330675	0.015152355	0.5308306476542994
6064.234740918054	300	7.702445664864215	0.0	143881	2345.9477112495197	0.012175366	0.7172938120896785
6068.0815758000135	300	7.855610782904365	0.0	163444	1846.8348819598511	0.011237847	0.7861166850713508
6069.619034721726	300	7.848598878187298	0.0	179328	1507.011904717066	0.010606046	0.8192332095099453
6073.580378769125	300	7.8872548307889305	0.0	159914	1961.3440473983676	0.011575268	0.7785729196390481
6076.489674194445	300	7.778502597875593	0.0	131610	2108.752232913337	0.009380584	0.750404254901096
6078.707201855537	300	7.78001036353308	0.0	124011	1498.4922343425135	0.007355597	0.81161642146751
6080.4332905999045	300	7.631483685624426	0.0	144254	1648.5266779086535	0.0069844853	0.778274104132243
6082.142090721856	300	7.550864753277408	0.0	149991	1080.6189323470182	0.00754413	0.8251107049278121
6083.104798175193	300	7.86360160231157	0.0	147968	687.263150965839	0.010240812	0.9030604999254017
6084.350172348289	300	7.548636705098665	0.0	161857	814.9648972129055	0.013227922	0.8514010070714518
6085.379309963887	300	7.819272430342007	0.0	145210	729.3642747566581	0.01462776	0.8933769799036966
6086.648625762511	300	7.604501263450116	0.0	172312	714.7711668918912	0.0156232165	0.8683180839641748
6087.569805270636	300	7.7911837918541424	0.0	167025	813.3174715959734	0.019561073	0.8815135023061472
6088.613304065296	300	7.563365384188075	0.0	160064	727.8184076660672	0.021317998	0.8619342342019038
6089.721509262103	300	7.937103041281758	0.0	137507	626.262342906317	0.025658783	0.9182359439725051
6092.940520586927	300	7.708568753369494	0.0	118421	728.5342879122638	0.028956624	0.8797911838715576

