1602.2835561587601	750	4.0	1.1482833162359447	450283	1148.2833162359448	0.35911053	-4.763199655163399
1603.315011197057	750	6.968544961703175	0.0	398865	1031.455038296825	0.12002278	0.1744186046511628
1604.5691393042682	750	7.986350156888886	0.0	350812	982.1948048142882	0.10291883	0.1744186046511628
1607.3351995065862	750	7.824286706928445	0.0	382355	2162.0634499604407	0.11009223	0.1744186046511628
1609.175578364526	750	7.726095596912259	0.0	411561	1598.1911100161858	0.07114073	0.1744186046511628
1611.0825467480304	750	7.713705293421837	0.0	318564	1512.390303490422	0.0660985	0.1744186046511628
1612.965156318818	750	7.619689486035173	0.0	352642	1594.0158073866637	0.062992066	0.1744186046511628
1614.665585465892	750	7.7937718704986105	0.0	437162	1325.9176155365622	0.07011216	0.1744186046511628
1616.256887059435	750	7.755376853795837	0.0	374758	1038.3950167027738	0.03842443	0.1744186046511628
1618.9670253644297	750	7.766760984968529	0.0	362795	1988.615868827308	0.03605614	0.1744186046511628
1622.2141403832252	750	7.983964674604562	0.0	353220	2282.7963103639668	0.0417897	0.1744186046511628
1627.2522969384602	750	6.945808119369693	0.0	405134	5038.156555234868	0.07043869	0.1744186046511628
1631.756249176104	750	6.441855881725995	0.0	386351	4503.952237643699	0.6603037	0.1744186046511628
1633.7997958916146	300	7.608296222175504	0.0	179801	1833.5596595504903	0.2113922	-0.3802325581395349
1636.1639372163895	300	7.591219111568342	0.0	140051	1517.0771106071634	0.20213157	0.06976744186046512
1638.2863583562648	300	7.508540677364439	0.0	138313	582.678434203903	0.15052347	0.06976744186046512
1639.577093359239	750	7.903044471463207	0.0	360831	1105.4962059012314	0.706825	-0.2755813953488372
1640.867601248386	750	7.635409973125996	0.0	372963	1267.6344983372114	0.068335295	0.1744186046511628
1642.9171465057664	750	7.65707408754086	0.0	405596	1478.3358855851354	0.04717301	0.1744186046511628
1644.2638855626694	750	7.649309202036864	0.0	350713	1007.7648855039957	0.032510616	0.1744186046511628
1646.028211884412	750	7.631633141165221	0.0	386472	1517.6760608716438	0.02758392	0.1744186046511628
1648.2034063676952	750	7.547360987058939	0.0	399894	1584.2721541062822	0.031068858	0.1744186046511628
1649.9761424266687	750	7.506454155560714	0.0	401853	1540.9068314982248	0.03291921	0.1744186046511628
1651.3682231783414	750	7.981328422062015	0.0	343800	1025.1257334986994	0.03747863	0.1744186046511628
1652.7096913122452	750	7.529071792646919	0.0	359903	952.256629415096	0.023844857	0.1744186046511628
1654.0362069586809	750	7.805419807523674	0.0	379700	1223.6519851232438	0.02044198	0.1744186046511628
1655.7740788039382	750	7.962915701251144	0.0	425781	1342.5041062725309	0.020344462	0.1744186046511628
1657.1220748643702	750	7.526601464027446	0.0	277716	936.3142372236977	0.02008241	0.1744186046511628
1658.6035035169416	750	7.891728106846087	0.0	400396	1134.8733571813584	0.023642037	0.1744186046511628
1660.0005517667785	750	7.916481663122585	0.0	400508	975.246443723501	0.01885208	0.1744186046511628
1661.3468699566754	750	7.544223466230771	0.0	358218	872.258196891815	0.016963944	0.1744186046511628
1663.05457529391	750	7.762400794116151	0.0	400322	1281.8226721146207	0.015091653	0.1744186046511628
1663.9888255474948	750	7.878216966383647	0.0	369834	884.1838277325044	0.015906196	0.1744186046511628
1665.9894978632794	750	7.7679139929174195	0.0	412837	1610.302973466228	0.0143707665	0.1744186046511628
1667.1680379719912	750	7.618828576220847	0.0	401088	1149.0854166965717	0.021857802	0.1744186046511628
1669.096136121839	750	7.979506871304386	0.0	365161	1639.3217049164614	0.01684329	0.1744186046511628
1671.4418483140344	750	7.876039031172549	0.0	321064	1603.4678401318367	0.035463035	0.1744186046511628
1673.6607216660013	750	7.522724483220711	0.0	361565	1853.3145479518391	0.11926753	0.1744186046511628
1675.2889680666833	750	7.656380751887325	0.0	378327	1366.3437313333854	0.26077873	0.1744186046511628
1676.9864649271826	750	7.858583575311975	0.0	390680	1297.797176575351	0.12690921	0.1744186046511628
1678.474171812664	750	7.7745799745331645	0.0	345516	1084.0036007788103	0.036437232	0.1744186046511628
1679.775457881918	750	7.6257886157575685	0.0	384505	1148.7913587755957	0.026212996	0.1744186046511628
1681.2970768303724	750	7.626226520269586	0.0	372093	1499.562095487984	0.021456115	0.1744186046511628
1683.3972459028234	750	7.74717045852716	0.0	438281	1879.0560617424248	0.05568012	0.1744186046511628
1685.0365841529049	750	7.753057833840903	0.0	398987	1494.1126246862564	0.10447172	0.1744186046511628
1686.4116966831175	750	7.89311433843206	0.0	393804	1359.9434954088429	0.099959314	0.1744186046511628
1687.565282876149	750	7.953905835808164	0.0	331053	939.2085026238976	0.058556482	0.1744186046511628
1688.9149895485448	750	7.5862413543491165	0.0	314107	867.6644814590463	0.019921187	0.1744186046511628

