4094.100939475155	750	4.0	3.974865311257283	450283	3974.865311257283	0.0688737	-16.917502233755155
4096.689102642368	750	5.411836832786868	0.0	398865	2588.163167213131	0.054094385	0.1744186046511628
4097.8905425647945	300	7.9776311060386575	0.0	139857	934.2057267482097	0.485245	-0.3802325581395349
4100.11523295051	750	7.648903068240317	0.0	382355	1828.72803779834	0.6584931	-0.2755813953488372
4102.1498923908075	750	7.829554483899905	0.0	411561	1819.3485843404135	0.26843464	0.1744186046511628
4105.428681687977	750	7.767815253744109	0.0	318564	3061.739230155795	0.08352941	0.1744186046511628
4107.274733832655	750	7.803314200611419	0.0	352642	1464.5010531326893	0.16027007	0.1744186046511628
4109.605268630614	750	7.533822352205132	0.0	437162	2269.4918484062878	0.05135968	0.1744186046511628
4111.6881710746475	750	7.807892652614388	0.0	374758	1725.9296995907446	0.05054847	0.1744186046511628
4113.975614979831	750	7.692657057943951	0.0	362795	2115.2355946704374	0.049160793	0.1744186046511628
4116.432387407432	750	7.740375018500454	0.0	353220	1952.2820394434957	0.042993017	0.1744186046511628
4118.921431036213	750	7.973098383887731	0.0	405134	2267.2766346127232	0.049709417	0.1744186046511628
4120.868099805732	750	7.87564744376357	0.0	386351	1597.4509401241605	0.03569341	0.1744186046511628
4123.068152046823	750	7.845230299864572	0.0	434409	2030.417143898997	0.041001096	0.1744186046511628
4125.636255175158	750	7.950996312943531	0.0	337059	1894.2339869210414	0.039841056	0.1744186046511628
4127.9390426726095	750	7.896537087224777	0.0	366214	2054.459225718755	0.03986529	0.1744186046511628
4130.608482096187	750	7.5859815685022856	0.0	360831	1810.5555187224907	0.037814096	0.1744186046511628
4132.87569652907	750	7.906816242488134	0.0	372963	1679.1653260141518	0.047219153	0.1744186046511628
4134.411529355882	750	7.517924382517266	0.0	405596	1388.8918599708688	0.036721364	0.1744186046511628
4136.497930987238	750	7.608194074109106	0.0	350713	1409.73030840816	0.043356236	0.1744186046511628
4138.9161359808795	750	7.807427253062488	0.0	386472	1800.7668210466177	0.040525116	0.1744186046511628
4141.010402909194	750	7.83401282275232	0.0	399894	1473.4144303101664	0.036731366	0.1744186046511628
4144.125483102089	750	7.841899051608092	0.0	401853	1992.1137711442275	0.036467787	0.1744186046511628
4146.231532569744	750	7.66035743330506	0.0	343800	1681.5416183030318	0.037125062	0.1744186046511628
4148.111368165178	750	7.582693617464368	0.0	359903	1577.6638158406915	0.040802684	0.1744186046511628
4150.238913662671	750	7.695006696563907	0.0	379700	1887.686920900462	0.04066067	0.1744186046511628
4153.576411413548	750	7.741187099972152	0.0	425781	2453.8195965917553	0.041785583	0.1744186046511628
4158.501949831302	750	6.815648682218265	0.0	277716	4925.538417753887	0.04187104	0.1744186046511628
4161.466471038443	750	7.851127475076866	0.0	400396	2964.5212071413994	0.29799384	0.1744186046511628
4164.212695669414	750	7.764884149181537	0.0	400508	2086.2433258953306	0.11817806	0.1744186046511628
4167.238070459092	750	7.977187349880572	0.0	358218	2287.696799300964	0.104641095	0.1744186046511628
4169.993832231356	750	7.703145434937343	0.0	400322	2274.041914943229	0.12905507	0.1744186046511628
4172.873827682663	750	7.619007728443395	0.0	369834	2084.137706493948	0.06442498	0.1744186046511628
4176.737938291341	750	7.754897119765694	0.0	412837	2864.1106086777027	0.085524894	0.1744186046511628
4180.563417939877	750	7.929417471230093	0.0	401088	3825.479648535601	0.07945727	0.1744186046511628
4186.692367784072	750	5.800467627034542	0.0	365161	6128.949844195551	0.15287688	0.1744186046511628
4188.6276244676865	300	7.865210943419894	0.0	131610	1435.256683614648	0.42053184	-0.3802325581395349
4189.59300098523	300	7.9073498780671905	0.0	124011	957.8610653527039	0.6741295	0.06976744186046512
4192.612053969325	750	7.9515811456148695	0.0	378327	2955.7687324523204	0.68987334	-0.2755813953488372
4197.57782683405	750	6.985808280889268	0.0	390680	4965.772864725602	0.2976675	0.1744186046511628
4200.73695905695	300	7.82667605798988	0.0	147968	2159.132222899387	0.4861374	-0.3802325581395349
4202.4364272859775	300	7.686036627109112	0.0	161857	1640.6394308807678	0.5735395	0.06976744186046512
4204.851471810646	300	7.927928682848884	0.0	145210	1758.1079442602288	0.6184926	0.06976744186046512
4206.206692757489	300	7.68378660013152	0.0	172312	1244.1420827173652	0.61616516	0.06976744186046512
4209.169632549061	750	7.617856112408468	0.0	398987	2565.930487723052	0.5773131	-0.2755813953488372
4212.42548748635	750	7.6134333291883705	0.0	393804	2504.4227832200986	0.17349538	0.1744186046511628
4216.098977102813	750	7.939943712725981	0.0	331053	3173.4896164623906	0.11037435	0.1744186046511628
4219.53693578982	750	7.598425139987951	0.0	314107	2841.5185727380313	0.189721	0.1744186046511628

