8388.80354679959	750	4.0	2.7039540741785544	450283	2703.9540741785545	0.02294287	0.16300459258214456
8390.827051115992	750	5.976495683599848	0.0	398865	2023.504316400153	0.684224	0.4232637735900699
8392.039044665567	300	7.769228194701187	0.0	139857	707.2674888986609	0.7152998	0.23483069304482435
8393.317780141617	300	7.517223439316033	0.0	155432	752.004755385154	0.1004487	0.6558495039349689
8396.122673218997	300	7.543142303906856	0.0	163442	1474.081135409176	0.12501028	0.5861624755140242
8398.05430155799	300	7.792734019546442	0.0	126289	750.4082843604145	0.090941735	0.6828025549648501
8400.781997979615	300	7.534495902800365	0.0	153295	2258.238116746077	0.07662894	0.5069059148727277
8402.738150256357	300	7.841148831068951	0.0	173849	1193.3470717314142	0.05845634	0.6432170166483141
8404.476009947746	300	7.853621668928654	0.0	150710	987.5271621402973	0.06150886	0.665011991089282
8406.03934567293	300	7.9671200137107006	0.0	139105	886.5016552179525	0.06321251	0.6861522558115704
8407.376129477245	300	7.747145122737389	0.0	141840	719.9748909733115	0.066979915	0.6814123740888799
8409.024810074223	300	7.911209309519054	0.0	156148	835.935813218334	0.07697897	0.6857715240288947
8411.841284335002	300	7.829344609158776	0.0	160746	1081.8647003602778	0.07269628	0.6532172932046632
8414.02223297768	300	7.77117511092926	0.0	179801	2058.1694982295157	0.06889207	0.5499298297149189
8415.574933738933	300	7.766214302527442	0.0	140051	1004.9608084018183	0.05401273	0.654768260080612
8416.869156534616	300	7.637972847711921	0.0	138313	1128.24145481552	0.055042427	0.6299687139584323
8418.340325424097	300	7.880379016203891	0.0	143509	757.5938315080289	0.05231425	0.6906074761750256
8422.710540195498	300	7.510164244803083	0.0	150616	3370.214771400808	0.061801065	0.3933419956670191
8426.37114425005	300	7.849560190251413	0.0	165384	3160.6040545516694	0.046795648	0.447309323046783
8429.253107769584	300	7.595775434447878	0.0	140881	1753.7847558035344	0.032615766	0.5633106854197028
8432.416027463483	300	7.633404997964017	0.0	157671	1462.3704364838613	0.028813146	0.5961115924036144
8435.431936140212	300	7.850725250156287	0.0	157812	1782.6797478077308	0.031696506	0.5852150557969259
8436.778888263758	300	7.698863586093697	0.0	163927	1151.8616640625899	0.032583475	0.6335283173413531
8437.961395641141	300	7.74515517004518	0.0	137654	953.7084160485175	0.033984177	0.657845498682042
8440.232367856983	300	7.8690686047907725	0.0	146754	1376.0865652544064	0.039669015	0.627658265290462
8441.774998431003	300	7.9451960810752205	0.0	153938	923.8725237155529	0.035102695	0.6802830665130098
8443.10185132666	300	7.801148658297363	0.0	181901	1144.0474227778566	0.043534547	0.644256964741633
8444.140011909245	300	7.868471069946743	0.0	111155	932.6775883506207	0.047202278	0.6719410527172587
8446.76465712774	300	7.698889953315416	0.0	153605	2169.581116631327	0.04255295	0.5317589362967916
8447.889102925335	300	7.789199138948941	0.0	149029	909.6908143664741	0.03715141	0.6665305348261371
8449.684721171829	300	7.53376755481826	0.0	157421	1255.4315841306814	0.04505269	0.6071157362930077
8451.02799688628	300	7.5122229857722465	0.0	157488	1021.544569046013	0.043365724	0.6284092284617496
8454.038401659815	300	7.61288618620809	0.0	143881	899.3367995641566	0.04656902	0.6504195016523211
8457.784573367204	300	7.86671447881805	0.0	163444	3246.1717073900395	0.05126264	0.4404208123260515
8461.849870381011	300	7.617685755095057	0.0	179328	3249.0287237229936	0.04029239	0.41591706731069494
8465.498402406898	300	7.969153729208994	0.0	159914	2148.5320258860625	0.032523245	0.5601469975769684
8468.842966343149	300	7.754271986067673	0.0	131610	1714.8817431413208	0.026395507	0.5826147763309492
8471.007862904	300	7.981664768698847	0.0	124011	1772.6072173688272	0.030514333	0.5989561770190801
8473.490062633933	300	7.831709637471053	0.0	144254	1649.9551312277956	0.029284526	0.5966382491212803
8475.530328894885	300	7.532698715849325	0.0	149991	1299.0109216217268	0.02985107	0.6026538579541743
8476.803453904047	300	7.556763923932336	0.0	147968	975.9347919169876	0.035676945	0.6373018124107209
8478.27543730099	300	7.6093672815842766	0.0	161857	947.396642348059	0.04241152	0.645271303899265
8480.245237518202	300	7.811760583775089	0.0	145210	797.6066978091887	0.054235	0.6799330469912086
8482.123003262377	300	7.963974547389962	0.0	172312	847.7860363851271	0.062122017	0.6897179210951611
8483.796244225532	300	7.597343805206554	0.0	167025	866.6307421834075	0.0774705	0.6521786108379967
8485.82127861626	300	7.673131744328557	0.0	160064	924.212060877997	0.08161152	0.6537908560481525
8487.180030349982	300	7.8091671093928055	0.0	137507	863.9646349357512	0.08013808	0.6730450378948752
8488.856259529282	300	7.883445992634921	0.0	118421	925.7211167578839	0.079416364	0.6740930111079577

