5948.476973870421	750	4.0	1.4326655545084757	450283	1432.6655545084757	0.32092974	-5.878609153545151
5949.835678341006	750	6.641295529414785	0.0	398865	1358.7044705852145	0.6752993	0.5434765834702348
5953.75003366925	1850	6.72694020117078	0.0	877771	3914.355328244005	0.06932941	-0.7450102572725921
5957.999407078973	1850	6.477566791448085	0.0	933276	4249.373409722695	0.04085136	0.2974854559775173
5961.1591397861475	1850	7.317834084273996	0.0	996749	3159.732707174089	0.0830763	0.48732622330469255
5963.8964693612115	1850	7.736585060459562	0.0	801058	2581.249023814435	0.006087071	0.5854798565710553
5967.2215421341925	1850	7.752088935292835	0.0	905515	2984.4961251667255	0.00473951	0.5466474122886605
5971.361032686496	1850	7.542632002149008	0.0	1060487	3709.4569331438265	0.0047342656	0.45399085984555576
5975.810743138815	1850	7.092921549829453	0.0	852833	4449.710452319556	0.0047709765	0.33668035767515997
5979.322883302144	1850	7.580781386501365	0.0	913888	3512.140163328088	0.05892627	0.4773944591167434
5982.917759057922	1850	7.985905630722499	0.0	939819	3594.875755778866	0.00929037	0.5081145761176259
5984.519410229256	750	7.573460107098512	0.0	405134	1412.4455236239867	0.0114364	-0.4721756049929634
5987.833472470859	1850	7.776031757662025	0.0	946851	3297.428349436486	0.08897984	-0.5823412858418897
5991.470868206147	1850	7.680650831331119	0.0	1036454	3595.3809263309063	0.0050668255	0.4786829321864508
5996.116584245375	1850	7.034934792103616	0.0	821631	4645.716039227503	0.0049720937	0.31149850660414435
5999.464569128047	1850	7.519807755770007	0.0	923170	3015.1270363336084	0.5293914	0.521226989460669
6003.025448997306	1850	7.958927886511367	0.0	966699	3060.8798692586397	0.0056206854	0.5589175257419408
6006.265262952273	1850	7.640889828826121	0.0	885714	2818.038057685246	0.0047421325	0.5525901766535037
6009.862821799327	1850	7.837998282440243	0.0	987708	3302.891546385878	0.004715194	0.5230767440170581
6014.7051737553	1850	6.995646326467717	0.0	923755	4842.351955972526	0.0047684736	0.2880533547513511
6018.278589080539	1850	7.422231001229453	0.0	891604	3573.4153252382634	0.45681983	0.456006285287595
6021.892401153843	1850	7.808418927925493	0.0	955231	3613.81207330396	0.023299795	0.4891376443021074
6025.439180251246	1850	7.552152811715689	0.0	968026	3256.266116209804	0.029900594	0.5002263304520835
6028.868682344292	1850	7.527658174689253	0.0	874175	3024.494637026435	0.007404793	0.5210458412761324
6032.125550219569	1850	7.521728003205568	0.0	897976	3005.930171483685	0.0072056716	0.5223315019783723
6037.102329728811	1850	6.544948493964054	0.0	905935	4976.779509241514	0.0052356557	0.23123041268892086
6038.712053078204	750	7.618945454389805	0.0	425781	1426.00303957425	0.6129952	-0.46915333939570436
6041.079780951213	1850	7.781941629894842	0.0	758197	2337.0038244949624	0.2895544	-0.48573000132203503
6044.528455716163	1850	7.717966333677008	0.0	972798	3063.9752962178336	0.004705182	0.5354151553814837
6048.037209986246	1850	7.905938894850953	0.0	975811	3312.0274388260555	0.004731643	0.5287025171589887
6052.435605828348	1850	7.5075430527482	0.0	873429	4398.395842102754	0.0058407877	0.3817196170575873
6056.570259873942	1850	7.372889007155346	0.0	954453	4134.654045592853	0.545387	0.39513318935428027
6059.979172260475	1850	7.628321206715006	0.0	885062	3244.5678004403403	0.34290466	0.5087274579885889
6063.7464343496795	1850	7.5668624265598305	0.0	1035329	3561.4587801551743	0.045756992	0.4711228814694073
6067.407389827951	1850	7.629286384848765	0.0	1026056	3437.5760417110655	0.025126252	0.4895195333712453
6070.524529483183	1850	7.5924062039820965	0.0	943942	3036.8801808666676	0.016459145	0.5260393594669388
6074.650185378717	1850	7.466750308449336	0.0	728962	4125.655895532761	0.0069961213	0.40506726297820755
6076.777359641291	750	7.866120919341371	0.0	361565	1600.6293891079654	0.5722024	-0.46282505046893146
6078.182257829875	750	7.58694419023304	0.0	378327	1279.1767291083318	0.08110372	0.6424491330284645
6079.857598427754	750	7.782134730731543	0.0	390680	1304.8094595014975	0.5975916	0.6586731748710439
6083.331266677965	1850	7.7205661462149475	0.0	858450	3061.5685845165954	0.2922667	-0.56409393848998
6088.205800277121	1850	6.846032547058273	0.0	1025005	4874.533599156674	0.013537613	0.27043469142690313
6090.655612535719	750	7.524442964334785	0.0	372093	1821.5895827234879	0.4180775	-0.5178079674870855
6092.282758409663	750	7.89998144634944	0.0	438281	1624.4615179853454	0.03899299	0.6380508514618197
6096.264081302553	1850	7.900662149284239	0.0	958994	3499.3192970652017	0.43398595	-0.590534561518034
6099.905292810408	1850	7.751058221868188	0.0	982064	3149.60392741605	0.078721814	0.5300374247065869
6103.232231286913	1850	7.983392711830846	0.0	830730	2767.6655100373437	0.01312019	0.5905937293471445
6107.586590911714	1850	7.595849454189369	0.0	846370	3387.543257641477	0.010986799	0.49130446859734184

