17725.74943156692	750	4.0	3.9127276647253035	450283	3912.7276647253034	0.004705182	-16.650310353667642
17727.18102458703	300	6.568406979893699	0.0	155580	1431.593020106301	0.056091055	-0.3802325581395349
17729.298346606796	300	7.901906226594865	0.0	139857	1166.500753298834	0.29805186	0.06976744186046512
17732.250854416267	750	7.636062931274529	0.0	382355	2265.8432953203346	0.6966052	-0.2755813953488372
17733.56165071074	300	7.908997041113213	0.0	163442	1227.0658901613158	0.38706863	-0.3802325581395349
17737.214881963224	750	7.81424663607657	0.0	318564	3094.750405036642	0.48195094	-0.2755813953488372
17741.263937739877	750	7.765190859420959	0.0	352642	4049.055776655611	0.24926844	0.1744186046511628
17745.499941056292	750	7.529187543008527	0.0	437162	4236.003316412432	0.23900788	0.1744186046511628
17748.513409778217	750	7.74422322860239	0.0	374758	2284.9643144061374	0.28552407	0.1744186046511628
17751.26570199555	750	7.5523293379964285	0.0	362795	2191.8938906059616	0.2614148	0.1744186046511628
17753.7924146063	750	7.544172181685528	0.0	353220	2008.1571563109014	0.18231209	0.1744186046511628
17756.49022484283	750	7.619544714340551	0.0	405134	2424.627467344978	0.13388515	0.1744186046511628
17759.60634404451	750	7.543076488543146	0.0	386351	2576.4682257974046	0.08308323	0.1744186046511628
17763.431006828996	750	7.718413704055151	0.0	434409	3824.662784487994	0.10021627	0.1744186046511628
17767.325536536104	750	7.823883996946078	0.0	337059	3894.5297071090736	0.11456098	0.1744186046511628
17772.435774120524	750	6.713646412525344	0.0	366214	5110.237584420734	0.21895215	0.1744186046511628
17775.511093942587	750	7.638326590464892	0.0	360831	3075.3198220604513	0.69520813	0.1744186046511628
17781.633247819656	750	5.516172713396906	0.0	372963	6122.153877067986	0.48029855	0.1744186046511628
17783.094292901595	300	7.823927552741697	0.0	165384	1192.2451606552097	0.119437784	-0.3802325581395349
17785.630529583686	300	7.515209181836854	0.0	140881	1308.718370904845	0.5361436	0.06976744186046512
17789.18615645207	750	7.959582313451701	0.0	386472	3555.6268683851517	0.6846949	-0.2755813953488372
17793.579331414094	750	7.5664073514310095	0.0	399894	3393.1749620206915	0.5100803	0.1744186046511628
17797.27341455144	750	7.872324214083577	0.0	401853	3694.083137347432	0.15566097	0.1744186046511628
17801.86204810216	750	7.2836906633659275	0.0	343800	4588.63355071765	0.4289611	0.1744186046511628
17809.273989805522	750	4.0	0.12825103999890597	359903	7411.941703364833	0.6546812	-0.3770608673441329
17812.0138705907	300	5.26011921482347	0.0	153938	2739.8807851765305	0.00802378	-0.3802325581395349
17815.926781583734	300	5.347208221790574	0.0	181901	3912.9109930328964	0.006335006	0.06976744186046512
17818.851445097058	300	6.4225447084647405	0.0	111155	2924.663513325833	0.0052631125	0.06976744186046512
17821.627403567116	300	7.646586238407378	0.0	153605	2775.9584700573623	0.0086278245	0.06976744186046512
17825.553304225232	300	7.720685580292422	0.0	149029	3425.900658114955	0.26084822	0.06976744186046512
17829.397347393176	300	7.87664241234825	0.0	157421	3844.0431679441717	0.063517965	0.06976744186046512
17842.794070889267	750	4.0	5.520081083740797	400322	13396.723496089047	0.19998747	-24.011930055434263
17844.90364654922	300	5.890424340047932	0.0	143881	2109.5756599520673	0.004705182	-0.3802325581395349
17847.559245869626	300	7.234825019645399	0.0	163444	2655.5993204025335	0.004705182	0.06976744186046512
17850.4971473405	300	7.733991592118902	0.0	179328	2500.833427526498	0.00555278	0.06976744186046512
17852.07204938294	300	7.670074669071277	0.0	159914	1563.9169230476266	0.004705182	0.06976744186046512
17853.805059107595	300	7.57906230944251	0.0	131610	1091.0123596287672	0.4827374	0.06976744186046512
17856.097125179876	300	7.529028012813207	0.0	124011	1550.0342966293038	0.09570789	0.06976744186046512
17865.47500500213	750	4.0	1.8488518094402207	378327	9377.879822253428	0.6965382	-8.225644175941785
17869.09766070792	300	4.377344294210623	0.0	149991	3622.6557057893765	0.009492728	-0.3802325581395349
17873.094451694153	300	4.38055330797673	0.0	147968	3996.7909862338934	0.004705182	0.06976744186046512
17878.96369005543	300	4.0	1.4886850533008165	161857	5869.238361277547	0.004705182	-6.331578287333046
17883.272812468913	300	4.0	0.30912241348180397	145210	4309.122413481804	0.004705182	-1.259458936111292
17888.042005140298	300	4.0	0.7691926713843532	172312	4769.192671384353	0.004705182	-3.2377610450922534
17892.2461703967	300	4.0	0.20416525639953034	167025	4204.16525639953	0.004705182	-0.8081431606575153
17895.38683162138	300	4.859338775314951	0.0	160064	3140.6612246850495	0.004705182	0.06976744186046512
17897.645069554146	300	6.601100842550253	0.0	137507	2258.2379327646972	0.004705182	0.06976744186046512
17900.69766692504	300	7.548503471659224	0.0	118421	2052.5973708910296	0.008486394	0.06976744186046512

