8088.88972153093	750	4.0	1.8471370276969283	450283	1847.1370276969283	0.022883577	0.31130616234658626
8089.634714899616	300	7.2550066313144255	0.0	155580	744.9933686855745	0.13122793	0.3721430931465288
8090.636196938055	300	7.995330748295746	0.0	139857	759.6758830186783	0.017606145	0.9120840763067758
8091.830530239297	300	7.7690672564504455	0.0	155432	726.263491845301	0.016401656	0.887488129357046
8093.350734401079	300	7.938000094582788	0.0	163442	831.0671618676562	0.01860644	0.897866222963064
8094.016995374828	300	7.909438107664928	0.0	126289	528.5619869178613	0.01971146	0.9245901373084952
8095.44654458857	300	7.663512932210564	0.0	153295	745.9251754543636	0.020786028	0.8724889667095965
8096.442930460986	300	7.872131986545295	0.0	173849	791.3809456652693	0.020934809	0.8937019833111566
8097.892251962254	300	7.519973761236877	0.0	150710	852.1582253084181	0.024563842	0.8441426057654055
8098.837694824317	300	7.865833910985381	0.0	139105	654.1398502514957	0.022568345	0.9066484574180819
8100.034039678475	300	7.723313013662082	0.0	141840	642.5208973232973	0.022890694	0.8902130249471779
8100.753137025925	300	7.52067627540504	0.0	156148	702.6367382570431	0.024428943	0.8591814952384444
8101.538034622708	300	7.9314578197591326	0.0	160746	589.218455645907	0.023467988	0.9212433064006614
8103.542302008992	300	7.742163692436363	0.0	179801	689.2941273227693	0.027959375	0.8878632313074143
8104.830711402066	300	7.605445611079565	0.0	140051	636.7180813567965	0.027566727	0.8762399929255572
8105.713234638819	300	7.570029653312373	0.0	138313	535.4159577671926	0.025058169	0.8819973292459831
8106.896465832737	300	7.911967767395858	0.0	143509	658.0618859165143	0.02631908	0.911952489333582
8108.563551981619	300	7.711009313554869	0.0	150616	700.9584538409889	0.026054591	0.8828501079123446
8109.80261558826	300	7.759541381605421	0.0	165384	951.4679319494489	0.025223747	0.8637915073612804
8110.531713907305	300	7.628790054678833	0.0	140881	630.751326926587	0.02287003	0.8797190514660281
8111.980469260371	300	7.858585807454525	0.0	157671	770.2042472243079	0.024759617	0.8941470805158479
8113.371409643218	300	7.54239121185224	0.0	157812	816.1945956022848	0.023217024	0.8505068942368719
8114.5069206982635	300	7.742008558851765	0.0	163927	800.3826530004758	0.020995121	0.8767352240992604
8115.366155832134	300	7.5349552215894215	0.0	137654	707.0533372623429	0.022042828	0.8605028841317846
8116.774252676946	300	7.7669976736365935	0.0	146754	767.9575479528272	0.019939477	0.8830631883981901
8118.108989095722	300	7.894699098378722	0.0	153938	872.2985752578725	0.01985961	0.8883966248095709
8119.947443842969	300	7.85669070371493	0.0	181901	1038.0083946637915	0.017767536	0.8671326736887858
8122.879216921693	300	7.5160273263438615	0.0	111155	840.6633773710699	0.019241447	0.8448048166953429
8124.701357083534	300	7.860512096099681	0.0	153605	1655.5152302441804	0.016362302	0.8058538247569051
8128.650043737526	300	7.9118254421077765	0.0	149029	2448.6866539919047	0.014270186	0.7328724393505264
8133.038140064712	300	7.523729114922395	0.0	157421	3888.096327185382	0.012276295	0.5410124762793739
8136.6163894163265	300	7.945479763307078	0.0	157488	3078.2493516153177	0.009663399	0.6740715329905521
8138.99538993908	300	7.57180807712565	0.0	143881	1373.6716861814266	0.008541856	0.7983913417940205
8140.570923202921	300	7.726705882490225	0.0	163444	1345.102194635425	0.009023396	0.8203738192190375
8144.788063579527	300	7.509565505884473	0.0	179328	2217.1403766057515	0.0096343905	0.7063592634415224
8147.9740995341235	300	7.955333232492845	0.0	159914	2054.2322733916285	0.008265433	0.7776898674980476
8149.937496903352	300	7.634536378480185	0.0	131610	1320.7968540126612	0.00715188	0.8114240083470178
8151.851319704326	300	7.748925317101686	0.0	124011	885.6110613784974	0.007601066	0.8690664086308761
8154.557906791994	300	7.589737552064995	0.0	144254	1159.1877650366919	0.009702676	0.8220535204693757
8156.644199612257	300	7.940290889249438	0.0	149991	1149.4466628155576	0.010435905	0.8663111216669097
8158.156852755593	300	7.907387353305336	0.0	147968	1032.9035359441027	0.011701614	0.8739027718430245
8161.170032093671	300	7.8856724544626555	0.0	161857	1521.7148988426786	0.012488962	0.822340455463317
8162.928740546832	300	7.732050547998959	0.0	145210	1153.621906463697	0.011761247	0.8401817641082466
8166.165480629875	300	7.541223741326805	0.0	172312	1690.826806672153	0.012503073	0.7628995233113223
8169.166231252704	300	7.783805058597098	0.0	167025	2257.418682729707	0.012470144	0.7361923148856993
8172.0130946897	300	7.512039243648988	0.0	160064	2271.765814948111	0.011561502	0.7012021567400946
8174.1457483058875	300	7.648261289579139	0.0	137507	1363.7779540698482	0.01060182	0.8088205393635796
8176.785955498998	300	7.527595543083189	0.0	118421	1120.6657464959508	0.010912242	0.8182329296278741

