13900.361364273285	750	4.0	2.7039540741785544	450283	2703.9540741785545	0.004705182	-10.877002518967783
13901.2215911499	300	7.139773123385195	0.0	155580	860.2268766148045	0.303913	-0.15000000000000002
13901.978887748925	300	10.382476524359733	0.0	139857	757.2965990254636	0.023920164	0.3
13903.778065870009	750	12.583298403275311	0.0	382355	1799.1781210844215	0.6977961	0.3
13906.87376495468	1200	13.487599318603436	0.0	652874	3095.6990846718736	0.44919142	0.75
13911.208622572352	1200	13.15274170093024	0.0	520315	4334.857617673196	0.006435022	1.2
13913.805545419653	750	14.55581885363173	0.0	352642	2596.922847298513	0.26325554	0.3
13918.136287682704	750	14.225076590578933	0.0	437162	4330.742263052796	0.031424623	0.75
13922.069388229076	750	14.291976044208619	0.0	374758	3933.1005463703123	0.19638796	0.75
13924.433682499111	750	15.927681774172841	0.0	362795	2364.294270035778	0.15925434	0.75
13926.608544178695	750	17.752820094589907	0.0	353220	2174.861679582935	0.030514257	0.75
13929.00936130434	750	19.352002968945506	0.0	405134	2400.8171256444057	0.12423104	0.75
13931.179042487818	750	21.182321785465305	0.0	386351	2169.6811834801993	0.38354266	0.75
13933.334350540732	750	23.027013732552366	0.0	434409	2155.308052912941	0.27300906	0.75
13934.923621745404	750	25.437742527879855	0.0	337059	1589.27120467251	0.6263089	0.75
13937.620293886948	1200	26.74107038633623	0.0	587876	2696.6721415436273	0.25267655	0.75
13940.647798366688	1200	27.713565906597015	0.0	617242	3027.5044797392147	0.004705182	1.2
13944.778217978243	1200	27.583146295041598	0.0	581493	4130.419611555416	0.004705182	1.2
13950.603806957824	1200	25.757557315460524	0.0	639204	5825.588979581074	0.0076674386	1.2
13954.455894321882	1200	25.905469951403358	0.0	586839	3852.0873640571667	0.24522132	1.2
13957.560790766203	1200	26.800573507080163	0.0	601738	3104.8964443231926	0.016629137	1.2
13964.728744265685	1200	23.632620007598366	0.0	616206	7167.953499481799	0.004705182	1.2
13972.683563091428	1200	19.677801181853727	0.0	656471	7954.818825744636	0.6891346	1.2
13976.102593553122	750	20.25877072016031	0.0	343800	3419.030461693414	0.025831457	0.3
13979.618260858719	750	20.74310341456412	0.0	359903	3515.6673055961924	0.004705182	0.75
13982.180987156671	750	22.180377116610977	0.0	379700	2562.7262979531456	0.004705182	0.75
13985.093010759965	750	23.268353513316352	0.0	425781	2912.023603294622	0.016004277	0.75
13986.951812042615	750	25.409552230667366	0.0	277716	1858.8012826489849	0.03767076	0.75
13989.880792598555	750	26.480571674726175	0.0	400396	2928.9805559411925	0.08070977	0.75
13992.036438231542	750	28.324926041739058	0.0	400508	2155.645632987118	0.027572028	0.75
13994.153276010056	750	30.208088263223964	0.0	358218	2116.837778515094	0.6946968	0.75
13997.510214711487	750	30.85114956179411	0.0	400322	3356.9387014298522	0.49271545	0.75
13999.696108556938	750	32.66525571634375	0.0	369834	2185.8938454503577	0.5983858	0.75
14004.59651250291	1200	31.76485177037048	0.0	670129	4900.403945973271	0.16732818	0.75
14010.53220425222	1200	29.82916002105945	0.0	690253	5935.69174931103	0.007105786	1.2
14014.800153699267	1200	29.561210574011728	0.0	598727	4267.949447047723	0.01750564	1.2
14018.306879846321	1200	30.054484426957764	0.0	487812	3506.7261470539675	0.0050851544	1.2
14021.413261686384	1200	30.94810258689506	0.0	575591	3106.3818400627038	0.004705182	1.2
14027.838499302034	1200	28.522864971245617	0.0	605884	6425.237615649442	0.0063520507	1.2
14037.055620128562	1200	23.30574414471872	0.0	587506	9217.120826526898	0.011422219	1.2
14041.689711402658	750	22.671652870621152	0.0	345516	4634.091274097569	0.5596896	0.3
14046.284542100766	750	22.076822172512124	0.0	384505	4594.830698109029	0.042298354	0.75
14049.702211430127	750	22.659152843152757	0.0	372093	3417.6693293593626	0.18551748	0.75
14052.935568386461	750	23.425795886818843	0.0	438281	3233.3569563339142	0.6472856	0.75
14056.754537444163	1200	23.606826829118084	0.0	630203	3818.9690577007605	0.16091794	0.75
14060.142191035886	1200	24.219173237394994	0.0	638661	3387.6535917230904	0.0071912874	1.2
14066.183131243799	2850	22.178233029481216	0.0	1231456	6040.940207913775	0.4726882	1.2000000000000002
14072.167998287416	2850	20.193365985865046	0.0	1364537	5984.867043616171	0.004705182	2.85

