1683.4153008610463	750	4.0	4.948165992489615	450283	4948.165992489616	0.02583147	-0.061416599248961534
1686.404075795473	750	5.011225065573087	0.0	398865	2988.774934426913	0.552652	0.23286414418429147
1687.6219543195402	300	7.793346541505883	0.0	139857	1217.8785240672034	0.530398	0.18611509875472676
1689.6974753290524	300	7.832995848091707	0.0	155432	1460.3506934141767	0.050505877	0.6157237768855008
1692.4266893917993	300	7.640973946117309	0.0	163442	1692.0219019743977	0.061754685	0.5738825260624686
1694.2890692661758	300	7.888380017815231	0.0	126289	1752.593928302077	0.05861231	0.5918855639023235
1698.1863580554264	300	7.991091228564818	0.0	153295	3897.288789250413	0.042998724	0.38740474305288725
1702.0799326984218	300	7.752841360579394	0.0	173849	2238.249867985424	0.033573993	0.5301388355178037
1703.662842406369	300	7.954048817810879	0.0	150710	1298.792542768516	0.031831454	0.6436519932552565
1705.5916109905656	300	7.546723151201997	0.0	139105	1407.3256666088812	0.035926294	0.593186259793506
1707.0746505071065	300	7.5659248135753785	0.0	141840	1480.7983376266181	0.04077857	0.5877063543575438
1710.889455909792	300	7.504642692139719	0.0	156148	1561.282121435659	0.039345644	0.5736982896670217
1714.093459903066	300	7.549402398127724	0.0	160746	2455.2402940119964	0.037781328	0.48865535381672154
1717.3133375345053	300	7.713845370038928	0.0	179801	2335.5570280887973	0.034395088	0.516615759427406
1721.1227586196835	300	7.501295210225189	0.0	140051	3212.5501598137375	0.032716233	0.4082459432130259
1723.7858457825848	300	7.51818700560686	0.0	138313	1483.1082046183292	0.027785469	0.5828328658334343
1726.0198000801547	300	7.7861993741132105	0.0	143509	1231.9876314936507	0.028651983	0.6340091259831446
1727.9072439042047	300	7.608460861876354	0.0	150616	1177.7385122368562	0.03243886	0.6221489675937898
1730.4946276244527	300	7.929621609959017	0.0	165384	1678.8392519173385	0.036887713	0.6032717763767805
1732.1032844862546	300	7.639565437073546	0.0	140881	1290.0561728854693	0.034451444	0.6139421214668555
1734.1222397341025	300	7.874388157607498	0.0	157671	1765.177279466048	0.033179596	0.5892665203807245
1736.5529384108304	300	7.7209278272846165	0.0	157812	1653.4603303228814	0.033842277	0.5855141981711408
1738.9020012494227	300	7.935015543040945	0.0	163927	1785.9122842436723	0.0337476	0.5930890331363646
1742.9565193685598	300	7.880497423903909	0.0	137654	2054.5181191370357	0.033217855	0.5609265625609516
1746.0000191743268	300	7.962581857763296	0.0	146754	1917.915566140614	0.03003329	0.5825695290534192
1748.833081929106	300	7.733842562036992	0.0	153938	2228.739295726304	0.028898062	0.5292422595854671
1754.1219051435353	300	6.445019347607449	0.0	181901	5288.823214429543	0.026264213	0.0978958101118701
1756.3142788087382	300	7.905405908947072	0.0	111155	1539.613438660377	0.025996754	0.6148393807790652
1758.6853480354655	300	7.88125140885465	0.0	153605	1524.154500092422	0.018142622	0.6140362495018725
1760.980958302788	300	7.941903567010853	0.0	149029	1439.347841843797	0.022513999	0.6284153377074259
1762.773736002155	300	7.5586459300666755	0.0	157421	1383.2576369441776	0.02884692	0.5967525530045665
1765.254884804814	300	7.592831574448492	0.0	157488	1465.8143556181835	0.029930562	0.5918214350532975
1766.8828227474041	300	7.936529883674081	0.0	143881	1156.3016907744106	0.030068662	0.6561973621098633
1768.7885493262927	300	7.674484725137648	0.0	163444	1262.0451585364326	0.034665607	0.6201391236659931
1770.8044102436568	300	7.878394924131611	0.0	179328	1296.0898010060382	0.04082454	0.6365649262711954
1773.2025117165833	300	7.6142297553473215	0.0	159914	1264.1651687842889	0.04352127	0.6140673268290981
1774.311352920234	300	7.566777324593049	0.0	131610	1047.4524307542724	0.044440158	0.6311238517412469
1775.6421998150176	300	7.7720482586494875	0.0	124011	794.729065943562	0.04457839	0.6763587865593065
1777.8908759418573	300	7.700769157649805	0.0	144254	1071.279100999682	0.051926255	0.6417718904814753
1779.0111096309072	300	7.61435077804471	0.0	149991	1086.418379605095	0.052962907	0.6318537752043386
1781.2749916573844	300	7.954317424528513	0.0	147968	1160.033353516197	0.055081274	0.6575540341837783
1783.6888974369817	300	7.834288799710408	0.0	161857	1120.0286248181064	0.05365611	0.6498817232900265
1786.8553760378497	300	7.8879881671659735	0.0	145210	1446.3006325444353	0.058358062	0.6224767860024475
1789.6126797148752	300	7.614425279315081	0.0	172312	1773.5628878508912	0.05236524	0.5631465696283026
1792.4691789446824	300	7.788046035498724	0.0	167025	1826.3792438163562	0.04997643	0.5747495525706153
1795.8665595382106	300	7.569415726730216	0.0	160064	1718.6303087685085	0.04787622	0.5642626485476626
1797.7005023844342	300	7.846819426998172	0.0	137507	1222.596299732045	0.045292974	0.6408435593023677
1799.088326014136	300	7.943580980892937	0.0	118421	903.2384461052354	0.04630424	0.6821894057813146

