16719.68180059694	750	4.0	1.1823497891980714	450283	1182.3497891980714	0.004705182	-4.777219786179372
16720.645641375115	750	7.036159221826023	0.0	398865	963.8407781739772	0.22762935	0.6209690389992081
16723.546615355288	1850	7.6387675392649	0.0	877771	2397.3916825611223	0.0160034	-0.5055494586546591
16726.111289813754	1850	7.928221473143957	0.0	933276	2210.546066120943	0.4953264	0.6409953783167438
16730.071428843214	2850	7.6102161307396425	0.0	1472558	3818.0053424043135	0.6963091	-0.4968727065967662
16733.37073270222	2850	7.531631006616621	0.0	1224260	3078.585124123022	0.6967118	0.5695054063033921
16737.013921134534	2850	7.555396253301089	0.0	1388403	3476.234753315532	0.6919472	0.532027875815891
16740.374101960846	1850	7.998782603342155	0.0	1060487	3056.613649958934	0.62387305	-0.43681978981851965
16743.517424477235	1850	7.528904942825047	0.0	852833	2969.877660517109	0.5340082	0.526627541799602
16746.273911286586	1850	7.7573840280866895	0.0	913888	2271.5209147383584	0.018522464	0.6184545921264006
16750.005396657853	2850	7.744124265908819	0.0	1354548	3513.2597621778714	0.64966637	-0.45350933595930104
16753.82050801446	2850	7.929012909300236	0.0	1519951	3815.1113566085824	0.4547515	0.5341012499888231
16758.484912527812	2850	7.264608395950421	0.0	1422919	4664.404513349815	0.53294283	0.3852222328108422
16761.485104557618	1850	7.738383125371269	0.0	1036454	2526.225270579152	0.118193045	-0.40884470228169334
16763.466957938166	1850	7.809439824211995	0.0	821631	1928.9433011592737	0.5445071	0.6577227839628363
16766.241558345202	1850	7.753594569787836	0.0	923170	2555.845254424159	0.6606098	0.5896574184214043
16769.35091616202	1850	7.623293256782481	0.0	966699	2630.301313005355	0.3076556	0.5696701607460191
16772.053680876503	1850	7.926439194349364	0.0	885714	2196.8540624331163	0.45924497	0.6421930322938016
16776.94174693857	2850	7.038373132283099	0.0	1537156	4888.066062066266	0.64781415	-0.6589193273906496
16779.423503450176	1850	7.909483238336163	0.0	923755	2128.889893946937	0.21516432	-0.35264258120049563
16781.80796467411	1850	7.808685978100004	0.0	891604	2100.797260236159	0.65562826	0.6404648294965092
16784.55062254971	1850	7.984188955398662	0.0	955231	2324.4970227013428	0.5500697	0.6349872174434567
16787.14934788661	1850	7.598906718148195	0.0	968026	2385.282237250466	0.5819273	0.5918248358222702
16789.027065673778	1850	7.741769360090406	0.0	874175	1857.1373580577892	0.6922699	0.6583900179717663
16792.438134972494	2850	7.7165249634350035	0.0	1383735	3025.2443966554024	0.43930218	-0.40736426413517063
16795.747707770355	2850	7.989650991687362	0.0	1480464	3226.873971747643	0.22938606	0.5987614739148969
16800.38264757401	2850	7.354711188032405	0.0	1547572	4634.939803654957	0.24031538	0.3968412015471714
16803.364845901255	1850	7.6824313009926595	0.0	758197	2672.279887039745	0.695663	-0.42883559162385326
16807.102776049163	1850	7.553425447140566	0.0	972798	3629.0058538520925	0.028522259	0.46307484931683124
16811.764538956133	1850	6.891662540170734	0.0	975811	4661.762906969832	0.004705182	0.2961037001651623
16815.17715832118	1850	7.4790431751231745	0.0	873429	3412.6193650475598	0.004705182	0.4775541186369196
16818.357255511426	1850	7.86564785853857	0.0	954453	3113.3953165846033	0.004705182	0.5446876706197051
16821.224014613046	1850	7.5656193495577995	0.0	885062	2800.0285089807708	0.004705182	0.5471462609901969
16825.38921648155	1850	7.400417481054803	0.0	1035329	4165.201868502996	0.004705182	0.39472805445932463
16829.251805656342	1850	7.537828306263035	0.0	1026056	3862.5891747917685	0.004705182	0.4382152744055883
16833.0441729729	1850	7.745460989707724	0.0	943942	3792.36731655531	0.004705182	0.4652223457348837
16836.638078538355	1850	7.881952659225455	0.0	728962	3363.5083304822697	0.004705182	0.5212457251208988
16840.729132714656	1850	7.790898482926041	0.0	938587	4091.054176299414	0.004705182	0.4397270709429844
16844.06070126802	1850	7.825839916379527	0.0	908665	2965.058566546513	0.004705182	0.5556897852301048
16847.70542526691	1850	7.51673279623569	0.0	930577	3309.107120143838	0.004705182	0.4915330126742471
16850.303116710307	1850	7.835695523441716	0.0	858450	2181.037272793974	0.004705182	0.63504052816397
16852.891096380474	1850	7.985032869032773	0.0	1025005	2350.662654408943	0.011140049	0.6324518819343277
16855.178170463354	1850	7.775154235326063	0.0	886255	2209.87863370671	0.19139999	0.6263292231931007
16858.195554072394	1850	7.5350602555414605	0.0	973972	2740.0939797846017	0.27662766	0.5501983658284768
16860.85938134713	1850	7.996791366051355	0.0	958994	2538.2688894901053	0.025030365	0.6148230273401236
16863.473640330078	1850	7.602441052902433	0.0	982064	2394.350313148922	0.10864736	0.5912582120331168
16866.478884901284	1850	7.714773178495933	0.0	830730	2887.6678744065007	0.43559626	0.5527385526897537
16868.851340995825	1850	7.55233347482737	0.0	846370	2162.4397036685623	0.009558819	0.6096263607392931

