958.6324349876563	750	4.0	6.835416697573638	450283	6835.416697573638	0.5251119	-29.21787319491548
961.9389732097197	300	4.693461777936518	0.0	155580	3306.5382220634815	0.044671834	-0.3802325581395349
964.1252905676625	300	6.507144419993679	0.0	139857	2186.3173579428385	0.019701522	0.06976744186046512
966.6611063415073	300	7.971328646148999	0.0	155432	2035.8157738446798	0.11320095	0.06976744186046512
969.3003569467892	300	7.96874740737036	0.0	163442	2002.5812387786382	0.2363851	0.06976744186046512
970.5563094612954	300	7.88910581426894	0.0	126289	1079.6415931014194	0.17460594	0.06976744186046512
972.3576317766522	300	7.766600136392932	0.0	153295	1122.5056778760072	0.1609455	0.06976744186046512
976.31921445884	750	7.755217071139382	0.0	437162	3011.3830652535494	0.26052338	-0.2755813953488372
979.2506806875917	750	7.734583755680563	0.0	374758	2520.6333154588197	0.64636827	0.1744186046511628
982.691627814321	750	7.8745267014125035	0.0	362795	2360.0570542680593	0.5418799	0.1744186046511628
985.1120220447567	750	7.839774574725208	0.0	353220	2034.7521266872964	0.45509052	0.1744186046511628
988.4755449480625	750	7.895834213096517	0.0	405134	2943.940361628692	0.27549523	0.1744186046511628
992.0579721775905	750	7.5844118119711235	0.0	386351	3311.4224011253937	0.5292056	0.1744186046511628
994.5393236156099	300	7.659238535762703	0.0	179801	1425.1732762084207	0.6644529	-0.3802325581395349
996.5737636179398	300	7.6601075869032025	0.0	140051	999.1309488594998	0.36304474	0.06976744186046512
997.9089363771789	300	7.780175796018833	0.0	138313	879.9317908843697	0.5414239	0.06976744186046512
1000.3257170095247	750	7.914405935373285	0.0	360831	2365.769860645549	0.70392627	-0.2755813953488372
1002.4303664066736	750	7.8575866131490075	0.0	372963	2056.819322224276	0.5488417	0.1744186046511628
1004.807830539116	750	7.897769589140073	0.0	405596	1959.817024008936	0.3886762	0.1744186046511628
1007.0729128197293	750	7.964051974450227	0.0	350713	1933.7176146898444	0.16839315	0.1744186046511628
1010.8150466340886	750	7.828667414532282	0.0	386472	2635.384559917946	0.14950489	0.1744186046511628
1014.9626263118896	750	7.6810877367313335	0.0	399894	3147.579677800947	0.38317472	0.1744186046511628
1017.246402620449	300	7.846364039022786	0.0	163927	1334.7236977085472	0.71148413	-0.3802325581395349
1020.1734362803294	300	7.602373481157974	0.0	137654	1743.9905578648127	0.37857515	0.06976744186046512
1022.4097121003382	300	7.875757155511381	0.0	146754	1726.616325646593	0.14751609	0.06976744186046512
1023.6480208983021	300	7.78643256106053	0.0	153938	1089.3245944508499	0.12562218	0.06976744186046512
1026.4402651657883	300	7.999802457573918	0.0	181901	1286.6301034866108	0.27668533	0.06976744186046512
1027.3827810177597	300	7.561351666088052	0.0	111155	938.4507914858655	0.4106519	0.06976744186046512
1031.0092397564106	750	7.934892927437234	0.0	400396	3626.4587386508183	0.3713335	-0.2755813953488372
1033.8159519903788	300	7.936798667021261	0.0	149029	1498.0942604159732	0.57808626	-0.3802325581395349
1035.8699523993082	300	7.934107415832692	0.0	157421	2002.691251188569	0.19130966	0.06976744186046512
1038.1316106367724	300	7.6689329904709815	0.0	157488	1265.1744253617103	0.11213738	0.06976744186046512
1040.2647995552666	300	7.875580375275189	0.0	143881	1293.3526151957926	0.17910977	0.06976744186046512
1042.8179063562036	300	7.613945116955954	0.0	163444	1761.635258319235	0.1798447	0.06976744186046512
1044.5149035122806	300	7.95618234822619	0.0	179328	1657.7627687297656	0.08382176	0.06976744186046512
1045.8136970321812	300	7.701402743949719	0.0	159914	1254.779604276471	0.09878095	0.06976744186046512
1047.1463230717577	300	7.817096753473306	0.0	131610	884.305990476413	0.17168882	0.06976744186046512
1050.0459088134442	750	7.64146382118026	0.0	361565	2675.632932293048	0.3924355	-0.2755813953488372
1053.9829762789711	300	7.604906507613523	0.0	144254	1536.5573135667366	0.59138656	-0.3802325581395349
1056.0672274963003	300	7.878035946428925	0.0	149991	1726.8705611845987	0.114420064	0.06976744186046512
1057.3663656907129	300	7.727157191295	0.0	147968	1150.8787551339242	0.07461775	0.06976744186046512
1059.5715055820351	300	7.613717008273192	0.0	161857	1613.4401830218085	0.11632393	0.06976744186046512
1062.2493201225618	300	7.880659616159992	0.0	145210	1233.0573921132006	0.075260215	0.06976744186046512
1064.4004822507534	300	7.947457045271025	0.0	172312	1433.2025708889673	0.105650164	0.06976744186046512
1066.6329217937148	300	7.905217047441474	0.0	167025	1542.2399978295516	0.10167569	0.06976744186046512
1069.0188582480405	300	7.507348602344781	0.0	160064	1897.8684450966948	0.094535135	0.06976744186046512
1071.4326681868597	300	7.879477637549553	0.0	137507	2127.8709647952264	0.038798876	0.06976744186046512
1075.3925206749402	300	7.919625149469018	0.0	118421	1959.8524880805335	0.020461414	0.06976744186046512

