11676.655572220492	750	4.0	3.995068697861578	450283	3995.068697861578	0.014630399	0.09651299533012131
11678.147844307821	300	6.507727912669612	0.0	155580	1492.2720873303876	0.004705182	0.2051472887204229
11679.699377191597	300	7.735631858607427	0.0	139857	1272.0960540621852	0.004705182	0.8287765406184817
11682.176021402676	300	7.762028129796127	0.0	155432	1473.6037288113012	0.004705182	0.8118849712301076
11684.147209605982	300	7.8479542835756675	0.0	163442	1414.0738462204586	0.004705182	0.8284474260301209
11686.68067372554	300	7.7347793641896425	0.0	126289	1113.1749193860246	0.004705182	0.8445633949699385
11689.666647747921	300	7.726937010284288	0.0	153295	2007.842353905355	0.004705182	0.7541283410828094
11693.46724779291	300	7.92633696529344	0.0	173849	3800.6000449908474	0.004705182	0.5994728657716542
11697.63943390622	300	7.754150851984041	0.0	150710	2672.186113309399	0.004705182	0.6910541102235457
11701.574250340122	300	7.637201553222039	0.0	139105	1616.9492987620026	0.004705182	0.7821378380946071
11704.75572641566	300	7.810397063921977	0.0	141840	1826.804489300062	0.004705182	0.7825370999833368
11707.488081480811	300	7.881555276766754	0.0	156148	1928.8417871552233	0.004705182	0.7811194108278473
11711.259595111665	300	7.512555190935902	0.0	160746	1869.0000858308524	0.004705182	0.741542434650085
11713.410051083718	300	7.763583939323555	0.0	179801	1748.9712516123461	0.004705182	0.7845403177278403
11715.552272802513	300	7.723215444895568	0.0	140051	1540.3684944279864	0.004705182	0.8004162182345071
11717.56940090615	300	7.710578019560718	0.0	138313	1512.6374253348497	0.004705182	0.8016289580686511
11721.44267240248	300	7.83730652322967	0.0	143509	2373.2714963310486	0.004705182	0.7312129616852999
11725.312393275257	300	7.967585650452685	0.0	150616	3369.720872776984	0.004705182	0.6476538370377629
11729.512456756529	300	7.767522169181648	0.0	165384	3700.063481271037	0.004705182	0.5899173555344146
11732.706669721085	300	7.804188884493182	0.0	140881	1963.3332846884655	0.004705182	0.7681176846572799
11736.52797037839	300	7.982888227187046	0.0	157671	2321.3006573061366	0.004705182	0.7543852970004171
11740.366174288896	300	7.824876497721572	0.0	157812	2658.0117294654733	0.004705182	0.7012041793499487
11745.233217548228	300	6.957833238390028	0.0	163927	4867.0432593315445	0.004705182	0.37324553691344237
11749.623562667128	300	6.5674881194911	0.0	137654	4390.345118898928	0.004705182	0.37271869259121354
11753.174444277562	300	7.016606509056188	0.0	146754	3550.881610434912	0.004705182	0.5121185499361366
11757.367303361721	300	6.823747424896735	0.0	153938	4192.859084159453	0.004705182	0.4241081225995163
11761.596655806265	300	6.594394980353643	0.0	181901	4229.352444543091	0.004705182	0.3921402015968668
11764.30345582655	300	7.887594960065911	0.0	111155	2206.800020287732	0.004705182	0.7540693187624377
11768.242625378753	300	7.948425407864775	0.0	153605	3439.169552201136	0.004705182	0.6383432172990544
11772.258816115438	300	7.93223467117773	0.0	149029	3516.1907366870455	0.004705182	0.62864199762693
11776.66335497665	300	7.527695809965933	0.0	157421	3904.538861211797	0.004705182	0.5398579983000623
11780.782001467438	300	7.409049319177082	0.0	157488	4118.646490788851	0.004705182	0.5037977262132438
11784.353321715946	300	7.837729070669338	0.0	143881	3071.320248507744	0.004705182	0.6614602592081281
11788.45952109861	300	7.731529688003867	0.0	163444	3106.1993826654702	0.004705182	0.6448597049083306
11791.730839585727	300	7.822639954374521	0.0	179328	2908.8897336293476	0.0047289017	0.6758402286491119
11796.044348766425	300	7.5091307736759445	0.0	159914	2313.5091806985756	0.0047261603	0.6966687058150277
11799.974595699685	300	7.5788838404172605	0.0	131610	2930.2469332586843	0.00472914	0.6436074751123072
11803.670089748535	300	7.883389791566423	0.0	124011	3695.4940488508373	0.0047341464	0.6046806957091106
11806.998248450429	300	7.800149931767098	0.0	144254	2583.2398597993238	0.0047436818	0.7056283299286075
11809.959312913074	300	7.637077016491536	0.0	149991	2163.072915275563	0.004792967	0.7275100996549593
11813.505793050024	300	7.697832745666163	0.0	147968	1439.2442708253734	0.004828603	0.8073945901765016
11816.406425271434	300	7.591134610938869	0.0	161857	1606.6981347272947	0.0048806844	0.7774749810313478
11818.00801933161	300	7.7273045479125955	0.0	145210	1363.8300630262727	0.0050256164	0.8185749507446005
11820.69863608859	300	7.780878220447044	0.0	172312	1446.4263274655505	0.00568954	0.8169301681081498
11822.646798242858	300	7.843892281769766	0.0	167025	1436.9859386772782	0.0063881013	0.8256546736528858
11824.796665562919	300	7.799546786734903	0.0	160064	2044.3454950348635	0.0077390247	0.7594432949344134
11828.222945619333	300	7.634167637690584	0.0	137507	3165.3791490443195	0.00967889	0.6269202497133431
11831.952364145462	300	7.904749111562765	0.0	118421	2229.418526127818	0.0109505765	0.7539255240710603

