8123.520826961382	750	4.0	4.034106319630938	450283	4034.106319630938	0.047533255	0.029989368036906217
8126.2116941335535	750	5.309132827828838	0.0	398865	2690.8671721711617	0.5906584	0.2916264502892384
8127.535903214903	300	7.609514942455386	0.0	139857	699.6178853734539	0.5818818	0.2200635396164409
8129.414631542728	300	7.577446366980479	0.0	155432	1032.068575474907	0.08470578	0.6336998016413609
8131.497330542176	300	7.979426805431695	0.0	163442	1098.0195615487844	0.08800615	0.6661973006733539
8132.732885349955	300	7.803989130042242	0.0	126289	675.4376753894529	0.08372298	0.6913941753576628
8134.083840231252	300	7.678570198337982	0.0	153295	1125.4189317042606	0.08234157	0.6341990586179427
8135.3758802137545	300	7.9503182105334345	0.0	173849	1228.251987804547	0.066767514	0.6503432471939218
8136.406187506845	300	7.872058613787285	0.0	150710	578.2595967461504	0.06832961	0.7077317405161985
8137.1745664353975	300	7.793893002432358	0.0	139105	578.165611354927	0.09909176	0.7001395333510542
8138.257646835319	300	7.592459427671026	0.0	141840	701.4335747613305	0.10521579	0.6682233218648742
8139.182034289731	300	7.931089089244598	0.0	156148	661.370338426428	0.09413365	0.7051613800863944
8139.899131232489	300	7.799049166308294	0.0	160746	632.0399229363046	0.10970846	0.6952535391298511
8142.6429290938395	300	7.624678797994318	0.0	179801	1174.3703683139759	0.12044018	0.6240629762735498
8143.631404997538	300	7.740154602213599	0.0	140051	884.5241957807197	0.08373718	0.6642776154872007
8145.990138262629	300	7.577763818826322	0.0	138313	662.3907833872756	0.07039596	0.6706984530421323
8147.06123601465	300	7.950386207518873	0.0	143509	627.3776113074484	0.0882518	0.7104372975504656
8149.10009220456	300	7.862818182919706	0.0	150616	1587.5680245991668	0.08930296	0.6059022658290247
8150.580427804692	300	7.613294413059357	0.0	165384	749.5237698603495	0.062391713	0.6654405046839875
8151.993787047936	300	7.927020759022706	0.0	140881	686.2736540366517	0.07445143	0.7022754034112929
8152.973608501658	300	7.675652788615626	0.0	157671	751.3679704070813	0.07659634	0.6713204366521615
8154.289670024317	300	7.726848759393903	0.0	157812	948.8040292217223	0.069624975	0.6565556389288848
8155.197906253955	300	7.741359438993897	0.0	163927	485.4893204000059	0.06493952	0.704298273402156
8156.047752949114	300	7.7128094506831495	0.0	137654	528.5499883107477	0.11348605	0.6972157202478615
8156.933727871236	300	7.700470405046049	0.0	146754	512.3390456371008	0.09679326	0.6976368423270183
8157.767830846453	300	7.735236803180207	0.0	153938	465.2336018658429	0.09211013	0.7057284189226909
8158.328434333709	300	7.749369722277552	0.0	181901	485.86708090265415	0.13302459	0.7050394974012265
8158.768618533995	300	7.961645887311301	0.0	111155	287.72383496625037	0.15121283	0.745497679044399
8159.340677011938	300	7.9118468789993965	0.0	153605	549.7990083119035	0.1463018	0.714447208151501
8161.025202335475	300	7.530713842046482	0.0	149029	881.1330369529146	0.121172845	0.644248617443729
8162.061535064405	300	7.704243663873649	0.0	157421	826.4701781728326	0.100834996	0.6665906784944292
8163.345165797743	300	7.977359596582945	0.0	157488	726.8840672907053	0.08940311	0.7031098140386209
8164.068660172847	300	7.848985746555061	0.0	143881	628.373850027883	0.090006374	0.7004764788496913
8164.730464324924	300	7.940643895055044	0.0	163444	408.34185150001707	0.0900976	0.7313934336441014
8165.343814473167	300	7.905700033221037	0.0	179328	534.9438618340068	0.161978	0.7153349420473452
8165.986552515961	300	7.968534145529051	0.0	159914	437.16588769198614	0.15513664	0.7312233568835016
8166.732019168458	300	7.558586872831938	0.0	131610	409.9472726971127	0.16460103	0.6940778461131947
8167.7872338656925	300	7.673739200114156	0.0	124011	384.8476727177817	0.16378598	0.7077863699393235
8168.639493128765	300	7.587793037836045	0.0	144254	585.9461622781107	0.16611186	0.6793182567017444
8169.258746595834	300	7.516322954699141	0.0	149991	571.4700831369043	0.13640136	0.673815399030801
8170.309076789296	300	7.935049468934168	0.0	147968	581.2734857649721	0.13852912	0.7135562122773507
8171.135315681209	300	7.791458424326345	0.0	161857	643.591044607823	0.14927524	0.6933602273049548
8172.05881546975	300	7.71603249220792	0.0	145210	575.4259321184259	0.13923988	0.6928415666553777
8173.52836179079	300	7.550296202399743	0.0	172312	665.7362898081784	0.14249524	0.6676926767025572
8174.408998603503	300	7.681882849658612	0.0	167025	868.4133527411303	0.14583196	0.660221771855187
8175.544142210948	300	7.690422790422221	0.0	160064	991.4600592363917	0.12358406	0.6487476104449218
8177.62085225302	300	7.933909543490976	0.0	137507	756.5132469312438	0.10228722	0.695921378411373
8181.0728134898445	300	7.693027213149027	0.0	118421	1240.8823303419476	0.10461123	0.6240586634445481

