3637.381665267488	750	4.0	11.415819972284071	450283	11415.81997228407	0.012098679	-0.8043726949028258
3640.204754339862	300	5.176910927625635	0.0	155580	2823.0890723743646	0.04430386	-0.3738682533306017
3642.5011568517875	300	6.880508415700065	0.0	139857	2296.4025119255693	0.0056152674	0.2352752457189297
3645.5834912053947	300	7.798174062092836	0.0	155432	2082.334353607229	0.005465975	0.31403616445031196
3649.3893676295097	300	7.992297637977527	0.0	163442	3805.8764241153094	0.008180869	0.153814680892297
3653.5463334875744	300	7.835331779912842	0.0	126289	2656.965858064684	0.0047621564	0.2588953713683167
3657.5813926127244	300	7.800272654762541	0.0	153295	4035.0591251503006	0.0047442773	0.11889484933786126
3662.9214794536865	300	6.460185813800578	0.0	173849	5340.0868409619625	0.004838884	-0.09536334980342759
3668.1244924611246	300	5.257172806362817	0.0	150710	5203.013007437761	0.0056118895	-0.15684427941586748
3672.9380351073896	300	4.4436301600977	0.0	139105	4813.542646265117	0.004802325	-0.16874365869017288
3677.510472909911	300	4.0	0.12880764242361784	141840	4572.437802521318	0.004838105	-0.1723600593218993
3681.693539911019	300	4.0	0.18306700110761084	156148	4183.067001107611	0.004853585	-0.13342297918052853
3687.1998971610533	300	4.0	1.5063572500347573	160746	5506.357250034757	0.0047732415	-0.2657520040732431
3693.2994233255195	300	4.0	2.0995261644660888	179801	6099.526164466089	0.004755363	-0.32506889551637635
3697.931637100315	300	4.0	0.6322137747958132	140051	4632.213774795813	0.004765732	-0.1783376565493488
3700.867653608187	300	5.06398349212802	0.0	138313	2936.01650787198	0.004752502	0.05778103840103577
3702.870267051836	300	7.061370048479296	0.0	143509	2002.613443648724	0.004747377	0.2759580045953162
3705.335669388237	300	7.605879715695003	0.0	150616	1455.4903327842937	0.0047360533	0.36470216988274085
3707.8112634708723	300	7.883038628485756	0.0	165384	1222.8410872092472	0.0047409404	0.4052895264896676
3709.4931355141875	300	7.868479114091337	0.0	140881	1014.5595143944203	0.005105209	0.4252077141214991
3710.5309980283455	300	7.838204173922757	0.0	157671	1030.2749401685787	0.0062348954	0.42174398778354705
3713.181976654683	300	7.671508580998734	0.0	157812	1166.695592924023	0.007922007	0.3976834479502511
3714.4384094698944	300	7.915433766399446	0.0	163927	1256.0748145992877	0.008177379	0.4039908498702692
3715.7140684646615	300	7.527783231372218	0.0	137654	887.6505350272295	0.008561557	0.4166051193882732
3716.9619766554683	300	7.877833417838838	0.0	146754	649.9498135333798	0.010024089	0.4622533281918219
3718.406490533468	300	7.994555591475839	0.0	153938	883.2778263629989	0.01488963	0.4462156627611725
3719.444453767586	300	7.961192004734903	0.0	181901	1033.3635867409353	0.013107953	0.4291218625520704
3720.0598754196776	300	7.920781069377688	0.0	111155	540.4109353572156	0.013208641	0.4758914442306165
3722.6078073852354	300	7.644320444965782	0.0	153605	776.4606244119069	0.014975684	0.43500768629940323
3723.5435725839084	300	7.922173492202416	0.0	149029	722.1469527633678	0.016463872	0.45780486891654676
3724.284131896021	300	7.718702983100851	0.0	157421	703.4705091015638	0.018184248	0.44695560646387933
3725.420591002494	300	7.954017759869668	0.0	157488	764.6852232311833	0.018886704	0.45554130859896846
3726.8903646831645	300	7.845017880155436	0.0	143881	608.9998797142331	0.020061715	0.464297350468524
3728.7277564461074	300	7.8367088801625355	0.0	163444	1008.3089999928985	0.021255806	0.4238471259411012
3730.6550375459356	300	7.692609764223013	0.0	179328	1144.0991159395235	0.01685709	0.40126191960021845
3733.602147919974	300	7.955645559648492	0.0	159914	1236.9642045745213	0.01588891	0.40841514795081113
3734.747174192897	300	7.80820552191858	0.0	131610	647.4400377299116	0.0140732955	0.4581525622771526
3735.7349614836785	300	7.698104946624788	0.0	124011	610.1005752937923	0.017710838	0.45500522256490256
3736.639248523524	300	7.549804755945381	0.0	144254	648.3001906794065	0.020542288	0.4419164991088782
3738.0605283713576	300	7.89715828511204	0.0	149991	652.6464708333401	0.022317864	0.463191466666401
3738.884963495566	300	7.619257492507837	0.0	147968	777.900792604202	0.025501043	0.4332972349515522
3740.077621858271	300	7.926195433957493	0.0	161857	693.0620585503435	0.022755576	0.46096472969754154
3740.809549487152	300	7.725029814594211	0.0	145210	701.1656193632828	0.03313804	0.44758152240604243
3742.064346358751	300	7.973012359553435	0.0	172312	752.0174550407747	0.033539046	0.4579952478982447
3743.126352203066	300	7.533399141175441	0.0	167025	939.6132183779941	0.04313971	0.4117598454158982
3744.5364740790887	300	7.609534506632288	0.0	160064	923.8646345431546	0.039001487	0.41809316414043507
3745.6279116248766	300	7.786944335478037	0.0	137507	822.5901711542507	0.040522527	0.43930872478218486
3746.5032852463128	300	7.618681164077026	0.0	118421	668.263171401011	0.042770557	0.4442249765449455

