12811.503225169665	750	4.0	5.105653885378062	450283	5105.653885378062	0.016496621	-0.1733560862122248
12815.658926909324	300	4.0	0.15570173966025685	155580	4155.701739660257	0.089956194	-0.5806864530357931
12818.115560339293	300	5.543366570032065	0.0	139857	2456.6334299679343	0.0060999487	0.1356807885604432
12819.901989474783	300	7.756937434542367	0.0	155432	1286.4291354896984	0.0054408363	0.3910493970401606
12821.073832353912	300	7.508225056825533	0.0	163442	748.712377716835	0.008023267	0.4292765492101449
12822.066234427562	300	7.838589242107309	0.0	126289	669.6358147182236	0.012598292	0.457831967090117
12823.148265986825	300	7.7439566396416595	0.0	153295	594.6326024656498	0.0106974	0.4594177506612712
12824.332353808517	300	7.965612221493802	0.0	173849	778.3444181478574	0.0141660515	0.4549000429588095
12825.126560594954	300	7.901380487147513	0.0	150710	564.2317343462893	0.021415953	0.47229682794232314
12825.930934963482	300	7.889180886129088	0.0	139105	512.1996010184238	0.028094973	0.47673756621145813
12826.876057226033	300	7.867707048008799	0.0	141840	521.4738381202897	0.033253632	0.4744680276187535
12828.259258279186	300	7.54793078134699	0.0	156148	819.7762666618086	0.036381107	0.4246517680982385
12829.146743174715	300	7.670900774477708	0.0	160746	877.0300068692804	0.030655235	0.42661201864816123
12830.488512388438	300	7.940243516595883	0.0	179801	730.6572578818246	0.025653046	0.4580832149292927
12831.380898748152	300	7.884606314659906	0.0	140051	555.6372019359765	0.037137963	0.47210789540287906
12833.115662777722	300	7.7705988787643	0.0	138313	614.0074358956055	0.0354648	0.4591454072634407
12835.21574619271	300	7.565935515806607	0.0	143509	1704.6633629576947	0.030585587	0.33728835437237603
12837.31596878862	300	7.818534224767489	0.0	150616	1247.4012910391175	0.015801033	0.39880198087428886
12839.876111351025	300	7.649873619850707	0.0	165384	1168.660604916781	0.014309957	0.39613476167922357
12841.884514037523	300	7.791413264895716	0.0	140881	1358.4603549549906	0.01509443	0.3860010144907157
12844.11787617782	300	7.5247032985190305	0.0	157671	1266.709966376687	0.0118540935	0.37850668045000324
12847.169693212774	300	7.692120868001267	0.0	157812	1832.5824305177634	0.010780903	0.3323830321285354
12851.220685436232	300	7.641128644543034	0.0	163927	3050.9922234582345	0.008332721	0.20735503886834872
12852.775161662194	300	7.759003978910572	0.0	137654	1382.1246656324624	0.0069856653	0.381609003048897
12855.498096310579	300	7.728712401481785	0.0	146754	1530.2915774287865	0.006356922	0.36489908827996553
12857.073689527024	300	7.717237357337277	0.0	153938	1511.4750441445085	0.006660767	0.36606355134936147
12859.218703300983	300	7.806789632707838	0.0	181901	1910.4477246294389	0.006846744	0.3317633005115285
12861.491647485595	300	7.697600493567421	0.0	111155	1109.189139140417	0.0060281674	0.40506483786415465
12863.438747936218	300	7.555927871992008	0.0	153605	1641.6726215754136	0.0060132113	0.34296195077219166
12865.999049632843	300	7.508490823701213	0.0	149029	1547.4370482907932	0.006259708	0.3494206925824791
12867.752124583181	300	7.818385701700925	0.0	157421	1190.1051220002885	0.006308984	0.40452231508651154
12870.365031814805	300	7.873417004557974	0.0	157488	1444.9686971429508	0.007157823	0.38247541400081086
12871.88992491854	300	7.769939729430653	0.0	143881	1103.4772751273213	0.007151456	0.4101572265069162
12874.172235159176	300	7.79449252841628	0.0	163444	1475.4472010143725	0.0075110504	0.3744947838548127
12877.289587869933	300	7.899247644848565	0.0	179328	1895.244883567715	0.007153947	0.3390622103764963
12880.435431649139	300	7.907379778840463	0.0	159914	1991.8678660081014	0.0070037744	0.3299081705069513
12884.347010835549	300	7.995800592430245	0.0	131610	1911.5791864102166	0.006605098	0.34346333931610123
12886.384940762533	300	7.694613164242655	0.0	124011	1301.1874281875898	0.0059962235	0.38567830087663946
12888.027146044155	300	7.716881758830427	0.0	144254	977.7314054122289	0.0068641044	0.4194156903159113
12891.073312411414	300	7.586035536803374	0.0	149991	1130.8462220270528	0.008703699	0.3959263197777381
12894.250880109226	300	7.799911751015057	0.0	147968	1786.1237857883168	0.009340394	0.34376582678984197
12895.816089984557	300	7.623028697862164	0.0	161857	1176.8830531528924	0.007530802	0.39363470923132854
12897.759921124607	300	7.790276553424941	0.0	145210	1332.7521444372242	0.00993402	0.38850079107556895
12901.687478677657	300	7.862719000375692	0.0	172312	2427.557553049249	0.010859953	0.2835479031487884
12905.484732302184	300	7.718410519443803	0.0	167025	3144.3084809318884	0.00980997	0.20285353030228137
12907.982820410361	300	7.7608390326518695	0.0	160064	1957.571486791934	0.008234862	0.324179011791781
12910.574624364679	300	7.675195385185467	0.0	137507	1585.6436474664035	0.009578291	0.3560190677576839
12912.334641544236	300	7.693266891333543	0.0	118421	981.9284938519227	0.010797344	0.41752005225338673

