15468.414613863675	750	4.0	3.445995646227827	450283	3445.9956462278274	0.016808689	0.005400435377217239
15470.98411202553	750	5.430501838145294	0.0	398865	2569.4981618547067	0.64466155	0.18245654869861022
15472.570034888826	300	7.844578974847942	0.0	139857	1085.922863297352	0.6818356	-0.06830610040173883
15474.279596929948	300	7.66550625657747	0.0	155432	1679.072718270472	0.022058222	0.3111868692090447
15478.591932294756	300	7.353170891768269	0.0	163442	4312.335364809201	0.015448537	0.028339644254596785
15482.3585939	300	7.586509286523639	0.0	126289	3266.6616052446298	0.010219246	0.14749066988326448
15486.333623908942	300	7.611479277581127	0.0	153295	3975.030008942512	0.0074527944	0.07821445395456927
15490.078679724531	300	7.866423461993324	0.0	173849	3745.0558155878034	0.006540128	0.1171458848158024
15494.260291723216	300	7.684811463309401	0.0	150710	2681.611998683924	0.0063205655	0.2121395165884452
15498.140082242951	300	7.805020943575055	0.0	139105	2879.7905197343466	0.0061830003	0.1998347570000063
15501.397614453179	300	7.52674221838644	0.0	141840	2278.278725188614	0.0060085645	0.24259351613029112
15505.034632097835	300	7.889724573731603	0.0	156148	3137.017644654837	0.006143813	0.17940602139274148
15509.24400183137	300	7.680354840196733	0.0	160746	2709.3697335348697	0.0059874114	0.20908520415880882
15513.797462377517	300	7.126894294049281	0.0	179801	4553.460546147452	0.0061174426	-0.009915161236665138
15516.84033801755	300	7.975007212122473	0.0	140051	2151.8870819268077	0.0061173933	0.28324924256497375
15519.865073891582	300	7.973133454008559	0.0	138313	1501.8737581139148	0.005945337	0.3481334650641435
15522.850270360954	300	7.81196629158191	0.0	143509	2161.16716242665	0.006325942	0.27213117698120437
15527.000108544236	300	7.662128108299714	0.0	150616	2649.8381832821965	0.006518475	0.21389918844051248
15529.103164290853	300	7.627533994405271	0.0	165384	2034.5941138944434	0.0064301635	0.2732614632608851
15530.87126918705	300	7.607712367467522	0.0	140881	1519.8216269377476	0.006545235	0.3234998602729454
15533.743935043944	300	7.575521126100411	0.0	157671	1532.1912413671114	0.0073033124	0.3202509462445645
15536.682270246794	300	7.776590794288448	0.0	157812	1798.9303318119635	0.007783005	0.30614389146183163
15539.219492518949	300	7.667682088931306	0.0	163927	2108.9087053571425	0.007685922	0.26833926002249237
15542.920087108	300	7.967087499879964	0.0	137654	1700.5945890513412	0.007713334	0.32788350983736364
15545.411662585895	300	7.615753805505834	0.0	146754	1351.3336943741306	0.007455376	0.3408512434067016
15547.017771333905	300	7.51282039956214	0.0	153938	1602.933405943693	0.008121697	0.30925793437826443
15548.889819176136	300	7.833384106779864	0.0	181901	1679.4362927822774	0.008464095	0.3216428773955137
15550.791496209828	300	7.71385134065765	0.0	111155	1119.532766122215	0.00915023	0.3701624321788816
15553.798224139096	300	7.551559519308428	0.0	153605	1662.291821349221	0.009230166	0.30574328782185467
15556.509203629093	300	7.898287880769472	0.0	149029	1653.2716385389567	0.009162679	0.32831582869419634
15558.182758692896	300	7.72536422659712	0.0	157421	1672.9236541723535	0.009009855	0.3155428987450846
15562.19677585508	300	7.6486713793201835	0.0	157488	1576.6928472769364	0.00926379	0.3203726764798178
15565.033162462169	300	7.714140180729432	0.0	143881	2434.5311985907515	0.009992931	0.23868064143651432
15568.819560364222	300	7.927742278677118	0.0	163444	3786.397902052313	0.008087531	0.11684410221208857
15572.326750252318	300	7.508274042404806	0.0	179328	2419.4682362723133	0.0069457116	0.22732030402306902
15576.03869804504	300	7.796326249683052	0.0	159914	3211.9477927217536	0.007017037	0.1660756113330154
15578.807550052672	300	7.986734963139077	0.0	131610	1809.5912865439748	0.006442465	0.3182118065417948
15580.240053000518	300	7.8351138497609005	0.0	124011	1151.621113378176	0.0063327486	0.3745325042722387
15582.982087298502	300	7.524537656002274	0.0	144254	1310.5761937586265	0.007877991	0.3392259841242795
15584.460076179796	300	7.621272234467892	0.0	149991	1403.2654215343828	0.011040264	0.33600297250080496
15586.974899347575	300	7.766222351457666	0.0	147968	1355.0498830102267	0.013455215	0.34988390866508146
15589.842683557803	300	7.502216884229816	0.0	161857	2264.0054672278493	0.015786776	0.2424880085415786
15592.626678838224	300	7.752108610518599	0.0	145210	1250.1082737112176	0.01775451	0.35949596078629065
15594.4103074932	300	7.75723786288454	0.0	172312	1494.8707476340594	0.024460051	0.3353402916668778
15598.421473998442	300	7.746071357642866	0.0	167025	2511.1665052416733	0.03443721	0.23301280932851182
15600.859848313534	300	7.766846363389428	0.0	160064	1479.2249942534381	0.030549914	0.33750539828649545
15603.35411940998	300	7.5992854615858905	0.0	137507	1167.5609018035375	0.03899199	0.3581992511687644
15606.226903707653	300	7.93124839057063	0.0	118421	1168.0370710152597	0.055317506	0.3788993173091384

