15331.039569564144	750	4.0	9.971750996673139	450283	9971.75099667314	0.039792832	-42.70411068104333
15334.523193473377	300	4.516376090767351	0.0	155580	3483.623909232648	0.01980512	-0.3802325581395349
15336.808191688924	300	6.23137787521933	0.0	139857	2284.998215548021	0.008832019	0.06976744186046512
15338.800736210687	300	7.930292189365249	0.0	155432	1801.085685854082	0.047901966	0.06976744186046512
15341.453941233018	300	7.97441915340288	0.0	163442	1455.8730359623705	0.15663238	0.06976744186046512
15342.877909576344	300	7.5561008699752055	0.0	126289	918.3182834276734	0.20930177	0.06976744186046512
15345.116831697776	300	7.559464925057331	0.0	153295	996.6359449178739	0.12500446	0.06976744186046512
15346.795990796407	300	7.991028401999536	0.0	173849	1068.4365230577946	0.28538063	0.06976744186046512
15349.336570781381	750	7.9510997306988065	0.0	374758	2039.9286713007286	0.5246989	-0.2755813953488372
15353.324999049273	750	7.9626714628085855	0.0	362795	3988.428267890221	0.123608544	0.1744186046511628
15355.356685451694	300	7.521368018979967	0.0	141840	941.3034438286197	0.63690436	-0.3802325581395349
15358.95736258209	750	7.9206908885818885	0.0	405134	3600.677130398078	0.6852994	-0.2755813953488372
15363.86703226516	750	7.011021205513432	0.0	386351	4909.669683068456	0.6967094	0.1744186046511628
15366.458081040502	300	7.55086167527272	0.0	179801	1960.1595302407131	0.24898168	-0.3802325581395349
15369.15906966477	300	7.990812090588406	0.0	140051	1060.0495846843132	0.124771744	0.06976744186046512
15370.516520278157	300	7.657556241687751	0.0	138313	1333.255848900654	0.22328761	0.06976744186046512
15374.230195494883	300	7.632816029867914	0.0	143509	1524.7402118198372	0.2026147	0.06976744186046512
15377.713054169755	300	7.510854252134517	0.0	150616	2121.9617777333974	0.16459993	0.06976744186046512
15381.669532737502	300	7.554375684389265	0.0	165384	2956.4785677452523	0.05173727	0.06976744186046512
15384.40472044651	300	7.940469514626486	0.0	140881	2613.9061697627785	0.03514395	0.06976744186046512
15388.411661064674	300	7.933528896462201	0.0	157671	3506.9406181642835	0.05522186	0.06976744186046512
15392.421604453633	300	7.923585507504098	0.0	157812	2009.9433889581028	0.028095197	0.06976744186046512
15395.768214593721	300	7.744363167743904	0.0	163927	3179.2223397601933	0.04154955	0.06976744186046512
15399.303446019547	300	7.715441407446517	0.0	137654	3028.9217602973877	0.015869163	0.06976744186046512
15401.035365358623	300	7.572636561022154	0.0	146754	1642.8048464243627	0.009254626	0.06976744186046512
15403.083317266573	300	7.958217824871906	0.0	153938	1114.4187361502484	0.015353809	0.06976744186046512
15404.813401285528	300	7.779942391795616	0.0	181901	1178.275433076291	0.08456473	0.06976744186046512
15409.00915001397	300	7.58419366335296	0.0	111155	1195.7487284426554	0.2556029	0.06976744186046512
15412.04041181482	300	7.962341444087664	0.0	153605	1621.8522192652968	0.14652885	0.06976744186046512
15414.005554906807	300	7.6294747028869025	0.0	149029	1332.8667412007612	0.1429149	0.06976744186046512
15415.44403603213	300	7.9613722921188765	0.0	157421	1168.102410768026	0.16401896	0.06976744186046512
15418.662440296781	300	7.6423595690701935	0.0	157488	1819.0127230486833	0.40333974	0.06976744186046512
15423.47627488202	750	6.828524983831845	0.0	369834	4813.834585238348	0.18959893	-0.2755813953488372
15426.476791486853	300	7.674879678334644	0.0	163444	1653.6453054972005	0.071138814	-0.3802325581395349
15428.133538392702	300	7.739941865580027	0.0	179328	1434.9378127546174	0.058818743	0.06976744186046512
15429.106780270216	300	7.519225525868704	0.0	159914	720.7163397113247	0.11130648	0.06976744186046512
15430.657152738537	300	7.820302070111152	0.0	131610	698.9234557575498	0.65909636	0.06976744186046512
15432.918944247527	300	7.895130754897298	0.0	124011	925.1713152138551	0.69595623	0.06976744186046512
15435.867161451515	300	7.5993323212911745	0.0	144254	1295.7984336061245	0.48590347	0.06976744186046512
15437.848169663861	300	7.535037586309065	0.0	149991	1564.29473498211	0.17543192	0.06976744186046512
15439.901719062758	300	7.986619568042661	0.0	147968	1548.418018266405	0.118094206	0.06976744186046512
15441.283975173976	300	7.768057193248933	0.0	161857	1218.5623747937288	0.142797	0.06976744186046512
15443.165468798541	300	7.929157311178805	0.0	145210	1838.8998820701277	0.20623493	0.06976744186046512
15445.33627152107	300	7.595052802161903	0.0	172312	1334.1045090169023	0.09014802	0.06976744186046512
15449.810846579185	300	7.120477744046493	0.0	167025	4474.57505811541	0.1296474	0.06976744186046512
15454.994724221197	300	5.936600102035315	0.0	160064	5183.877642011178	0.008989225	0.06976744186046512
15459.00973041428	300	5.921593908951201	0.0	137507	4015.006193084114	0.004705182	0.06976744186046512
15462.52221479149	300	6.409109531742769	0.0	118421	3512.4843772084323	0.004705182	0.06976744186046512

