14940.065246852699	750	4.0	3.731441730238546	450283	3731.441730238546	0.011956097	-15.295199440025748
14942.39229310727	300	5.672953745427815	0.0	155580	1327.046254572185	0.004712572	-0.15000000000000002
14943.623239468792	300	5.87672460952181	0.0	139857	796.2291359060041	0.00579667	0.3
14945.08603641514	300	5.877684725306306	0.0	155432	999.0398842155034	0.016159968	0.3
14946.255859479992	300	5.999651738245903	0.0	163442	878.0329870604025	0.13156846	0.3
14948.371135347228	1200	5.567908853073289	0.0	520315	1931.7428851726124	0.6151178	0.29999999999999993
14953.72836333808	1850	4.210680862221593	0.0	905515	5357.227990851697	0.015830979	1.2000000000000002
14956.248480267299	750	5.690563933002317	0.0	437162	2520.1169292192762	0.02673925	-0.3500000000000001
14959.250574953949	750	5.6649555645954965	0.0	374758	2025.6083684068203	0.057221774	0.75
14962.503807724186	750	5.501582352898422	0.0	362795	2663.3732116970746	0.060155503	0.75
14966.019402175833	750	5.708714853895138	0.0	353220	2292.867499003284	0.05877237	0.75
14968.8082470882	750	5.585655831133459	0.0	405134	2623.059022761678	0.058548767	0.75
14972.873939197512	750	5.519963721821238	0.0	386351	3565.692109312221	0.09458651	0.75
14975.594716376692	300	5.920314212739837	0.0	179801	2099.649509081402	0.5218849	-0.15000000000000002
14977.770968038907	300	5.722752130831923	0.0	140051	1697.5620819079136	0.006173303	0.3
14980.154047396076	300	5.670557328250791	0.0	138313	1552.194802581132	0.004705182	0.3
14982.142498809162	300	5.531773827450729	0.0	143509	1138.7835008000625	0.004705182	0.3
14983.547659868489	300	5.794027325480778	0.0	150616	1237.7465019699503	0.0056847446	0.3
14984.999873137707	300	5.91162795045118	0.0	165384	882.3993750295973	0.00785389	0.3
14988.5615586834	750	5.50569214854828	0.0	350713	2905.935801902901	0.41900134	0.3
14990.590293612371	300	5.804199560757492	0.0	157671	1201.4925877907876	0.67761934	-0.15000000000000002
14992.517168528713	300	5.544383225475951	0.0	157812	759.8163352815415	0.013569902	0.3
14994.053531805246	300	5.6147308634404585	0.0	163927	929.6523620354918	0.5821593	0.3
14997.270718342286	750	5.829493023569826	0.0	343800	2785.2378398706314	0.7125085	0.3
15001.28509348838	750	5.815117877474646	0.0	359903	3014.375146095181	0.28408542	0.75
15003.435705568887	300	5.547973778103722	0.0	153938	1767.1440993709236	0.69060194	-0.15000000000000002
15006.827043805064	300	5.634038674082663	0.0	181901	1913.9351040210593	0.004705182	0.3
15009.11004979929	300	5.926237286047541	0.0	111155	1207.8013880351223	0.004705182	0.3
15011.300888199077	300	5.533420341748802	0.0	153605	1392.8169442987394	0.004705182	0.3
15012.47223392912	300	5.8817581614722005	0.0	149029	1151.6621802766033	0.004705182	0.3
15014.465497708168	300	5.919968132831647	0.0	157421	1961.7900286405536	0.0056863856	0.3
15018.311348257124	300	5.922779690556084	0.0	157488	1997.1884422755631	0.004705182	0.3
15021.542430369811	300	5.866569668553715	0.0	143881	1556.2100220023676	0.004705182	0.3
15024.743609513453	300	5.918416189575333	0.0	163444	1948.1534789783814	0.004705182	0.3
15027.566468428482	300	5.8034995118922	0.0	179328	2614.916677683134	0.004705182	0.3
15031.860782772905	300	5.509185167468895	0.0	159914	2294.314344423305	0.004705182	0.3
15035.61552824543	300	5.754439694943876	0.0	131610	2254.745472525019	0.004705182	0.3
15038.613927773384	300	5.533741025112726	0.0	124011	2220.69866983115	0.004705182	0.3
15042.482834772156	300	5.66483402634122	0.0	144254	3868.9069987715056	0.004705182	0.3
15046.395253455426	300	5.752415343070799	0.0	149991	3912.4186832704204	0.004705182	0.3
15050.498982384703	300	5.648686413794887	0.0	147968	3103.728929275912	0.004705182	0.3
15052.881952575673	300	5.728578952530568	0.0	161857	1920.1074612643192	0.004705182	0.3
15055.388146211932	300	5.751913566256327	0.0	145210	1476.6653862742403	0.004705182	0.3
15058.629774360747	300	5.830863549840638	0.0	172312	1921.0500164156904	0.004705182	0.3
15061.253708236049	300	5.549185792888277	0.0	167025	1781.67775695236	0.004705182	0.3
15063.992515208758	300	5.550910284708105	0.0	160064	998.275508180172	0.004705182	0.3
15065.115961587271	300	5.649452899216932	0.0	137507	901.4573854911725	0.004705182	0.3
15065.922995350937	300	5.95693040889518	0.0	118421	692.5224903217544	0.004705182	0.3

