14458.27138945997	750	4.0	3.383176362969059	450283	3383.176362969059	0.43999767	-14.37323975611579
14460.39672139717	300	5.874668062799087	0.0	155580	2125.331937200913	0.29777652	-0.3802325581395349
14462.736964445414	300	7.534425014556251	0.0	139857	2340.2430482428354	0.27010453	0.06976744186046512
14465.331807138615	300	7.706379265862852	0.0	155432	1828.0457486933983	0.53286695	0.06976744186046512
14467.223337318437	300	7.9790126482044235	0.0	163442	1227.366617658428	0.510947	0.06976744186046512
14470.274594988721	750	7.865465598895116	0.0	318564	2613.547049309307	0.7255628	-0.2755813953488372
14473.359847602434	750	7.786694688375203	0.0	352642	3078.7709105199133	0.72033393	0.1744186046511628
14475.765606037885	300	7.667056326996683	0.0	173849	1619.6383613785201	0.61671674	-0.3802325581395349
14479.514495867224	300	7.9181664976568715	0.0	150710	2748.889829339811	0.49141973	0.06976744186046512
14481.627899866433	300	7.733969392558119	0.0	139105	1684.1971050987515	0.18347579	0.06976744186046512
14483.791269291445	300	7.6968881318574915	0.0	141840	1037.0812607006287	0.20181195	0.06976744186046512
14485.266781251406	300	7.607276234033605	0.0	156148	1089.6118978238874	0.433169	0.06976744186046512
14489.300203442399	750	7.573854043041077	0.0	386351	3033.422190992527	0.59248596	-0.2755813953488372
14492.8974465757	750	7.976610909740569	0.0	434409	3597.243133300509	0.71544534	0.1744186046511628
14494.359767908794	300	7.573732993657053	0.0	140051	902.8779160835168	0.7147454	-0.3802325581395349
14495.931661326444	300	7.582507940888218	0.0	138313	991.2250527688358	0.6602877	0.06976744186046512
14499.25566905208	750	7.535838270060884	0.0	360831	2546.6696708273334	0.70306385	-0.2755813953488372
14501.412792191228	300	7.555945727891423	0.0	150616	979.8925421694594	0.6414874	-0.3802325581395349
14503.676057981176	300	7.892928088456428	0.0	165384	1163.0176394349958	0.67676836	0.06976744186046512
14505.805218772473	300	7.883471844364459	0.0	140881	1009.4562440919688	0.668612	0.06976744186046512
14509.494720238179	750	7.593573351764229	0.0	386472	2789.89849260023	0.71058965	-0.2755813953488372
14515.370813786609	750	5.717479803334606	0.0	399894	5876.093548429623	0.6131425	0.1744186046511628
14517.099236072425	300	7.746116840124694	0.0	163927	1471.3629632099114	0.072236255	-0.3802325581395349
14519.47797746281	300	7.640275811004259	0.0	137654	1105.8410291204339	0.16537322	0.06976744186046512
14523.375074442238	300	7.743178831575886	0.0	146754	2397.096979428374	0.27971473	0.06976744186046512
14524.743563372893	300	7.603933117644516	0.0	153938	1139.245713931369	0.0696386	0.06976744186046512
14527.17780549883	300	7.8314336678390335	0.0	181901	1272.4994498054816	0.14071229	0.06976744186046512
14528.935009700232	300	7.873702900403287	0.0	111155	957.7307674357475	0.15593883	0.06976744186046512
14530.831251490117	300	7.980318655692636	0.0	153605	1393.384244710651	0.2490384	0.06976744186046512
14532.905107851715	300	7.799819228432174	0.0	149029	1680.4994272604627	0.3895098	0.06976744186046512
14536.996632449122	300	7.708294631026636	0.0	157421	2591.5245974055383	0.18183213	0.06976744186046512
14539.134825576666	300	7.9316388283250365	0.0	157488	1276.6558027015994	0.06719155	0.06976744186046512
14540.207944113521	300	7.910848222320703	0.0	143881	1020.7906060043333	0.18921566	0.06976744186046512
14541.732039209466	300	7.874964649322053	0.0	163444	1035.8835729986486	0.35456756	0.06976744186046512
14544.521710495224	300	7.939234763166965	0.0	179328	1435.7298861550887	0.60028064	0.06976744186046512
14546.383155211042	300	7.595483152709061	0.0	159914	1343.7516104579038	0.4215569	0.06976744186046512
14548.065151407623	300	7.75833157374892	0.0	131610	837.1515789601413	0.24062784	0.06976744186046512
14550.040793702598	300	7.807932706422412	0.0	124011	950.3988673265077	0.4827744	0.06976744186046512
14551.473019695559	300	7.70944152391499	0.0	144254	1098.4911825074225	0.4269382	0.06976744186046512
14553.363235885863	300	7.501200729089911	0.0	149991	1208.2407948250789	0.44759184	0.06976744186046512
14555.11603645109	300	7.865788201466319	0.0	147968	1135.412527623591	0.28957185	0.06976744186046512
14556.832836063033	300	7.546082395195771	0.0	161857	1319.7058062705469	0.34783426	0.06976744186046512
14559.408168916685	300	7.526962885505887	0.0	145210	1019.1195096898851	0.24911791	0.06976744186046512
14562.524379454826	300	7.916964326568302	0.0	172312	2609.998558937585	0.3188034	0.06976744186046512
14564.631427975419	300	7.706545931916673	0.0	167025	1710.4183946516303	0.07230748	0.06976744186046512
14567.16781105559	300	7.5466695024825965	0.0	160064	2159.8764294340754	0.055447217	0.06976744186046512
14569.235980525546	300	7.845838035647652	0.0	137507	1700.8314668349437	0.02267141	0.06976744186046512
14570.671850768038	300	7.896571915963033	0.0	118421	949.266119684618	0.022924302	0.06976744186046512

