6667.852345979058	750	4.0	1.9120480482224669	450283	1912.0480482224668	0.010143263	0.3048150602940324
6668.582935159251	300	7.2694108198065255	0.0	155580	730.5891801934749	0.122794226	0.3753620246968688
6670.307282197601	300	7.533555867154479	0.0	139857	735.8549526520463	0.017687943	0.8574499416244665
6673.301357295208	300	7.910764437495208	0.0	155432	1622.7914296592699	0.016597126	0.8153309575151049
6677.457884159231	300	7.754237573472587	0.0	163442	3156.526864022623	0.0131798	0.6426307428202689
6680.600545528233	300	7.7068120691463085	0.0	126289	2047.4255043262795	0.01108905	0.7476851610694606
6682.45850416233	300	7.600450741635548	0.0	153295	1106.361327510759	0.009666943	0.8286589422272204
6684.471342116156	300	7.5998303751162	0.0	173849	2000.6203665193482	0.011970477	0.7391564404857665
6685.475149656474	300	7.664035422460491	0.0	150710	935.7949526557098	0.012385318	0.853566501859883
6686.704804876109	300	7.753214144574138	0.0	139105	910.8212778863524	0.013234121	0.8670749367104968
6687.924867224139	300	7.967599865183234	0.0	141840	785.6142793909034	0.0121190725	0.9060662514963375
6689.956237756894	300	7.579138680775644	0.0	156148	888.4611844075895	0.012745364	0.8478175156238485
6692.5224011595365	300	7.887511596427972	0.0	160746	2191.627084347673	0.013181656	0.7555763192886342
6695.391504950017	300	7.765227941384396	0.0	179801	1622.283655043577	0.010495117	0.7974120654633232
6697.71336704597	300	7.792706980227802	0.0	140051	1972.5209611565926	0.012645816	0.7657812243316788
6701.862302819643	300	7.643771206554069	0.0	138313	2148.935773673734	0.010074081	0.7297503582648018
6705.6504664112435	300	7.855607614954301	0.0	143509	3788.163591599769	0.010069722	0.5919834229545059
6709.725705179105	300	7.7803688470929995	0.0	150616	3575.2387678613004	0.0081771845	0.6039860307663744
6713.8469890482975	300	7.659084977900045	0.0	165384	2621.283869192954	0.00681485	0.6844063693485551
6715.848002614668	300	7.700059763276436	0.0	140881	1459.0252146236082	0.0066656773	0.8056914699201897
6717.929610290594	300	7.670250072536155	0.0	157671	1029.809690740281	0.0065618022	0.8449323627817864
6720.894756021765	300	7.978576147093772	0.0	157812	1691.6739254423821	0.009000185	0.8168155494108229
6723.712547896467	300	7.806416098307126	0.0	163927	2672.1600487866467	0.0074477065	0.6975100065966158
6727.599278885178	300	7.720866564609239	0.0	137654	2085.549533697885	0.0065345312	0.7456080935663307
6729.445380970179	300	7.878406278215847	0.0	146754	1842.460286393392	0.0062208376	0.7893687480304903
6731.413839140787	300	7.6559980445153775	0.0	153938	1222.4082337004684	0.0069512622	0.8239127833290387
6733.093440653348	300	7.749222280538492	0.0	181901	906.7757639768851	0.008609541	0.8669866050145223
6734.823746742168	300	7.575482138970956	0.0	111155	673.7401415675358	0.011847737	0.8688381396980928
6736.064271158545	300	7.803502918907907	0.0	153605	771.9792200630496	0.011367555	0.8871683936370984
6736.769284441179	300	7.7002688232484795	0.0	149029	603.2340956594284	0.012459858	0.8912963948511831
6738.206646521919	300	7.962477404865218	0.0	157421	737.7914183832607	0.015078675	0.9102160576249309
6739.041518519653	300	7.789826680176582	0.0	157488	672.6507246886355	0.016025001	0.8954126118225766
6740.209505686528	300	7.611943742762245	0.0	143881	677.882937414337	0.019068336	0.8729258440663404
6741.286297653384	300	7.698599950064023	0.0	163444	913.3437926982219	0.020266272	0.8600793661834989
6745.268723143847	300	7.716174459601685	0.0	179328	3482.425490462337	0.020690711	0.6053411547109522
6749.346102500297	300	7.638795103151633	0.0	159914	4077.379356450052	0.015777921	0.5362915909832735
6752.8023547812545	300	7.9522954257087495	0.0	131610	2186.4996774428837	0.013051383	0.7640880432794843
6755.449002980733	300	7.963847637226223	0.0	124011	1488.4477884825258	0.011604808	0.835319605825187
6757.052440289684	300	7.61622915024933	0.0	144254	1347.6184869768927	0.0111256065	0.806481416568357
6757.99275174083	300	7.7439828261623695	0.0	149991	872.2463240869591	0.01171009	0.8697926235512385
6758.903739211758	300	7.897521663728336	0.0	147968	846.4611624340339	0.012103309	0.8913288736338278
6760.356145065813	300	7.588581962448138	0.0	161857	808.9397012801988	0.012025288	0.8569356439849666
6761.612847444985	300	7.83196376324903	0.0	145210	756.6181991991082	0.013186313	0.8922186106056559
6764.835115800268	300	7.690871666094503	0.0	172312	1141.0920971545263	0.014668392	0.8363503097358088
6766.4343716644735	300	7.731831896555823	0.0	167025	959.0397695386799	0.0151122995	0.8596129804888933
6768.082283520452	300	7.7579840684002335	0.0	160064	973.8478281555878	0.017929006	0.8613612333008606
6769.146828014143	300	7.752743734965899	0.0	137507	1005.2403334343343	0.019420788	0.857574948781711
6770.458915549642	300	7.986352142844517	0.0	118421	766.3915921213824	0.0195661	0.9103038998098592

