8031.8384643655945	750	4.0	4.034106319630938	450283	4034.106319630938	0.012228383	0.09260923315318531
8032.954765704281	300	6.883698661312633	0.0	155580	1116.3013386873674	0.038044773	0.2891661909637355
8034.318246398723	300	7.877162052650885	0.0	139857	1006.5366086617488	0.010029407	0.8728074888935673
8035.774531641688	300	7.922491464508301	0.0	155432	954.6705881425847	0.011035947	0.8835910001200191
8037.158702952109	300	7.721213227308814	0.0	163442	1201.2782371994865	0.0134933535	0.8340780263226796
8038.638065381648	300	7.552978530100452	0.0	126289	668.2346972083626	0.014169815	0.866610120508617
8040.881861853046	300	7.936644146267201	0.0	153295	1116.3343838332514	0.01354273	0.8691720792347276
8042.438704780041	300	7.696953712251372	0.0	173849	1239.6904340158287	0.013892401	0.8272414379205805
8043.138260304794	300	7.6107521772646125	0.0	150710	586.2015349867602	0.013857358	0.8819468594382365
8044.171210052455	300	7.530954374617442	0.0	139105	579.797802647169	0.019838931	0.8727344453660519
8044.990697614415	300	7.84278653274474	0.0	141840	688.1678418727035	0.020114116	0.9003999543864784
8046.056234630452	300	7.735677860969057	0.0	156148	607.1086717756829	0.020287743	0.895280958846702
8046.948956840184	300	7.613530918684106	0.0	160746	622.1469422849516	0.022161582	0.8786954152258251
8049.580427973028	300	7.8380830384358795	0.0	179801	1275.447880248226	0.024507547	0.8410912011111782
8051.441563654266	300	7.860526762114519	0.0	140051	977.5562763213605	0.020230487	0.8736515309900879
8053.674496673216	300	7.70085002184798	0.0	138313	659.6767402665396	0.018751355	0.8857238920930947
8055.085751620769	300	7.59185071126313	0.0	143509	608.9993105848488	0.02241109	0.8773332817221707
8057.467675400522	300	7.512016639869951	0.0	150616	1579.8340713931782	0.023824599	0.7703925401637605
8058.755010932242	300	7.784393675740681	0.0	165384	727.6229641292708	0.01701983	0.8892445644301913
8059.611756868345	300	7.605876981934216	0.0	140881	678.5166938064657	0.019965306	0.8721133938650107
8060.397220564223	300	7.8622597789935975	0.0	157671	743.61720294062	0.019990342	0.8972594172366165
8061.629180155824	300	7.8622032201116765	0.0	157812	1000.0565588819204	0.018350016	0.8716084982091669
8062.379814262346	300	7.887837730909854	0.0	163927	474.36548920182327	0.017260943	0.9273427472514294
8063.004116590945	300	7.8988207799209835	0.0	137654	489.0169509888709	0.0265272	0.92723369913921
8063.718061085265	300	7.879491283565993	0.0	146754	519.3294963549919	0.028083272	0.9218157947199854
8064.449285310248	300	7.8761866175573285	0.0	153938	503.3046660086639	0.024331167	0.9230102443223548
8065.242732348142	300	7.898422906647091	0.0	181901	477.763710910239	0.03204929	0.928309896973013
8066.033365985294	300	7.61094776106298	0.0	111155	287.47514558411007	0.046385378	0.9118436474841399
8066.898069799538	300	7.5901751477250095	0.0	153605	520.7726133379712	0.054230995	0.8859490664122915
8068.316001664192	300	7.75317470585103	0.0	149029	837.0004418739791	0.040601417	0.8744521507371654
8069.190107938868	300	7.896587322903211	0.0	157421	856.5873829478189	0.035307836	0.8902008867338443
8070.05061518287	300	7.665093165765971	0.0	157488	731.4941571372398	0.031213785	0.8741271830005917
8071.056840231367	300	7.551487194450237	0.0	143881	613.6059713157341	0.033297904	0.8718888550329685
8071.492335512653	300	7.660049049397435	0.0	163444	391.43814505280244	0.033575784	0.9075099775141398
8072.373698008458	300	7.63139643661138	0.0	179328	528.6526127860561	0.055616282	0.8902507378419982
8072.93616817084	300	7.6665162444305786	0.0	159914	464.8801921808018	0.049861882	0.9009642897405925
8073.485807382704	300	7.75549164259862	0.0	131610	411.02460183195865	0.050767258	0.9173358113527339
8074.330706004857	300	7.877349622538055	0.0	124011	378.14202006056394	0.046380315	0.9356701073663821
8074.978224496861	300	7.79196863458278	0.0	144254	585.3809879552764	0.05271146	0.9044040567029336
8075.874455834523	300	7.729921817775714	0.0	149991	562.0468168070661	0.04853357	0.899076434682049
8076.599942663906	300	7.629270654011912	0.0	147968	600.6511637638012	0.048982162	0.8827884083011082
8077.280109284023	300	7.961605152763015	0.0	161857	667.6655012488976	0.051915552	0.917120950703126
8078.039204654815	300	7.883308065301084	0.0	145210	578.2970874619311	0.046704344	0.9163903009497184
8079.317419212567	300	7.729599870590062	0.0	172312	653.7081947110219	0.045366958	0.8898705454569169
8081.064385025546	300	7.863370160120972	0.0	167025	866.2297104690907	0.044000622	0.8851352673651703
8082.795149840234	300	7.868355832531468	0.0	160064	995.0143275895044	0.03672793	0.8728723961607514
8083.8377734680835	300	7.624919190656938	0.0	137507	743.4366418745303	0.030433502	0.8679725769874229
8087.042584503233	300	7.912107137569215	0.0	118421	1212.8120530877222	0.030706404	0.8564946809183112

