7163.408416077334	750	4.0	2.7857807865153212	450283	2785.7807865153213	0.074568324	-11.228857382015882
7165.808638188574	750	5.599777888758914	0.0	398865	2400.222111241086	0.21021613	0.75
7166.435584840478	300	8.97283123685524	0.0	139857	626.9466519036746	0.30298653	-0.15000000000000002
7167.900166253814	750	11.508249823520455	0.0	382355	1464.5814133347853	0.45813796	0.3
7171.510606586183	1200	11.897809491151389	0.0	652874	3610.440332369066	0.060022045	0.75
7173.860002020843	1200	13.548414056491003	0.0	520315	2349.3954346603864	0.01924304	1.2
7176.178961759063	1200	15.229454318271303	0.0	561791	2318.9597382197007	0.0113853365	1.2
7179.520059036657	1200	15.888357040678144	0.0	709534	3341.097277593158	0.0049823932	1.2
7182.121402003422	1200	17.28701407391232	0.0	584846	2601.342966765824	0.004705182	1.2
7185.080951058799	1200	18.32746501853592	0.0	560821	2959.5490553763984	0.004705182	1.2
7188.5151474865825	1200	18.893268590752328	0.0	607410	3434.1964277835923	0.0047938568	1.2
7191.482641446316	1200	19.925774631018715	0.0	594078	2967.4939597336124	0.0051090075	1.2
7195.362640099504	1200	20.045775977830964	0.0	624282	3879.9986531877494	0.004705182	1.2
7198.9404465196385	1200	20.467969557696	0.0	687371	3577.8064201349616	0.009446192	1.2
7201.429526995102	1200	21.978889082232598	0.0	526950	2489.080475463401	0.0049989773	1.2
7204.2182124449955	1200	23.190203632338882	0.0	587876	2788.685449893717	0.004705182	1.2
7207.277691126258	1200	24.130724951075887	0.0	617242	3059.478681262995	0.004705182	1.2
7210.284348449785	1200	25.12406762754835	0.0	581493	3006.6573235275405	0.004705182	1.2
7213.439196528065	1200	25.96921954926823	0.0	639204	3154.8480782801153	0.004705182	1.2
7216.391897326106	1200	27.01651875122674	0.0	586839	2952.7007980414924	0.004705182	1.2
7218.872588000964	1200	28.535828076368485	0.0	601738	2480.6906748582555	0.004705182	1.2
7221.832389957933	1200	29.57602611940012	0.0	616206	2959.8019569683684	0.004705182	1.2
7225.105192730932	1200	30.303223346401282	0.0	656471	3272.802772998835	0.004705182	1.2
7227.741767711055	1200	31.666648366277297	0.0	536667	2636.574980123986	0.004705182	1.2
7230.486460913255	1200	32.921955164077865	0.0	587236	2744.6932021994307	0.004705182	1.2
7234.565036814623	1200	32.8433792627091	0.0	590335	4078.575901368768	0.004705182	1.2
7238.061679944822	1200	33.34673613251107	0.0	696376	3496.64313019803	0.004705182	1.2
7240.570822888722	1200	34.83759318861034	0.0	487160	2509.142943900726	0.004705182	1.2
7244.4349049212415	1200	34.97351115609147	0.0	622896	3864.0820325188743	0.004705182	1.2
7249.60940849688	1200	33.79900758045249	0.0	641447	5174.503575638979	0.004705182	1.2
7254.172129547866	1200	33.236286529467556	0.0	570392	4562.721050984928	0.00517657	1.2
7258.634520753335	1200	32.77389532399739	0.0	620283	4462.391205470173	0.006715777	1.2
7261.930294738845	1200	33.47812133848808	0.0	584349	3295.773985509306	0.005138495	1.2
7264.812341006876	1200	34.596075070456756	0.0	670129	2882.0462680313267	0.004705182	1.2
7268.009311344305	1200	35.399104733027244	0.0	690253	3196.9703374295123	0.008366043	1.2
7271.09578194593	1200	36.31263413140236	0.0	598727	3086.470601624879	0.028480927	1.2
7273.063798514217	1200	38.34461756311574	0.0	487812	1968.0165682866204	0.20056221	1.2
7280.106295899218	2850	35.30212017811398	0.0	1499009	7042.497385001752	0.43187305	1.2000000000000002
7286.815182929005	2850	32.593233148326924	0.0	1427478	6708.887029787057	0.004705182	2.85
7296.462450630956	2850	26.94596544637614	0.0	1402287	9647.267701950788	0.004705182	2.85
7305.783040900419	2850	21.625375176912428	0.0	1339500	9320.59026946371	0.004705182	2.85
7321.815002741977	2850	9.593413335355105	0.0	1527299	16031.961841557322	0.043148614	2.85
7325.69173840886	750	9.716677668471911	0.0	372093	3876.7356668831944	0.45899606	-1.35
7331.0069375228595	750	8.401478554472028	0.0	438281	5315.199113999883	0.20023261	0.75
7332.687702800394	300	10.720713276937076	0.0	167025	1680.765277534952	0.042575188	-0.15000000000000002
7334.1277055453465	300	13.280710531984683	0.0	160064	1440.0027449523925	0.23855461	0.3
7336.447836669319	750	14.96057940801137	0.0	331053	2320.131123973313	0.027857281	0.3
7341.017144386438	1200	14.391271690891699	0.0	550906	4569.30771711967	0.6783855	0.75

