17418.46628059631	750	4.0	1.374276813346688	450283	1374.276813346688	1.0900493	-5.159390297390758
17421.81772497458	1850	4.648555621728902	0.0	957685	3351.444378271098	0.6710284	0.75
17424.608571824632	1850	5.857708771675481	0.0	877771	2790.8468500534213	0.0047171013	1.85
17428.708490289657	1850	5.757790306649295	0.0	933276	4099.918465026186	0.004705182	1.85
17433.15504782777	1850	5.311232768534726	0.0	996749	4446.557538114569	0.02321675	1.85
17438.234344957877	1850	4.231935638429078	0.0	801058	5079.297130105649	0.15623446	1.85
17440.927381749072	750	5.538898847235641	0.0	352642	2693.036791193437	0.023875885	-0.3500000000000001
17444.60087306104	750	5.659842059856122	0.0	437162	3379.056787379519	0.6045662	0.75
17446.40055205149	750	5.74721985077767	0.0	374758	1412.6222090784518	0.20168692	0.75
17450.177644923704	1850	5.970126978564589	0.0	913888	3777.0928722130807	0.09078315	0.75
17455.61511057723	1850	4.532661325038981	0.0	939819	5437.465653525608	0.0060403133	1.85
17458.13118385419	750	5.525432359160422	0.0	405134	2507.2289658785594	0.09326457	-0.3500000000000001
17460.170641972494	750	5.990125465104056	0.0	386351	2035.306894056366	0.040426873	0.75
17462.64055640659	750	5.77724383157743	0.0	434409	2212.8816335266247	0.1337129	0.75
17464.583405665464	750	5.784335616726707	0.0	337059	1492.9082148507237	0.26872897	0.75
17471.155546612375	1850	4.0	0.7878053301847086	923170	6572.140946911415	0.28050905	-2.6375629197942465
17476.78618462912	750	4.0	1.6306380167452017	360831	5630.638016745202	0.014043835	-7.361743472004367
17479.172779989243	300	5.613404639876383	0.0	150616	2386.595360123617	0.007917068	-0.15000000000000002
17482.8099485819	300	5.976236047218634	0.0	165384	2137.1685926577484	0.004705182	0.3
17485.922205131727	300	5.628349828833508	0.0	140881	1847.886218385127	0.004705182	0.3
17487.8560224062	300	5.838626304871036	0.0	157671	1289.7235239624733	0.004705182	0.3
17490.44882997917	300	5.879269369788284	0.0	157812	1459.3569350827513	0.004705182	0.3
17491.813247619546	300	5.958785911443039	0.0	163927	920.4834583452448	0.0049467376	0.3
17492.72645523207	300	5.909149129448233	0.0	137654	549.636781994806	0.078915276	0.3
17494.585853991808	750	5.646235169642511	0.0	359903	1262.9139598057225	0.5430523	0.3
17497.676542022677	1850	5.594133597025958	0.0	905935	3052.1015726165524	0.024204811	0.75
17500.94204706126	1850	5.940674335358625	0.0	1076599	3153.4592616673326	0.004705182	1.85
17505.215723896945	1850	5.666997499675801	0.0	758197	3773.6768356828243	0.004705182	1.85
17510.61179110852	1850	4.270930288100637	0.0	972798	5396.067211575164	0.036750305	1.85
17512.640223432885	750	5.512609019005132	0.0	400508	1758.3212690955052	0.031995863	-0.3500000000000001
17516.178353776933	1850	5.974478674958778	0.0	873429	3538.130344046354	0.59067726	0.75
17521.86945392593	1850	4.283378525959562	0.0	954453	5691.100148999216	0.027418999	1.85
17524.510033005317	750	5.642799446574397	0.0	369834	2140.5790793851656	0.03373128	-0.3500000000000001
17527.63067775811	750	5.6974374220293305	0.0	412837	2445.3620245450666	0.055107534	0.75
17529.767758361642	750	5.52153842238661	0.0	401088	1675.8989996427208	0.049990788	0.75
17531.641286034926	750	5.6953653736878245	0.0	365161	1326.173048698785	0.75225425	0.75
17535.382854551754	1850	5.73825840356799	0.0	728962	2957.1069701198344	0.07513979	0.75
17539.334319854566	1850	5.786793100757652	0.0	938587	3951.4653028103376	0.009040666	1.85
17543.713998161376	1850	5.407114793947911	0.0	908665	4379.678306809742	0.036639635	1.85
17546.05915711019	750	5.862337921704328	0.0	390680	1544.7768722435824	1.0810556	-0.3500000000000001
17550.17621128574	750	5.745283746156801	0.0	345516	4117.054175547528	1.0832866	0.75
17553.926286442886	750	5.9952085890092786	0.0	384505	3750.0751571475225	0.671208	0.75
17556.33720773824	750	5.7835037029661	0.0	372093	2211.7048860431782	0.593131	0.75
17558.14835860424	750	5.582536484119198	0.0	438281	1700.9672188469015	0.21554837	0.75
17561.15603919303	1200	5.64878798980305	0.0	630203	2433.7484943161485	0.44905108	0.75
17565.050396718638	1850	5.754430464199162	0.0	982064	3894.357525603888	0.16002002	1.2000000000000002
17567.741439875088	1850	5.678053643512774	0.0	830730	2576.376820686388	0.059846632	1.85
17570.23744544056	1850	5.557384071659016	0.0	846370	2120.6695718537576	0.005855431	1.85

