3333.0253279079543	750	4.0	1.9602828539084163	450283	1960.2828539084162	0.04802149	-8.254797667155028
3333.983183173235	300	7.042144734719407	0.0	155580	957.8552652805936	0.2862769	-0.3802325581395349
3336.128744554656	750	7.783433127443577	0.0	350812	1758.7116072758295	0.6910372	-0.2755813953488372
3338.007131217394	750	7.892664664076998	0.0	382355	1390.7684633665792	0.11687934	0.1744186046511628
3340.5954003794377	750	7.887339101670965	0.0	411561	2005.3255624060318	0.069520794	0.1744186046511628
3342.3241591590318	750	7.669431611842647	0.0	318564	1217.9074898283181	0.059939347	0.1744186046511628
3344.5219974411734	750	7.890938015504558	0.0	352642	1778.4935963380874	0.05548695	0.1744186046511628
3348.5703781814927	750	7.736420035946845	0.0	437162	3654.5179795577137	0.04084943	0.1744186046511628
3352.425124012952	750	7.881674204487553	0.0	374758	3354.745831459292	0.06035274	0.1744186046511628
3355.976456812961	750	7.950312052893689	0.0	362795	2931.3621515938653	0.07276021	0.1744186046511628
3359.5808294096387	750	7.633111112162195	0.0	353220	2817.2009407314954	0.10059393	0.1744186046511628
3363.372727471086	750	7.6457479761618945	0.0	405134	3487.3631360003	0.14193104	0.1744186046511628
3367.265086846156	750	7.753388601091797	0.0	386351	3892.3593750700975	0.16304877	0.1744186046511628
3370.890875225399	750	7.678941471128504	0.0	434409	3574.447129963293	0.23454863	0.1744186046511628
3373.587778883469	750	7.526160304883444	0.0	337059	2152.78116624506	0.26606372	0.1744186046511628
3375.671846996847	750	7.511187451156984	0.0	366214	1514.9728537264596	0.23988548	0.1744186046511628
3378.236445157075	750	7.548436048568567	0.0	360831	1962.751402588417	0.09609367	0.1744186046511628
3380.608554082219	750	7.678304912366635	0.0	372963	1870.131136201931	0.083211936	0.1744186046511628
3383.660042307383	750	7.783549770555579	0.0	405596	2394.7551418110556	0.049243696	0.1744186046511628
3386.404541753784	750	7.804666608081134	0.0	350713	1978.8831624744464	0.04936768	0.1744186046511628
3389.4692084028866	750	7.925141368293815	0.0	386472	2379.5252397873182	0.048180707	0.1744186046511628
3391.7668641313935	750	7.758884275447613	0.0	399894	1666.2570928462003	0.047765937	0.1744186046511628
3394.439063823806	750	7.7634836850716	0.0	401853	1995.4005903760135	0.04406362	0.1744186046511628
3397.1665438412233	750	7.903143270331318	0.0	343800	1860.3404147402828	0.040211584	0.1744186046511628
3400.278819559783	750	7.590575236239784	0.0	359903	2312.5680340915346	0.042179715	0.1744186046511628
3402.835421304905	750	7.84712815821308	0.0	379700	2243.4470780267043	0.05012432	0.1744186046511628
3405.3524137778036	750	7.580209255311432	0.0	425781	1766.9189029016472	0.05352627	0.1744186046511628
3406.43050385765	750	7.606201019686759	0.0	277716	974.0082356246725	0.042725254	0.1744186046511628
3408.2026981058584	750	7.73714481269319	0.0	400396	1369.0562069935706	0.03997512	0.1744186046511628
3409.685563490357	750	7.767281155551704	0.0	400508	1469.8636571414859	0.036202967	0.1744186046511628
3411.7478883177687	750	7.672619514524238	0.0	358218	1594.6616410274662	0.035150114	0.1744186046511628
3413.4721400664853	750	7.769325338357797	0.0	400322	1403.2941761664401	0.03383436	0.1744186046511628
3415.181104536266	750	7.650321780242721	0.0	369834	1119.0035581150767	0.033673942	0.1744186046511628
3416.6695724401147	750	7.501068317651123	0.0	412837	1149.2534625915978	0.035995115	0.1744186046511628
3418.2055686011067	750	7.777677538783799	0.0	401088	1223.3907788673246	0.04073678	0.1744186046511628
3419.8865959558643	750	7.668466442467387	0.0	365161	1109.2110963164114	0.037766036	0.1744186046511628
3421.050741270151	750	7.82730191954456	0.0	321064	841.1645229228263	0.03906287	0.1744186046511628
3422.453794143399	750	7.9122659596023	0.0	361565	915.0359599422583	0.03923462	0.1744186046511628
3423.6771853876617	750	7.764578784624086	0.0	378327	1147.6871749782147	0.040843397	0.1744186046511628
3424.68869273146	750	7.7666771378670765	0.0	390680	997.9016467570087	0.037682537	0.1744186046511628
3426.2434601340956	750	7.746096247069825	0.0	345516	1020.5808907972506	0.040579632	0.1744186046511628
3427.8603121790634	750	7.889763504005129	0.0	384505	1356.3327430646962	0.03757859	0.1744186046511628
3429.752499824368	750	7.52392934180454	0.0	372093	1365.8341622005883	0.033799894	0.1744186046511628
3431.8628255153862	750	7.516943285847474	0.0	438281	2006.986055957066	0.03570903	0.1744186046511628
3433.7739485250045	750	7.608051565068823	0.0	398987	1908.8917207786506	0.038685866	0.1744186046511628
3436.6685204859436	750	7.891881210019137	0.0	393804	2216.1703550496863	0.039213084	0.1744186046511628
3438.3727289280196	750	7.838977791925751	0.0	331053	1552.9034180933857	0.041082405	0.1744186046511628
3439.958452098447	750	7.5617687377033125	0.0	314107	1277.209054222438	0.04217978	0.1744186046511628

