12312.847338117474	750	4.0	4.043612194844198	450283	4043.6121948441983	0.12429446	-0.06715191715883845
12314.503796524585	300	6.343541592888147	0.0	155580	1656.458407111853	0.11881323	-0.18429077022544357
12316.88124925804	300	7.57485046514876	0.0	139857	1268.6911277393874	0.0070569706	0.38144276222809126
12318.07628292406	300	7.576714473136424	0.0	155432	998.1359920123349	0.0075188307	0.4086147763000256
12321.855825087203	300	7.6753922953184865	0.0	163442	1901.322177817938	0.013174813	0.32446352160584413
12325.108278571994	300	7.993275502685481	0.0	126289	1182.1167926330052	0.007805256	0.4162517605847746
12328.638514427063	300	7.8733258973807825	0.0	153295	2119.9496053046987	0.007449843	0.3149716289860615
12332.166214688008	300	7.584618953789544	0.0	173849	2288.706943591238	0.006808675	0.28005171118295524
12333.47167614128	300	7.921384852430329	0.0	150710	1163.2341013592156	0.008046093	0.4136468640712065
12335.187734599309	300	7.829469313673213	0.0	139105	1091.9155387571157	0.008771267	0.4150339991590968
12338.016116445304	300	7.707349831262176	0.0	141840	1122.1194824110373	0.009347528	0.40438113714301477
12340.228289553224	300	7.8993944733915376	0.0	156148	1807.9553578706373	0.009476844	0.3478003397301399
12342.042575268608	300	7.839360433526541	0.0	160746	1060.0340398649967	0.0070558274	0.4188403440391417
12345.029384019626	300	7.868081957725371	0.0	179801	2471.27847580117	0.009128844	0.27951099570795124
12348.916747686268	300	7.980718291084066	0.0	140051	1887.3636666413054	0.007888225	0.34494224745885615
12351.642746713967	300	7.729165757713563	0.0	138313	2251.552533370502	0.0068094116	0.29280132745028004
12354.08538541921	300	7.845069637957989	0.0	143509	1384.0961197555737	0.006271738	0.3867909613270495
12355.922007786632	300	7.731029684990088	0.0	150616	1614.0399529679028	0.0071762726	0.3566690809453228
12358.030684670252	300	7.5929824790575475	0.0	165384	1138.0472059325393	0.0066719893	0.39564040527807537
12362.009538852664	300	7.614128296644056	0.0	140881	2478.8541824134913	0.007502385	0.2628813212291369
12364.941013391131	300	7.963132914510792	0.0	157671	2150.9953821332647	0.005974314	0.3174799898738306
12367.263365793713	300	7.967196348637306	0.0	157812	1995.9365658734853	0.005445163	0.3332398361327157
12371.577412045743	300	7.653150096605789	0.0	163927	3814.046252031517	0.005645189	0.13180097676494273
12375.328442436183	300	7.902119706166279	0.0	137654	3751.030390439511	0.005324877	0.15366316352167392
12377.821942463228	300	7.591115946532842	0.0	146754	1811.003759633436	0.0049106376	0.3282280916251915
12379.073835059016	300	7.876417796644138	0.0	153938	1214.698149888704	0.004945686	0.4056900182316208
12382.770389239855	300	7.986737948325714	0.0	181901	2389.679848318424	0.006099631	0.2950868578687473
12385.910020236694	300	7.860359539666041	0.0	111155	1126.3784086596731	0.0051659187	0.41351835129339276
12389.779417727776	300	7.990962048583244	0.0	153605	2869.397491082797	0.0049954923	0.24737909985840556
12392.102055054143	300	7.855968506030253	0.0	149029	2134.9935425529916	0.004943455	0.3123823983018242
12392.77539119848	300	7.708122316268123	0.0	157421	647.8461897621288	0.005279677	0.45185674672077736
12394.33411419639	300	7.546505775600919	0.0	157488	661.6165406672052	0.009956833	0.4403786778385695
12395.62868739099	300	7.862772354421671	0.0	143881	683.7334211792489	0.013418505	0.4579336509636621
12396.620910314567	300	7.74208079384458	0.0	163444	620.6915605770906	0.011604125	0.45669461448780974
12397.540894451571	300	7.5828543783421996	0.0	179328	659.2264155023807	0.013658949	0.4428894780263819
12399.663276067191	300	7.547042493283727	0.0	159914	2035.8118850584722	0.019805621	0.3029926882546183
12402.663941869037	300	7.534994471640493	0.0	131610	2012.0480216432345	0.012903517	0.30461607324343987
12404.423910850597	300	7.91431881846223	0.0	124011	1620.6756531782619	0.008950637	0.36746108176629577
12406.150681731817	300	7.685580061042983	0.0	144254	1228.7387574192483	0.010738552	0.3923585990034942
12406.939291687118	300	7.520291126292421	0.0	149991	665.2889347505613	0.012985284	0.43837302284845275
12407.59131892923	300	7.9609380205121525	0.0	147968	559.3531057802679	0.020689884	0.47650703663421523
12408.758004192934	300	7.818932518825619	0.0	161857	642.0055016865339	0.02514271	0.4593664531881803
12409.842397099823	300	7.679075893890296	0.0	145210	639.8566249353223	0.026639149	0.4508403018048438
12412.692628577053	300	7.5362283202517375	0.0	172312	1142.8475736385592	0.024184655	0.3916132335821102
12413.940931968777	300	7.8857685426860735	0.0	167025	1150.4597775656644	0.024047934	0.4126982770915457
12415.800879218528	300	7.589716724889046	0.0	160064	796.0518177970276	0.028125688	0.4296358344560951
12417.274117879195	300	7.915045163032821	0.0	137507	674.6715618562251	0.04322697	0.4621068874341614
12418.399591705193	300	7.5565917089402825	0.0	118421	858.4534540925379	0.052526295	0.4213253573297464

