2348.093818470448	750	4.0	5.693969597015465	450283	5693.969597015464	0.0069048945	-24.309650662515335
2349.8971550656224	300	6.1966634048252285	0.0	155580	1803.336595174772	0.07112929	-0.3802325581395349
2352.142405518536	300	7.707691269693634	0.0	139857	1488.9721351315945	0.18203996	0.06976744186046512
2354.7902604077635	300	7.631902950590819	0.0	155432	1575.7883191028166	0.66888094	0.06976744186046512
2357.7949172872322	300	7.970607824518663	0.0	163442	1661.2951260721543	0.60950994	0.06976744186046512
2359.2738700218824	300	7.557812267142044	0.0	126289	1412.795557376619	0.589056	0.06976744186046512
2361.382687728713	300	7.541482078663683	0.0	153295	1516.3301884783612	0.26153615	0.06976744186046512
2363.987792531913	300	7.6751733837896845	0.0	173849	1866.308694873998	0.23551291	0.06976744186046512
2366.7039782107195	300	7.6514785937993945	0.0	150710	1523.6947899902898	0.47749195	0.06976744186046512
2370.0987509800216	300	7.520337644006393	0.0	139105	1631.1409497930022	0.5270312	0.06976744186046512
2374.045841115928	750	7.573247508099989	0.0	353220	3947.0901359064037	0.3925208	-0.2755813953488372
2378.057083310312	300	7.562005313715803	0.0	156148	2511.242194384187	0.46204424	-0.3802325581395349
2381.026624882709	300	7.7932166262672	0.0	160746	2268.788687448604	0.112584285	0.06976744186046512
2384.6259399967826	300	7.678935511704273	0.0	179801	2114.2811145629266	0.102660835	0.06976744186046512
2386.9594952217026	300	7.934674927600001	0.0	140051	1744.2605841042712	0.10627328	0.06976744186046512
2389.5897673748955	300	7.5741860998610315	0.0	138313	1860.4888277389691	0.10830094	0.06976744186046512
2393.205113877491	300	7.958839597265381	0.0	143509	2615.346502595651	0.05770617	0.06976744186046512
2395.4864024788067	300	7.780760234482664	0.0	150616	2178.0793627827175	0.033878762	0.06976744186046512
2397.7995889876624	300	7.710771647021338	0.0	165384	2069.988587461326	0.04922647	0.06976744186046512
2399.5358068042315	300	7.6092616421840065	0.0	140881	1601.5100048373308	0.059176695	0.06976744186046512
2403.3542588411806	300	7.5373895915752405	0.0	157671	2571.8720506087675	0.085475065	0.06976744186046512
2407.0528373755915	300	7.838811057164632	0.0	157812	3198.578534410609	0.04525792	0.06976744186046512
2410.986387365174	300	7.9052610675821855	0.0	163927	3933.549989582447	0.023384806	0.06976744186046512
2415.390690152167	300	7.500958280589135	0.0	137654	3404.3027869930497	0.011822011	0.06976744186046512
2417.8680945665355	300	7.663761679167914	0.0	146754	2337.196601421222	0.007741447	0.06976744186046512
2419.8150291338534	300	7.610398287682891	0.0	153938	1553.3633914850236	0.010845224	0.06976744186046512
2422.798435654787	300	7.680480586382236	0.0	181901	1929.9177013006529	0.019916784	0.06976744186046512
2424.6706093187363	300	7.906138235724225	0.0	111155	1274.34235065801	0.021598104	0.06976744186046512
2427.494551272409	300	7.588082834533672	0.0	153605	1818.0554011905529	0.029310845	0.06976744186046512
2430.069277731649	300	7.5836629336546215	0.0	149029	2004.4199008790513	0.026664285	0.06976744186046512
2434.0497449215322	300	7.52358267989325	0.0	157421	2560.08025376137	0.030187748	0.06976744186046512
2438.8929625173228	300	6.680365084102569	0.0	157488	4843.217595790682	0.024340563	0.06976744186046512
2443.4604340948586	300	6.112893506567402	0.0	143881	4567.471577535166	0.0060970145	0.06976744186046512
2448.637851515728	300	4.935476085697619	0.0	163444	5177.417420869783	0.004705182	0.06976744186046512
2453.311547920026	300	4.261779681399689	0.0	179328	4673.69640429793	0.004705182	0.06976744186046512
2456.10473763319	300	5.468589968235915	0.0	159914	2793.1897131637743	0.004705182	0.06976744186046512
2458.000258762511	300	7.573068838914549	0.0	131610	1895.5211293213656	0.004705182	0.06976744186046512
2461.116180001172	300	7.660558498634517	0.0	124011	1912.5103402800316	0.004705182	0.06976744186046512
2463.4804077190793	300	7.5101501173711585	0.0	144254	2150.4083812633576	0.004705182	0.06976744186046512
2465.8010835525124	300	7.786721873476818	0.0	149991	1223.4282438943408	0.004707923	0.06976744186046512
2467.2285587622514	300	7.8266080683766415	0.0	147968	960.113805100175	0.010370843	0.06976744186046512
2469.767363177778	300	7.540886524932747	0.0	161857	1785.721543443894	0.07256542	0.06976744186046512
2471.7308773042164	300	7.560670978754724	0.0	145210	980.2155461780217	0.04516429	0.06976744186046512
2474.592646051	300	7.961435890493332	0.0	172312	1599.235088261393	0.16820855	0.06976744186046512
2476.9575654275445	300	7.6002430504821605	0.0	167025	1361.192840011173	0.100466564	0.06976744186046512
2480.7224075299573	300	7.835400948069561	0.0	160064	2264.842102412599	0.11416871	0.06976744186046512
2484.9362035335434	300	7.621604944483588	0.0	137507	2713.796003585972	0.04149114	0.06976744186046512
2488.562660007554	300	7.995148470473385	0.0	118421	2126.4564740102037	0.012576162	0.06976744186046512

