898.4466649964496	750	4.0	3.5388403668140223	450283	3538.840366814022	0.01625307	0.14213582843487688
899.8990640665999	300	6.5476009298498035	0.0	155580	1452.399070150196	0.004705182	0.21405778812682563
902.3373116578081	300	7.709096847957815	0.0	139857	1338.5040818919888	0.004705182	0.8188594093223859
905.50250423278	300	7.646372305594934	0.0	155432	1562.724542362882	0.004705182	0.7886926440690644
909.1527874364651	300	7.687464739111867	0.0	163442	1458.907566483068	0.004705182	0.8041481030126607
910.7411071727287	300	7.878992637131191	0.0	126289	1308.472101980677	0.004705182	0.8428399653284506
912.8248655141762	300	7.84203737414884	0.0	153295	1536.9552629823495	0.004705182	0.8154287122309121
916.2424167878146	300	7.666663228912241	0.0	173849	2675.3741452365994	0.004705182	0.6799330428900714
917.4137446339864	300	7.502087903377218	0.0	150710	1164.5753255350235	0.004705182	0.8106924946661097
919.5195352955485	300	7.802568818614567	0.0	139105	1199.5190847626504	0.004705182	0.8442990720174529
920.9039817734429	300	7.568481325167149	0.0	141840	1234.0874934474182	0.004705182	0.8119390006406922
922.788380550573	300	7.906461433575474	0.0	156148	1662.0198915916747	0.004705182	0.8108768111983997
925.5801230720746	300	7.746779696643938	0.0	160746	1659.6817369315347	0.004705182	0.7913944172141552
926.9191165506057	300	7.918313287713401	0.0	179801	1328.4664089305363	0.004705182	0.8456955305615944
928.6645428711103	300	7.585863709911435	0.0	140051	832.4495778019658	0.004705182	0.8542490284934252
929.9282136299441	300	7.690516635095799	0.0	138313	895.3470748156365	0.004705182	0.8608809756132909
931.4709697528863	300	7.863300487183839	0.0	143509	827.2161479119603	0.004705182	0.889028020970086
932.9525752111566	300	7.510267678813751	0.0	150616	1353.032808370088	0.004705182	0.7928567188995724
934.975977582366	300	7.612852851509173	0.0	165384	897.414827304578	0.004705182	0.85108490447297
936.6831418397582	300	7.657264494765545	0.0	140881	955.5883567436284	0.004705182	0.8507511420591969
939.2834293164942	300	7.9179087305717495	0.0	157671	1739.3557641937948	0.004705182	0.8045566435912733
940.8949277522738	300	7.972625397553067	0.0	157812	1445.2833330186813	0.004705182	0.8407198582265936
945.0901333902334	300	7.777419759593504	0.0	163927	2695.2056379595633	0.004705182	0.6916252142828555
948.4160844137126	300	7.92015454191414	0.0	137654	1857.2652176793638	0.004705182	0.7930429928642757
951.6891777787428	300	7.892950724149043	0.0	146754	2527.203817765097	0.004705182	0.7226902254489442
955.8225410205739	300	7.759587482317904	0.0	153938	2133.363241831138	0.004705182	0.7456076685162494
959.8725978902736	300	7.709530612618255	0.0	181901	2550.0568696996493	0.004705182	0.6977576882938193
963.9619858065108	300	7.620142696381047	0.0	111155	1589.3879162372086	0.004705182	0.7827876866678656
966.1676880089711	300	7.5266404683673205	0.0	153605	2093.5022280137246	0.004705182	0.720831356574348
968.4496506063401	300	7.726759085406163	0.0	149029	1799.881382961157	0.004705182	0.7749024694522458
972.6490757886534	300	7.527333903092939	0.0	157421	2199.4251823132245	0.004705182	0.7103246808561641
975.8961817220213	300	7.51453415876946	0.0	157488	2512.799744323477	0.004705182	0.6774068157440079
979.7595605288182	300	7.651155351972592	0.0	143881	2363.3788067968694	0.004705182	0.7092177895094913
983.0429821328282	300	7.538287109888277	0.0	163444	2112.8682420843143	0.004705182	0.7203327882700834
985.393086395256	300	7.60351159263728	0.0	179328	1434.775517250997	0.0047279485	0.7961954523802579
987.6095903092599	300	7.932923989223686	0.0	159914	1170.5876034135947	0.004731643	0.8632874223717302
988.7870812328092	300	7.9921367637441945	0.0	131610	940.78722547949	0.0047490457	0.893578574679619
989.8420578521502	300	7.648000322608644	0.0	124011	844.1364411355509	0.004792371	0.8607524685660629
991.0414497430644	300	7.583724375254269	0.0	144254	1064.2759473543756	0.0048356345	0.8308022437965863
993.8249773800889	300	7.6595185860219335	0.0	149991	2424.2057892323355	0.0050386386	0.7041677157687021
995.5681142719316	300	7.5676110494966125	0.0	147968	1091.907536525322	0.0052712867	0.8260495417314584
997.2055069735649	300	7.6095294243386435	0.0	161857	1458.0816251579695	0.0056736185	0.7946078747788311
998.3351081808254	300	7.509384320446064	0.0	145210	1100.1451038925784	0.006538993	0.8180364194002423
1000.115023223664	300	7.719154850710711	0.0	172312	1290.2294697353527	0.008271333	0.8249287513738799
1001.3131911923687	300	7.784913691410012	0.0	167025	934.2411593006977	0.00964823	0.8686469522422711
1003.3682019775583	300	7.619371684017159	0.0	160064	1165.5420073928549	0.0126014175	0.8250770791811705
1005.4088537161862	300	7.643780189601675	0.0	137507	975.5914944154841	0.014657962	0.8470858953446947
1007.5208910816043	300	7.59529161449875	0.0	118421	1048.4885751029249	0.016541556	0.8338092101735927

